NUMPOLLIES 167.000000 

4.1801 -0.1199 2.1601 0.9154 0.8571 
4.1901 -0.1199 2.1606 0.9171 0.8978 
4.1801 -0.1199 2.1601 0.9154 0.8571 
4.1801 -0.1199 2.1601 0.9154 0.8571 
4.1801 -0.1199 2.1601 0.9154 0.8571 
4.1801 -0.1199 2.1601 0.9154 0.8571 
4.1901 -0.1299 2.1602 0.8634 0.9026 
4.1901 -0.1199 2.1606 0.9171 0.8978 
4.1801 -0.1199 2.1601 0.9154 0.8571 
4.1801 -0.1299 2.1601 0.8609 0.8613 
4.1901 -0.1299 2.1602 0.8634 0.9026 
4.1801 -0.1199 2.1601 0.9154 0.8571 
4.1801 -0.1299 2.1601 0.8609 0.8613 
4.1801 -0.1199 2.1601 0.9154 0.8571 
4.1801 -0.1199 2.1601 0.9154 0.8571 
4.1801 -0.1299 2.1601 0.8609 0.8613 
4.1701 -0.1211 2.1601 0.9058 0.8164 
4.1401 -0.1299 2.1616 0.8463 0.6943 
4.1801 -0.1199 2.1601 0.9154 0.8571 
4.1801 -0.1199 2.1601 0.9154 0.8571 
4.1801 -0.1199 2.1601 0.9154 0.8571 
4.1801 -0.1299 2.1601 0.8609 0.8613 
4.1801 -0.1399 2.1608 0.8043 0.8647 
4.1901 -0.1299 2.1602 0.8634 0.9026 
4.1801 -0.1299 2.1601 0.8609 0.8613 
4.1901 -0.1299 2.1602 0.8634 0.9026 
4.1801 -0.1299 2.1601 0.8609 0.8613 
4.1801 -0.1299 2.1601 0.8609 0.8613 
4.1401 -0.1299 2.1616 0.8463 0.6943 
4.1801 -0.1399 2.1608 0.8043 0.8647 
4.1801 -0.1299 2.1601 0.8609 0.8613 
4.1801 -0.1399 2.1608 0.8043 0.8647 
4.1801 -0.1299 2.1601 0.8609 0.8613 
4.1901 -0.1199 2.1606 0.9171 0.8978 
4.2001 -0.1099 2.1508 0.9992 0.9485 
4.1801 -0.1199 2.1601 0.9154 0.8571 
4.2001 -0.1099 2.1508 0.9992 0.9485 
4.1801 -0.1099 2.1515 0.9914 0.8630 
4.1801 -0.1199 2.1601 0.9154 0.8571 
4.1801 -0.1199 2.1601 0.9154 0.8571 
4.1801 -0.1099 2.1515 0.9914 0.8630 
4.1701 -0.1211 2.1601 0.9058 0.8164 
4.1801 -0.1199 2.1601 0.9154 0.8571 
4.1801 -0.1199 2.1601 0.9154 0.8571 
4.1801 -0.1099 2.1515 0.9914 0.8630 
4.1701 -0.1211 2.1601 0.9058 0.8164 
4.1501 -0.1099 2.1585 0.9651 0.7311 
4.1401 -0.1299 2.1616 0.8463 0.6943 
4.1801 -0.1199 2.1601 0.9154 0.8571 
4.1801 -0.1299 2.1601 0.8609 0.8613 
4.1801 -0.1299 2.1601 0.8609 0.8613 
4.1801 -0.1199 2.1601 0.9154 0.8571 
4.1701 -0.1211 2.1601 0.9058 0.8164 
4.1801 -0.1299 2.1601 0.8609 0.8613 
4.1801 -0.1199 2.1601 0.9154 0.8571 
4.1801 -0.1199 2.1601 0.9154 0.8571 
4.1801 -0.1299 2.1601 0.8609 0.8613 
4.1701 -0.1211 2.1601 0.9058 0.8164 
4.1801 -0.1299 2.1601 0.8609 0.8613 
4.1801 -0.1299 2.1601 0.8609 0.8613 
4.1801 -0.1299 2.1601 0.8609 0.8613 
4.1801 -0.1299 2.1601 0.8609 0.8613 
4.1801 -0.1299 2.1601 0.8609 0.8613 
4.1801 -0.1299 2.1601 0.8609 0.8613 
4.1801 -0.1299 2.1601 0.8609 0.8613 
4.1801 -0.1299 2.1601 0.8609 0.8613 
4.1801 -0.1399 2.1608 0.8043 0.8647 
4.1901 -0.1599 2.1516 0.7110 0.9285 
4.2001 -0.1499 2.1604 0.7553 0.9534 
4.1701 -0.1599 2.1567 0.6962 0.8358 
4.1901 -0.1599 2.1516 0.7110 0.9285 
4.1801 -0.1399 2.1608 0.8043 0.8647 
4.1401 -0.1299 2.1616 0.8463 0.6943 
4.1701 -0.1599 2.1567 0.6962 0.8358 
4.1801 -0.1399 2.1608 0.8043 0.8647 
4.1401 -0.1299 2.1616 0.8463 0.6943 
4.1401 -0.1199 2.1627 0.8982 0.6904 
4.1101 -0.1299 2.1587 0.8439 0.5709 
4.1401 -0.1199 2.1627 0.8982 0.6904 
4.1001 -0.1199 2.1597 0.8937 0.5268 
4.1101 -0.1299 2.1587 0.8439 0.5709 
4.1001 -0.1399 2.1587 0.7853 0.5315 
4.1401 -0.1299 2.1616 0.8463 0.6943 
4.1101 -0.1299 2.1587 0.8439 0.5709 
4.1401 -0.1299 2.1616 0.8463 0.6943 
4.1001 -0.1399 2.1587 0.7853 0.5315 
4.1501 -0.1599 2.1584 0.6874 0.7489 
4.1001 -0.1199 2.1597 0.8937 0.5268 
4.1001 -0.1399 2.1587 0.7853 0.5315 
4.1101 -0.1299 2.1587 0.8439 0.5709 
4.1501 -0.1599 2.1584 0.6874 0.7489 
4.1701 -0.1599 2.1567 0.6962 0.8358 
4.1401 -0.1299 2.1616 0.8463 0.6943 
4.1701 -0.1599 2.1567 0.6962 0.8358 
4.1801 -0.1699 2.1528 0.6476 0.8882 
4.1901 -0.1599 2.1516 0.7110 0.9285 
4.1701 -0.1699 2.1607 0.6327 0.8355 
4.1801 -0.1699 2.1528 0.6476 0.8882 
4.1701 -0.1599 2.1567 0.6962 0.8358 
4.1701 -0.1599 2.1567 0.6962 0.8358 
4.1501 -0.1599 2.1584 0.6874 0.7489 
4.1701 -0.1699 2.1607 0.6327 0.8355 
4.1701 -0.1699 2.1607 0.6327 0.8355 
4.1701 -0.1799 2.1533 0.5848 0.8484 
4.1801 -0.1699 2.1528 0.6476 0.8882 
4.1701 -0.1699 2.1607 0.6327 0.8355 
4.1501 -0.1599 2.1584 0.6874 0.7489 
4.1701 -0.1799 2.1533 0.5848 0.8484 
4.1801 -0.1699 2.1528 0.6476 0.8882 
4.1701 -0.1799 2.1533 0.5848 0.8484 
4.1801 -0.1999 2.1528 0.4687 0.9022 
4.1801 -0.1999 2.1528 0.4687 0.9022 
4.1701 -0.1799 2.1533 0.5848 0.8484 
4.1701 -0.2099 2.1529 0.4046 0.8622 
4.1701 -0.2099 2.1529 0.4046 0.8622 
4.1701 -0.1799 2.1533 0.5848 0.8484 
4.1401 -0.1999 2.1561 0.4532 0.7222 
4.1501 -0.1599 2.1584 0.6874 0.7489 
4.1001 -0.1399 2.1587 0.7853 0.5315 
4.1101 -0.1599 2.1594 0.6740 0.5786 
4.1101 -0.1599 2.1594 0.6740 0.5786 
4.1201 -0.1699 2.1560 0.6245 0.6253 
4.1501 -0.1599 2.1584 0.6874 0.7489 
4.1101 -0.1599 2.1594 0.6740 0.5786 
4.1001 -0.1799 2.1545 0.5618 0.5417 
4.1201 -0.1699 2.1560 0.6245 0.6253 
4.1501 -0.1599 2.1584 0.6874 0.7489 
4.1201 -0.1699 2.1560 0.6245 0.6253 
4.1701 -0.1799 2.1533 0.5848 0.8484 
4.1701 -0.1799 2.1533 0.5848 0.8484 
4.1201 -0.1699 2.1560 0.6245 0.6253 
4.1401 -0.1999 2.1561 0.4532 0.7222 
4.1201 -0.1699 2.1560 0.6245 0.6253 
4.1001 -0.1799 2.1545 0.5618 0.5417 
4.1201 -0.1999 2.1551 0.4478 0.6348 
4.1401 -0.1999 2.1561 0.4532 0.7222 
4.1201 -0.1699 2.1560 0.6245 0.6253 
4.1201 -0.1999 2.1551 0.4478 0.6348 
4.1201 -0.1999 2.1551 0.4478 0.6348 
4.1001 -0.1799 2.1545 0.5618 0.5417 
4.0901 -0.1999 2.1560 0.4377 0.5026 
4.0701 -0.1199 2.1617 0.8807 0.4034 
4.1001 -0.1199 2.1597 0.8937 0.5268 
4.1001 -0.1061 2.1601 0.9674 0.5236 
4.1001 -0.1199 2.1597 0.8937 0.5268 
4.0701 -0.1199 2.1617 0.8807 0.4034 
4.0901 -0.1499 2.1577 0.7279 0.4916 
4.1001 -0.1399 2.1587 0.7853 0.5315 
4.1001 -0.1199 2.1597 0.8937 0.5268 
4.0901 -0.1499 2.1577 0.7279 0.4916 
4.1001 -0.1061 2.1601 0.9674 0.5236 
4.0601 -0.1099 2.1598 0.9366 0.3602 
4.0701 -0.1199 2.1617 0.8807 0.4034 
4.0701 -0.1199 2.1617 0.8807 0.4034 
4.0801 -0.1399 2.1554 0.7860 0.4469 
4.0901 -0.1499 2.1577 0.7279 0.4916 
4.0501 -0.1299 2.1616 0.8206 0.3226 
4.0801 -0.1399 2.1554 0.7860 0.4469 
4.0701 -0.1199 2.1617 0.8807 0.4034 
4.0501 -0.1499 2.1609 0.7107 0.3243 
4.0801 -0.1399 2.1554 0.7860 0.4469 
4.0501 -0.1299 2.1616 0.8206 0.3226 
4.0301 -0.1099 2.1601 0.9274 0.2382 
4.0301 -0.1099 2.1601 0.9274 0.2382 
4.0301 -0.1099 2.1601 0.9274 0.2382 
4.0201 -0.1077 2.1601 0.9366 0.1979 
4.0301 -0.1099 2.1601 0.9274 0.2382 
4.0301 -0.1099 2.1601 0.9274 0.2382 
4.0401 -0.1199 2.1616 0.8726 0.2806 
4.0501 -0.1299 2.1616 0.8206 0.3226 
4.0401 -0.1099 2.1595 0.9316 0.2783 
4.0401 -0.1099 2.1595 0.9316 0.2783 
4.0501 -0.1299 2.1616 0.8206 0.3226 
4.0601 -0.1099 2.1598 0.9366 0.3602 
4.0301 -0.1099 2.1601 0.9274 0.2382 
4.0301 -0.1099 2.1601 0.9274 0.2382 
4.0401 -0.1199 2.1616 0.8726 0.2806 
4.0301 -0.1099 2.1601 0.9274 0.2382 
4.0401 -0.1199 2.1616 0.8726 0.2806 
4.0401 -0.1099 2.1595 0.9316 0.2783 
4.0401 -0.1199 2.1616 0.8726 0.2806 
4.0301 -0.1099 2.1601 0.9274 0.2382 
4.0201 -0.1077 2.1601 0.9366 0.1979 
4.0501 -0.1299 2.1616 0.8206 0.3226 
4.0401 -0.1199 2.1616 0.8726 0.2806 
4.0201 -0.1370 2.1601 0.7759 0.1989 
4.0201 -0.1370 2.1601 0.7759 0.1989 
4.0401 -0.1199 2.1616 0.8726 0.2806 
4.0201 -0.1077 2.1601 0.9366 0.1979 
4.0001 -0.1099 2.1601 0.9190 0.1200 
4.0001 -0.1299 2.1619 0.8057 0.1219 
4.0201 -0.1370 2.1601 0.7759 0.1989 
4.0501 -0.1299 2.1616 0.8206 0.3226 
4.0201 -0.1370 2.1601 0.7759 0.1989 
4.0301 -0.1599 2.1589 0.6510 0.2402 
4.0501 -0.1299 2.1616 0.8206 0.3226 
4.0301 -0.1599 2.1589 0.6510 0.2402 
4.0501 -0.1499 2.1609 0.7107 0.3243 
4.0301 -0.1099 2.1601 0.9274 0.2382 
4.0301 -0.1099 2.1601 0.9274 0.2382 
4.0401 -0.1099 2.1595 0.9316 0.2783 
4.0201 -0.1077 2.1601 0.9366 0.1979 
4.0001 -0.1099 2.1601 0.9190 0.1200 
4.0201 -0.1370 2.1601 0.7759 0.1989 
4.0301 -0.1599 2.1589 0.6510 0.2402 
4.0201 -0.1370 2.1601 0.7759 0.1989 
4.0101 -0.1599 2.1594 0.6444 0.1582 
4.0901 -0.1499 2.1577 0.7279 0.4916 
4.0701 -0.1599 2.1617 0.6586 0.4098 
4.1101 -0.1599 2.1594 0.6740 0.5786 
4.0801 -0.1399 2.1554 0.7860 0.4469 
4.0701 -0.1599 2.1617 0.6586 0.4098 
4.0901 -0.1499 2.1577 0.7279 0.4916 
4.0801 -0.1399 2.1554 0.7860 0.4469 
4.0401 -0.1699 2.1551 0.6015 0.2802 
4.0701 -0.1599 2.1617 0.6586 0.4098 
4.0401 -0.1699 2.1551 0.6015 0.2802 
4.0601 -0.1699 2.1559 0.6066 0.3666 
4.0701 -0.1599 2.1617 0.6586 0.4098 
4.1001 -0.1399 2.1587 0.7853 0.5315 
4.0901 -0.1499 2.1577 0.7279 0.4916 
4.1101 -0.1599 2.1594 0.6740 0.5786 
4.0501 -0.1499 2.1609 0.7107 0.3243 
4.0401 -0.1699 2.1551 0.6015 0.2802 
4.0801 -0.1399 2.1554 0.7860 0.4469 
4.0601 -0.1699 2.1559 0.6066 0.3666 
4.1001 -0.1799 2.1545 0.5618 0.5417 
4.1101 -0.1599 2.1594 0.6740 0.5786 
4.0701 -0.1599 2.1617 0.6586 0.4098 
4.0601 -0.1699 2.1559 0.6066 0.3666 
4.1101 -0.1599 2.1594 0.6740 0.5786 
4.0901 -0.1999 2.1560 0.4377 0.5026 
4.0601 -0.1699 2.1559 0.6066 0.3666 
4.0401 -0.1699 2.1551 0.6015 0.2802 
4.0601 -0.1699 2.1559 0.6066 0.3666 
4.0901 -0.1999 2.1560 0.4377 0.5026 
4.1001 -0.1799 2.1545 0.5618 0.5417 
4.0901 -0.1999 2.1560 0.4377 0.5026 
4.0401 -0.1699 2.1551 0.6015 0.2802 
4.0701 -0.1999 2.1558 0.4316 0.4147 
4.0701 -0.1999 2.1558 0.4316 0.4147 
4.0401 -0.1699 2.1551 0.6015 0.2802 
4.0401 -0.1999 2.1570 0.4213 0.2843 
4.0401 -0.1699 2.1551 0.6015 0.2802 
4.0501 -0.1499 2.1609 0.7107 0.3243 
4.0301 -0.1599 2.1589 0.6510 0.2402 
4.0301 -0.1599 2.1589 0.6510 0.2402 
4.0101 -0.1599 2.1594 0.6444 0.1582 
4.0101 -0.1699 2.1529 0.5955 0.1508 
4.0101 -0.1699 2.1529 0.5955 0.1508 
4.0101 -0.1599 2.1594 0.6444 0.1582 
3.9901 -0.1699 2.1551 0.5863 0.0773 
4.0301 -0.1599 2.1589 0.6510 0.2402 
4.0101 -0.1699 2.1529 0.5955 0.1508 
4.0401 -0.1699 2.1551 0.6015 0.2802 
4.0401 -0.1699 2.1551 0.6015 0.2802 
4.0101 -0.1699 2.1529 0.5955 0.1508 
4.0401 -0.1999 2.1570 0.4213 0.2843 
4.0401 -0.1999 2.1570 0.4213 0.2843 
4.0101 -0.1699 2.1529 0.5955 0.1508 
4.0101 -0.2099 2.1559 0.3522 0.1548 
4.0101 -0.1699 2.1529 0.5955 0.1508 
3.9901 -0.1699 2.1551 0.5863 0.0773 
4.0101 -0.2099 2.1559 0.3522 0.1548 
3.9901 -0.1699 2.1551 0.5863 0.0773 
3.9901 -0.1999 2.1548 0.4073 0.0760 
4.0101 -0.2099 2.1559 0.3522 0.1548 
4.1701 -0.2299 2.1562 0.2810 0.8672 
4.1601 -0.2399 2.1544 0.2175 0.8290 
4.1701 -0.2399 2.1641 0.2202 0.8617 
4.1601 -0.2399 2.1544 0.2175 0.8290 
4.1701 -0.2499 2.1558 0.1615 0.8771 
4.1701 -0.2399 2.1641 0.2202 0.8617 
4.1701 -0.2299 2.1562 0.2810 0.8672 
4.1401 -0.1999 2.1561 0.4532 0.7222 
4.1401 -0.2199 2.1546 0.3331 0.7307 
4.1701 -0.2099 2.1529 0.4046 0.8622 
4.1401 -0.1999 2.1561 0.4532 0.7222 
4.1701 -0.2299 2.1562 0.2810 0.8672 
4.1901 -0.2299 2.1536 0.2881 0.9607 
4.1701 -0.2099 2.1529 0.4046 0.8622 
4.1701 -0.2299 2.1562 0.2810 0.8672 
4.1401 -0.2199 2.1546 0.3331 0.7307 
4.1601 -0.2399 2.1544 0.2175 0.8290 
4.1701 -0.2299 2.1562 0.2810 0.8672 
4.1401 -0.2299 2.1631 0.2700 0.7276 
4.1601 -0.2399 2.1544 0.2175 0.8290 
4.1401 -0.2199 2.1546 0.3331 0.7307 
4.1701 -0.2399 2.1641 0.2202 0.8617 
4.1901 -0.2299 2.1536 0.2881 0.9607 
4.1701 -0.2299 2.1562 0.2810 0.8672 
4.1401 -0.2299 2.1631 0.2700 0.7276 
4.1501 -0.2399 2.1552 0.2144 0.7829 
4.1601 -0.2399 2.1544 0.2175 0.8290 
4.1701 -0.2499 2.1558 0.1615 0.8771 
4.1901 -0.2499 2.1545 0.1673 0.9698 
4.1701 -0.2399 2.1641 0.2202 0.8617 
4.1701 -0.2499 2.1558 0.1615 0.8771 
4.1601 -0.2399 2.1544 0.2175 0.8290 
4.1501 -0.2399 2.1552 0.2144 0.7829 
4.1301 -0.2399 2.1613 0.2081 0.6886 
4.1501 -0.2399 2.1552 0.2144 0.7829 
4.1401 -0.2299 2.1631 0.2700 0.7276 
4.1101 -0.2299 2.1634 0.2608 0.5966 
4.1101 -0.2599 2.1638 0.0962 0.6051 
4.1301 -0.2399 2.1613 0.2081 0.6886 
4.1501 -0.2399 2.1552 0.2144 0.7829 
4.1301 -0.2399 2.1613 0.2081 0.6886 
4.1301 -0.2522 2.1601 0.1381 0.6936 
4.1301 -0.2522 2.1601 0.1381 0.6936 
4.1301 -0.2399 2.1613 0.2081 0.6886 
4.1101 -0.2599 2.1638 0.0962 0.6051 
4.1101 -0.2599 2.1638 0.0962 0.6051 
4.1101 -0.2299 2.1634 0.2608 0.5966 
4.0901 -0.2499 2.1607 0.1392 0.5141 
4.1401 -0.1999 2.1561 0.4532 0.7222 
4.1201 -0.1999 2.1551 0.4478 0.6348 
4.1401 -0.2199 2.1546 0.3331 0.7307 
4.1201 -0.1999 2.1551 0.4478 0.6348 
4.0901 -0.1999 2.1560 0.4377 0.5026 
4.0801 -0.2099 2.1543 0.3753 0.4604 
4.1401 -0.2199 2.1546 0.3331 0.7307 
4.1201 -0.1999 2.1551 0.4478 0.6348 
4.1301 -0.2299 2.1569 0.2683 0.6880 
4.1301 -0.2299 2.1569 0.2683 0.6880 
4.1201 -0.1999 2.1551 0.4478 0.6348 
4.1101 -0.2199 2.1558 0.3230 0.5962 
4.1201 -0.1999 2.1551 0.4478 0.6348 
4.0801 -0.2099 2.1543 0.3753 0.4604 
4.1101 -0.2199 2.1558 0.3230 0.5962 
4.1401 -0.2299 2.1631 0.2700 0.7276 
4.1401 -0.2199 2.1546 0.3331 0.7307 
4.1301 -0.2299 2.1569 0.2683 0.6880 
4.1401 -0.2299 2.1631 0.2700 0.7276 
4.1301 -0.2299 2.1569 0.2683 0.6880 
4.1301 -0.2399 2.1613 0.2081 0.6886 
4.1301 -0.2299 2.1569 0.2683 0.6880 
4.1101 -0.2199 2.1558 0.3230 0.5962 
4.1301 -0.2399 2.1613 0.2081 0.6886 
4.1101 -0.2199 2.1558 0.3230 0.5962 
4.1101 -0.2299 2.1634 0.2608 0.5966 
4.1301 -0.2399 2.1613 0.2081 0.6886 
4.1701 -0.2499 2.1558 0.1615 0.8771 
4.1801 -0.2599 2.1620 0.1120 0.9180 
4.1901 -0.2499 2.1545 0.1673 0.9698 
4.1701 -0.2499 2.1558 0.1615 0.8771 
4.1501 -0.2399 2.1552 0.2144 0.7829 
4.1401 -0.2599 2.1552 0.1003 0.7455 
4.1201 -0.2648 2.1601 0.0800 0.6531 
4.1201 -0.2699 2.1649 0.0734 0.6521 
4.1301 -0.2699 2.1601 0.0734 0.7000 
4.1201 -0.2648 2.1601 0.0800 0.6531 
4.1101 -0.2599 2.1638 0.0962 0.6051 
4.1201 -0.2699 2.1649 0.0734 0.6521 
4.1101 -0.2599 2.1638 0.0962 0.6051 
4.0901 -0.2499 2.1607 0.1392 0.5141 
4.1201 -0.2699 2.1649 0.0734 0.6521 
4.1301 -0.2699 2.1601 0.0734 0.7000 
4.1401 -0.2699 2.1638 0.0738 0.7420 
4.1301 -0.2699 2.1601 0.0734 0.7000 
4.1501 -0.2399 2.1552 0.2144 0.7829 
4.1301 -0.2522 2.1601 0.1381 0.6936 
4.1401 -0.2599 2.1552 0.1003 0.7455 
4.1101 -0.2599 2.1638 0.0962 0.6051 
4.1201 -0.2648 2.1601 0.0800 0.6531 
4.1301 -0.2522 2.1601 0.1381 0.6936 
4.1301 -0.2699 2.1601 0.0734 0.7000 
4.1401 -0.2599 2.1552 0.1003 0.7455 
4.1301 -0.2522 2.1601 0.1381 0.6936 
4.1301 -0.2699 2.1601 0.0734 0.7000 
4.1401 -0.2599 2.1552 0.1003 0.7455 
4.1301 -0.2699 2.1601 0.0734 0.7000 
4.1301 -0.2699 2.1601 0.0734 0.7000 
4.1401 -0.2699 2.1638 0.0738 0.7420 
4.1401 -0.2599 2.1552 0.1003 0.7455 
4.1201 -0.2648 2.1601 0.0800 0.6531 
4.1301 -0.2699 2.1601 0.0734 0.7000 
4.1301 -0.2522 2.1601 0.1381 0.6936 
4.1201 -0.2648 2.1601 0.0800 0.6531 
4.1301 -0.2699 2.1601 0.0734 0.7000 
4.1301 -0.2699 2.1601 0.0734 0.7000 
4.1301 -0.2699 2.1601 0.0734 0.7000 
4.1301 -0.2699 2.1601 0.0734 0.7000 
4.1301 -0.2699 2.1601 0.0734 0.7000 
4.0901 -0.2299 2.1564 0.2558 0.5095 
4.0801 -0.2399 2.1637 0.1931 0.4678 
4.1101 -0.2299 2.1634 0.2608 0.5966 
4.0701 -0.2299 2.1637 0.2485 0.4223 
4.0701 -0.2499 2.1623 0.1340 0.4255 
4.0801 -0.2399 2.1637 0.1931 0.4678 
4.0701 -0.2299 2.1637 0.2485 0.4223 
4.0801 -0.2399 2.1637 0.1931 0.4678 
4.0901 -0.2299 2.1564 0.2558 0.5095 
4.0701 -0.2499 2.1623 0.1340 0.4255 
4.0701 -0.2299 2.1637 0.2485 0.4223 
4.0601 -0.2399 2.1614 0.1869 0.3793 
4.0601 -0.2399 2.1614 0.1869 0.3793 
4.0701 -0.2299 2.1637 0.2485 0.4223 
4.0401 -0.2399 2.1643 0.1812 0.2935 
4.1101 -0.2299 2.1634 0.2608 0.5966 
4.0801 -0.2399 2.1637 0.1931 0.4678 
4.0901 -0.2499 2.1607 0.1392 0.5141 
4.0901 -0.2499 2.1607 0.1392 0.5141 
4.0801 -0.2399 2.1637 0.1931 0.4678 
4.0701 -0.2499 2.1623 0.1340 0.4255 
4.0601 -0.2399 2.1614 0.1869 0.3793 
4.0401 -0.2399 2.1643 0.1812 0.2935 
4.0601 -0.2599 2.1621 0.0859 0.3827 
4.0901 -0.1999 2.1560 0.4377 0.5026 
4.0701 -0.1999 2.1558 0.4316 0.4147 
4.0801 -0.2099 2.1543 0.3753 0.4604 
4.0801 -0.2099 2.1543 0.3753 0.4604 
4.0701 -0.1999 2.1558 0.4316 0.4147 
4.0801 -0.2199 2.1571 0.3131 0.4629 
4.0801 -0.2199 2.1571 0.3131 0.4629 
4.0701 -0.1999 2.1558 0.4316 0.4147 
4.0401 -0.1999 2.1570 0.4213 0.2843 
4.1101 -0.2199 2.1558 0.3230 0.5962 
4.0801 -0.2099 2.1543 0.3753 0.4604 
4.0801 -0.2199 2.1571 0.3131 0.4629 
4.0901 -0.2299 2.1564 0.2558 0.5095 
4.0401 -0.1999 2.1570 0.4213 0.2843 
4.0601 -0.2199 2.1574 0.3067 0.3745 
4.0801 -0.2199 2.1571 0.3131 0.4629 
4.0401 -0.1999 2.1570 0.4213 0.2843 
4.0901 -0.2299 2.1564 0.2558 0.5095 
4.0901 -0.2299 2.1564 0.2558 0.5095 
4.1101 -0.2199 2.1558 0.3230 0.5962 
4.0801 -0.2199 2.1571 0.3131 0.4629 
4.0901 -0.2299 2.1564 0.2558 0.5095 
4.1101 -0.2299 2.1634 0.2608 0.5966 
4.1101 -0.2199 2.1558 0.3230 0.5962 
4.0701 -0.2299 2.1637 0.2485 0.4223 
4.0901 -0.2299 2.1564 0.2558 0.5095 
4.0601 -0.2199 2.1574 0.3067 0.3745 
4.0101 -0.2099 2.1559 0.3522 0.1548 
3.9901 -0.2299 2.1625 0.2242 0.0841 
4.0301 -0.2399 2.1611 0.1779 0.2474 
4.0301 -0.2399 2.1611 0.1779 0.2474 
3.9901 -0.2299 2.1625 0.2242 0.0841 
4.0001 -0.2499 2.1647 0.1160 0.1242 
4.0401 -0.1999 2.1570 0.4213 0.2843 
4.0101 -0.2099 2.1559 0.3522 0.1548 
4.0401 -0.2199 2.1567 0.3007 0.2859 
4.0601 -0.2199 2.1574 0.3067 0.3745 
4.0401 -0.1999 2.1570 0.4213 0.2843 
4.0401 -0.2199 2.1567 0.3007 0.2859 
4.0701 -0.2299 2.1637 0.2485 0.4223 
4.0601 -0.2199 2.1574 0.3067 0.3745 
4.0401 -0.2399 2.1643 0.1812 0.2935 
4.0601 -0.2199 2.1574 0.3067 0.3745 
4.0401 -0.2199 2.1567 0.3007 0.2859 
4.0401 -0.2399 2.1643 0.1812 0.2935 
4.0301 -0.2399 2.1611 0.1779 0.2474 
4.0401 -0.2399 2.1643 0.1812 0.2935 
4.0401 -0.2199 2.1567 0.3007 0.2859 
4.0401 -0.2199 2.1567 0.3007 0.2859 
4.0101 -0.2099 2.1559 0.3522 0.1548 
4.0301 -0.2399 2.1611 0.1779 0.2474 
4.0901 -0.2499 2.1607 0.1392 0.5141 
4.0701 -0.2499 2.1623 0.1340 0.4255 
4.1201 -0.2699 2.1649 0.0734 0.6521 
4.0701 -0.2499 2.1623 0.1340 0.4255 
4.0601 -0.2399 2.1614 0.1869 0.3793 
4.0601 -0.2599 2.1621 0.0859 0.3827 
4.0301 -0.2399 2.1611 0.1779 0.2474 
4.0001 -0.2499 2.1647 0.1160 0.1242 
4.0201 -0.2599 2.1615 0.0797 0.2053 
3.9901 -0.0999 2.1567 0.9786 0.0812 
3.9801 -0.1099 2.1631 0.9065 0.0603 
4.0001 -0.1099 2.1601 0.9190 0.1200 
3.9801 -0.1099 2.1631 0.9065 0.0603 
4.0001 -0.1299 2.1619 0.8057 0.1219 
4.0001 -0.1099 2.1601 0.9190 0.1200 
4.0001 -0.1299 2.1619 0.8057 0.1219 
3.9801 -0.1099 2.1631 0.9065 0.0603 
3.9801 -0.1399 2.1608 0.7467 0.0579 
3.9801 -0.1399 2.1608 0.7467 0.0579 
4.0201 -0.1370 2.1601 0.7759 0.1989 
4.0001 -0.1299 2.1619 0.8057 0.1219 
3.9801 -0.1399 2.1608 0.7467 0.0579 
4.0101 -0.1599 2.1594 0.6444 0.1582 
4.0201 -0.1370 2.1601 0.7759 0.1989 
4.0101 -0.2099 2.1559 0.3522 0.1548 
3.9801 -0.2199 2.1532 0.2827 0.0531 
3.9901 -0.2299 2.1625 0.2242 0.0841 
4.0001 -0.2499 2.1647 0.1160 0.1242 
3.9901 -0.2299 2.1625 0.2242 0.0841 
3.9801 -0.2299 2.1615 0.2212 0.0562 
3.9801 -0.2199 2.1532 0.2827 0.0531 
4.0101 -0.2099 2.1559 0.3522 0.1548 
3.9901 -0.1999 2.1548 0.4073 0.0760 
3.9901 -0.2299 2.1625 0.2242 0.0841 
3.9801 -0.2199 2.1532 0.2827 0.0531 
3.9801 -0.2299 2.1615 0.2212 0.0562 
3.9801 -0.2299 2.1615 0.2212 0.0562 
3.9801 -0.2399 2.1552 0.1622 0.0533 
4.0001 -0.2499 2.1647 0.1160 0.1242 
3.9801 -0.2399 2.1552 0.1622 0.0533 
3.9901 -0.2599 2.1624 0.0765 0.0831 
4.0001 -0.2499 2.1647 0.1160 0.1242 
