NUMPOLLIES 146.000000 

4.2101 0.0501 2.1501 0.9009 0.9104 
4.2101 0.0501 2.1501 0.9009 0.9104 
4.2101 0.0501 2.1501 0.9009 0.9104 
4.2072 0.0601 2.1501 0.9395 0.8916 
4.2101 0.0501 2.1501 0.9009 0.9104 
4.2101 0.0501 2.1501 0.9009 0.9104 
4.2101 0.0501 2.1501 0.9009 0.9104 
4.2101 0.0501 2.1501 0.9009 0.9104 
4.2101 0.0501 2.1501 0.9009 0.9104 
4.2101 0.0501 2.1501 0.9009 0.9104 
4.2072 0.0601 2.1501 0.9395 0.8916 
4.2001 0.0401 2.1530 0.8477 0.8774 
4.2101 0.0501 2.1501 0.9009 0.9104 
4.2101 0.0501 2.1501 0.9009 0.9104 
4.2001 0.0401 2.1530 0.8477 0.8774 
4.2101 0.0101 2.1512 0.7276 0.9441 
4.2001 0.0201 2.1526 0.7645 0.8939 
4.1901 0.0001 2.1527 0.6717 0.8702 
4.2101 0.0501 2.1501 0.9009 0.9104 
4.2201 0.0501 2.1498 0.9041 0.9486 
4.2072 0.0601 2.1501 0.9395 0.8916 
4.2101 0.0501 2.1501 0.9009 0.9104 
4.2101 0.0501 2.1501 0.9009 0.9104 
4.2201 0.0501 2.1498 0.9041 0.9486 
4.2101 0.0401 2.1489 0.8647 0.9201 
4.2301 0.0401 2.1506 0.8628 0.9948 
4.2201 0.0501 2.1498 0.9041 0.9486 
4.2101 0.0501 2.1501 0.9009 0.9104 
4.2101 0.0401 2.1489 0.8647 0.9201 
4.2201 0.0501 2.1498 0.9041 0.9486 
4.2101 0.0501 2.1501 0.9009 0.9104 
4.2101 0.0501 2.1501 0.9009 0.9104 
4.2101 0.0401 2.1489 0.8647 0.9201 
4.2101 0.0401 2.1489 0.8647 0.9201 
4.2101 0.0501 2.1501 0.9009 0.9104 
4.2001 0.0401 2.1530 0.8477 0.8774 
4.2101 -0.0299 2.1517 0.5336 0.9831 
4.1901 0.0001 2.1527 0.6717 0.8702 
4.2001 -0.0199 2.1551 0.5707 0.9263 
4.2072 0.0601 2.1501 0.9395 0.8916 
4.1601 0.0701 2.1496 0.9705 0.7106 
4.1701 0.0601 2.1525 0.9232 0.7513 
4.1801 0.0501 2.1501 0.8946 0.7967 
4.2072 0.0601 2.1501 0.9395 0.8916 
4.1701 0.0601 2.1525 0.9232 0.7513 
4.1801 0.0501 2.1501 0.8946 0.7967 
4.1801 0.0501 2.1501 0.8946 0.7967 
4.1701 0.0601 2.1525 0.9232 0.7513 
4.1801 0.0501 2.1501 0.8946 0.7967 
4.1701 0.0601 2.1525 0.9232 0.7513 
4.1701 0.0480 2.1501 0.8840 0.7599 
4.1701 0.0601 2.1525 0.9232 0.7513 
4.1601 0.0701 2.1496 0.9705 0.7106 
4.1701 0.0480 2.1501 0.8840 0.7599 
4.1701 0.0480 2.1501 0.8840 0.7599 
4.1401 0.0801 2.1540 0.9872 0.6311 
4.1501 0.0501 2.1515 0.8831 0.6818 
4.1601 0.0701 2.1496 0.9705 0.7106 
4.1401 0.0801 2.1540 0.9872 0.6311 
4.1701 0.0480 2.1501 0.8840 0.7599 
4.1501 0.0501 2.1515 0.8831 0.6818 
4.1001 0.0801 2.1534 0.9818 0.4862 
4.1301 0.0501 2.1531 0.8732 0.6053 
4.1001 0.0801 2.1534 0.9818 0.4862 
4.0901 0.0601 2.1532 0.9043 0.4521 
4.1301 0.0501 2.1531 0.8732 0.6053 
4.1301 0.0501 2.1531 0.8732 0.6053 
4.0901 0.0601 2.1532 0.9043 0.4521 
4.1201 0.0501 2.1545 0.8663 0.5671 
4.2001 0.0401 2.1530 0.8477 0.8774 
4.1801 0.0501 2.1501 0.8946 0.7967 
4.1701 0.0480 2.1501 0.8840 0.7599 
4.2072 0.0601 2.1501 0.9395 0.8916 
4.1801 0.0501 2.1501 0.8946 0.7967 
4.2001 0.0401 2.1530 0.8477 0.8774 
4.1701 0.0480 2.1501 0.8840 0.7599 
4.1801 0.0501 2.1501 0.8946 0.7967 
4.1801 0.0501 2.1501 0.8946 0.7967 
4.2001 0.0401 2.1530 0.8477 0.8774 
4.1701 0.0480 2.1501 0.8840 0.7599 
4.2001 0.0201 2.1526 0.7645 0.8939 
4.1601 0.0201 2.1514 0.7598 0.7365 
4.1501 0.0501 2.1515 0.8831 0.6818 
4.1401 0.0301 2.1553 0.7850 0.6508 
4.1701 0.0480 2.1501 0.8840 0.7599 
4.1501 0.0501 2.1515 0.8831 0.6818 
4.1601 0.0201 2.1514 0.7598 0.7365 
4.2001 0.0201 2.1526 0.7645 0.8939 
4.1701 0.0480 2.1501 0.8840 0.7599 
4.1601 0.0101 2.1562 0.6987 0.7392 
4.1701 0.0480 2.1501 0.8840 0.7599 
4.1601 0.0201 2.1514 0.7598 0.7365 
4.1601 0.0101 2.1562 0.6987 0.7392 
4.1601 0.0101 2.1562 0.6987 0.7392 
4.1601 0.0201 2.1514 0.7598 0.7365 
4.1401 0.0101 2.1520 0.7083 0.6612 
4.1901 0.0001 2.1527 0.6717 0.8702 
4.1601 0.0101 2.1562 0.6987 0.7392 
4.2001 -0.0199 2.1551 0.5707 0.9263 
4.2001 0.0201 2.1526 0.7645 0.8939 
4.1601 0.0101 2.1562 0.6987 0.7392 
4.1901 0.0001 2.1527 0.6717 0.8702 
4.2001 -0.0199 2.1551 0.5707 0.9263 
4.1601 0.0101 2.1562 0.6987 0.7392 
4.1701 -0.0099 2.1550 0.6121 0.7936 
4.1601 0.0101 2.1562 0.6987 0.7392 
4.1401 0.0101 2.1520 0.7083 0.6612 
4.1701 -0.0099 2.1550 0.6121 0.7936 
4.1201 0.0501 2.1545 0.8663 0.5671 
4.0901 0.0601 2.1532 0.9043 0.4521 
4.0801 0.0501 2.1522 0.8661 0.4150 
4.1501 0.0501 2.1515 0.8831 0.6818 
4.1301 0.0501 2.1531 0.8732 0.6053 
4.1401 0.0301 2.1553 0.7850 0.6508 
4.1301 0.0501 2.1531 0.8732 0.6053 
4.1201 0.0501 2.1545 0.8663 0.5671 
4.1401 0.0301 2.1553 0.7850 0.6508 
4.1201 0.0501 2.1545 0.8663 0.5671 
4.0801 0.0501 2.1522 0.8661 0.4150 
4.1001 0.0101 2.1556 0.6866 0.4990 
4.1601 0.0201 2.1514 0.7598 0.7365 
4.1401 0.0301 2.1553 0.7850 0.6508 
4.1401 0.0101 2.1520 0.7083 0.6612 
4.1401 0.0301 2.1553 0.7850 0.6508 
4.1201 0.0501 2.1545 0.8663 0.5671 
4.1401 0.0101 2.1520 0.7083 0.6612 
4.1201 0.0501 2.1545 0.8663 0.5671 
4.1001 0.0101 2.1556 0.6866 0.4990 
4.1301 -0.0099 2.1546 0.6035 0.6281 
4.1401 0.0101 2.1520 0.7083 0.6612 
4.1201 0.0501 2.1545 0.8663 0.5671 
4.1301 -0.0099 2.1546 0.6035 0.6281 
4.1401 0.0101 2.1520 0.7083 0.6612 
4.1301 -0.0099 2.1546 0.6035 0.6281 
4.1701 -0.0099 2.1550 0.6121 0.7936 
4.0901 0.0601 2.1532 0.9043 0.4521 
4.0801 0.0801 2.1514 0.9855 0.4130 
4.0601 0.0701 2.1525 0.9399 0.3399 
4.0901 0.0601 2.1532 0.9043 0.4521 
4.0601 0.0701 2.1525 0.9399 0.3399 
4.0801 0.0501 2.1522 0.8661 0.4150 
4.0801 0.0501 2.1522 0.8661 0.4150 
4.0601 0.0701 2.1525 0.9399 0.3399 
4.0401 0.0601 2.1549 0.8879 0.2660 
4.0801 0.0501 2.1522 0.8661 0.4150 
4.0401 0.0601 2.1549 0.8879 0.2660 
4.0501 0.0501 2.1520 0.8604 0.3005 
4.0601 0.0701 2.1525 0.9399 0.3399 
4.0201 0.0701 2.1512 0.9367 0.1920 
4.0401 0.0601 2.1549 0.8879 0.2660 
4.0201 0.0701 2.1512 0.9367 0.1920 
4.0101 0.0801 2.1530 0.9660 0.1606 
4.0101 0.0501 2.1533 0.8474 0.1513 
4.0501 0.0501 2.1520 0.8604 0.3005 
4.0201 0.0701 2.1512 0.9367 0.1920 
4.0101 0.0501 2.1533 0.8474 0.1513 
4.0401 0.0601 2.1549 0.8879 0.2660 
4.0201 0.0701 2.1512 0.9367 0.1920 
4.0501 0.0501 2.1520 0.8604 0.3005 
4.0801 0.0501 2.1522 0.8661 0.4150 
4.0501 0.0501 2.1520 0.8604 0.3005 
4.0601 0.0301 2.1531 0.7747 0.3380 
4.0601 0.0301 2.1531 0.7747 0.3380 
4.0501 0.0501 2.1520 0.8604 0.3005 
4.0301 0.0401 2.1540 0.8077 0.2238 
4.1001 0.0101 2.1556 0.6866 0.4990 
4.0801 0.0501 2.1522 0.8661 0.4150 
4.0801 0.0201 2.1547 0.7299 0.4176 
4.0801 0.0501 2.1522 0.8661 0.4150 
4.0601 0.0301 2.1531 0.7747 0.3380 
4.0801 0.0201 2.1547 0.7299 0.4176 
4.0601 0.0301 2.1531 0.7747 0.3380 
4.0401 0.0201 2.1547 0.7208 0.2589 
4.0601 0.0001 2.1570 0.6262 0.3380 
4.0501 0.0501 2.1520 0.8604 0.3005 
4.0101 0.0501 2.1533 0.8474 0.1513 
4.0301 0.0401 2.1540 0.8077 0.2238 
4.0301 0.0401 2.1540 0.8077 0.2238 
4.0101 0.0501 2.1533 0.8474 0.1513 
4.0101 0.0401 2.1519 0.8106 0.1467 
4.0401 0.0201 2.1547 0.7208 0.2589 
4.0101 0.0401 2.1519 0.8106 0.1467 
4.0101 0.0301 2.1545 0.7587 0.1457 
4.0301 0.0401 2.1540 0.8077 0.2238 
4.0101 0.0401 2.1519 0.8106 0.1467 
4.0401 0.0201 2.1547 0.7208 0.2589 
4.0601 0.0301 2.1531 0.7747 0.3380 
4.0301 0.0401 2.1540 0.8077 0.2238 
4.0401 0.0201 2.1547 0.7208 0.2589 
4.0601 0.0001 2.1570 0.6262 0.3380 
4.0401 0.0201 2.1547 0.7208 0.2589 
4.0301 0.0101 2.1526 0.6800 0.2154 
4.0401 0.0201 2.1547 0.7208 0.2589 
4.0101 0.0301 2.1545 0.7587 0.1457 
4.0301 0.0101 2.1526 0.6800 0.2154 
4.0601 0.0001 2.1570 0.6262 0.3380 
4.0301 0.0101 2.1526 0.6800 0.2154 
4.0701 -0.0099 2.1566 0.5821 0.3787 
4.2001 -0.0199 2.1551 0.5707 0.9263 
4.1701 -0.0099 2.1550 0.6121 0.7936 
4.1801 -0.0299 2.1486 0.5351 0.8575 
4.1801 -0.0299 2.1486 0.5351 0.8575 
4.1701 -0.0099 2.1550 0.6121 0.7936 
4.1601 -0.0299 2.1553 0.5093 0.7651 
4.2101 -0.0299 2.1517 0.5336 0.9831 
4.2001 -0.0199 2.1551 0.5707 0.9263 
4.1801 -0.0299 2.1486 0.5351 0.8575 
4.2001 -0.0399 2.1546 0.4703 0.9463 
4.2101 -0.0299 2.1517 0.5336 0.9831 
4.1801 -0.0499 2.1566 0.4054 0.8660 
4.1801 -0.0299 2.1486 0.5351 0.8575 
4.1801 -0.0499 2.1566 0.4054 0.8660 
4.2101 -0.0299 2.1517 0.5336 0.9831 
4.1801 -0.0299 2.1486 0.5351 0.8575 
4.1601 -0.0299 2.1553 0.5093 0.7651 
4.1801 -0.0499 2.1566 0.4054 0.8660 
4.1801 -0.0499 2.1566 0.4054 0.8660 
4.1601 -0.0299 2.1553 0.5093 0.7651 
4.1801 -0.0599 2.1567 0.3500 0.8748 
4.1801 -0.0599 2.1567 0.3500 0.8748 
4.1501 -0.0399 2.1554 0.4540 0.7284 
4.1601 -0.0599 2.1568 0.3440 0.7852 
4.1601 -0.0299 2.1553 0.5093 0.7651 
4.1501 -0.0399 2.1554 0.4540 0.7284 
4.1801 -0.0599 2.1567 0.3500 0.8748 
4.1301 -0.0099 2.1546 0.6035 0.6281 
4.1001 0.0101 2.1556 0.6866 0.4990 
4.1001 -0.0199 2.1540 0.5481 0.5054 
4.1001 -0.0199 2.1540 0.5481 0.5054 
4.1001 0.0101 2.1556 0.6866 0.4990 
4.0801 0.0201 2.1547 0.7299 0.4176 
4.1701 -0.0099 2.1550 0.6121 0.7936 
4.1301 -0.0099 2.1546 0.6035 0.6281 
4.1601 -0.0299 2.1553 0.5093 0.7651 
4.1601 -0.0299 2.1553 0.5093 0.7651 
4.1301 -0.0099 2.1546 0.6035 0.6281 
4.1501 -0.0399 2.1554 0.4540 0.7284 
4.1501 -0.0399 2.1554 0.4540 0.7284 
4.1301 -0.0099 2.1546 0.6035 0.6281 
4.1201 -0.0399 2.1572 0.4409 0.5970 
4.1301 -0.0099 2.1546 0.6035 0.6281 
4.1001 -0.0199 2.1540 0.5481 0.5054 
4.1201 -0.0399 2.1572 0.4409 0.5970 
4.1201 -0.0399 2.1572 0.4409 0.5970 
4.1001 -0.0199 2.1540 0.5481 0.5054 
4.0801 -0.0399 2.1531 0.4412 0.4218 
4.1601 -0.0599 2.1568 0.3440 0.7852 
4.1201 -0.0399 2.1572 0.4409 0.5970 
4.1301 -0.0499 2.1526 0.4023 0.6473 
4.1501 -0.0399 2.1554 0.4540 0.7284 
4.1201 -0.0399 2.1572 0.4409 0.5970 
4.1601 -0.0599 2.1568 0.3440 0.7852 
4.1201 -0.0399 2.1572 0.4409 0.5970 
4.0801 -0.0399 2.1531 0.4412 0.4218 
4.1001 -0.0599 2.1569 0.3262 0.5150 
4.2001 -0.0399 2.1546 0.4703 0.9463 
4.1801 -0.0499 2.1566 0.4054 0.8660 
4.1901 -0.0599 2.1509 0.3683 0.9271 
4.1901 -0.0599 2.1509 0.3683 0.9271 
4.1801 -0.0499 2.1566 0.4054 0.8660 
4.1801 -0.0599 2.1567 0.3500 0.8748 
4.1801 -0.0599 2.1567 0.3500 0.8748 
4.1601 -0.0599 2.1568 0.3440 0.7852 
4.1701 -0.0699 2.1512 0.3040 0.8445 
4.2001 -0.0799 2.1548 0.2455 0.9890 
4.1701 -0.0699 2.1512 0.3040 0.8445 
4.1801 -0.0799 2.1549 0.2393 0.8959 
4.1801 -0.0599 2.1567 0.3500 0.8748 
4.1701 -0.0699 2.1512 0.3040 0.8445 
4.2001 -0.0799 2.1548 0.2455 0.9890 
4.1801 -0.0799 2.1549 0.2393 0.8959 
4.1601 -0.0599 2.1568 0.3440 0.7852 
4.1701 -0.0899 2.1596 0.1679 0.8528 
4.1701 -0.0699 2.1512 0.3040 0.8445 
4.1601 -0.0599 2.1568 0.3440 0.7852 
4.1801 -0.0799 2.1549 0.2393 0.8959 
4.1601 -0.0599 2.1568 0.3440 0.7852 
4.1401 -0.0799 2.1573 0.2218 0.7071 
4.1701 -0.0899 2.1596 0.1679 0.8528 
4.2001 -0.0799 2.1548 0.2455 0.9890 
4.1801 -0.0799 2.1549 0.2393 0.8959 
4.1901 -0.0999 2.1570 0.1226 0.9614 
4.1801 -0.0799 2.1549 0.2393 0.8959 
4.1701 -0.0899 2.1596 0.1679 0.8528 
4.1901 -0.0999 2.1570 0.1226 0.9614 
4.1701 -0.0899 2.1596 0.1679 0.8528 
4.1401 -0.0799 2.1573 0.2218 0.7071 
4.1501 -0.1099 2.1585 0.0746 0.7752 
4.1201 -0.0399 2.1572 0.4409 0.5970 
4.1001 -0.0599 2.1569 0.3262 0.5150 
4.1201 -0.0699 2.1560 0.2769 0.6098 
4.1601 -0.0599 2.1568 0.3440 0.7852 
4.1301 -0.0499 2.1526 0.4023 0.6473 
4.1401 -0.0799 2.1573 0.2218 0.7071 
4.1401 -0.0799 2.1573 0.2218 0.7071 
4.1301 -0.0499 2.1526 0.4023 0.6473 
4.1201 -0.0699 2.1560 0.2769 0.6098 
4.1301 -0.0499 2.1526 0.4023 0.6473 
4.1201 -0.0399 2.1572 0.4409 0.5970 
4.1201 -0.0699 2.1560 0.2769 0.6098 
4.1201 -0.0699 2.1560 0.2769 0.6098 
4.1001 -0.0599 2.1569 0.3262 0.5150 
4.1101 -0.0799 2.1529 0.2222 0.5680 
4.1401 -0.0799 2.1573 0.2218 0.7071 
4.1201 -0.0699 2.1560 0.2769 0.6098 
4.1101 -0.0899 2.1574 0.1543 0.5707 
4.1201 -0.0699 2.1560 0.2769 0.6098 
4.1101 -0.0799 2.1529 0.2222 0.5680 
4.1101 -0.0899 2.1574 0.1543 0.5707 
4.1501 -0.1099 2.1585 0.0746 0.7752 
4.1401 -0.0799 2.1573 0.2218 0.7071 
4.1301 -0.0999 2.1529 0.1128 0.6742 
4.1401 -0.0799 2.1573 0.2218 0.7071 
4.1101 -0.0899 2.1574 0.1543 0.5707 
4.1301 -0.0999 2.1529 0.1128 0.6742 
4.1301 -0.0999 2.1529 0.1128 0.6742 
4.1101 -0.0899 2.1574 0.1543 0.5707 
4.1101 -0.0999 2.1570 0.1018 0.5747 
4.1101 -0.0999 2.1570 0.1018 0.5747 
4.0801 -0.0799 2.1568 0.2046 0.4264 
4.1001 -0.1061 2.1601 0.0758 0.5276 
4.1101 -0.0899 2.1574 0.1543 0.5707 
4.0801 -0.0799 2.1568 0.2046 0.4264 
4.1101 -0.0999 2.1570 0.1018 0.5747 
4.0801 0.0201 2.1547 0.7299 0.4176 
4.0601 0.0301 2.1531 0.7747 0.3380 
4.0701 -0.0099 2.1566 0.5821 0.3787 
4.0601 0.0301 2.1531 0.7747 0.3380 
4.0601 0.0001 2.1570 0.6262 0.3380 
4.0701 -0.0099 2.1566 0.5821 0.3787 
4.0801 0.0201 2.1547 0.7299 0.4176 
4.0701 -0.0099 2.1566 0.5821 0.3787 
4.1001 -0.0199 2.1540 0.5481 0.5054 
4.0701 -0.0099 2.1566 0.5821 0.3787 
4.0501 -0.0199 2.1568 0.5267 0.2946 
4.0701 -0.0299 2.1563 0.4823 0.3788 
4.1001 -0.0199 2.1540 0.5481 0.5054 
4.0701 -0.0099 2.1566 0.5821 0.3787 
4.0701 -0.0299 2.1563 0.4823 0.3788 
4.1001 -0.0199 2.1540 0.5481 0.5054 
4.0701 -0.0299 2.1563 0.4823 0.3788 
4.0801 -0.0399 2.1531 0.4412 0.4218 
4.0801 -0.0399 2.1531 0.4412 0.4218 
4.0701 -0.0299 2.1563 0.4823 0.3788 
4.0601 -0.0399 2.1565 0.4261 0.3352 
4.0701 -0.0299 2.1563 0.4823 0.3788 
4.0501 -0.0199 2.1568 0.5267 0.2946 
4.0601 -0.0399 2.1565 0.4261 0.3352 
4.0801 -0.0399 2.1531 0.4412 0.4218 
4.0601 -0.0399 2.1565 0.4261 0.3352 
4.0801 -0.0599 2.1567 0.3208 0.4245 
4.0501 -0.0199 2.1568 0.5267 0.2946 
4.0301 0.0101 2.1526 0.6800 0.2154 
4.0301 -0.0199 2.1548 0.5275 0.2092 
4.0701 -0.0099 2.1566 0.5821 0.3787 
4.0301 0.0101 2.1526 0.6800 0.2154 
4.0501 -0.0199 2.1568 0.5267 0.2946 
4.0301 0.0101 2.1526 0.6800 0.2154 
4.0201 -0.0099 2.1568 0.5688 0.1730 
4.0301 -0.0199 2.1548 0.5275 0.2092 
4.0601 -0.0399 2.1565 0.4261 0.3352 
4.0501 -0.0199 2.1568 0.5267 0.2946 
4.0301 -0.0299 2.1572 0.4687 0.2085 
4.0501 -0.0199 2.1568 0.5267 0.2946 
4.0301 -0.0199 2.1548 0.5275 0.2092 
4.0301 -0.0299 2.1572 0.4687 0.2085 
4.0301 -0.0299 2.1572 0.4687 0.2085 
4.0301 -0.0199 2.1548 0.5275 0.2092 
4.0001 -0.0299 2.1557 0.4651 0.0865 
4.0301 -0.0299 2.1572 0.4687 0.2085 
4.0001 -0.0299 2.1557 0.4651 0.0865 
4.0301 -0.0599 2.1564 0.3066 0.1988 
4.0801 -0.0599 2.1567 0.3208 0.4245 
4.0301 -0.0299 2.1572 0.4687 0.2085 
4.0501 -0.0599 2.1530 0.3211 0.2863 
4.0601 -0.0399 2.1565 0.4261 0.3352 
4.0301 -0.0299 2.1572 0.4687 0.2085 
4.0801 -0.0599 2.1567 0.3208 0.4245 
4.0501 -0.0599 2.1530 0.3211 0.2863 
4.0301 -0.0299 2.1572 0.4687 0.2085 
4.0301 -0.0599 2.1564 0.3066 0.1988 
4.0301 -0.0599 2.1564 0.3066 0.1988 
4.0001 -0.0299 2.1557 0.4651 0.0865 
3.9901 -0.0399 2.1575 0.4036 0.0568 
4.1001 -0.0599 2.1569 0.3262 0.5150 
4.0801 -0.0399 2.1531 0.4412 0.4218 
4.0801 -0.0599 2.1567 0.3208 0.4245 
4.1001 -0.0599 2.1569 0.3262 0.5150 
4.0801 -0.0599 2.1567 0.3208 0.4245 
4.1101 -0.0799 2.1529 0.2222 0.5680 
4.0801 -0.0599 2.1567 0.3208 0.4245 
4.0501 -0.0599 2.1530 0.3211 0.2863 
4.0501 -0.0699 2.1572 0.2532 0.2875 
4.1101 -0.0899 2.1574 0.1543 0.5707 
4.0801 -0.0599 2.1567 0.3208 0.4245 
4.0801 -0.0799 2.1568 0.2046 0.4264 
4.1101 -0.0799 2.1529 0.2222 0.5680 
4.0801 -0.0599 2.1567 0.3208 0.4245 
4.1101 -0.0899 2.1574 0.1543 0.5707 
4.0801 -0.0599 2.1567 0.3208 0.4245 
4.0501 -0.0699 2.1572 0.2532 0.2875 
4.0801 -0.0799 2.1568 0.2046 0.4264 
4.0501 -0.0599 2.1530 0.3211 0.2863 
4.0301 -0.0599 2.1564 0.3066 0.1988 
4.0501 -0.0699 2.1572 0.2532 0.2875 
4.0301 -0.0899 2.1553 0.1348 0.1876 
4.0301 -0.0599 2.1564 0.3066 0.1988 
4.0201 -0.0799 2.1555 0.1889 0.1458 
4.0501 -0.0699 2.1572 0.2532 0.2875 
4.0301 -0.0599 2.1564 0.3066 0.1988 
4.0401 -0.0899 2.1532 0.1414 0.2331 
4.0401 -0.0899 2.1532 0.1414 0.2331 
4.0301 -0.0599 2.1564 0.3066 0.1988 
4.0301 -0.0899 2.1553 0.1348 0.1876 
4.0301 -0.0899 2.1553 0.1348 0.1876 
4.0201 -0.0799 2.1555 0.1889 0.1458 
4.0001 -0.0799 2.1587 0.1765 0.0689 
4.0101 0.0801 2.1530 0.9660 0.1606 
3.9801 0.0901 2.1521 1.0007 0.0686 
4.0101 0.0501 2.1533 0.8474 0.1513 
4.0101 0.0501 2.1533 0.8474 0.1513 
3.9801 0.0901 2.1521 1.0007 0.0686 
3.9701 0.0801 2.1524 0.9604 0.0528 
4.0101 0.0501 2.1533 0.8474 0.1513 
3.9701 0.0801 2.1524 0.9604 0.0528 
3.9901 0.0601 2.1517 0.8893 0.0853 
4.0101 0.0501 2.1533 0.8474 0.1513 
3.9901 0.0601 2.1517 0.8893 0.0853 
4.0101 0.0401 2.1519 0.8106 0.1467 
4.0101 0.0301 2.1545 0.7587 0.1457 
3.9901 0.0601 2.1517 0.8893 0.0853 
3.9801 0.0401 2.1555 0.7913 0.0574 
4.0101 0.0401 2.1519 0.8106 0.1467 
3.9901 0.0601 2.1517 0.8893 0.0853 
4.0101 0.0301 2.1545 0.7587 0.1457 
4.1901 -0.0999 2.1570 0.1226 0.9614 
4.1701 -0.0899 2.1596 0.1679 0.8528 
4.1801 -0.1099 2.1515 0.0823 0.9322 
