NUMPOLLIES 493.000000 

4.2201 -0.4299 2.1612 0.9972 0.9483 
4.2001 -0.4399 2.1665 0.9554 0.8775 
4.2201 -0.4499 2.1610 0.9110 0.9407 
4.2401 -0.4499 2.1631 0.9179 1.0005 
4.2201 -0.4299 2.1612 0.9972 0.9483 
4.2201 -0.4499 2.1610 0.9110 0.9407 
4.2301 -0.4799 2.1593 0.7892 0.9612 
4.2401 -0.4499 2.1631 0.9179 1.0005 
4.2201 -0.4799 2.1672 0.7987 0.9244 
4.2201 -0.4799 2.1672 0.7987 0.9244 
4.2201 -0.4499 2.1610 0.9110 0.9407 
4.2101 -0.4699 2.1618 0.8282 0.9024 
4.2401 -0.4499 2.1631 0.9179 1.0005 
4.2201 -0.4499 2.1610 0.9110 0.9407 
4.2201 -0.4799 2.1672 0.7987 0.9244 
4.2201 -0.4499 2.1610 0.9110 0.9407 
4.2001 -0.4399 2.1665 0.9554 0.8775 
4.2101 -0.4699 2.1618 0.8282 0.9024 
4.2201 -0.4799 2.1672 0.7987 0.9244 
4.2101 -0.4699 2.1618 0.8282 0.9024 
4.2001 -0.4799 2.1686 0.7966 0.8645 
4.2301 -0.4799 2.1593 0.7892 0.9612 
4.2201 -0.4799 2.1672 0.7987 0.9244 
4.2301 -0.4899 2.1650 0.7592 0.9521 
4.2101 -0.4899 2.1598 0.7473 0.8978 
4.2301 -0.4899 2.1650 0.7592 0.9521 
4.2201 -0.4799 2.1672 0.7987 0.9244 
4.2201 -0.4799 2.1672 0.7987 0.9244 
4.2001 -0.4799 2.1686 0.7966 0.8645 
4.2101 -0.4899 2.1598 0.7473 0.8978 
4.2401 -0.4999 2.1637 0.7218 0.9786 
4.2301 -0.4899 2.1650 0.7592 0.9521 
4.2101 -0.4999 2.1625 0.7141 0.8925 
4.2101 -0.4899 2.1598 0.7473 0.8978 
4.2101 -0.4999 2.1625 0.7141 0.8925 
4.2301 -0.4899 2.1650 0.7592 0.9521 
4.1901 -0.4399 2.1552 0.9396 0.8551 
4.2001 -0.4399 2.1665 0.9554 0.8775 
4.1901 -0.4299 2.1633 0.9926 0.8517 
4.1901 -0.4399 2.1552 0.9396 0.8551 
4.1901 -0.4299 2.1633 0.9926 0.8517 
4.1801 -0.4399 2.1655 0.9498 0.8165 
4.1901 -0.4499 2.1667 0.9116 0.8439 
4.2001 -0.4399 2.1665 0.9554 0.8775 
4.1901 -0.4399 2.1552 0.9396 0.8551 
4.1901 -0.4399 2.1552 0.9396 0.8551 
4.1801 -0.4399 2.1655 0.9498 0.8165 
4.1901 -0.4499 2.1667 0.9116 0.8439 
4.1801 -0.4399 2.1655 0.9498 0.8165 
4.1501 -0.4299 2.1658 0.9863 0.7251 
4.1401 -0.4399 2.1612 0.9359 0.6951 
4.1401 -0.4399 2.1612 0.9359 0.6951 
4.1301 -0.4299 2.1673 0.9836 0.6624 
4.1301 -0.4399 2.1639 0.9369 0.6632 
4.1501 -0.4299 2.1658 0.9863 0.7251 
4.1301 -0.4299 2.1673 0.9836 0.6624 
4.1401 -0.4399 2.1612 0.9359 0.6951 
4.1301 -0.4399 2.1639 0.9369 0.6632 
4.0901 -0.4399 2.1670 0.9320 0.5404 
4.1301 -0.4599 2.1670 0.8587 0.6614 
4.2101 -0.4699 2.1618 0.8282 0.9024 
4.1901 -0.4499 2.1667 0.9116 0.8439 
4.1801 -0.4699 2.1652 0.8268 0.8101 
4.2001 -0.4399 2.1665 0.9554 0.8775 
4.1901 -0.4499 2.1667 0.9116 0.8439 
4.2101 -0.4699 2.1618 0.8282 0.9024 
4.1901 -0.4499 2.1667 0.9116 0.8439 
4.1801 -0.4399 2.1655 0.9498 0.8165 
4.1801 -0.4699 2.1652 0.8268 0.8101 
4.1801 -0.4399 2.1655 0.9498 0.8165 
4.1401 -0.4399 2.1612 0.9359 0.6951 
4.1801 -0.4699 2.1652 0.8268 0.8101 
4.1801 -0.4699 2.1652 0.8268 0.8101 
4.1401 -0.4399 2.1612 0.9359 0.6951 
4.1601 -0.4799 2.1612 0.7778 0.7512 
4.2001 -0.4799 2.1686 0.7966 0.8645 
4.1801 -0.4699 2.1652 0.8268 0.8101 
4.1801 -0.4799 2.1607 0.7811 0.8109 
4.2101 -0.4699 2.1618 0.8282 0.9024 
4.1801 -0.4699 2.1652 0.8268 0.8101 
4.2001 -0.4799 2.1686 0.7966 0.8645 
4.1801 -0.4799 2.1607 0.7811 0.8109 
4.1801 -0.4699 2.1652 0.8268 0.8101 
4.1601 -0.4799 2.1612 0.7778 0.7512 
4.2101 -0.4899 2.1598 0.7473 0.8978 
4.1801 -0.4799 2.1607 0.7811 0.8109 
4.2101 -0.4999 2.1625 0.7141 0.8925 
4.2001 -0.4799 2.1686 0.7966 0.8645 
4.1801 -0.4799 2.1607 0.7811 0.8109 
4.2101 -0.4899 2.1598 0.7473 0.8978 
4.2101 -0.4999 2.1625 0.7141 0.8925 
4.1801 -0.4799 2.1607 0.7811 0.8109 
4.1801 -0.4999 2.1682 0.7173 0.8022 
4.1801 -0.4799 2.1607 0.7811 0.8109 
4.1601 -0.4799 2.1612 0.7778 0.7512 
4.1801 -0.4999 2.1682 0.7173 0.8022 
4.1601 -0.4899 2.1636 0.7433 0.7487 
4.1601 -0.4799 2.1612 0.7778 0.7512 
4.1401 -0.4899 2.1659 0.7431 0.6896 
4.2101 -0.4999 2.1625 0.7141 0.8925 
4.1801 -0.4999 2.1682 0.7173 0.8022 
4.2001 -0.5099 2.1690 0.6861 0.8563 
4.1801 -0.4999 2.1682 0.7173 0.8022 
4.1601 -0.4799 2.1612 0.7778 0.7512 
4.1601 -0.4899 2.1636 0.7433 0.7487 
4.1601 -0.4899 2.1636 0.7433 0.7487 
4.1401 -0.4899 2.1659 0.7431 0.6896 
4.1601 -0.4999 2.1612 0.7023 0.7485 
4.1601 -0.4799 2.1612 0.7778 0.7512 
4.1301 -0.4399 2.1639 0.9369 0.6632 
4.1301 -0.4599 2.1670 0.8587 0.6614 
4.1401 -0.4399 2.1612 0.9359 0.6951 
4.1301 -0.4399 2.1639 0.9369 0.6632 
4.1601 -0.4799 2.1612 0.7778 0.7512 
4.1301 -0.4599 2.1670 0.8587 0.6614 
4.0901 -0.4399 2.1670 0.9320 0.5404 
4.0901 -0.4499 2.1645 0.8874 0.5417 
4.1301 -0.4599 2.1670 0.8587 0.6614 
4.0901 -0.4499 2.1645 0.8874 0.5417 
4.1001 -0.4799 2.1653 0.7721 0.5738 
4.1601 -0.4799 2.1612 0.7778 0.7512 
4.1301 -0.4599 2.1670 0.8587 0.6614 
4.1401 -0.4899 2.1659 0.7431 0.6896 
4.1301 -0.4599 2.1670 0.8587 0.6614 
4.1001 -0.4799 2.1653 0.7721 0.5738 
4.1401 -0.4899 2.1659 0.7431 0.6896 
4.1401 -0.4899 2.1659 0.7431 0.6896 
4.1001 -0.4799 2.1653 0.7721 0.5738 
4.1201 -0.4899 2.1626 0.7341 0.6328 
4.1601 -0.4999 2.1612 0.7023 0.7485 
4.1201 -0.4899 2.1626 0.7341 0.6328 
4.1401 -0.5099 2.1682 0.6737 0.6875 
4.1401 -0.4899 2.1659 0.7431 0.6896 
4.1201 -0.4899 2.1626 0.7341 0.6328 
4.1601 -0.4999 2.1612 0.7023 0.7485 
4.1401 -0.5099 2.1682 0.6737 0.6875 
4.1201 -0.4899 2.1626 0.7341 0.6328 
4.1301 -0.5099 2.1646 0.6661 0.6605 
4.1301 -0.5099 2.1646 0.6661 0.6605 
4.1201 -0.4899 2.1626 0.7341 0.6328 
4.1101 -0.4999 2.1669 0.7020 0.6033 
4.1201 -0.4899 2.1626 0.7341 0.6328 
4.1001 -0.4799 2.1653 0.7721 0.5738 
4.1101 -0.4999 2.1669 0.7020 0.6033 
4.0901 -0.4499 2.1645 0.8874 0.5417 
4.0501 -0.4399 2.1680 0.9246 0.4196 
4.0501 -0.4499 2.1645 0.8789 0.4216 
4.0901 -0.4399 2.1670 0.9320 0.5404 
4.0501 -0.4399 2.1680 0.9246 0.4196 
4.0901 -0.4499 2.1645 0.8874 0.5417 
4.0501 -0.4499 2.1645 0.8789 0.4216 
4.0101 -0.4199 2.1668 0.9993 0.2915 
3.9901 -0.4299 2.1665 0.9517 0.2357 
4.0301 -0.4299 2.1615 0.9546 0.3544 
4.0101 -0.4199 2.1668 0.9993 0.2915 
4.0501 -0.4499 2.1645 0.8789 0.4216 
4.0101 -0.4199 2.1668 0.9993 0.2915 
3.9901 -0.4199 2.1685 0.9968 0.2320 
3.9901 -0.4299 2.1665 0.9517 0.2357 
4.0501 -0.4499 2.1645 0.8789 0.4216 
3.9901 -0.4299 2.1665 0.9517 0.2357 
4.0101 -0.4499 2.1648 0.8710 0.3028 
4.0901 -0.4499 2.1645 0.8874 0.5417 
4.0501 -0.4499 2.1645 0.8789 0.4216 
4.0601 -0.4699 2.1619 0.7977 0.4555 
4.1001 -0.4799 2.1653 0.7721 0.5738 
4.0901 -0.4499 2.1645 0.8874 0.5417 
4.0801 -0.4799 2.1675 0.7713 0.5157 
4.0901 -0.4499 2.1645 0.8874 0.5417 
4.0601 -0.4699 2.1619 0.7977 0.4555 
4.0801 -0.4799 2.1675 0.7713 0.5157 
4.1001 -0.4799 2.1653 0.7721 0.5738 
4.0801 -0.4799 2.1675 0.7713 0.5157 
4.0901 -0.4899 2.1619 0.7271 0.5461 
4.0801 -0.4799 2.1675 0.7713 0.5157 
4.0601 -0.4699 2.1619 0.7977 0.4555 
4.0401 -0.4699 2.1691 0.8040 0.3984 
4.0801 -0.4799 2.1675 0.7713 0.5157 
4.0401 -0.4699 2.1691 0.8040 0.3984 
4.0401 -0.4899 2.1634 0.7199 0.4025 
4.1001 -0.4799 2.1653 0.7721 0.5738 
4.0901 -0.4899 2.1619 0.7271 0.5461 
4.1101 -0.4999 2.1669 0.7020 0.6033 
4.0901 -0.4899 2.1619 0.7271 0.5461 
4.0801 -0.4799 2.1675 0.7713 0.5157 
4.0701 -0.4999 2.1671 0.6949 0.4901 
4.0801 -0.4799 2.1675 0.7713 0.5157 
4.0401 -0.4899 2.1634 0.7199 0.4025 
4.0701 -0.4999 2.1671 0.6949 0.4901 
4.0701 -0.4999 2.1671 0.6949 0.4901 
4.0401 -0.4899 2.1634 0.7199 0.4025 
4.0601 -0.5099 2.1671 0.6572 0.4639 
4.0601 -0.4699 2.1619 0.7977 0.4555 
4.0501 -0.4499 2.1645 0.8789 0.4216 
4.0401 -0.4699 2.1691 0.8040 0.3984 
4.0501 -0.4499 2.1645 0.8789 0.4216 
4.0101 -0.4499 2.1648 0.8710 0.3028 
4.0401 -0.4699 2.1691 0.8040 0.3984 
4.0401 -0.4699 2.1691 0.8040 0.3984 
4.0101 -0.4499 2.1648 0.8710 0.3028 
4.0101 -0.4699 2.1669 0.7947 0.3113 
4.0101 -0.4699 2.1669 0.7947 0.3113 
3.9901 -0.4599 2.1646 0.8266 0.2486 
4.0001 -0.4699 2.1607 0.7838 0.2799 
4.0101 -0.4499 2.1648 0.8710 0.3028 
3.9901 -0.4599 2.1646 0.8266 0.2486 
4.0101 -0.4699 2.1669 0.7947 0.3113 
4.0401 -0.4699 2.1691 0.8040 0.3984 
4.0101 -0.4699 2.1669 0.7947 0.3113 
4.0401 -0.4899 2.1634 0.7199 0.4025 
4.0101 -0.4699 2.1669 0.7947 0.3113 
4.0001 -0.4699 2.1607 0.7838 0.2799 
4.0101 -0.4999 2.1668 0.6831 0.3221 
4.0401 -0.4899 2.1634 0.7199 0.4025 
4.0101 -0.4699 2.1669 0.7947 0.3113 
4.0101 -0.4999 2.1668 0.6831 0.3221 
3.9701 -0.4399 2.1666 0.9057 0.1822 
3.9901 -0.4299 2.1665 0.9517 0.2357 
3.9901 -0.4199 2.1685 0.9968 0.2320 
4.0101 -0.4499 2.1648 0.8710 0.3028 
3.9901 -0.4299 2.1665 0.9517 0.2357 
3.9701 -0.4399 2.1666 0.9057 0.1822 
3.9701 -0.4399 2.1666 0.9057 0.1822 
3.9601 -0.4299 2.1701 0.9493 0.1506 
3.9701 -0.4499 2.1609 0.8573 0.1838 
3.9601 -0.4299 2.1701 0.9493 0.1506 
3.9301 -0.4299 2.1604 0.9310 0.0670 
3.9701 -0.4499 2.1609 0.8573 0.1838 
4.0101 -0.4499 2.1648 0.8710 0.3028 
3.9701 -0.4399 2.1666 0.9057 0.1822 
3.9701 -0.4499 2.1609 0.8573 0.1838 
3.9701 -0.4599 2.1640 0.8216 0.1909 
3.9701 -0.4499 2.1609 0.8573 0.1838 
3.9401 -0.4399 2.1645 0.8965 0.0979 
3.9701 -0.4499 2.1609 0.8573 0.1838 
3.9301 -0.4299 2.1604 0.9310 0.0670 
3.9401 -0.4399 2.1645 0.8965 0.0979 
4.0101 -0.4499 2.1648 0.8710 0.3028 
3.9701 -0.4499 2.1609 0.8573 0.1838 
3.9901 -0.4599 2.1646 0.8266 0.2486 
3.9901 -0.4599 2.1646 0.8266 0.2486 
3.9701 -0.4499 2.1609 0.8573 0.1838 
3.9701 -0.4599 2.1640 0.8216 0.1909 
3.9701 -0.4599 2.1640 0.8216 0.1909 
3.9401 -0.4399 2.1645 0.8965 0.0979 
3.9701 -0.4799 2.1633 0.7434 0.2004 
4.0001 -0.4699 2.1607 0.7838 0.2799 
3.9901 -0.4599 2.1646 0.8266 0.2486 
3.9701 -0.4599 2.1640 0.8216 0.1909 
4.0101 -0.4999 2.1668 0.6831 0.3221 
3.9701 -0.4599 2.1640 0.8216 0.1909 
3.9701 -0.4799 2.1633 0.7434 0.2004 
4.0001 -0.4699 2.1607 0.7838 0.2799 
3.9701 -0.4599 2.1640 0.8216 0.1909 
4.0101 -0.4999 2.1668 0.6831 0.3221 
4.0101 -0.4999 2.1668 0.6831 0.3221 
3.9701 -0.4799 2.1633 0.7434 0.2004 
3.9801 -0.4899 2.1673 0.7145 0.2351 
3.9801 -0.4899 2.1673 0.7145 0.2351 
3.9701 -0.4799 2.1633 0.7434 0.2004 
3.9701 -0.4899 2.1637 0.7070 0.2056 
3.9701 -0.4899 2.1637 0.7070 0.2056 
3.9501 -0.4699 2.1645 0.7794 0.1411 
3.9501 -0.4799 2.1615 0.7368 0.1444 
3.9701 -0.4799 2.1633 0.7434 0.2004 
3.9501 -0.4699 2.1645 0.7794 0.1411 
3.9701 -0.4899 2.1637 0.7070 0.2056 
4.0101 -0.4999 2.1668 0.6831 0.3221 
3.9801 -0.4899 2.1673 0.7145 0.2351 
4.0001 -0.5099 2.1647 0.6423 0.2973 
4.0001 -0.5099 2.1647 0.6423 0.2973 
3.9801 -0.4899 2.1673 0.7145 0.2351 
3.9701 -0.4899 2.1637 0.7070 0.2056 
3.9701 -0.4799 2.1633 0.7434 0.2004 
3.9401 -0.4399 2.1645 0.8965 0.0979 
3.9501 -0.4699 2.1645 0.7794 0.1411 
3.9401 -0.4399 2.1645 0.8965 0.0979 
3.9201 -0.4499 2.1672 0.8553 0.0619 
3.9501 -0.4699 2.1645 0.7794 0.1411 
3.9501 -0.4699 2.1645 0.7794 0.1411 
3.9201 -0.4499 2.1672 0.8553 0.0619 
3.9201 -0.4699 2.1674 0.7777 0.0703 
3.9201 -0.4499 2.1672 0.8553 0.0619 
3.9101 -0.4699 2.1627 0.7686 0.0543 
3.9201 -0.4699 2.1674 0.7777 0.0703 
3.9501 -0.4799 2.1615 0.7368 0.1444 
3.9201 -0.4699 2.1674 0.7777 0.0703 
3.9201 -0.4799 2.1649 0.7362 0.0733 
3.9501 -0.4699 2.1645 0.7794 0.1411 
3.9201 -0.4699 2.1674 0.7777 0.0703 
3.9501 -0.4799 2.1615 0.7368 0.1444 
3.9201 -0.4699 2.1674 0.7777 0.0703 
3.9101 -0.4699 2.1627 0.7686 0.0543 
3.9201 -0.4799 2.1649 0.7362 0.0733 
3.9501 -0.4799 2.1615 0.7368 0.1444 
3.9201 -0.4799 2.1649 0.7362 0.0733 
3.9401 -0.4899 2.1655 0.7041 0.1262 
3.9501 -0.5099 2.1626 0.6297 0.1608 
3.9401 -0.4899 2.1655 0.7041 0.1262 
3.9401 -0.5099 2.1698 0.6399 0.1395 
3.9401 -0.5099 2.1698 0.6399 0.1395 
3.9201 -0.4799 2.1649 0.7362 0.0733 
3.9101 -0.4999 2.1635 0.6592 0.0632 
3.9401 -0.4899 2.1655 0.7041 0.1262 
3.9201 -0.4799 2.1649 0.7362 0.0733 
3.9401 -0.5099 2.1698 0.6399 0.1395 
3.9201 -0.4799 2.1649 0.7362 0.0733 
3.9001 -0.4899 2.1646 0.6951 0.0527 
3.9101 -0.4999 2.1635 0.6592 0.0632 
4.2101 -0.4999 2.1625 0.7141 0.8925 
4.2201 -0.5099 2.1660 0.6850 0.9154 
4.2401 -0.4999 2.1637 0.7218 0.9786 
4.2101 -0.5175 2.1501 0.6289 0.8969 
4.2201 -0.5099 2.1660 0.6850 0.9154 
4.2101 -0.4999 2.1625 0.7141 0.8925 
4.2101 -0.5175 2.1501 0.6289 0.8969 
4.2101 -0.4999 2.1625 0.7141 0.8925 
4.2001 -0.5099 2.1690 0.6861 0.8563 
4.2301 -0.5154 2.1501 0.6403 0.9561 
4.2401 -0.5220 2.1501 0.6185 0.9828 
4.2201 -0.5099 2.1660 0.6850 0.9154 
4.2101 -0.5175 2.1501 0.6289 0.8969 
4.2301 -0.5154 2.1501 0.6403 0.9561 
4.2201 -0.5099 2.1660 0.6850 0.9154 
4.2301 -0.5099 2.1427 0.6477 0.9652 
4.2313 -0.5399 2.1401 0.5350 0.9594 
4.2301 -0.5323 2.1501 0.5802 0.9499 
4.2301 -0.5099 2.1427 0.6477 0.9652 
4.2301 -0.5323 2.1501 0.5802 0.9499 
4.2272 -0.5599 2.1401 0.4664 0.9405 
4.1901 -0.5521 2.1501 0.5057 0.8307 
4.2001 -0.5699 2.1402 0.4294 0.8610 
4.2100 -0.5799 2.1501 0.4195 0.8787 
4.2401 -0.5399 2.1501 0.5555 0.9756 
4.2401 -0.5399 2.1501 0.5555 0.9756 
4.2401 -0.5399 2.1501 0.5555 0.9756 
4.2401 -0.5399 2.1501 0.5555 0.9756 
4.2401 -0.5399 2.1501 0.5555 0.9756 
4.2313 -0.5399 2.1401 0.5350 0.9594 
4.2301 -0.5323 2.1501 0.5802 0.9499 
4.2313 -0.5399 2.1401 0.5350 0.9594 
4.2401 -0.5399 2.1501 0.5555 0.9756 
4.2272 -0.5599 2.1401 0.4664 0.9405 
4.2313 -0.5399 2.1401 0.5350 0.9594 
4.2301 -0.5099 2.1427 0.6477 0.9652 
4.2301 -0.5323 2.1501 0.5802 0.9499 
4.2214 -0.5599 2.1501 0.4852 0.9159 
4.2272 -0.5599 2.1401 0.4664 0.9405 
4.2313 -0.5399 2.1401 0.5350 0.9594 
4.2301 -0.5899 2.1345 0.3590 0.9430 
4.2401 -0.5399 2.1501 0.5555 0.9756 
4.2401 -0.5399 2.1501 0.5555 0.9756 
4.2301 -0.5899 2.1345 0.3590 0.9430 
4.2401 -0.6084 2.1401 0.3169 0.9592 
4.2001 -0.5699 2.1402 0.4294 0.8610 
4.2001 -0.5899 2.1362 0.3580 0.8587 
4.2100 -0.5799 2.1501 0.4195 0.8787 
4.2272 -0.5599 2.1401 0.4664 0.9405 
4.2214 -0.5599 2.1501 0.4852 0.9159 
4.2201 -0.6088 2.1401 0.3128 0.9052 
4.2201 -0.6088 2.1401 0.3128 0.9052 
4.2100 -0.5799 2.1501 0.4195 0.8787 
4.2101 -0.6054 2.1401 0.3213 0.8793 
4.2214 -0.5599 2.1501 0.4852 0.9159 
4.2100 -0.5799 2.1501 0.4195 0.8787 
4.2201 -0.6088 2.1401 0.3128 0.9052 
4.2001 -0.5899 2.1362 0.3580 0.8587 
4.2101 -0.6054 2.1401 0.3213 0.8793 
4.2100 -0.5799 2.1501 0.4195 0.8787 
4.2301 -0.5899 2.1345 0.3590 0.9430 
4.2313 -0.5399 2.1401 0.5350 0.9594 
4.2272 -0.5599 2.1401 0.4664 0.9405 
4.2201 -0.6088 2.1401 0.3128 0.9052 
4.2301 -0.5899 2.1345 0.3590 0.9430 
4.2272 -0.5599 2.1401 0.4664 0.9405 
4.2301 -0.5899 2.1345 0.3590 0.9430 
4.2301 -0.6032 2.1301 0.3089 0.9422 
4.2401 -0.5996 2.1301 0.3215 0.9711 
4.2401 -0.6084 2.1401 0.3169 0.9592 
4.2301 -0.5899 2.1345 0.3590 0.9430 
4.2401 -0.5996 2.1301 0.3215 0.9711 
4.2301 -0.6032 2.1301 0.3089 0.9422 
4.2301 -0.5899 2.1345 0.3590 0.9430 
4.2201 -0.6088 2.1401 0.3128 0.9052 
4.2001 -0.5899 2.1362 0.3580 0.8587 
4.2012 -0.5999 2.1301 0.3144 0.8635 
4.2101 -0.6054 2.1401 0.3213 0.8793 
4.2201 -0.6029 2.1201 0.2858 0.9227 
4.2401 -0.6009 2.1201 0.2948 0.9797 
4.2401 -0.5996 2.1301 0.3215 0.9711 
4.2012 -0.5999 2.1301 0.3144 0.8635 
4.2201 -0.6088 2.1401 0.3128 0.9052 
4.2101 -0.6054 2.1401 0.3213 0.8793 
4.2301 -0.6032 2.1301 0.3089 0.9422 
4.2201 -0.6088 2.1401 0.3128 0.9052 
4.2012 -0.5999 2.1301 0.3144 0.8635 
4.2401 -0.5996 2.1301 0.3215 0.9711 
4.2301 -0.6032 2.1301 0.3089 0.9422 
4.2201 -0.6029 2.1201 0.2858 0.9227 
4.2201 -0.6029 2.1201 0.2858 0.9227 
4.2301 -0.6032 2.1301 0.3089 0.9422 
4.2012 -0.5999 2.1301 0.3144 0.8635 
4.2101 -0.6039 2.1101 0.2577 0.9020 
4.2101 -0.5969 2.1001 0.2551 0.9123 
4.2201 -0.6029 2.1201 0.2858 0.9227 
4.2012 -0.5999 2.1301 0.3144 0.8635 
4.2101 -0.6039 2.1101 0.2577 0.9020 
4.2201 -0.6029 2.1201 0.2858 0.9227 
4.2201 -0.5995 2.0901 0.2238 0.9499 
4.2401 -0.6009 2.1201 0.2948 0.9797 
4.2201 -0.6029 2.1201 0.2858 0.9227 
4.2201 -0.6029 2.1201 0.2858 0.9227 
4.2101 -0.5969 2.1001 0.2551 0.9123 
4.2201 -0.5995 2.0901 0.2238 0.9499 
4.2101 -0.6039 2.1101 0.2577 0.9020 
4.1901 -0.6045 2.1001 0.2288 0.8516 
4.2101 -0.5969 2.1001 0.2551 0.9123 
4.2201 -0.6058 2.0601 0.1282 0.9767 
4.2101 -0.5989 2.0701 0.1724 0.9381 
4.2001 -0.5961 2.0601 0.1527 0.9168 
4.2101 -0.5989 2.0701 0.1724 0.9381 
4.1901 -0.6023 2.0601 0.1335 0.8828 
4.2001 -0.5961 2.0601 0.1527 0.9168 
4.1901 -0.6045 2.1001 0.2288 0.8516 
4.2001 -0.5978 2.0801 0.2001 0.8987 
4.2201 -0.5995 2.0901 0.2238 0.9499 
4.2101 -0.5969 2.1001 0.2551 0.9123 
4.1901 -0.6045 2.1001 0.2288 0.8516 
4.2201 -0.5995 2.0901 0.2238 0.9499 
4.2201 -0.5995 2.0901 0.2238 0.9499 
4.2101 -0.5989 2.0701 0.1724 0.9381 
4.2201 -0.5987 2.0801 0.2006 0.9596 
4.2101 -0.5989 2.0701 0.1724 0.9381 
4.2201 -0.5995 2.0901 0.2238 0.9499 
4.2001 -0.5978 2.0801 0.2001 0.8987 
4.2301 -0.6074 2.0701 0.1505 0.9969 
4.2201 -0.5987 2.0801 0.2006 0.9596 
4.2101 -0.5989 2.0701 0.1724 0.9381 
4.2101 -0.5989 2.0701 0.1724 0.9381 
4.2001 -0.5978 2.0801 0.2001 0.8987 
4.1901 -0.6023 2.0601 0.1335 0.8828 
4.2201 -0.6058 2.0601 0.1282 0.9767 
4.2301 -0.6074 2.0701 0.1505 0.9969 
4.2101 -0.5989 2.0701 0.1724 0.9381 
4.2301 -0.6074 2.0701 0.1505 0.9969 
4.2201 -0.6058 2.0601 0.1282 0.9767 
4.2201 -0.6022 2.0501 0.1131 0.9889 
4.2001 -0.5961 2.0601 0.1527 0.9168 
4.2201 -0.6022 2.0501 0.1131 0.9889 
4.2201 -0.6058 2.0601 0.1282 0.9767 
4.2001 -0.5961 2.0601 0.1527 0.9168 
4.2001 -0.6055 2.0401 0.0829 0.9321 
4.2201 -0.6022 2.0501 0.1131 0.9889 
4.2101 -0.6048 2.0301 0.0739 0.9764 
4.2201 -0.6022 2.0501 0.1131 0.9889 
4.2001 -0.6055 2.0401 0.0829 0.9321 
4.2001 -0.5997 2.0301 0.0773 0.9446 
4.2101 -0.6048 2.0301 0.0739 0.9764 
4.2001 -0.6055 2.0401 0.0829 0.9321 
4.2001 -0.5099 2.1690 0.6861 0.8563 
4.1801 -0.4999 2.1682 0.7173 0.8022 
4.1701 -0.5099 2.1659 0.6755 0.7732 
4.1801 -0.4999 2.1682 0.7173 0.8022 
4.1601 -0.4899 2.1636 0.7433 0.7487 
4.1701 -0.5099 2.1659 0.6755 0.7732 
4.1601 -0.4899 2.1636 0.7433 0.7487 
4.1601 -0.4999 2.1612 0.7023 0.7485 
4.1701 -0.5099 2.1659 0.6755 0.7732 
4.1701 -0.5099 2.1659 0.6755 0.7732 
4.1601 -0.4999 2.1612 0.7023 0.7485 
4.1401 -0.5099 2.1682 0.6737 0.6875 
4.1701 -0.5099 2.1659 0.6755 0.7732 
4.1401 -0.5099 2.1682 0.6737 0.6875 
4.1601 -0.5217 2.1501 0.6048 0.7510 
4.1701 -0.5158 2.1501 0.6278 0.7809 
4.2101 -0.5175 2.1501 0.6289 0.8969 
4.2001 -0.5099 2.1690 0.6861 0.8563 
4.1701 -0.5158 2.1501 0.6278 0.7809 
4.2001 -0.5099 2.1690 0.6861 0.8563 
4.1701 -0.5099 2.1659 0.6755 0.7732 
4.1601 -0.5217 2.1501 0.6048 0.7510 
4.1701 -0.5158 2.1501 0.6278 0.7809 
4.1701 -0.5099 2.1659 0.6755 0.7732 
4.1101 -0.4999 2.1669 0.7020 0.6033 
4.0901 -0.5099 2.1677 0.6637 0.5475 
4.1301 -0.5099 2.1646 0.6661 0.6605 
4.1301 -0.5099 2.1646 0.6661 0.6605 
4.0901 -0.5099 2.1677 0.6637 0.5475 
4.0901 -0.5163 2.1501 0.6111 0.5497 
4.1301 -0.5099 2.1646 0.6661 0.6605 
4.1301 -0.5231 2.1501 0.5944 0.6646 
4.1401 -0.5099 2.1682 0.6737 0.6875 
4.1301 -0.5231 2.1501 0.5944 0.6646 
4.1301 -0.5099 2.1646 0.6661 0.6605 
4.0901 -0.5163 2.1501 0.6111 0.5497 
4.1601 -0.5217 2.1501 0.6048 0.7510 
4.1401 -0.5099 2.1682 0.6737 0.6875 
4.1301 -0.5231 2.1501 0.5944 0.6646 
4.1501 -0.5959 2.1501 0.3612 0.7151 
4.1401 -0.5884 2.1501 0.3824 0.6890 
4.1501 -0.5999 2.1568 0.3633 0.7122 
4.1401 -0.5884 2.1501 0.3824 0.6890 
4.0801 -0.5915 2.1501 0.3637 0.5298 
4.1501 -0.5999 2.1568 0.3633 0.7122 
4.1701 -0.5299 2.1501 0.5776 0.7785 
4.1701 -0.5299 2.1501 0.5776 0.7785 
4.1801 -0.5262 2.1501 0.5926 0.8078 
4.1701 -0.5299 2.1501 0.5776 0.7785 
4.1701 -0.5299 2.1501 0.5776 0.7785 
4.1701 -0.5299 2.1501 0.5776 0.7785 
4.1801 -0.5262 2.1501 0.5926 0.8078 
4.1701 -0.5299 2.1501 0.5776 0.7785 
4.1701 -0.5399 2.1469 0.5372 0.7785 
4.1601 -0.5499 2.1501 0.5077 0.7473 
4.1701 -0.5399 2.1469 0.5372 0.7785 
4.1701 -0.5299 2.1501 0.5776 0.7785 
4.1701 -0.5399 2.1469 0.5372 0.7785 
4.1701 -0.5299 2.1501 0.5776 0.7785 
4.1701 -0.5299 2.1501 0.5776 0.7785 
4.1401 -0.5599 2.1454 0.4622 0.6925 
4.1601 -0.5499 2.1501 0.5077 0.7473 
4.1401 -0.5099 2.1501 0.6434 0.6943 
4.1901 -0.5521 2.1501 0.5057 0.8307 
4.1801 -0.5262 2.1501 0.5926 0.8078 
4.1701 -0.5399 2.1469 0.5372 0.7785 
4.2001 -0.5699 2.1402 0.4294 0.8610 
4.1701 -0.5399 2.1469 0.5372 0.7785 
4.1701 -0.5899 2.1354 0.3515 0.7765 
4.1901 -0.5521 2.1501 0.5057 0.8307 
4.1701 -0.5399 2.1469 0.5372 0.7785 
4.2001 -0.5699 2.1402 0.4294 0.8610 
4.1701 -0.5399 2.1469 0.5372 0.7785 
4.1601 -0.5499 2.1501 0.5077 0.7473 
4.1601 -0.5938 2.1401 0.3481 0.7464 
4.1601 -0.5499 2.1501 0.5077 0.7473 
4.1401 -0.5599 2.1454 0.4622 0.6925 
4.1601 -0.5938 2.1401 0.3481 0.7464 
4.1601 -0.5938 2.1401 0.3481 0.7464 
4.1701 -0.5899 2.1354 0.3515 0.7765 
4.1701 -0.5399 2.1469 0.5372 0.7785 
4.1701 -0.5899 2.1354 0.3515 0.7765 
4.2001 -0.5899 2.1362 0.3580 0.8587 
4.2001 -0.5699 2.1402 0.4294 0.8610 
4.2001 -0.5899 2.1362 0.3580 0.8587 
4.1701 -0.5899 2.1354 0.3515 0.7765 
4.2012 -0.5999 2.1301 0.3144 0.8635 
4.2012 -0.5999 2.1301 0.3144 0.8635 
4.1701 -0.5899 2.1354 0.3515 0.7765 
4.1701 -0.6023 2.1301 0.3025 0.7773 
4.1601 -0.5987 2.1301 0.3117 0.7504 
4.1701 -0.5899 2.1354 0.3515 0.7765 
4.1601 -0.5938 2.1401 0.3481 0.7464 
4.1601 -0.5987 2.1301 0.3117 0.7504 
4.1701 -0.6023 2.1301 0.3025 0.7773 
4.1701 -0.5899 2.1354 0.3515 0.7765 
4.1401 -0.6020 2.1101 0.2525 0.7028 
4.1701 -0.6015 2.1101 0.2587 0.7883 
4.1501 -0.5973 2.1201 0.2916 0.7273 
4.1701 -0.6015 2.1101 0.2587 0.7883 
4.1728 -0.5999 2.0901 0.2150 0.8083 
4.1901 -0.6045 2.1001 0.2288 0.8516 
4.1701 -0.6015 2.1101 0.2587 0.7883 
4.1401 -0.6020 2.1101 0.2525 0.7028 
4.1501 -0.5959 2.1001 0.2484 0.7366 
4.1301 -0.6044 2.1401 0.3120 0.6648 
4.1401 -0.5099 2.1501 0.6434 0.6943 
4.1255 -0.5899 2.1501 0.3754 0.6500 
4.1401 -0.5599 2.1454 0.4622 0.6925 
4.1401 -0.5099 2.1501 0.6434 0.6943 
4.1301 -0.6044 2.1401 0.3120 0.6648 
4.1401 -0.5599 2.1454 0.4622 0.6925 
4.1301 -0.6044 2.1401 0.3120 0.6648 
4.1601 -0.5938 2.1401 0.3481 0.7464 
4.1001 -0.5555 2.1401 0.4591 0.5823 
4.1201 -0.5922 2.1401 0.3466 0.6382 
4.1119 -0.5999 2.1501 0.3437 0.6140 
4.1119 -0.5999 2.1501 0.3437 0.6140 
4.1001 -0.5501 2.1501 0.4967 0.5804 
4.1001 -0.5555 2.1401 0.4591 0.5823 
4.1301 -0.6044 2.1401 0.3120 0.6648 
4.1255 -0.5899 2.1501 0.3754 0.6500 
4.1201 -0.5922 2.1401 0.3466 0.6382 
4.1001 -0.5555 2.1401 0.4591 0.5823 
4.1001 -0.5899 2.1350 0.3395 0.5849 
4.1201 -0.5922 2.1401 0.3466 0.6382 
4.1201 -0.5922 2.1401 0.3466 0.6382 
4.1101 -0.6007 2.1301 0.2979 0.6134 
4.1301 -0.6044 2.1401 0.3120 0.6648 
4.1201 -0.5922 2.1401 0.3466 0.6382 
4.1001 -0.5899 2.1350 0.3395 0.5849 
4.1101 -0.6007 2.1301 0.2979 0.6134 
4.1401 -0.6020 2.1101 0.2525 0.7028 
4.1301 -0.5976 2.1201 0.2877 0.6713 
4.1201 -0.5992 2.1101 0.2578 0.6462 
4.1001 -0.5991 2.1001 0.2310 0.5912 
4.1201 -0.5992 2.1101 0.2578 0.6462 
4.1201 -0.6030 2.1301 0.2925 0.6407 
4.1201 -0.5992 2.1101 0.2578 0.6462 
4.1301 -0.5976 2.1201 0.2877 0.6713 
4.1201 -0.6030 2.1301 0.2925 0.6407 
4.1201 -0.5992 2.1101 0.2578 0.6462 
4.1501 -0.5959 2.1001 0.2484 0.7366 
4.1401 -0.6020 2.1101 0.2525 0.7028 
4.0701 -0.4999 2.1671 0.6949 0.4901 
4.0601 -0.5099 2.1671 0.6572 0.4639 
4.0701 -0.5099 2.1711 0.6656 0.4918 
4.0901 -0.5099 2.1677 0.6637 0.5475 
4.1101 -0.4999 2.1669 0.7020 0.6033 
4.0901 -0.4899 2.1619 0.7271 0.5461 
4.0901 -0.5099 2.1677 0.6637 0.5475 
4.0701 -0.4999 2.1671 0.6949 0.4901 
4.0801 -0.5099 2.1627 0.6536 0.5198 
4.0901 -0.4899 2.1619 0.7271 0.5461 
4.0701 -0.4999 2.1671 0.6949 0.4901 
4.0901 -0.5099 2.1677 0.6637 0.5475 
4.0701 -0.4999 2.1671 0.6949 0.4901 
4.0701 -0.5099 2.1711 0.6656 0.4918 
4.0801 -0.5099 2.1627 0.6536 0.5198 
4.0901 -0.5163 2.1501 0.6111 0.5497 
4.0901 -0.5099 2.1677 0.6637 0.5475 
4.0801 -0.5099 2.1627 0.6536 0.5198 
4.0701 -0.5099 2.1711 0.6656 0.4918 
4.0901 -0.5163 2.1501 0.6111 0.5497 
4.0801 -0.5099 2.1627 0.6536 0.5198 
4.0601 -0.5163 2.1501 0.6053 0.4638 
4.0901 -0.5163 2.1501 0.6111 0.5497 
4.0701 -0.5099 2.1711 0.6656 0.4918 
4.0601 -0.5163 2.1501 0.6053 0.4638 
4.0701 -0.5099 2.1711 0.6656 0.4918 
4.0601 -0.5099 2.1671 0.6572 0.4639 
4.0501 -0.5236 2.1501 0.5779 0.4369 
4.0601 -0.5163 2.1501 0.6053 0.4638 
4.0601 -0.5099 2.1671 0.6572 0.4639 
4.0101 -0.4999 2.1668 0.6831 0.3221 
4.0201 -0.5099 2.1712 0.6567 0.3543 
4.0601 -0.5099 2.1671 0.6572 0.4639 
4.0101 -0.4999 2.1668 0.6831 0.3221 
4.0601 -0.5099 2.1671 0.6572 0.4639 
4.0401 -0.4899 2.1634 0.7199 0.4025 
4.0201 -0.5099 2.1712 0.6567 0.3543 
4.0101 -0.4999 2.1668 0.6831 0.3221 
4.0001 -0.5099 2.1647 0.6423 0.2973 
4.0201 -0.5099 2.1712 0.6567 0.3543 
4.0301 -0.5222 2.1501 0.5790 0.3801 
4.0501 -0.5236 2.1501 0.5779 0.4369 
4.0601 -0.5099 2.1671 0.6572 0.4639 
4.0201 -0.5099 2.1712 0.6567 0.3543 
4.0501 -0.5236 2.1501 0.5779 0.4369 
4.0201 -0.5247 2.1501 0.5686 0.3528 
4.0301 -0.5222 2.1501 0.5790 0.3801 
4.0201 -0.5099 2.1712 0.6567 0.3543 
4.0201 -0.5247 2.1501 0.5686 0.3528 
4.0201 -0.5099 2.1712 0.6567 0.3543 
4.0001 -0.5194 2.1501 0.5836 0.2949 
4.0001 -0.5099 2.1647 0.6423 0.2973 
4.0001 -0.5194 2.1501 0.5836 0.2949 
4.0201 -0.5099 2.1712 0.6567 0.3543 
4.0801 -0.5999 2.1571 0.3533 0.5304 
4.1501 -0.5999 2.1568 0.3633 0.7122 
4.0801 -0.5915 2.1501 0.3637 0.5298 
4.0801 -0.5915 2.1501 0.3637 0.5298 
4.0501 -0.5999 2.1584 0.3514 0.4532 
4.0801 -0.5999 2.1571 0.3533 0.5304 
4.0801 -0.5915 2.1501 0.3637 0.5298 
4.0401 -0.5868 2.1501 0.3714 0.4236 
4.0501 -0.5999 2.1584 0.3514 0.4532 
4.0501 -0.5999 2.1584 0.3514 0.4532 
4.0401 -0.5868 2.1501 0.3714 0.4236 
4.0201 -0.5999 2.1563 0.3426 0.3761 
4.0401 -0.5868 2.1501 0.3714 0.4236 
4.0201 -0.5889 2.1501 0.3621 0.3717 
4.0201 -0.5999 2.1563 0.3426 0.3761 
4.0801 -0.5599 2.1442 0.4496 0.5266 
4.0901 -0.5614 2.1501 0.4582 0.5538 
4.0801 -0.5259 2.1501 0.5751 0.5222 
4.0801 -0.5599 2.1442 0.4496 0.5266 
4.0801 -0.5259 2.1501 0.5751 0.5222 
4.0601 -0.5879 2.1501 0.3714 0.4766 
4.0101 -0.5899 2.1404 0.3370 0.3430 
4.0201 -0.6041 2.1501 0.3178 0.3758 
4.0101 -0.5201 2.1501 0.5827 0.3232 
4.0101 -0.5201 2.1501 0.5827 0.3232 
4.0001 -0.5603 2.1401 0.4266 0.3062 
4.0101 -0.5899 2.1404 0.3370 0.3430 
4.1001 -0.5555 2.1401 0.4591 0.5823 
4.1001 -0.5501 2.1501 0.4967 0.5804 
4.0901 -0.5614 2.1501 0.4582 0.5538 
4.0901 -0.5614 2.1501 0.4582 0.5538 
4.0869 -0.5699 2.1401 0.4104 0.5467 
4.1001 -0.5555 2.1401 0.4591 0.5823 
4.0869 -0.5699 2.1401 0.4104 0.5467 
4.0901 -0.5614 2.1501 0.4582 0.5538 
4.0801 -0.5599 2.1442 0.4496 0.5266 
4.0801 -0.5599 2.1442 0.4496 0.5266 
4.0601 -0.5879 2.1501 0.3714 0.4766 
4.0869 -0.5699 2.1401 0.4104 0.5467 
4.0869 -0.5699 2.1401 0.4104 0.5467 
4.0601 -0.5879 2.1501 0.3714 0.4766 
4.0701 -0.5924 2.1401 0.3385 0.5036 
4.0601 -0.5879 2.1501 0.3714 0.4766 
4.0501 -0.5518 2.1501 0.4826 0.4430 
4.0401 -0.6052 2.1401 0.2961 0.4263 
4.0701 -0.5924 2.1401 0.3385 0.5036 
4.0601 -0.5879 2.1501 0.3714 0.4766 
4.0401 -0.6052 2.1401 0.2961 0.4263 
4.1001 -0.5899 2.1350 0.3395 0.5849 
4.1001 -0.5555 2.1401 0.4591 0.5823 
4.0869 -0.5699 2.1401 0.4104 0.5467 
4.1001 -0.5899 2.1350 0.3395 0.5849 
4.0869 -0.5699 2.1401 0.4104 0.5467 
4.0701 -0.5924 2.1401 0.3385 0.5036 
4.1101 -0.6007 2.1301 0.2979 0.6134 
4.1001 -0.5899 2.1350 0.3395 0.5849 
4.0901 -0.6009 2.1301 0.2943 0.5590 
4.0901 -0.6009 2.1301 0.2943 0.5590 
4.1001 -0.5899 2.1350 0.3395 0.5849 
4.0701 -0.5999 2.1346 0.3040 0.5047 
4.0701 -0.5924 2.1401 0.3385 0.5036 
4.0701 -0.5999 2.1346 0.3040 0.5047 
4.1001 -0.5899 2.1350 0.3395 0.5849 
4.0501 -0.5982 2.1201 0.2735 0.4492 
4.0701 -0.5999 2.1346 0.3040 0.5047 
4.0701 -0.5924 2.1401 0.3385 0.5036 
4.0701 -0.6036 2.1101 0.2371 0.5053 
4.0501 -0.5982 2.1201 0.2735 0.4492 
4.0501 -0.5978 2.1001 0.2271 0.4470 
4.0701 -0.5996 2.0901 0.1998 0.5048 
4.0901 -0.5991 2.1101 0.2534 0.5611 
4.0801 -0.6012 2.1201 0.2692 0.5325 
4.1001 -0.5991 2.1001 0.2310 0.5912 
4.0901 -0.5991 2.1101 0.2534 0.5611 
4.0701 -0.5996 2.0901 0.1998 0.5048 
4.0401 -0.6052 2.1401 0.2961 0.4263 
4.0501 -0.5518 2.1501 0.4826 0.4430 
4.0301 -0.6021 2.1501 0.3249 0.4011 
4.0101 -0.5899 2.1404 0.3370 0.3430 
4.0201 -0.5925 2.1401 0.3302 0.3703 
4.0201 -0.6041 2.1501 0.3178 0.3758 
4.0101 -0.5899 2.1404 0.3370 0.3430 
4.0001 -0.5603 2.1401 0.4266 0.3062 
4.0001 -0.5899 2.1358 0.3256 0.3150 
4.0201 -0.5925 2.1401 0.3302 0.3703 
4.0001 -0.5899 2.1358 0.3256 0.3150 
3.9901 -0.6016 2.1301 0.2769 0.2904 
4.0101 -0.5899 2.1404 0.3370 0.3430 
4.0001 -0.5899 2.1358 0.3256 0.3150 
4.0201 -0.5925 2.1401 0.3302 0.3703 
4.0301 -0.5974 2.1001 0.2250 0.3897 
4.0501 -0.5982 2.1201 0.2735 0.4492 
4.0201 -0.6023 2.1301 0.2796 0.3705 
4.0001 -0.5980 2.1101 0.2428 0.3085 
4.0301 -0.5974 2.1001 0.2250 0.3897 
4.0201 -0.6023 2.1301 0.2796 0.3705 
4.0301 -0.5974 2.1001 0.2250 0.3897 
4.0001 -0.5980 2.1101 0.2428 0.3085 
4.0101 -0.5949 2.1001 0.2295 0.3318 
4.0001 -0.5980 2.1101 0.2428 0.3085 
4.0001 -0.5991 2.0901 0.1907 0.3010 
4.0101 -0.5949 2.1001 0.2295 0.3318 
4.1601 -0.5987 2.1301 0.3117 0.7504 
4.1601 -0.5938 2.1401 0.3481 0.7464 
4.1501 -0.6074 2.1301 0.2844 0.7221 
4.2101 -0.6039 2.1101 0.2577 0.9020 
4.2012 -0.5999 2.1301 0.3144 0.8635 
4.1901 -0.6045 2.1001 0.2288 0.8516 
4.2012 -0.5999 2.1301 0.3144 0.8635 
4.1701 -0.6023 2.1301 0.3025 0.7773 
4.1901 -0.6045 2.1001 0.2288 0.8516 
4.1901 -0.6045 2.1001 0.2288 0.8516 
4.1701 -0.6023 2.1301 0.3025 0.7773 
4.1701 -0.6053 2.1201 0.2707 0.7821 
4.1501 -0.5973 2.1201 0.2916 0.7273 
4.1701 -0.6053 2.1201 0.2707 0.7821 
4.1701 -0.6023 2.1301 0.3025 0.7773 
4.1501 -0.5973 2.1201 0.2916 0.7273 
4.1701 -0.6023 2.1301 0.3025 0.7773 
4.1601 -0.5987 2.1301 0.3117 0.7504 
4.1501 -0.5973 2.1201 0.2916 0.7273 
4.1601 -0.5987 2.1301 0.3117 0.7504 
4.1501 -0.6074 2.1301 0.2844 0.7221 
4.1901 -0.6045 2.1001 0.2288 0.8516 
4.1701 -0.6053 2.1201 0.2707 0.7821 
4.1701 -0.6015 2.1101 0.2587 0.7883 
4.1701 -0.6015 2.1101 0.2587 0.7883 
4.1701 -0.6053 2.1201 0.2707 0.7821 
4.1501 -0.5973 2.1201 0.2916 0.7273 
4.1201 -0.5922 2.1401 0.3466 0.6382 
4.1255 -0.5899 2.1501 0.3754 0.6500 
4.1119 -0.5999 2.1501 0.3437 0.6140 
4.1301 -0.6044 2.1401 0.3120 0.6648 
4.1201 -0.6030 2.1301 0.2925 0.6407 
4.1501 -0.6074 2.1301 0.2844 0.7221 
4.1601 -0.5938 2.1401 0.3481 0.7464 
4.1301 -0.6044 2.1401 0.3120 0.6648 
4.1501 -0.6074 2.1301 0.2844 0.7221 
4.1101 -0.6007 2.1301 0.2979 0.6134 
4.1201 -0.6030 2.1301 0.2925 0.6407 
4.1301 -0.6044 2.1401 0.3120 0.6648 
4.1501 -0.6074 2.1301 0.2844 0.7221 
4.1201 -0.6030 2.1301 0.2925 0.6407 
4.1301 -0.5976 2.1201 0.2877 0.6713 
4.1501 -0.5973 2.1201 0.2916 0.7273 
4.1501 -0.6074 2.1301 0.2844 0.7221 
4.1301 -0.5976 2.1201 0.2877 0.6713 
4.1501 -0.5973 2.1201 0.2916 0.7273 
4.1301 -0.5976 2.1201 0.2877 0.6713 
4.1401 -0.6020 2.1101 0.2525 0.7028 
4.1001 -0.5991 2.1001 0.2310 0.5912 
4.1201 -0.6030 2.1301 0.2925 0.6407 
4.1101 -0.6007 2.1301 0.2979 0.6134 
4.1001 -0.5991 2.1001 0.2310 0.5912 
4.1101 -0.6007 2.1301 0.2979 0.6134 
4.0901 -0.5991 2.1101 0.2534 0.5611 
4.1001 -0.5991 2.1001 0.2310 0.5912 
4.1201 -0.6014 2.0901 0.2025 0.6520 
4.1201 -0.5992 2.1101 0.2578 0.6462 
4.0701 -0.5924 2.1401 0.3385 0.5036 
4.0401 -0.6052 2.1401 0.2961 0.4263 
4.0501 -0.5982 2.1201 0.2735 0.4492 
4.0801 -0.6012 2.1201 0.2692 0.5325 
4.1101 -0.6007 2.1301 0.2979 0.6134 
4.0901 -0.6009 2.1301 0.2943 0.5590 
4.0701 -0.6036 2.1101 0.2371 0.5053 
4.0901 -0.6009 2.1301 0.2943 0.5590 
4.0701 -0.5999 2.1346 0.3040 0.5047 
4.0801 -0.6012 2.1201 0.2692 0.5325 
4.0901 -0.6009 2.1301 0.2943 0.5590 
4.0701 -0.6036 2.1101 0.2371 0.5053 
4.0501 -0.5982 2.1201 0.2735 0.4492 
4.0701 -0.6036 2.1101 0.2371 0.5053 
4.0701 -0.5999 2.1346 0.3040 0.5047 
4.1101 -0.6007 2.1301 0.2979 0.6134 
4.0801 -0.6012 2.1201 0.2692 0.5325 
4.0901 -0.5991 2.1101 0.2534 0.5611 
4.0801 -0.6012 2.1201 0.2692 0.5325 
4.0701 -0.6036 2.1101 0.2371 0.5053 
4.0701 -0.5996 2.0901 0.1998 0.5048 
4.0301 -0.6021 2.1501 0.3249 0.4011 
4.0301 -0.6077 2.1401 0.2874 0.4006 
4.0401 -0.6052 2.1401 0.2961 0.4263 
4.0301 -0.6077 2.1401 0.2874 0.4006 
4.0301 -0.6021 2.1501 0.3249 0.4011 
4.0201 -0.6041 2.1501 0.3178 0.3758 
4.0201 -0.5925 2.1401 0.3302 0.3703 
4.0301 -0.6077 2.1401 0.2874 0.4006 
4.0201 -0.6041 2.1501 0.3178 0.3758 
4.0201 -0.6023 2.1301 0.2796 0.3705 
4.0301 -0.6077 2.1401 0.2874 0.4006 
4.0201 -0.5925 2.1401 0.3302 0.3703 
4.0201 -0.5925 2.1401 0.3302 0.3703 
3.9901 -0.6016 2.1301 0.2769 0.2904 
4.0201 -0.6023 2.1301 0.2796 0.3705 
4.0401 -0.6052 2.1401 0.2961 0.4263 
4.0301 -0.6077 2.1401 0.2874 0.4006 
4.0501 -0.5982 2.1201 0.2735 0.4492 
4.0501 -0.5982 2.1201 0.2735 0.4492 
4.0301 -0.6077 2.1401 0.2874 0.4006 
4.0201 -0.6023 2.1301 0.2796 0.3705 
4.0001 -0.5980 2.1101 0.2428 0.3085 
4.0201 -0.6023 2.1301 0.2796 0.3705 
3.9901 -0.6016 2.1301 0.2769 0.2904 
4.0301 -0.5974 2.1001 0.2250 0.3897 
4.0501 -0.5978 2.1001 0.2271 0.4470 
4.0501 -0.5982 2.1201 0.2735 0.4492 
4.1501 -0.5959 2.1001 0.2484 0.7366 
4.1601 -0.6061 2.0901 0.1945 0.7696 
4.1701 -0.6015 2.1101 0.2587 0.7883 
4.2001 -0.5978 2.0801 0.2001 0.8987 
4.1801 -0.5962 2.0901 0.2275 0.8310 
4.1801 -0.5980 2.0801 0.1963 0.8375 
4.1801 -0.5962 2.0901 0.2275 0.8310 
4.1701 -0.5999 2.0801 0.1891 0.8066 
4.1801 -0.5980 2.0801 0.1963 0.8375 
4.1728 -0.5999 2.0901 0.2150 0.8083 
4.1701 -0.5999 2.0801 0.1891 0.8066 
4.1801 -0.5962 2.0901 0.2275 0.8310 
4.1728 -0.5999 2.0901 0.2150 0.8083 
4.1701 -0.5999 2.0801 0.1891 0.8066 
4.1701 -0.5999 2.0801 0.1891 0.8066 
4.1701 -0.5999 2.0801 0.1891 0.8066 
4.1701 -0.5999 2.0801 0.1891 0.8066 
4.1701 -0.5999 2.0801 0.1891 0.8066 
4.1701 -0.5999 2.0801 0.1891 0.8066 
4.1701 -0.5999 2.0801 0.1891 0.8066 
4.1801 -0.5980 2.0801 0.1963 0.8375 
4.1701 -0.5999 2.0801 0.1891 0.8066 
4.1701 -0.5999 2.0801 0.1891 0.8066 
4.1701 -0.5999 2.0801 0.1891 0.8066 
4.1601 -0.6000 2.0801 0.1873 0.7762 
4.1501 -0.5987 2.0801 0.1897 0.7461 
4.1501 -0.6012 2.0601 0.1307 0.7563 
4.1401 -0.5991 2.0901 0.2124 0.7113 
4.1601 -0.6061 2.0901 0.1945 0.7696 
4.1501 -0.5959 2.1001 0.2484 0.7366 
4.1401 -0.5991 2.0901 0.2124 0.7113 
4.1501 -0.5959 2.1001 0.2484 0.7366 
4.1201 -0.5992 2.1101 0.2578 0.6462 
4.1201 -0.6014 2.0901 0.2025 0.6520 
4.1401 -0.5991 2.0901 0.2124 0.7113 
4.1201 -0.5992 2.1101 0.2578 0.6462 
4.1001 -0.5991 2.1001 0.2310 0.5912 
4.1101 -0.6042 2.0801 0.1675 0.6250 
4.1201 -0.6014 2.0901 0.2025 0.6520 
4.1201 -0.6054 2.0501 0.0936 0.6651 
4.1201 -0.5976 2.0701 0.1624 0.6585 
4.1101 -0.6006 2.0601 0.1268 0.6303 
4.1601 -0.6035 2.0401 0.0829 0.8005 
4.1601 -0.6003 2.0301 0.0750 0.8083 
4.2001 -0.5997 2.0301 0.0773 0.9446 
4.0701 -0.5996 2.0901 0.1998 0.5048 
4.0501 -0.5978 2.1001 0.2271 0.4470 
4.0501 -0.5956 2.0901 0.2088 0.4454 
4.0701 -0.5996 2.0901 0.1998 0.5048 
4.0601 -0.6055 2.0701 0.1315 0.4755 
4.0801 -0.5967 2.0601 0.1333 0.5358 
4.0101 -0.6037 2.0901 0.1790 0.3315 
4.0101 -0.5949 2.1001 0.2295 0.3318 
4.0001 -0.5991 2.0901 0.1907 0.3010 
4.0401 -0.6045 2.0701 0.1315 0.4147 
4.0501 -0.5956 2.0901 0.2088 0.4454 
4.0301 -0.5974 2.1001 0.2250 0.3897 
4.0101 -0.5949 2.1001 0.2295 0.3318 
4.0401 -0.6045 2.0701 0.1315 0.4147 
4.0301 -0.5974 2.1001 0.2250 0.3897 
4.0101 -0.5949 2.1001 0.2295 0.3318 
4.0201 -0.6008 2.0801 0.1637 0.3564 
4.0401 -0.6045 2.0701 0.1315 0.4147 
4.0101 -0.5978 2.0501 0.0975 0.3141 
4.0201 -0.5978 2.0401 0.0806 0.3420 
4.0201 -0.6008 2.0801 0.1637 0.3564 
4.0001 -0.6058 2.0401 0.0735 0.2813 
4.0201 -0.5978 2.0401 0.0806 0.3420 
4.0101 -0.5978 2.0501 0.0975 0.3141 
4.2001 -0.5978 2.0801 0.2001 0.8987 
4.1901 -0.6045 2.1001 0.2288 0.8516 
4.1801 -0.5962 2.0901 0.2275 0.8310 
4.1901 -0.6045 2.1001 0.2288 0.8516 
4.1728 -0.5999 2.0901 0.2150 0.8083 
4.1801 -0.5962 2.0901 0.2275 0.8310 
4.1601 -0.6061 2.0901 0.1945 0.7696 
4.1728 -0.5999 2.0901 0.2150 0.8083 
4.1701 -0.6015 2.1101 0.2587 0.7883 
4.1728 -0.5999 2.0901 0.2150 0.8083 
4.1601 -0.6061 2.0901 0.1945 0.7696 
4.1601 -0.6000 2.0801 0.1873 0.7762 
4.1701 -0.5999 2.0801 0.1891 0.8066 
4.1728 -0.5999 2.0901 0.2150 0.8083 
4.1601 -0.6000 2.0801 0.1873 0.7762 
4.1701 -0.5999 2.0801 0.1891 0.8066 
4.1601 -0.6000 2.0801 0.1873 0.7762 
4.1701 -0.5999 2.0801 0.1891 0.8066 
4.1601 -0.6000 2.0801 0.1873 0.7762 
4.1601 -0.6061 2.0901 0.1945 0.7696 
4.1501 -0.5987 2.0801 0.1897 0.7461 
4.2001 -0.5978 2.0801 0.2001 0.8987 
4.1801 -0.5980 2.0801 0.1963 0.8375 
4.1701 -0.6063 2.0701 0.1449 0.8117 
4.1801 -0.5980 2.0801 0.1963 0.8375 
4.1701 -0.5999 2.0801 0.1891 0.8066 
4.1701 -0.6063 2.0701 0.1449 0.8117 
4.1701 -0.5999 2.0801 0.1891 0.8066 
4.1601 -0.6000 2.0801 0.1873 0.7762 
4.1701 -0.6063 2.0701 0.1449 0.8117 
4.1701 -0.5999 2.0801 0.1891 0.8066 
4.1701 -0.6063 2.0701 0.1449 0.8117 
4.1701 -0.5999 2.0801 0.1891 0.8066 
4.1701 -0.6063 2.0701 0.1449 0.8117 
4.1601 -0.6000 2.0801 0.1873 0.7762 
4.1501 -0.6012 2.0601 0.1307 0.7563 
4.1901 -0.6023 2.0601 0.1335 0.8828 
4.2001 -0.5978 2.0801 0.2001 0.8987 
4.1701 -0.6063 2.0701 0.1449 0.8117 
4.1901 -0.6023 2.0601 0.1335 0.8828 
4.1701 -0.6063 2.0701 0.1449 0.8117 
4.1701 -0.6002 2.0501 0.1113 0.8270 
4.1701 -0.6002 2.0501 0.1113 0.8270 
4.1701 -0.6063 2.0701 0.1449 0.8117 
4.1501 -0.6012 2.0601 0.1307 0.7563 
4.1901 -0.6023 2.0601 0.1335 0.8828 
4.2001 -0.6055 2.0401 0.0829 0.9321 
4.2001 -0.5961 2.0601 0.1527 0.9168 
4.1701 -0.6002 2.0501 0.1113 0.8270 
4.1501 -0.6012 2.0601 0.1307 0.7563 
4.1401 -0.6073 2.0401 0.0767 0.7341 
4.1501 -0.5987 2.0801 0.1897 0.7461 
4.1401 -0.5991 2.0901 0.2124 0.7113 
4.1401 -0.6071 2.0801 0.1636 0.7149 
4.1501 -0.5987 2.0801 0.1897 0.7461 
4.1601 -0.6061 2.0901 0.1945 0.7696 
4.1401 -0.5991 2.0901 0.2124 0.7113 
4.1201 -0.5976 2.0701 0.1624 0.6585 
4.1401 -0.6071 2.0801 0.1636 0.7149 
4.1401 -0.5991 2.0901 0.2124 0.7113 
4.1501 -0.5987 2.0801 0.1897 0.7461 
4.1401 -0.6071 2.0801 0.1636 0.7149 
4.1201 -0.5976 2.0701 0.1624 0.6585 
4.1201 -0.5976 2.0701 0.1624 0.6585 
4.1401 -0.5991 2.0901 0.2124 0.7113 
4.1201 -0.6014 2.0901 0.2025 0.6520 
4.1201 -0.6014 2.0901 0.2025 0.6520 
4.1101 -0.6042 2.0801 0.1675 0.6250 
4.1201 -0.5976 2.0701 0.1624 0.6585 
4.1501 -0.5987 2.0801 0.1897 0.7461 
4.1301 -0.6080 2.0501 0.0895 0.6969 
4.1501 -0.6012 2.0601 0.1307 0.7563 
4.1301 -0.6080 2.0501 0.0895 0.6969 
4.1501 -0.5987 2.0801 0.1897 0.7461 
4.1201 -0.5976 2.0701 0.1624 0.6585 
4.1101 -0.6042 2.0801 0.1675 0.6250 
4.1101 -0.6006 2.0601 0.1268 0.6303 
4.1201 -0.5976 2.0701 0.1624 0.6585 
4.1401 -0.6073 2.0401 0.0767 0.7341 
4.1501 -0.6012 2.0601 0.1307 0.7563 
4.1301 -0.6080 2.0501 0.0895 0.6969 
4.1201 -0.6054 2.0501 0.0936 0.6651 
4.1301 -0.6080 2.0501 0.0895 0.6969 
4.1201 -0.5976 2.0701 0.1624 0.6585 
4.1101 -0.6006 2.0601 0.1268 0.6303 
4.1001 -0.6032 2.0501 0.0959 0.6012 
4.1201 -0.6054 2.0501 0.0936 0.6651 
4.0901 -0.6033 2.0601 0.1170 0.5678 
4.1001 -0.6032 2.0501 0.0959 0.6012 
4.1101 -0.6006 2.0601 0.1268 0.6303 
4.1601 -0.6035 2.0401 0.0829 0.8005 
4.2001 -0.6055 2.0401 0.0829 0.9321 
4.1901 -0.6023 2.0601 0.1335 0.8828 
4.1601 -0.6035 2.0401 0.0829 0.8005 
4.1901 -0.6023 2.0601 0.1335 0.8828 
4.1701 -0.6002 2.0501 0.1113 0.8270 
4.2001 -0.5997 2.0301 0.0773 0.9446 
4.2001 -0.6055 2.0401 0.0829 0.9321 
4.1601 -0.6035 2.0401 0.0829 0.8005 
4.1601 -0.6003 2.0301 0.0750 0.8083 
4.1601 -0.6035 2.0401 0.0829 0.8005 
4.1701 -0.6002 2.0501 0.1113 0.8270 
4.1301 -0.5981 2.0301 0.0754 0.7069 
4.1401 -0.6073 2.0401 0.0767 0.7341 
4.1301 -0.6080 2.0501 0.0895 0.6969 
4.1301 -0.6080 2.0501 0.0895 0.6969 
4.1201 -0.6054 2.0501 0.0936 0.6651 
4.1301 -0.5981 2.0301 0.0754 0.7069 
4.1601 -0.6003 2.0301 0.0750 0.8083 
4.1701 -0.6002 2.0501 0.1113 0.8270 
4.1401 -0.6073 2.0401 0.0767 0.7341 
4.1101 -0.6042 2.0801 0.1675 0.6250 
4.1001 -0.5991 2.1001 0.2310 0.5912 
4.0901 -0.6057 2.0801 0.1602 0.5653 
4.0701 -0.5996 2.0901 0.1998 0.5048 
4.0901 -0.6057 2.0801 0.1602 0.5653 
4.1001 -0.5991 2.1001 0.2310 0.5912 
4.0701 -0.5996 2.0901 0.1998 0.5048 
4.0701 -0.6036 2.1101 0.2371 0.5053 
4.0501 -0.5978 2.1001 0.2271 0.4470 
4.1101 -0.6006 2.0601 0.1268 0.6303 
4.1101 -0.6042 2.0801 0.1675 0.6250 
4.0901 -0.6057 2.0801 0.1602 0.5653 
4.0801 -0.5967 2.0601 0.1333 0.5358 
4.0901 -0.6057 2.0801 0.1602 0.5653 
4.0701 -0.5996 2.0901 0.1998 0.5048 
4.0501 -0.5956 2.0901 0.2088 0.4454 
4.0601 -0.6055 2.0701 0.1315 0.4755 
4.0701 -0.5996 2.0901 0.1998 0.5048 
4.0501 -0.6048 2.0801 0.1568 0.4462 
4.0401 -0.6045 2.0701 0.1315 0.4147 
4.0601 -0.6055 2.0701 0.1315 0.4755 
4.0501 -0.5956 2.0901 0.2088 0.4454 
4.0501 -0.6048 2.0801 0.1568 0.4462 
4.0601 -0.6055 2.0701 0.1315 0.4755 
4.1101 -0.6006 2.0601 0.1268 0.6303 
4.0901 -0.6057 2.0801 0.1602 0.5653 
4.0901 -0.6033 2.0601 0.1170 0.5678 
4.0901 -0.6033 2.0601 0.1170 0.5678 
4.0901 -0.6057 2.0801 0.1602 0.5653 
4.0801 -0.5967 2.0601 0.1333 0.5358 
4.0801 -0.6031 2.0501 0.0940 0.5374 
4.0801 -0.5967 2.0601 0.1333 0.5358 
4.0601 -0.6055 2.0701 0.1315 0.4755 
4.0801 -0.6031 2.0501 0.0940 0.5374 
4.1001 -0.6032 2.0501 0.0959 0.6012 
4.0901 -0.6033 2.0601 0.1170 0.5678 
4.0801 -0.6031 2.0501 0.0940 0.5374 
4.0901 -0.6033 2.0601 0.1170 0.5678 
4.0801 -0.5967 2.0601 0.1333 0.5358 
4.0601 -0.6055 2.0401 0.0748 0.4736 
4.0801 -0.6031 2.0501 0.0940 0.5374 
4.0601 -0.6055 2.0701 0.1315 0.4755 
4.0501 -0.5956 2.0901 0.2088 0.4454 
4.0501 -0.5978 2.1001 0.2271 0.4470 
4.0301 -0.5974 2.1001 0.2250 0.3897 
4.0401 -0.6045 2.0701 0.1315 0.4147 
4.0501 -0.6048 2.0801 0.1568 0.4462 
4.0501 -0.5956 2.0901 0.2088 0.4454 
4.0101 -0.6037 2.0901 0.1790 0.3315 
4.0201 -0.6008 2.0801 0.1637 0.3564 
4.0101 -0.5949 2.1001 0.2295 0.3318 
3.9901 -0.5999 2.0701 0.1368 0.2629 
4.0201 -0.6008 2.0801 0.1637 0.3564 
4.0101 -0.6037 2.0901 0.1790 0.3315 
4.0001 -0.5991 2.0901 0.1907 0.3010 
3.9901 -0.5999 2.0701 0.1368 0.2629 
4.0101 -0.6037 2.0901 0.1790 0.3315 
4.0201 -0.6008 2.0801 0.1637 0.3564 
4.0301 -0.6055 2.0701 0.1273 0.3849 
4.0401 -0.6045 2.0701 0.1315 0.4147 
4.0001 -0.6004 2.0701 0.1369 0.2930 
4.0201 -0.6008 2.0801 0.1637 0.3564 
3.9901 -0.5999 2.0701 0.1368 0.2629 
4.0101 -0.6053 2.0701 0.1253 0.3248 
4.0201 -0.6008 2.0801 0.1637 0.3564 
4.0001 -0.6004 2.0701 0.1369 0.2930 
4.0201 -0.6008 2.0801 0.1637 0.3564 
4.0101 -0.6053 2.0701 0.1253 0.3248 
4.0101 -0.5978 2.0501 0.0975 0.3141 
4.0301 -0.6040 2.0401 0.0748 0.3764 
4.0401 -0.6045 2.0701 0.1315 0.4147 
4.0301 -0.6055 2.0701 0.1273 0.3849 
4.0301 -0.6040 2.0401 0.0748 0.3764 
4.0301 -0.6055 2.0701 0.1273 0.3849 
4.0201 -0.6008 2.0801 0.1637 0.3564 
4.0901 -0.6073 2.0401 0.0746 0.5711 
4.1001 -0.6032 2.0501 0.0959 0.6012 
4.0801 -0.6031 2.0501 0.0940 0.5374 
4.0501 -0.6005 2.0401 0.0791 0.4401 
4.0601 -0.6055 2.0401 0.0748 0.4736 
4.0601 -0.6055 2.0701 0.1315 0.4755 
4.0501 -0.6005 2.0401 0.0791 0.4401 
4.0601 -0.6055 2.0701 0.1315 0.4755 
4.0401 -0.6045 2.0701 0.1315 0.4147 
4.0501 -0.6005 2.0401 0.0791 0.4401 
4.0401 -0.6045 2.0701 0.1315 0.4147 
4.0301 -0.6040 2.0401 0.0748 0.3764 
4.0201 -0.5978 2.0401 0.0806 0.3420 
4.0301 -0.6040 2.0401 0.0748 0.3764 
4.0201 -0.6008 2.0801 0.1637 0.3564 
4.0001 -0.5099 2.1647 0.6423 0.2973 
3.9701 -0.4899 2.1637 0.7070 0.2056 
3.9801 -0.5199 2.1659 0.6061 0.2474 
3.9701 -0.4899 2.1637 0.7070 0.2056 
3.9501 -0.4799 2.1615 0.7368 0.1444 
3.9801 -0.5199 2.1659 0.6061 0.2474 
3.9801 -0.5199 2.1659 0.6061 0.2474 
3.9401 -0.4899 2.1655 0.7041 0.1262 
3.9501 -0.5099 2.1626 0.6297 0.1608 
3.9501 -0.4799 2.1615 0.7368 0.1444 
3.9401 -0.4899 2.1655 0.7041 0.1262 
3.9801 -0.5199 2.1659 0.6061 0.2474 
4.0001 -0.5099 2.1647 0.6423 0.2973 
3.9801 -0.5199 2.1659 0.6061 0.2474 
4.0001 -0.5194 2.1501 0.5836 0.2949 
3.9801 -0.5199 2.1659 0.6061 0.2474 
3.9501 -0.5099 2.1626 0.6297 0.1608 
3.9501 -0.5214 2.1501 0.5674 0.1586 
3.9801 -0.5199 2.1659 0.6061 0.2474 
3.9901 -0.5251 2.1501 0.5617 0.2694 
4.0001 -0.5194 2.1501 0.5836 0.2949 
3.9901 -0.5251 2.1501 0.5617 0.2694 
3.9801 -0.5199 2.1659 0.6061 0.2474 
3.9501 -0.5214 2.1501 0.5674 0.1586 
3.9401 -0.5099 2.1698 0.6399 0.1395 
3.9101 -0.4999 2.1635 0.6592 0.0632 
3.9301 -0.5199 2.1622 0.5907 0.1146 
3.9301 -0.5199 2.1622 0.5907 0.1146 
3.9101 -0.4999 2.1635 0.6592 0.0632 
3.9201 -0.5199 2.1673 0.5978 0.0945 
3.9401 -0.5099 2.1698 0.6399 0.1395 
3.9501 -0.5214 2.1501 0.5674 0.1586 
3.9501 -0.5099 2.1626 0.6297 0.1608 
3.9501 -0.5214 2.1501 0.5674 0.1586 
3.9401 -0.5099 2.1698 0.6399 0.1395 
3.9301 -0.5199 2.1622 0.5907 0.1146 
3.9301 -0.5199 2.1622 0.5907 0.1146 
3.9201 -0.5257 2.1501 0.5473 0.0859 
3.9501 -0.5214 2.1501 0.5674 0.1586 
3.9201 -0.5257 2.1501 0.5473 0.0859 
3.9301 -0.5199 2.1622 0.5907 0.1146 
3.9201 -0.5199 2.1673 0.5978 0.0945 
3.9001 -0.5182 2.1501 0.5696 0.0532 
3.9201 -0.5257 2.1501 0.5473 0.0859 
3.9201 -0.5199 2.1673 0.5978 0.0945 
4.0201 -0.5999 2.1563 0.3426 0.3761 
3.9701 -0.5871 2.1501 0.3598 0.2413 
3.9601 -0.5999 2.1595 0.3404 0.2258 
4.0201 -0.5889 2.1501 0.3621 0.3717 
3.9701 -0.5871 2.1501 0.3598 0.2413 
4.0201 -0.5999 2.1563 0.3426 0.3761 
3.9701 -0.5871 2.1501 0.3598 0.2413 
3.9401 -0.5849 2.1501 0.3615 0.1643 
3.9601 -0.5999 2.1595 0.3404 0.2258 
3.9301 -0.5924 2.1501 0.3381 0.1433 
3.9601 -0.5999 2.1595 0.3404 0.2258 
3.9401 -0.5849 2.1501 0.3615 0.1643 
3.9001 -0.5999 2.1599 0.3323 0.0855 
3.9601 -0.5999 2.1595 0.3404 0.2258 
3.8901 -0.5879 2.1501 0.3452 0.0589 
3.8901 -0.5879 2.1501 0.3452 0.0589 
3.9601 -0.5999 2.1595 0.3404 0.2258 
3.9301 -0.5924 2.1501 0.3381 0.1433 
4.0101 -0.5201 2.1501 0.5827 0.3232 
3.9801 -0.5355 2.1501 0.5246 0.2463 
4.0001 -0.5603 2.1401 0.4266 0.3062 
3.9801 -0.5355 2.1501 0.5246 0.2463 
3.9401 -0.5815 2.1501 0.3719 0.1626 
3.9701 -0.5499 2.1491 0.4733 0.2250 
3.9701 -0.5499 2.1491 0.4733 0.2250 
3.9401 -0.5815 2.1501 0.3719 0.1626 
3.9501 -0.6067 2.1401 0.2785 0.1937 
4.0001 -0.5603 2.1401 0.4266 0.3062 
3.9801 -0.5355 2.1501 0.5246 0.2463 
3.9701 -0.5499 2.1491 0.4733 0.2250 
3.9701 -0.5499 2.1491 0.4733 0.2250 
3.9501 -0.6067 2.1401 0.2785 0.1937 
3.9701 -0.5965 2.1401 0.3108 0.2404 
4.0001 -0.5899 2.1358 0.3256 0.3150 
3.9701 -0.5499 2.1491 0.4733 0.2250 
3.9801 -0.5998 2.1301 0.2807 0.2633 
4.0001 -0.5603 2.1401 0.4266 0.3062 
3.9701 -0.5499 2.1491 0.4733 0.2250 
4.0001 -0.5899 2.1358 0.3256 0.3150 
3.9701 -0.5965 2.1401 0.3108 0.2404 
3.9801 -0.5998 2.1301 0.2807 0.2633 
3.9701 -0.5499 2.1491 0.4733 0.2250 
3.9901 -0.6016 2.1301 0.2769 0.2904 
4.0001 -0.5899 2.1358 0.3256 0.3150 
3.9801 -0.5998 2.1301 0.2807 0.2633 
3.9801 -0.5999 2.1201 0.2577 0.2588 
3.9801 -0.5998 2.1301 0.2807 0.2633 
3.9701 -0.5977 2.1201 0.2627 0.2310 
3.9801 -0.5999 2.1201 0.2577 0.2588 
3.9801 -0.5999 2.1201 0.2577 0.2588 
3.9701 -0.5977 2.1201 0.2627 0.2310 
3.9701 -0.5977 2.1201 0.2627 0.2310 
3.9801 -0.5998 2.1301 0.2807 0.2633 
3.9601 -0.6006 2.1101 0.2292 0.2000 
3.9801 -0.5999 2.1201 0.2577 0.2588 
3.9701 -0.5977 2.1201 0.2627 0.2310 
3.9769 -0.5999 2.1101 0.2338 0.2452 
3.9701 -0.5977 2.1201 0.2627 0.2310 
3.9801 -0.5964 2.1001 0.2204 0.2476 
3.9769 -0.5999 2.1101 0.2338 0.2452 
3.9801 -0.5964 2.1001 0.2204 0.2476 
3.9701 -0.5977 2.1201 0.2627 0.2310 
3.9601 -0.6006 2.1101 0.2292 0.2000 
3.9769 -0.5999 2.1101 0.2338 0.2452 
3.9801 -0.5964 2.1001 0.2204 0.2476 
3.9901 -0.5990 2.1101 0.2383 0.2812 
3.9001 -0.5544 2.1401 0.4289 0.0572 
3.9201 -0.5706 2.1501 0.4017 0.1086 
3.8990 -0.5499 2.1501 0.4634 0.0585 
3.9101 -0.5899 2.1380 0.3166 0.0878 
3.9201 -0.5731 2.1401 0.3733 0.1032 
3.9201 -0.5706 2.1501 0.4017 0.1086 
3.9001 -0.5544 2.1401 0.4289 0.0572 
3.9101 -0.5899 2.1380 0.3166 0.0878 
3.9201 -0.5706 2.1501 0.4017 0.1086 
3.9401 -0.5815 2.1501 0.3719 0.1626 
3.9201 -0.5706 2.1501 0.4017 0.1086 
3.9301 -0.6024 2.1401 0.2878 0.1419 
3.9201 -0.5706 2.1501 0.4017 0.1086 
3.9201 -0.5731 2.1401 0.3733 0.1032 
3.9301 -0.6024 2.1401 0.2878 0.1419 
3.9501 -0.6067 2.1401 0.2785 0.1937 
3.9401 -0.5815 2.1501 0.3719 0.1626 
3.9301 -0.6024 2.1401 0.2878 0.1419 
3.9101 -0.5899 2.1380 0.3166 0.0878 
3.9001 -0.5544 2.1401 0.4289 0.0572 
3.9001 -0.5899 2.1339 0.3061 0.0662 
3.9201 -0.5731 2.1401 0.3733 0.1032 
3.9101 -0.5899 2.1380 0.3166 0.0878 
3.9201 -0.6075 2.1301 0.2496 0.1140 
3.9301 -0.6024 2.1401 0.2878 0.1419 
3.9201 -0.5731 2.1401 0.3733 0.1032 
3.9201 -0.6075 2.1301 0.2496 0.1140 
3.9101 -0.5988 2.1301 0.2730 0.0871 
3.9201 -0.6075 2.1301 0.2496 0.1140 
3.9101 -0.5899 2.1380 0.3166 0.0878 
3.9101 -0.5899 2.1380 0.3166 0.0878 
3.9001 -0.5899 2.1339 0.3061 0.0662 
3.9101 -0.5988 2.1301 0.2730 0.0871 
3.9401 -0.5972 2.1101 0.2359 0.1451 
3.9501 -0.6013 2.0801 0.1521 0.1539 
3.9601 -0.6006 2.1101 0.2292 0.2000 
3.9201 -0.5999 2.1201 0.2486 0.1034 
3.9201 -0.6007 2.1001 0.1988 0.0902 
3.9401 -0.5972 2.1101 0.2359 0.1451 
3.9201 -0.5999 2.1201 0.2486 0.1034 
3.9001 -0.5963 2.1001 0.2086 0.0544 
3.9201 -0.6007 2.1001 0.1988 0.0902 
3.9001 -0.5544 2.1401 0.4289 0.0572 
3.8990 -0.5499 2.1501 0.4634 0.0585 
3.8803 -0.5999 2.1501 0.3090 0.0534 
3.9001 -0.5963 2.1001 0.2086 0.0544 
3.9001 -0.6028 2.1101 0.2139 0.0594 
3.8901 -0.5982 2.1201 0.2492 0.0531 
3.9509 -0.5999 2.1601 0.3401 0.2035 
3.9401 -0.5999 2.1538 0.3255 0.1734 
3.9501 -0.5999 2.1574 0.3346 0.2000 
3.9101 -0.6099 2.1601 0.3062 0.1115 
3.9001 -0.6088 2.1601 0.3076 0.0897 
3.9001 -0.5999 2.1561 0.3245 0.0832 
3.9501 -0.6067 2.1401 0.2785 0.1937 
3.9601 -0.6006 2.1101 0.2292 0.2000 
3.9701 -0.5965 2.1401 0.3108 0.2404 
3.9801 -0.5999 2.1201 0.2577 0.2588 
3.9801 -0.5999 2.1201 0.2577 0.2588 
3.9901 -0.6016 2.1301 0.2769 0.2904 
3.9801 -0.5999 2.1201 0.2577 0.2588 
3.9901 -0.6016 2.1301 0.2769 0.2904 
3.9801 -0.5998 2.1301 0.2807 0.2633 
3.9801 -0.5999 2.1201 0.2577 0.2588 
3.9801 -0.5999 2.1201 0.2577 0.2588 
3.9801 -0.5999 2.1201 0.2577 0.2588 
3.9801 -0.5998 2.1301 0.2807 0.2633 
3.9701 -0.5965 2.1401 0.3108 0.2404 
3.9601 -0.6006 2.1101 0.2292 0.2000 
3.9901 -0.6016 2.1301 0.2769 0.2904 
3.9801 -0.5999 2.1201 0.2577 0.2588 
4.0001 -0.5980 2.1101 0.2428 0.3085 
4.0001 -0.5980 2.1101 0.2428 0.3085 
3.9801 -0.5999 2.1201 0.2577 0.2588 
3.9901 -0.5990 2.1101 0.2383 0.2812 
3.9901 -0.5990 2.1101 0.2383 0.2812 
3.9801 -0.5999 2.1201 0.2577 0.2588 
3.9769 -0.5999 2.1101 0.2338 0.2452 
3.9769 -0.5999 2.1101 0.2338 0.2452 
3.9801 -0.5999 2.1201 0.2577 0.2588 
3.9801 -0.5999 2.1201 0.2577 0.2588 
4.0001 -0.5980 2.1101 0.2428 0.3085 
3.9901 -0.5990 2.1101 0.2383 0.2812 
4.0001 -0.5991 2.0901 0.1907 0.3010 
3.9601 -0.6006 2.1101 0.2292 0.2000 
3.9601 -0.6041 2.0901 0.1705 0.1897 
3.9801 -0.5964 2.1001 0.2204 0.2476 
3.9301 -0.6039 2.1301 0.2613 0.1363 
3.9501 -0.6067 2.1401 0.2785 0.1937 
3.9301 -0.6024 2.1401 0.2878 0.1419 
3.9601 -0.6006 2.1101 0.2292 0.2000 
3.9501 -0.6067 2.1401 0.2785 0.1937 
3.9301 -0.6039 2.1301 0.2613 0.1363 
3.9201 -0.6075 2.1301 0.2496 0.1140 
3.9301 -0.6039 2.1301 0.2613 0.1363 
3.9301 -0.6024 2.1401 0.2878 0.1419 
3.9401 -0.5972 2.1101 0.2359 0.1451 
3.9601 -0.6006 2.1101 0.2292 0.2000 
3.9301 -0.6039 2.1301 0.2613 0.1363 
3.9201 -0.5999 2.1201 0.2486 0.1034 
3.9301 -0.6039 2.1301 0.2613 0.1363 
3.9201 -0.6075 2.1301 0.2496 0.1140 
3.9401 -0.5972 2.1101 0.2359 0.1451 
3.9301 -0.6039 2.1301 0.2613 0.1363 
3.9201 -0.5999 2.1201 0.2486 0.1034 
3.9101 -0.5988 2.1301 0.2730 0.0871 
3.9201 -0.5999 2.1201 0.2486 0.1034 
3.9201 -0.6075 2.1301 0.2496 0.1140 
3.9201 -0.5999 2.1201 0.2486 0.1034 
3.9101 -0.5988 2.1301 0.2730 0.0871 
3.9001 -0.6028 2.1101 0.2139 0.0594 
3.9201 -0.5999 2.1201 0.2486 0.1034 
3.9001 -0.6028 2.1101 0.2139 0.0594 
3.9001 -0.5963 2.1001 0.2086 0.0544 
3.8901 -0.5982 2.1201 0.2492 0.0531 
3.9001 -0.6028 2.1101 0.2139 0.0594 
3.9101 -0.5988 2.1301 0.2730 0.0871 
4.0001 -0.5991 2.0901 0.1907 0.3010 
3.9901 -0.5990 2.1101 0.2383 0.2812 
3.9801 -0.5964 2.1001 0.2204 0.2476 
3.9801 -0.5964 2.1001 0.2204 0.2476 
3.9701 -0.5975 2.0901 0.1910 0.2145 
4.0001 -0.5991 2.0901 0.1907 0.3010 
3.9601 -0.6041 2.0901 0.1705 0.1897 
3.9701 -0.5975 2.0901 0.1910 0.2145 
3.9801 -0.5964 2.1001 0.2204 0.2476 
3.9701 -0.5975 2.0901 0.1910 0.2145 
3.9901 -0.5977 2.0801 0.1682 0.2669 
4.0001 -0.5991 2.0901 0.1907 0.3010 
3.9901 -0.5977 2.0801 0.1682 0.2669 
3.9901 -0.5999 2.0701 0.1368 0.2629 
3.9901 -0.5999 2.0701 0.1368 0.2629 
3.9901 -0.5999 2.0701 0.1368 0.2629 
3.9901 -0.5999 2.0701 0.1368 0.2629 
3.9901 -0.5999 2.0701 0.1368 0.2629 
3.9861 -0.5999 2.0601 0.1120 0.2455 
3.9901 -0.5999 2.0701 0.1368 0.2629 
3.9901 -0.5977 2.0801 0.1682 0.2669 
3.9861 -0.5999 2.0601 0.1120 0.2455 
3.9901 -0.5999 2.0701 0.1368 0.2629 
3.9901 -0.5999 2.0701 0.1368 0.2629 
3.9701 -0.6019 2.0501 0.0856 0.1919 
3.9901 -0.5977 2.0801 0.1682 0.2669 
3.9601 -0.6008 2.0701 0.1303 0.1751 
3.9861 -0.5999 2.0601 0.1120 0.2455 
3.9901 -0.5977 2.0801 0.1682 0.2669 
3.9701 -0.6019 2.0501 0.0856 0.1919 
3.9601 -0.6049 2.0601 0.0976 0.1705 
3.9701 -0.6019 2.0501 0.0856 0.1919 
3.9601 -0.6008 2.0701 0.1303 0.1751 
3.9401 -0.5972 2.1101 0.2359 0.1451 
3.9201 -0.6007 2.1001 0.1988 0.0902 
3.9301 -0.5988 2.0801 0.1561 0.0990 
3.9101 -0.6038 2.0801 0.1397 0.0598 
3.9201 -0.6007 2.1001 0.1988 0.0902 
3.9001 -0.5963 2.1001 0.2086 0.0544 
3.9301 -0.5988 2.0801 0.1561 0.0990 
3.9201 -0.6007 2.1001 0.1988 0.0902 
3.9101 -0.6038 2.0801 0.1397 0.0598 
3.9301 -0.5986 2.0601 0.1082 0.0842 
3.9501 -0.6013 2.0801 0.1521 0.1539 
3.9301 -0.5988 2.0801 0.1561 0.0990 
3.9601 -0.6008 2.0701 0.1303 0.1751 
3.9501 -0.6013 2.0801 0.1521 0.1539 
3.9301 -0.5986 2.0601 0.1082 0.0842 
3.9101 -0.6015 2.0701 0.1218 0.0553 
3.9301 -0.5986 2.0601 0.1082 0.0842 
3.9301 -0.5988 2.0801 0.1561 0.0990 
3.9401 -0.5952 2.0501 0.0953 0.1003 
3.9601 -0.6008 2.0701 0.1303 0.1751 
3.9301 -0.5986 2.0601 0.1082 0.0842 
3.9201 -0.6024 2.0501 0.0809 0.0594 
3.9401 -0.5952 2.0501 0.0953 0.1003 
3.9301 -0.5986 2.0601 0.1082 0.0842 
3.9401 -0.6018 2.0401 0.0737 0.0963 
3.9401 -0.5952 2.0501 0.0953 0.1003 
3.9201 -0.6024 2.0501 0.0809 0.0594 
3.9501 -0.6013 2.0801 0.1521 0.1539 
3.9601 -0.6041 2.0901 0.1705 0.1897 
3.9601 -0.6006 2.1101 0.2292 0.2000 
3.9901 -0.5977 2.0801 0.1682 0.2669 
3.9901 -0.5999 2.0701 0.1368 0.2629 
4.0001 -0.5991 2.0901 0.1907 0.3010 
3.9901 -0.5977 2.0801 0.1682 0.2669 
3.9701 -0.5975 2.0901 0.1910 0.2145 
3.9601 -0.6041 2.0901 0.1705 0.1897 
3.9501 -0.6013 2.0801 0.1521 0.1539 
3.9601 -0.6008 2.0701 0.1303 0.1751 
3.9601 -0.6041 2.0901 0.1705 0.1897 
3.9901 -0.5977 2.0801 0.1682 0.2669 
3.9601 -0.6041 2.0901 0.1705 0.1897 
3.9601 -0.6008 2.0701 0.1303 0.1751 
3.9861 -0.5999 2.0601 0.1120 0.2455 
4.0101 -0.6053 2.0701 0.1253 0.3248 
4.0001 -0.6004 2.0701 0.1369 0.2930 
3.9901 -0.5999 2.0701 0.1368 0.2629 
3.9861 -0.5999 2.0601 0.1120 0.2455 
4.0001 -0.6004 2.0701 0.1369 0.2930 
3.9901 -0.5999 2.0701 0.1368 0.2629 
4.0001 -0.6004 2.0701 0.1369 0.2930 
3.9901 -0.5999 2.0701 0.1368 0.2629 
3.9901 -0.6042 2.0501 0.0836 0.2544 
4.0101 -0.6053 2.0701 0.1253 0.3248 
3.9861 -0.5999 2.0601 0.1120 0.2455 
4.0101 -0.5978 2.0501 0.0975 0.3141 
4.0101 -0.6053 2.0701 0.1253 0.3248 
3.9901 -0.6042 2.0501 0.0836 0.2544 
3.9401 -0.5952 2.0501 0.0953 0.1003 
3.9601 -0.6049 2.0601 0.0976 0.1705 
3.9601 -0.6008 2.0701 0.1303 0.1751 
3.9501 -0.6013 2.0801 0.1521 0.1539 
3.9401 -0.5972 2.1101 0.2359 0.1451 
3.9301 -0.5988 2.0801 0.1561 0.0990 
3.9301 -0.5988 2.0801 0.1561 0.0990 
3.9101 -0.6038 2.0801 0.1397 0.0598 
3.9101 -0.6015 2.0701 0.1218 0.0553 
3.9301 -0.5986 2.0601 0.1082 0.0842 
3.9101 -0.6015 2.0701 0.1218 0.0553 
3.9201 -0.6024 2.0501 0.0809 0.0594 
4.0001 -0.6058 2.0401 0.0735 0.2813 
4.0101 -0.5978 2.0501 0.0975 0.3141 
3.9901 -0.6042 2.0501 0.0836 0.2544 
3.9901 -0.6042 2.0501 0.0836 0.2544 
3.9861 -0.5999 2.0601 0.1120 0.2455 
3.9801 -0.6019 2.0401 0.0745 0.2163 
3.9801 -0.6019 2.0401 0.0745 0.2163 
3.9861 -0.5999 2.0601 0.1120 0.2455 
3.9701 -0.6019 2.0501 0.0856 0.1919 
3.9701 -0.6019 2.0501 0.0856 0.1919 
3.9601 -0.6049 2.0601 0.0976 0.1705 
3.9801 -0.6019 2.0401 0.0745 0.2163 
3.9401 -0.6018 2.0401 0.0737 0.0963 
3.9601 -0.6049 2.0601 0.0976 0.1705 
3.9401 -0.5952 2.0501 0.0953 0.1003 
