NUMPOLLIES 679.000000 

4.3301 0.3901 2.1408 0.9761 0.9914 
4.3301 0.4101 2.1469 0.9854 0.9720 
4.3201 0.3901 2.1450 0.9625 0.9660 
4.3301 0.4101 2.1469 0.9854 0.9720 
4.3101 0.4101 2.1469 0.9840 0.9275 
4.3201 0.3901 2.1450 0.9625 0.9660 
4.2301 0.4301 2.1521 0.9897 0.7380 
4.2001 0.4301 2.1520 0.9881 0.6725 
4.2101 0.4201 2.1535 0.9710 0.6978 
4.2301 0.4301 2.1521 0.9897 0.7380 
4.2101 0.4201 2.1535 0.9710 0.6978 
4.2201 0.4201 2.1472 0.9902 0.7215 
4.2201 0.4201 2.1472 0.9902 0.7215 
4.2101 0.4201 2.1535 0.9710 0.6978 
4.2201 0.4101 2.1488 0.9719 0.7253 
4.2201 0.4101 2.1488 0.9719 0.7253 
4.2101 0.4201 2.1535 0.9710 0.6978 
4.2101 0.3901 2.1492 0.9417 0.7108 
4.2901 0.3901 2.1468 0.9547 0.8962 
4.2801 0.4101 2.1485 0.9771 0.8599 
4.2701 0.4001 2.1448 0.9736 0.8449 
4.2701 0.4001 2.1448 0.9736 0.8449 
4.2801 0.4101 2.1485 0.9771 0.8599 
4.2401 0.4001 2.1456 0.9690 0.7762 
4.2001 0.4301 2.1520 0.9881 0.6725 
4.2001 0.4101 2.1472 0.9751 0.6806 
4.2101 0.4201 2.1535 0.9710 0.6978 
4.2801 0.4101 2.1485 0.9771 0.8599 
4.2201 0.4201 2.1472 0.9902 0.7215 
4.2401 0.4001 2.1456 0.9690 0.7762 
4.2201 0.4201 2.1472 0.9902 0.7215 
4.2201 0.4101 2.1488 0.9719 0.7253 
4.2401 0.4001 2.1456 0.9690 0.7762 
4.2101 0.3901 2.1492 0.9417 0.7108 
4.2001 0.4101 2.1472 0.9751 0.6806 
4.2001 0.4001 2.1498 0.9536 0.6837 
4.2101 0.3901 2.1492 0.9417 0.7108 
4.2101 0.4201 2.1535 0.9710 0.6978 
4.2001 0.4101 2.1472 0.9751 0.6806 
4.3201 0.3901 2.1450 0.9625 0.9660 
4.3101 0.4101 2.1469 0.9840 0.9275 
4.3001 0.3801 2.1460 0.9435 0.9269 
4.3101 0.4101 2.1469 0.9840 0.9275 
4.3001 0.4101 2.1496 0.9753 0.9040 
4.3001 0.3801 2.1460 0.9435 0.9269 
4.3201 0.3801 2.1512 0.9291 0.9704 
4.3301 0.3901 2.1408 0.9761 0.9914 
4.3201 0.3901 2.1450 0.9625 0.9660 
4.3201 0.3901 2.1450 0.9625 0.9660 
4.3001 0.3801 2.1460 0.9435 0.9269 
4.3201 0.3801 2.1512 0.9291 0.9704 
4.3201 0.3801 2.1512 0.9291 0.9704 
4.3001 0.3801 2.1460 0.9435 0.9269 
4.2901 0.3701 2.1464 0.9266 0.9105 
4.2901 0.3701 2.1464 0.9266 0.9105 
4.3001 0.3601 2.1471 0.9098 0.9415 
4.3201 0.3801 2.1512 0.9291 0.9704 
4.3101 0.3301 2.1483 0.8578 0.9902 
4.3001 0.3501 2.1425 0.9083 0.9520 
4.2901 0.3301 2.1426 0.8740 0.9435 
4.2001 0.3901 2.1501 0.9382 0.6875 
4.2001 0.3901 2.1501 0.9382 0.6875 
4.2001 0.3901 2.1501 0.9382 0.6875 
4.2301 0.3901 2.1473 0.9488 0.7577 
4.2301 0.3801 2.1545 0.9124 0.7603 
4.2401 0.3801 2.1466 0.9369 0.7863 
4.2001 0.3801 2.1490 0.9266 0.6916 
4.2301 0.3801 2.1545 0.9124 0.7603 
4.2301 0.3901 2.1473 0.9488 0.7577 
4.2001 0.3901 2.1501 0.9382 0.6875 
4.2001 0.3901 2.1501 0.9382 0.6875 
4.2001 0.3901 2.1501 0.9382 0.6875 
4.2201 0.3601 2.1471 0.9031 0.7488 
4.2101 0.3601 2.1483 0.8989 0.7242 
4.2101 0.3401 2.1515 0.8560 0.7327 
4.2201 0.3601 2.1471 0.9031 0.7488 
4.2101 0.3401 2.1515 0.8560 0.7327 
4.2301 0.3401 2.1470 0.8717 0.7840 
4.2901 0.3901 2.1468 0.9547 0.8962 
4.2701 0.4001 2.1448 0.9736 0.8449 
4.2801 0.3801 2.1456 0.9431 0.8804 
4.2801 0.3801 2.1456 0.9431 0.8804 
4.2701 0.4001 2.1448 0.9736 0.8449 
4.2601 0.3801 2.1491 0.9309 0.8322 
4.2701 0.4001 2.1448 0.9736 0.8449 
4.2401 0.4001 2.1456 0.9690 0.7762 
4.2601 0.3801 2.1491 0.9309 0.8322 
4.3001 0.3801 2.1460 0.9435 0.9269 
4.2901 0.3901 2.1468 0.9547 0.8962 
4.2801 0.3801 2.1456 0.9431 0.8804 
4.3001 0.4101 2.1496 0.9753 0.9040 
4.2901 0.3901 2.1468 0.9547 0.8962 
4.3001 0.3801 2.1460 0.9435 0.9269 
4.2901 0.3701 2.1464 0.9266 0.9105 
4.3001 0.3801 2.1460 0.9435 0.9269 
4.2801 0.3801 2.1456 0.9431 0.8804 
4.2901 0.3701 2.1464 0.9266 0.9105 
4.2801 0.3801 2.1456 0.9431 0.8804 
4.2701 0.3701 2.1463 0.9254 0.8632 
4.2601 0.3801 2.1491 0.9309 0.8322 
4.2701 0.3701 2.1463 0.9254 0.8632 
4.2801 0.3801 2.1456 0.9431 0.8804 
4.2601 0.3701 2.1536 0.9023 0.8364 
4.2701 0.3701 2.1463 0.9254 0.8632 
4.2601 0.3801 2.1491 0.9309 0.8322 
4.2601 0.3701 2.1536 0.9023 0.8364 
4.2601 0.3801 2.1491 0.9309 0.8322 
4.2501 0.3701 2.1491 0.9150 0.8146 
4.3001 0.3601 2.1471 0.9098 0.9415 
4.2901 0.3701 2.1464 0.9266 0.9105 
4.3001 0.3501 2.1425 0.9083 0.9520 
4.3001 0.3501 2.1425 0.9083 0.9520 
4.2701 0.3701 2.1463 0.9254 0.8632 
4.2901 0.3501 2.1485 0.8887 0.9243 
4.2901 0.3701 2.1464 0.9266 0.9105 
4.2701 0.3701 2.1463 0.9254 0.8632 
4.3001 0.3501 2.1425 0.9083 0.9520 
4.2901 0.3501 2.1485 0.8887 0.9243 
4.2701 0.3701 2.1463 0.9254 0.8632 
4.2601 0.3601 2.1455 0.9115 0.8461 
4.2601 0.3701 2.1536 0.9023 0.8364 
4.2601 0.3601 2.1455 0.9115 0.8461 
4.2701 0.3701 2.1463 0.9254 0.8632 
4.2601 0.3601 2.1455 0.9115 0.8461 
4.2601 0.3701 2.1536 0.9023 0.8364 
4.2501 0.3701 2.1491 0.9150 0.8146 
4.2901 0.3501 2.1485 0.8887 0.9243 
4.2601 0.3601 2.1455 0.9115 0.8461 
4.2901 0.3401 2.1464 0.8788 0.9332 
4.2601 0.3601 2.1455 0.9115 0.8461 
4.2501 0.3701 2.1491 0.9150 0.8146 
4.2501 0.3401 2.1474 0.8724 0.8336 
4.2601 0.3801 2.1491 0.9309 0.8322 
4.2401 0.4001 2.1456 0.9690 0.7762 
4.2401 0.3801 2.1466 0.9369 0.7863 
4.2401 0.3801 2.1466 0.9369 0.7863 
4.2201 0.4101 2.1488 0.9719 0.7253 
4.2301 0.3901 2.1473 0.9488 0.7577 
4.2401 0.4001 2.1456 0.9690 0.7762 
4.2201 0.4101 2.1488 0.9719 0.7253 
4.2401 0.3801 2.1466 0.9369 0.7863 
4.2201 0.4101 2.1488 0.9719 0.7253 
4.2101 0.3901 2.1492 0.9417 0.7108 
4.2301 0.3901 2.1473 0.9488 0.7577 
4.2001 0.3901 2.1501 0.9382 0.6875 
4.2101 0.3901 2.1492 0.9417 0.7108 
4.2001 0.4001 2.1498 0.9536 0.6837 
4.2001 0.3901 2.1501 0.9382 0.6875 
4.2001 0.3901 2.1501 0.9382 0.6875 
4.2101 0.3901 2.1492 0.9417 0.7108 
4.2601 0.3801 2.1491 0.9309 0.8322 
4.2401 0.3801 2.1466 0.9369 0.7863 
4.2501 0.3701 2.1491 0.9150 0.8146 
4.2001 0.3801 2.1490 0.9266 0.6916 
4.2301 0.3901 2.1473 0.9488 0.7577 
4.2101 0.3901 2.1492 0.9417 0.7108 
4.2001 0.3901 2.1501 0.9382 0.6875 
4.2001 0.3801 2.1490 0.9266 0.6916 
4.2101 0.3901 2.1492 0.9417 0.7108 
4.2001 0.3901 2.1501 0.9382 0.6875 
4.2001 0.3901 2.1501 0.9382 0.6875 
4.2001 0.3801 2.1490 0.9266 0.6916 
4.2501 0.3701 2.1491 0.9150 0.8146 
4.2401 0.3801 2.1466 0.9369 0.7863 
4.2301 0.3701 2.1453 0.9252 0.7684 
4.2401 0.3801 2.1466 0.9369 0.7863 
4.2301 0.3801 2.1545 0.9124 0.7603 
4.2301 0.3701 2.1453 0.9252 0.7684 
4.2001 0.3801 2.1490 0.9266 0.6916 
4.2301 0.3701 2.1453 0.9252 0.7684 
4.2301 0.3801 2.1545 0.9124 0.7603 
4.2501 0.3701 2.1491 0.9150 0.8146 
4.2301 0.3701 2.1453 0.9252 0.7684 
4.2201 0.3601 2.1471 0.9031 0.7488 
4.2201 0.3601 2.1471 0.9031 0.7488 
4.2001 0.3801 2.1490 0.9266 0.6916 
4.2101 0.3601 2.1483 0.8989 0.7242 
4.2301 0.3701 2.1453 0.9252 0.7684 
4.2001 0.3801 2.1490 0.9266 0.6916 
4.2201 0.3601 2.1471 0.9031 0.7488 
4.2001 0.3801 2.1490 0.9266 0.6916 
4.2001 0.3701 2.1491 0.9112 0.6956 
4.2101 0.3601 2.1483 0.8989 0.7242 
4.2501 0.3701 2.1491 0.9150 0.8146 
4.2201 0.3601 2.1471 0.9031 0.7488 
4.2501 0.3401 2.1474 0.8724 0.8336 
4.3001 0.3501 2.1425 0.9083 0.9520 
4.2901 0.3501 2.1485 0.8887 0.9243 
4.2901 0.3401 2.1464 0.8788 0.9332 
4.2701 0.3301 2.1485 0.8534 0.8899 
4.2601 0.3601 2.1455 0.9115 0.8461 
4.2601 0.3201 2.1444 0.8484 0.8740 
4.2901 0.3401 2.1464 0.8788 0.9332 
4.2601 0.3601 2.1455 0.9115 0.8461 
4.2701 0.3301 2.1485 0.8534 0.8899 
4.2601 0.3601 2.1455 0.9115 0.8461 
4.2501 0.3401 2.1474 0.8724 0.8336 
4.2601 0.3201 2.1444 0.8484 0.8740 
4.3001 0.3501 2.1425 0.9083 0.9520 
4.2901 0.3401 2.1464 0.8788 0.9332 
4.2901 0.3301 2.1426 0.8740 0.9435 
4.2901 0.3301 2.1426 0.8740 0.9435 
4.2901 0.3401 2.1464 0.8788 0.9332 
4.2701 0.3301 2.1485 0.8534 0.8899 
4.2601 0.3201 2.1444 0.8484 0.8740 
4.2501 0.3401 2.1474 0.8724 0.8336 
4.2501 0.3301 2.1499 0.8474 0.8390 
4.2601 0.3201 2.1444 0.8484 0.8740 
4.2501 0.3301 2.1499 0.8474 0.8390 
4.2601 0.3101 2.1424 0.8367 0.8824 
4.3001 0.3001 2.1454 0.8124 0.9941 
4.2701 0.3301 2.1485 0.8534 0.8899 
4.2901 0.3101 2.1429 0.8379 0.9604 
4.2901 0.3301 2.1426 0.8740 0.9435 
4.2701 0.3301 2.1485 0.8534 0.8899 
4.3001 0.3001 2.1454 0.8124 0.9941 
4.2901 0.3101 2.1429 0.8379 0.9604 
4.2601 0.3201 2.1444 0.8484 0.8740 
4.2601 0.3101 2.1424 0.8367 0.8824 
4.2701 0.3301 2.1485 0.8534 0.8899 
4.2601 0.3201 2.1444 0.8484 0.8740 
4.2901 0.3101 2.1429 0.8379 0.9604 
4.2901 0.3101 2.1429 0.8379 0.9604 
4.2601 0.3101 2.1424 0.8367 0.8824 
4.2601 0.2901 2.1450 0.7905 0.8966 
4.2601 0.2901 2.1450 0.7905 0.8966 
4.2601 0.3101 2.1424 0.8367 0.8824 
4.2401 0.3001 2.1436 0.8123 0.8362 
4.2501 0.3301 2.1499 0.8474 0.8390 
4.2201 0.3601 2.1471 0.9031 0.7488 
4.2301 0.3401 2.1470 0.8717 0.7840 
4.2501 0.3401 2.1474 0.8724 0.8336 
4.2201 0.3601 2.1471 0.9031 0.7488 
4.2501 0.3301 2.1499 0.8474 0.8390 
4.2301 0.3401 2.1470 0.8717 0.7840 
4.2101 0.3401 2.1515 0.8560 0.7327 
4.2101 0.3301 2.1462 0.8554 0.7393 
4.2101 0.3301 2.1462 0.8554 0.7393 
4.2101 0.3401 2.1515 0.8560 0.7327 
4.1801 0.3201 2.1480 0.8293 0.6664 
4.2501 0.3301 2.1499 0.8474 0.8390 
4.2301 0.3401 2.1470 0.8717 0.7840 
4.2601 0.3101 2.1424 0.8367 0.8824 
4.2301 0.3401 2.1470 0.8717 0.7840 
4.2101 0.3301 2.1462 0.8554 0.7393 
4.2601 0.3101 2.1424 0.8367 0.8824 
4.2101 0.3301 2.1462 0.8554 0.7393 
4.1801 0.3201 2.1480 0.8293 0.6664 
4.2301 0.3001 2.1465 0.8018 0.8083 
4.2601 0.3101 2.1424 0.8367 0.8824 
4.2101 0.3301 2.1462 0.8554 0.7393 
4.2301 0.3001 2.1465 0.8018 0.8083 
4.2601 0.3101 2.1424 0.8367 0.8824 
4.2301 0.3001 2.1465 0.8018 0.8083 
4.2401 0.3001 2.1436 0.8123 0.8362 
4.2001 0.4101 2.1472 0.9751 0.6806 
4.2001 0.4301 2.1520 0.9881 0.6725 
4.1701 0.4201 2.1503 0.9777 0.6096 
4.1701 0.4201 2.1503 0.9777 0.6096 
4.1601 0.4301 2.1499 0.9915 0.5850 
4.1701 0.3901 2.1498 0.9368 0.6179 
4.1701 0.3901 2.1498 0.9368 0.6179 
4.1401 0.4301 2.1508 0.9875 0.5409 
4.1401 0.4101 2.1490 0.9655 0.5444 
4.1601 0.4301 2.1499 0.9915 0.5850 
4.1401 0.4301 2.1508 0.9875 0.5409 
4.1701 0.3901 2.1498 0.9368 0.6179 
4.1901 0.4001 2.1501 0.9518 0.6608 
4.1901 0.4001 2.1501 0.9518 0.6608 
4.1901 0.4001 2.1501 0.9518 0.6608 
4.1856 0.4101 2.1501 0.9656 0.6472 
4.1901 0.3901 2.1513 0.9339 0.6641 
4.1901 0.4001 2.1501 0.9518 0.6608 
4.1856 0.4101 2.1501 0.9656 0.6472 
4.1901 0.4001 2.1501 0.9518 0.6608 
4.1901 0.4001 2.1501 0.9518 0.6608 
4.1901 0.3901 2.1513 0.9339 0.6641 
4.1701 0.4201 2.1503 0.9777 0.6096 
4.1701 0.3901 2.1498 0.9368 0.6179 
4.1856 0.4101 2.1501 0.9656 0.6472 
4.1701 0.4201 2.1503 0.9777 0.6096 
4.1901 0.3901 2.1513 0.9339 0.6641 
4.1701 0.3901 2.1498 0.9368 0.6179 
4.1401 0.4101 2.1490 0.9655 0.5444 
4.1501 0.3901 2.1552 0.9190 0.5709 
4.1301 0.4301 2.1485 0.9934 0.5189 
4.1401 0.4201 2.1552 0.9612 0.5424 
4.1401 0.4301 2.1508 0.9875 0.5409 
4.1401 0.4101 2.1490 0.9655 0.5444 
4.1401 0.4301 2.1508 0.9875 0.5409 
4.1401 0.4201 2.1552 0.9612 0.5424 
4.1401 0.4201 2.1552 0.9612 0.5424 
4.1301 0.4301 2.1485 0.9934 0.5189 
4.1201 0.4001 2.1524 0.9398 0.5001 
4.1401 0.4101 2.1490 0.9655 0.5444 
4.1401 0.4201 2.1552 0.9612 0.5424 
4.1201 0.4001 2.1524 0.9398 0.5001 
4.1301 0.4301 2.1485 0.9934 0.5189 
4.1101 0.4101 2.1559 0.9430 0.4764 
4.1201 0.4001 2.1524 0.9398 0.5001 
4.1001 0.4101 2.1522 0.9531 0.4536 
4.1101 0.4101 2.1559 0.9430 0.4764 
4.1001 0.4201 2.1489 0.9769 0.4529 
4.1201 0.4001 2.1524 0.9398 0.5001 
4.1101 0.4101 2.1559 0.9430 0.4764 
4.1001 0.4101 2.1522 0.9531 0.4536 
4.1856 0.4101 2.1501 0.9656 0.6472 
4.2001 0.4101 2.1472 0.9751 0.6806 
4.1701 0.4201 2.1503 0.9777 0.6096 
4.1856 0.4101 2.1501 0.9656 0.6472 
4.2001 0.4001 2.1498 0.9536 0.6837 
4.2001 0.4101 2.1472 0.9751 0.6806 
4.1901 0.4001 2.1501 0.9518 0.6608 
4.2001 0.4001 2.1498 0.9536 0.6837 
4.1856 0.4101 2.1501 0.9656 0.6472 
4.1901 0.4001 2.1501 0.9518 0.6608 
4.1901 0.4001 2.1501 0.9518 0.6608 
4.2001 0.4001 2.1498 0.9536 0.6837 
4.1601 0.4301 2.1499 0.9915 0.5850 
4.1501 0.4401 2.1528 0.9952 0.5609 
4.1401 0.4301 2.1508 0.9875 0.5409 
4.0701 0.4401 2.1569 0.9782 0.3874 
4.0501 0.4501 2.1524 1.0027 0.3441 
4.0601 0.4301 2.1515 0.9799 0.3641 
4.0601 0.4301 2.1515 0.9799 0.3641 
4.0501 0.4501 2.1524 1.0027 0.3441 
4.0401 0.4401 2.1518 0.9908 0.3212 
4.0701 0.4201 2.1513 0.9676 0.3857 
4.0801 0.4301 2.1564 0.9671 0.4089 
4.0701 0.4401 2.1569 0.9782 0.3874 
4.0701 0.4401 2.1569 0.9782 0.3874 
4.0601 0.4301 2.1515 0.9799 0.3641 
4.0701 0.4201 2.1513 0.9676 0.3857 
4.0701 0.4201 2.1513 0.9676 0.3857 
4.1001 0.4201 2.1489 0.9769 0.4529 
4.0801 0.4301 2.1564 0.9671 0.4089 
4.0701 0.4201 2.1513 0.9676 0.3857 
4.0401 0.4401 2.1518 0.9908 0.3212 
4.0401 0.4201 2.1518 0.9639 0.3185 
4.0601 0.4301 2.1515 0.9799 0.3641 
4.0401 0.4401 2.1518 0.9908 0.3212 
4.0701 0.4201 2.1513 0.9676 0.3857 
4.1001 0.4101 2.1522 0.9531 0.4536 
4.0701 0.4201 2.1513 0.9676 0.3857 
4.0601 0.4101 2.1542 0.9444 0.3630 
4.1001 0.4201 2.1489 0.9769 0.4529 
4.0701 0.4201 2.1513 0.9676 0.3857 
4.1001 0.4101 2.1522 0.9531 0.4536 
4.0701 0.4201 2.1513 0.9676 0.3857 
4.0401 0.4201 2.1518 0.9639 0.3185 
4.0601 0.4101 2.1542 0.9444 0.3630 
4.1001 0.4101 2.1522 0.9531 0.4536 
4.0601 0.4101 2.1542 0.9444 0.3630 
4.0701 0.4001 2.1517 0.9383 0.3848 
4.0401 0.4401 2.1518 0.9908 0.3212 
4.0301 0.4301 2.1558 0.9651 0.2986 
4.0401 0.4201 2.1518 0.9639 0.3185 
4.0401 0.4201 2.1518 0.9639 0.3185 
4.0301 0.4301 2.1558 0.9651 0.2986 
4.0201 0.4101 2.1520 0.9478 0.2717 
4.0301 0.4301 2.1558 0.9651 0.2986 
3.9901 0.4401 2.1541 0.9808 0.2131 
4.0201 0.4101 2.1520 0.9478 0.2717 
4.0601 0.4101 2.1542 0.9444 0.3630 
4.0401 0.4201 2.1518 0.9639 0.3185 
4.0401 0.4001 2.1546 0.9271 0.3163 
3.9901 0.4401 2.1541 0.9808 0.2131 
3.9801 0.4201 2.1558 0.9479 0.1861 
4.0201 0.4101 2.1520 0.9478 0.2717 
4.0401 0.4201 2.1518 0.9639 0.3185 
4.0201 0.4101 2.1520 0.9478 0.2717 
4.0401 0.4001 2.1546 0.9271 0.3163 
4.1901 0.4001 2.1501 0.9518 0.6608 
4.1901 0.3901 2.1513 0.9339 0.6641 
4.2001 0.3901 2.1501 0.9382 0.6875 
4.1901 0.4001 2.1501 0.9518 0.6608 
4.1901 0.4001 2.1501 0.9518 0.6608 
4.2001 0.3901 2.1501 0.9382 0.6875 
4.1901 0.4001 2.1501 0.9518 0.6608 
4.2001 0.3901 2.1501 0.9382 0.6875 
4.2001 0.3901 2.1501 0.9382 0.6875 
4.2001 0.3901 2.1501 0.9382 0.6875 
4.1901 0.3901 2.1513 0.9339 0.6641 
4.2001 0.3901 2.1501 0.9382 0.6875 
4.2001 0.3901 2.1501 0.9382 0.6875 
4.1901 0.3901 2.1513 0.9339 0.6641 
4.2001 0.3701 2.1491 0.9112 0.6956 
4.2001 0.3701 2.1491 0.9112 0.6956 
4.1901 0.3901 2.1513 0.9339 0.6641 
4.1801 0.3801 2.1552 0.9065 0.6434 
4.1701 0.3901 2.1498 0.9368 0.6179 
4.1801 0.3801 2.1552 0.9065 0.6434 
4.1901 0.3901 2.1513 0.9339 0.6641 
4.1801 0.3801 2.1552 0.9065 0.6434 
4.1701 0.3901 2.1498 0.9368 0.6179 
4.1701 0.3701 2.1545 0.8923 0.6231 
4.1701 0.3901 2.1498 0.9368 0.6179 
4.1601 0.3701 2.1473 0.9133 0.6001 
4.1701 0.3701 2.1545 0.8923 0.6231 
4.1801 0.3801 2.1552 0.9065 0.6434 
4.1701 0.3701 2.1545 0.8923 0.6231 
4.2001 0.3701 2.1491 0.9112 0.6956 
4.2001 0.3701 2.1491 0.9112 0.6956 
4.1701 0.3701 2.1545 0.8923 0.6231 
4.1801 0.3601 2.1497 0.8918 0.6512 
4.1801 0.3601 2.1497 0.8918 0.6512 
4.1701 0.3701 2.1545 0.8923 0.6231 
4.1601 0.3701 2.1473 0.9133 0.6001 
4.1501 0.3901 2.1552 0.9190 0.5709 
4.1401 0.4101 2.1490 0.9655 0.5444 
4.1201 0.4001 2.1524 0.9398 0.5001 
4.1501 0.3901 2.1552 0.9190 0.5709 
4.1201 0.4001 2.1524 0.9398 0.5001 
4.1301 0.3801 2.1496 0.9194 0.5262 
4.1201 0.4001 2.1524 0.9398 0.5001 
4.1001 0.4101 2.1522 0.9531 0.4536 
4.1101 0.3801 2.1503 0.9157 0.4787 
4.1701 0.3901 2.1498 0.9368 0.6179 
4.1501 0.3901 2.1552 0.9190 0.5709 
4.1301 0.3801 2.1496 0.9194 0.5262 
4.1201 0.4001 2.1524 0.9398 0.5001 
4.1201 0.3701 2.1507 0.8997 0.5037 
4.1301 0.3801 2.1496 0.9194 0.5262 
4.1201 0.4001 2.1524 0.9398 0.5001 
4.1101 0.3801 2.1503 0.9157 0.4787 
4.1201 0.3701 2.1507 0.8997 0.5037 
4.1201 0.3701 2.1507 0.8997 0.5037 
4.1101 0.3801 2.1503 0.9157 0.4787 
4.1001 0.3701 2.1565 0.8804 0.4559 
4.1301 0.3801 2.1496 0.9194 0.5262 
4.1301 0.3601 2.1552 0.8708 0.5293 
4.1401 0.3501 2.1499 0.8715 0.5559 
4.1301 0.3601 2.1552 0.8708 0.5293 
4.1301 0.3801 2.1496 0.9194 0.5262 
4.1201 0.3701 2.1507 0.8997 0.5037 
4.1201 0.3501 2.1491 0.8723 0.5063 
4.1301 0.3601 2.1552 0.8708 0.5293 
4.1201 0.3701 2.1507 0.8997 0.5037 
4.1201 0.3701 2.1507 0.8997 0.5037 
4.1001 0.3701 2.1565 0.8804 0.4559 
4.0801 0.3621 2.1501 0.8855 0.4071 
4.1201 0.3701 2.1507 0.8997 0.5037 
4.0801 0.3621 2.1501 0.8855 0.4071 
4.1001 0.3301 2.1512 0.8296 0.4579 
4.1801 0.3601 2.1497 0.8918 0.6512 
4.1801 0.3401 2.1505 0.8563 0.6582 
4.1823 0.3401 2.1501 0.8578 0.6637 
4.1801 0.3401 2.1505 0.8563 0.6582 
4.1801 0.3301 2.1501 0.8404 0.6621 
4.1823 0.3401 2.1501 0.8578 0.6637 
4.1823 0.3401 2.1501 0.8578 0.6637 
4.1801 0.3301 2.1501 0.8404 0.6621 
4.1801 0.3301 2.1501 0.8404 0.6621 
4.1801 0.3401 2.1505 0.8563 0.6582 
4.1801 0.3301 2.1501 0.8404 0.6621 
4.1801 0.3301 2.1501 0.8404 0.6621 
4.1801 0.3301 2.1501 0.8404 0.6621 
4.1801 0.3301 2.1501 0.8404 0.6621 
4.1801 0.3301 2.1501 0.8404 0.6621 
4.1801 0.3301 2.1501 0.8404 0.6621 
4.1801 0.3301 2.1501 0.8404 0.6621 
4.1801 0.3301 2.1501 0.8404 0.6621 
4.1401 0.3501 2.1499 0.8715 0.5559 
4.1301 0.3601 2.1552 0.8708 0.5293 
4.1301 0.3401 2.1472 0.8624 0.5330 
4.1201 0.3501 2.1491 0.8723 0.5063 
4.1301 0.3401 2.1472 0.8624 0.5330 
4.1301 0.3601 2.1552 0.8708 0.5293 
4.1421 0.3301 2.1501 0.8369 0.5654 
4.1401 0.3201 2.1501 0.8188 0.5625 
4.1401 0.3201 2.1501 0.8188 0.5625 
4.1401 0.3201 2.1501 0.8188 0.5625 
4.1421 0.3301 2.1501 0.8369 0.5654 
4.1301 0.3301 2.1516 0.8310 0.5346 
4.1401 0.3201 2.1501 0.8188 0.5625 
4.1401 0.3201 2.1501 0.8188 0.5625 
4.1301 0.3301 2.1516 0.8310 0.5346 
4.1401 0.3201 2.1501 0.8188 0.5625 
4.1301 0.3301 2.1516 0.8310 0.5346 
4.1301 0.3201 2.1499 0.8184 0.5365 
4.1301 0.3201 2.1499 0.8184 0.5365 
4.1301 0.3301 2.1516 0.8310 0.5346 
4.1201 0.3247 2.1501 0.8253 0.5099 
4.1201 0.3247 2.1501 0.8253 0.5099 
4.1301 0.3301 2.1516 0.8310 0.5346 
4.1101 0.3201 2.1501 0.8159 0.4845 
4.1201 0.3247 2.1501 0.8253 0.5099 
4.1101 0.3201 2.1501 0.8159 0.4845 
4.1101 0.3201 2.1501 0.8159 0.4845 
4.1101 0.3201 2.1501 0.8159 0.4845 
4.1301 0.3301 2.1516 0.8310 0.5346 
4.1001 0.3301 2.1512 0.8296 0.4579 
4.1101 0.3201 2.1501 0.8159 0.4845 
4.1101 0.3201 2.1501 0.8159 0.4845 
4.1001 0.3301 2.1512 0.8296 0.4579 
4.1101 0.3201 2.1501 0.8159 0.4845 
4.1001 0.3301 2.1512 0.8296 0.4579 
4.1001 0.3201 2.1492 0.8179 0.4584 
4.1401 0.3201 2.1501 0.8188 0.5625 
4.1401 0.3201 2.1501 0.8188 0.5625 
4.1401 0.3201 2.1501 0.8188 0.5625 
4.1401 0.3201 2.1501 0.8188 0.5625 
4.1401 0.3201 2.1501 0.8188 0.5625 
4.1401 0.3201 2.1501 0.8188 0.5625 
4.1101 0.3201 2.1501 0.8159 0.4845 
4.1101 0.3201 2.1501 0.8159 0.4845 
4.1101 0.3201 2.1501 0.8159 0.4845 
4.1101 0.3201 2.1501 0.8159 0.4845 
4.1101 0.3201 2.1501 0.8159 0.4845 
4.1101 0.3201 2.1501 0.8159 0.4845 
4.2001 0.4001 2.1498 0.9536 0.6837 
4.1901 0.4001 2.1501 0.9518 0.6608 
4.2001 0.3901 2.1501 0.9382 0.6875 
4.2001 0.3701 2.1491 0.9112 0.6956 
4.2001 0.3801 2.1490 0.9266 0.6916 
4.2001 0.3901 2.1501 0.9382 0.6875 
4.2101 0.3601 2.1483 0.8989 0.7242 
4.2001 0.3701 2.1491 0.9112 0.6956 
4.1823 0.3401 2.1501 0.8578 0.6637 
4.1801 0.3601 2.1497 0.8918 0.6512 
4.1823 0.3401 2.1501 0.8578 0.6637 
4.2001 0.3701 2.1491 0.9112 0.6956 
4.1801 0.3401 2.1505 0.8563 0.6582 
4.1601 0.3701 2.1473 0.9133 0.6001 
4.1401 0.3501 2.1499 0.8715 0.5559 
4.1801 0.3601 2.1497 0.8918 0.6512 
4.1601 0.3701 2.1473 0.9133 0.6001 
4.1801 0.3401 2.1505 0.8563 0.6582 
4.1701 0.3901 2.1498 0.9368 0.6179 
4.1301 0.3801 2.1496 0.9194 0.5262 
4.1601 0.3701 2.1473 0.9133 0.6001 
4.1601 0.3701 2.1473 0.9133 0.6001 
4.1301 0.3801 2.1496 0.9194 0.5262 
4.1401 0.3501 2.1499 0.8715 0.5559 
4.1201 0.3501 2.1491 0.8723 0.5063 
4.1201 0.3701 2.1507 0.8997 0.5037 
4.1001 0.3301 2.1512 0.8296 0.4579 
4.2101 0.3601 2.1483 0.8989 0.7242 
4.1823 0.3401 2.1501 0.8578 0.6637 
4.2101 0.3401 2.1515 0.8560 0.7327 
4.1801 0.3401 2.1505 0.8563 0.6582 
4.1401 0.3501 2.1499 0.8715 0.5559 
4.1701 0.3301 2.1449 0.8559 0.6376 
4.2101 0.3401 2.1515 0.8560 0.7327 
4.1823 0.3401 2.1501 0.8578 0.6637 
4.1801 0.3201 2.1480 0.8293 0.6664 
4.1801 0.3301 2.1501 0.8404 0.6621 
4.1801 0.3201 2.1480 0.8293 0.6664 
4.1823 0.3401 2.1501 0.8578 0.6637 
4.1701 0.3301 2.1449 0.8559 0.6376 
4.1801 0.3301 2.1501 0.8404 0.6621 
4.1801 0.3401 2.1505 0.8563 0.6582 
4.1801 0.3301 2.1501 0.8404 0.6621 
4.1801 0.3301 2.1501 0.8404 0.6621 
4.1801 0.3201 2.1480 0.8293 0.6664 
4.1801 0.3301 2.1501 0.8404 0.6621 
4.1701 0.3301 2.1449 0.8559 0.6376 
4.1801 0.3201 2.1480 0.8293 0.6664 
4.1801 0.3301 2.1501 0.8404 0.6621 
4.1801 0.3301 2.1501 0.8404 0.6621 
4.1701 0.3301 2.1449 0.8559 0.6376 
4.1701 0.3301 2.1449 0.8559 0.6376 
4.1401 0.3501 2.1499 0.8715 0.5559 
4.1501 0.3201 2.1449 0.8363 0.5890 
4.2301 0.3001 2.1465 0.8018 0.8083 
4.1801 0.3201 2.1480 0.8293 0.6664 
4.2201 0.2901 2.1459 0.7835 0.7881 
4.1801 0.3201 2.1480 0.8293 0.6664 
4.1701 0.3301 2.1449 0.8559 0.6376 
4.1801 0.3001 2.1496 0.7868 0.6742 
4.1801 0.3001 2.1496 0.7868 0.6742 
4.1501 0.3201 2.1449 0.8363 0.5890 
4.1601 0.3001 2.1483 0.7888 0.6210 
4.1701 0.3301 2.1449 0.8559 0.6376 
4.1501 0.3201 2.1449 0.8363 0.5890 
4.1801 0.3001 2.1496 0.7868 0.6742 
4.2201 0.2901 2.1459 0.7835 0.7881 
4.1801 0.3201 2.1480 0.8293 0.6664 
4.1801 0.3001 2.1496 0.7868 0.6742 
4.1301 0.3401 2.1472 0.8624 0.5330 
4.1201 0.3501 2.1491 0.8723 0.5063 
4.1301 0.3301 2.1516 0.8310 0.5346 
4.1201 0.3501 2.1491 0.8723 0.5063 
4.1001 0.3301 2.1512 0.8296 0.4579 
4.1301 0.3301 2.1516 0.8310 0.5346 
4.1301 0.3401 2.1472 0.8624 0.5330 
4.1501 0.3201 2.1449 0.8363 0.5890 
4.1401 0.3501 2.1499 0.8715 0.5559 
4.1421 0.3301 2.1501 0.8369 0.5654 
4.1501 0.3201 2.1449 0.8363 0.5890 
4.1301 0.3401 2.1472 0.8624 0.5330 
4.1421 0.3301 2.1501 0.8369 0.5654 
4.1301 0.3401 2.1472 0.8624 0.5330 
4.1301 0.3301 2.1516 0.8310 0.5346 
4.1401 0.3201 2.1501 0.8188 0.5625 
4.1501 0.3201 2.1449 0.8363 0.5890 
4.1421 0.3301 2.1501 0.8369 0.5654 
4.1501 0.3201 2.1449 0.8363 0.5890 
4.1401 0.3101 2.1477 0.8082 0.5650 
4.1601 0.3001 2.1483 0.7888 0.6210 
4.1401 0.3201 2.1501 0.8188 0.5625 
4.1401 0.3101 2.1477 0.8082 0.5650 
4.1501 0.3201 2.1449 0.8363 0.5890 
4.1401 0.3201 2.1501 0.8188 0.5625 
4.1401 0.3201 2.1501 0.8188 0.5625 
4.1401 0.3101 2.1477 0.8082 0.5650 
4.1401 0.3201 2.1501 0.8188 0.5625 
4.1301 0.3201 2.1499 0.8184 0.5365 
4.1401 0.3101 2.1477 0.8082 0.5650 
4.1401 0.3201 2.1501 0.8188 0.5625 
4.1401 0.3201 2.1501 0.8188 0.5625 
4.1301 0.3201 2.1499 0.8184 0.5365 
4.1201 0.3247 2.1501 0.8253 0.5099 
4.1101 0.3101 2.1491 0.8006 0.4856 
4.1301 0.3201 2.1499 0.8184 0.5365 
4.1101 0.3201 2.1501 0.8159 0.4845 
4.1101 0.3101 2.1491 0.8006 0.4856 
4.1201 0.3247 2.1501 0.8253 0.5099 
4.1101 0.3201 2.1501 0.8159 0.4845 
4.1101 0.3201 2.1501 0.8159 0.4845 
4.1101 0.3101 2.1491 0.8006 0.4856 
4.1101 0.3101 2.1491 0.8006 0.4856 
4.1001 0.3201 2.1492 0.8179 0.4584 
4.0901 0.3001 2.1484 0.7815 0.4327 
4.1101 0.3201 2.1501 0.8159 0.4845 
4.1001 0.3201 2.1492 0.8179 0.4584 
4.1101 0.3101 2.1491 0.8006 0.4856 
4.1101 0.3201 2.1501 0.8159 0.4845 
4.1101 0.3201 2.1501 0.8159 0.4845 
4.1001 0.3201 2.1492 0.8179 0.4584 
4.1601 0.2701 2.1479 0.7294 0.6317 
4.1401 0.3101 2.1477 0.8082 0.5650 
4.1301 0.2901 2.1487 0.7649 0.5426 
4.1601 0.3001 2.1483 0.7888 0.6210 
4.1401 0.3101 2.1477 0.8082 0.5650 
4.1601 0.2701 2.1479 0.7294 0.6317 
4.1401 0.3101 2.1477 0.8082 0.5650 
4.1301 0.3201 2.1499 0.8184 0.5365 
4.1301 0.2901 2.1487 0.7649 0.5426 
4.1301 0.3201 2.1499 0.8184 0.5365 
4.1101 0.3101 2.1491 0.8006 0.4856 
4.1301 0.2901 2.1487 0.7649 0.5426 
4.1101 0.3801 2.1503 0.9157 0.4787 
4.1001 0.4101 2.1522 0.9531 0.4536 
4.0801 0.3701 2.1559 0.8805 0.4080 
4.1001 0.4101 2.1522 0.9531 0.4536 
4.0701 0.4001 2.1517 0.9383 0.3848 
4.0801 0.3701 2.1559 0.8805 0.4080 
4.0701 0.4001 2.1517 0.9383 0.3848 
4.0601 0.4101 2.1542 0.9444 0.3630 
4.0601 0.3717 2.1501 0.8992 0.3591 
4.0601 0.3717 2.1501 0.8992 0.3591 
4.0401 0.4001 2.1546 0.9271 0.3163 
4.0501 0.3801 2.1531 0.9023 0.3366 
4.0601 0.4101 2.1542 0.9444 0.3630 
4.0401 0.4001 2.1546 0.9271 0.3163 
4.0601 0.3717 2.1501 0.8992 0.3591 
4.1101 0.3801 2.1503 0.9157 0.4787 
4.0801 0.3701 2.1559 0.8805 0.4080 
4.1001 0.3701 2.1565 0.8804 0.4559 
4.0801 0.3701 2.1559 0.8805 0.4080 
4.0701 0.4001 2.1517 0.9383 0.3848 
4.0611 0.3701 2.1501 0.8967 0.3613 
4.0701 0.4001 2.1517 0.9383 0.3848 
4.0601 0.3717 2.1501 0.8992 0.3591 
4.0611 0.3701 2.1501 0.8967 0.3613 
4.0601 0.3717 2.1501 0.8992 0.3591 
4.0501 0.3801 2.1531 0.9023 0.3366 
4.0501 0.3701 2.1501 0.8958 0.3348 
4.0801 0.3621 2.1501 0.8855 0.4071 
4.1001 0.3701 2.1565 0.8804 0.4559 
4.0801 0.3701 2.1559 0.8805 0.4080 
4.0801 0.3701 2.1559 0.8805 0.4080 
4.0611 0.3701 2.1501 0.8967 0.3613 
4.0801 0.3621 2.1501 0.8855 0.4071 
4.0801 0.3621 2.1501 0.8855 0.4071 
4.0611 0.3701 2.1501 0.8967 0.3613 
4.0701 0.3601 2.1501 0.8814 0.3826 
4.0701 0.3601 2.1501 0.8814 0.3826 
4.0601 0.3694 2.1501 0.8955 0.3589 
4.0501 0.3601 2.1531 0.8706 0.3341 
4.0501 0.3701 2.1501 0.8958 0.3348 
4.0501 0.3601 2.1531 0.8706 0.3341 
4.0601 0.3694 2.1501 0.8955 0.3589 
4.1001 0.3301 2.1512 0.8296 0.4579 
4.0801 0.3621 2.1501 0.8855 0.4071 
4.0801 0.3601 2.1486 0.8868 0.4069 
4.0701 0.3601 2.1501 0.8814 0.3826 
4.0501 0.3601 2.1531 0.8706 0.3341 
4.0701 0.3501 2.1531 0.8557 0.3825 
4.0701 0.3601 2.1501 0.8814 0.3826 
4.0701 0.3501 2.1531 0.8557 0.3825 
4.0701 0.3601 2.1501 0.8814 0.3826 
4.0701 0.3501 2.1531 0.8557 0.3825 
4.0501 0.3601 2.1531 0.8706 0.3341 
4.0401 0.3501 2.1510 0.8594 0.3075 
4.0501 0.3801 2.1531 0.9023 0.3366 
4.0401 0.4001 2.1546 0.9271 0.3163 
4.0401 0.3901 2.1508 0.9238 0.3139 
4.0401 0.3901 2.1508 0.9238 0.3139 
4.0201 0.4101 2.1520 0.9478 0.2717 
4.0201 0.3801 2.1547 0.8951 0.2660 
4.0401 0.4001 2.1546 0.9271 0.3163 
4.0201 0.4101 2.1520 0.9478 0.2717 
4.0401 0.3901 2.1508 0.9238 0.3139 
4.0201 0.3801 2.1547 0.8951 0.2660 
3.9801 0.4201 2.1558 0.9479 0.1861 
3.9901 0.3901 2.1543 0.9094 0.1986 
4.0201 0.4101 2.1520 0.9478 0.2717 
3.9801 0.4201 2.1558 0.9479 0.1861 
4.0201 0.3801 2.1547 0.8951 0.2660 
4.0501 0.3801 2.1531 0.9023 0.3366 
4.0401 0.3901 2.1508 0.9238 0.3139 
4.0201 0.3801 2.1547 0.8951 0.2660 
4.0201 0.3801 2.1547 0.8951 0.2660 
3.9901 0.3901 2.1543 0.9094 0.1986 
4.0001 0.3801 2.1578 0.8842 0.2200 
4.0501 0.3701 2.1501 0.8958 0.3348 
4.0501 0.3801 2.1531 0.9023 0.3366 
4.0401 0.3701 2.1519 0.8895 0.3111 
4.0501 0.3701 2.1501 0.8958 0.3348 
4.0401 0.3701 2.1519 0.8895 0.3111 
4.0501 0.3701 2.1501 0.8958 0.3348 
4.0501 0.3801 2.1531 0.9023 0.3366 
4.0201 0.3801 2.1547 0.8951 0.2660 
4.0401 0.3701 2.1519 0.8895 0.3111 
4.0401 0.3701 2.1519 0.8895 0.3111 
4.0201 0.3801 2.1547 0.8951 0.2660 
4.0201 0.3701 2.1525 0.8860 0.2631 
4.0201 0.3801 2.1547 0.8951 0.2660 
4.0001 0.3801 2.1578 0.8842 0.2200 
4.0201 0.3701 2.1525 0.8860 0.2631 
4.0201 0.3701 2.1525 0.8860 0.2631 
4.0001 0.3801 2.1578 0.8842 0.2200 
4.0001 0.3701 2.1532 0.8821 0.2155 
4.0501 0.3701 2.1501 0.8958 0.3348 
4.0401 0.3701 2.1519 0.8895 0.3111 
4.0501 0.3601 2.1531 0.8706 0.3341 
4.0501 0.3701 2.1501 0.8958 0.3348 
4.0501 0.3601 2.1531 0.8706 0.3341 
4.0501 0.3701 2.1501 0.8958 0.3348 
4.0501 0.3601 2.1531 0.8706 0.3341 
4.0401 0.3701 2.1519 0.8895 0.3111 
4.0201 0.3701 2.1525 0.8860 0.2631 
4.0401 0.3501 2.1510 0.8594 0.3075 
4.0201 0.3701 2.1525 0.8860 0.2631 
4.0001 0.3701 2.1532 0.8821 0.2155 
4.0501 0.3601 2.1531 0.8706 0.3341 
4.0201 0.3701 2.1525 0.8860 0.2631 
4.0401 0.3501 2.1510 0.8594 0.3075 
4.0701 0.3501 2.1531 0.8557 0.3825 
4.0401 0.3501 2.1510 0.8594 0.3075 
4.0501 0.3350 2.1501 0.8370 0.3302 
4.1001 0.3201 2.1492 0.8179 0.4584 
4.1001 0.3301 2.1512 0.8296 0.4579 
4.0928 0.3201 2.1501 0.8143 0.4395 
4.0701 0.3301 2.1497 0.8315 0.3808 
4.0501 0.3350 2.1501 0.8370 0.3302 
4.0601 0.3201 2.1501 0.8111 0.3541 
4.0501 0.3301 2.1482 0.8343 0.3290 
4.0601 0.3201 2.1501 0.8111 0.3541 
4.0501 0.3350 2.1501 0.8370 0.3302 
4.0928 0.3201 2.1501 0.8143 0.4395 
4.0901 0.3101 2.1501 0.7953 0.4327 
4.0901 0.3101 2.1501 0.7953 0.4327 
4.0801 0.3101 2.1509 0.7918 0.4062 
4.0901 0.3101 2.1501 0.7953 0.4327 
4.0928 0.3201 2.1501 0.8143 0.4395 
4.0701 0.3301 2.1497 0.8315 0.3808 
4.0647 0.3101 2.1501 0.7928 0.3654 
4.0801 0.3101 2.1509 0.7918 0.4062 
4.0601 0.3201 2.1501 0.8111 0.3541 
4.0647 0.3101 2.1501 0.7928 0.3654 
4.0701 0.3301 2.1497 0.8315 0.3808 
4.0901 0.3101 2.1501 0.7953 0.4327 
4.0901 0.3101 2.1501 0.7953 0.4327 
4.0901 0.3101 2.1501 0.7953 0.4327 
4.0901 0.3101 2.1501 0.7953 0.4327 
4.0801 0.3101 2.1509 0.7918 0.4062 
4.0901 0.3101 2.1501 0.7953 0.4327 
4.0401 0.3101 2.1533 0.7802 0.3009 
4.0501 0.2801 2.1510 0.7283 0.3220 
4.0647 0.3101 2.1501 0.7928 0.3654 
4.0647 0.3101 2.1501 0.7928 0.3654 
4.0501 0.2801 2.1510 0.7283 0.3220 
4.0701 0.3001 2.1476 0.7820 0.3785 
4.0401 0.3401 2.1501 0.8451 0.3056 
4.0501 0.3350 2.1501 0.8370 0.3302 
4.0401 0.3501 2.1510 0.8594 0.3075 
4.0401 0.3401 2.1501 0.8451 0.3056 
4.0401 0.3501 2.1510 0.8594 0.3075 
4.0401 0.3401 2.1501 0.8451 0.3056 
4.0401 0.3401 2.1501 0.8451 0.3056 
4.0401 0.3501 2.1510 0.8594 0.3075 
4.0301 0.3401 2.1495 0.8462 0.2801 
4.0401 0.3501 2.1510 0.8594 0.3075 
4.0001 0.3701 2.1532 0.8821 0.2155 
4.0301 0.3401 2.1495 0.8462 0.2801 
4.0301 0.3401 2.1495 0.8462 0.2801 
4.0001 0.3701 2.1532 0.8821 0.2155 
4.0101 0.3101 2.1497 0.7888 0.2206 
4.0001 0.3701 2.1532 0.8821 0.2155 
3.9901 0.3301 2.1539 0.8106 0.1780 
4.0101 0.3101 2.1497 0.7888 0.2206 
4.0301 0.3401 2.1495 0.8462 0.2801 
4.0101 0.3101 2.1497 0.7888 0.2206 
4.0401 0.3101 2.1533 0.7802 0.3009 
3.9901 0.3301 2.1539 0.8106 0.1780 
3.9901 0.2901 2.1495 0.7474 0.1601 
4.0301 0.2901 2.1529 0.7405 0.2696 
4.0101 0.3101 2.1497 0.7888 0.2206 
3.9901 0.3301 2.1539 0.8106 0.1780 
4.0301 0.2901 2.1529 0.7405 0.2696 
4.0601 0.3717 2.1501 0.8992 0.3591 
4.0601 0.3701 2.1499 0.8972 0.3589 
4.0611 0.3701 2.1501 0.8967 0.3613 
4.0501 0.3701 2.1501 0.8958 0.3348 
4.0501 0.3701 2.1501 0.8958 0.3348 
4.0601 0.3717 2.1501 0.8992 0.3591 
4.0501 0.3701 2.1501 0.8958 0.3348 
4.0601 0.3701 2.1499 0.8972 0.3589 
4.0601 0.3717 2.1501 0.8992 0.3591 
4.0701 0.3601 2.1501 0.8814 0.3826 
4.0701 0.3601 2.1501 0.8814 0.3826 
4.0801 0.3621 2.1501 0.8855 0.4071 
4.0701 0.3601 2.1501 0.8814 0.3826 
4.0801 0.3601 2.1486 0.8868 0.4069 
4.0801 0.3621 2.1501 0.8855 0.4071 
4.0611 0.3701 2.1501 0.8967 0.3613 
4.0601 0.3701 2.1499 0.8972 0.3589 
4.0701 0.3601 2.1501 0.8814 0.3826 
4.0701 0.3601 2.1501 0.8814 0.3826 
4.0611 0.3701 2.1501 0.8967 0.3613 
4.0701 0.3601 2.1501 0.8814 0.3826 
4.0601 0.3694 2.1501 0.8955 0.3589 
4.0701 0.3601 2.1501 0.8814 0.3826 
4.0601 0.3701 2.1499 0.8972 0.3589 
4.0601 0.3694 2.1501 0.8955 0.3589 
4.0701 0.3601 2.1501 0.8814 0.3826 
4.0701 0.3601 2.1501 0.8814 0.3826 
4.0601 0.3694 2.1501 0.8955 0.3589 
4.0601 0.3701 2.1499 0.8972 0.3589 
4.0501 0.3701 2.1501 0.8958 0.3348 
4.0601 0.3701 2.1499 0.8972 0.3589 
4.0501 0.3701 2.1501 0.8958 0.3348 
4.0501 0.3701 2.1501 0.8958 0.3348 
4.0701 0.3501 2.1531 0.8557 0.3825 
4.0801 0.3601 2.1486 0.8868 0.4069 
4.0701 0.3601 2.1501 0.8814 0.3826 
4.0801 0.3601 2.1486 0.8868 0.4069 
4.0701 0.3601 2.1501 0.8814 0.3826 
4.0701 0.3601 2.1501 0.8814 0.3826 
4.0701 0.3601 2.1501 0.8814 0.3826 
4.0701 0.3601 2.1501 0.8814 0.3826 
4.0701 0.3601 2.1501 0.8814 0.3826 
4.0501 0.3701 2.1501 0.8958 0.3348 
4.0501 0.3701 2.1501 0.8958 0.3348 
4.0501 0.3701 2.1501 0.8958 0.3348 
4.0501 0.3701 2.1501 0.8958 0.3348 
4.0501 0.3701 2.1501 0.8958 0.3348 
4.0501 0.3701 2.1501 0.8958 0.3348 
4.1001 0.3301 2.1512 0.8296 0.4579 
4.0801 0.3601 2.1486 0.8868 0.4069 
4.0701 0.3301 2.1497 0.8315 0.3808 
4.0701 0.3501 2.1531 0.8557 0.3825 
4.0701 0.3301 2.1497 0.8315 0.3808 
4.0801 0.3601 2.1486 0.8868 0.4069 
4.0928 0.3201 2.1501 0.8143 0.4395 
4.1001 0.3301 2.1512 0.8296 0.4579 
4.0701 0.3301 2.1497 0.8315 0.3808 
4.0701 0.3501 2.1531 0.8557 0.3825 
4.0501 0.3350 2.1501 0.8370 0.3302 
4.0701 0.3301 2.1497 0.8315 0.3808 
4.0701 0.3301 2.1497 0.8315 0.3808 
4.0801 0.3101 2.1509 0.7918 0.4062 
4.0928 0.3201 2.1501 0.8143 0.4395 
4.0601 0.3201 2.1501 0.8111 0.3541 
4.0601 0.3201 2.1501 0.8111 0.3541 
4.0701 0.3301 2.1497 0.8315 0.3808 
4.0601 0.3201 2.1501 0.8111 0.3541 
4.0701 0.3301 2.1497 0.8315 0.3808 
4.0601 0.3201 2.1501 0.8111 0.3541 
4.0601 0.3201 2.1501 0.8111 0.3541 
4.0501 0.3301 2.1482 0.8343 0.3290 
4.0601 0.3201 2.1501 0.8111 0.3541 
4.0901 0.3101 2.1501 0.7953 0.4327 
4.0901 0.3001 2.1484 0.7815 0.4327 
4.0928 0.3201 2.1501 0.8143 0.4395 
4.0901 0.3001 2.1484 0.7815 0.4327 
4.1001 0.3201 2.1492 0.8179 0.4584 
4.0928 0.3201 2.1501 0.8143 0.4395 
4.0647 0.3101 2.1501 0.7928 0.3654 
4.0601 0.3201 2.1501 0.8111 0.3541 
4.0601 0.3201 2.1501 0.8111 0.3541 
4.0501 0.3301 2.1482 0.8343 0.3290 
4.0647 0.3101 2.1501 0.7928 0.3654 
4.0601 0.3201 2.1501 0.8111 0.3541 
4.0401 0.3101 2.1533 0.7802 0.3009 
4.0647 0.3101 2.1501 0.7928 0.3654 
4.0501 0.3301 2.1482 0.8343 0.3290 
4.0901 0.3101 2.1501 0.7953 0.4327 
4.0901 0.3101 2.1501 0.7953 0.4327 
4.0901 0.3001 2.1484 0.7815 0.4327 
4.0801 0.3101 2.1509 0.7918 0.4062 
4.0901 0.3001 2.1484 0.7815 0.4327 
4.0901 0.3101 2.1501 0.7953 0.4327 
4.0647 0.3101 2.1501 0.7928 0.3654 
4.0701 0.3001 2.1476 0.7820 0.3785 
4.0801 0.3101 2.1509 0.7918 0.4062 
4.0701 0.3001 2.1476 0.7820 0.3785 
4.0901 0.3001 2.1484 0.7815 0.4327 
4.0801 0.3101 2.1509 0.7918 0.4062 
4.0401 0.3401 2.1501 0.8451 0.3056 
4.0401 0.3401 2.1501 0.8451 0.3056 
4.0401 0.3401 2.1501 0.8451 0.3056 
4.0301 0.3401 2.1495 0.8462 0.2801 
4.0401 0.3401 2.1501 0.8451 0.3056 
4.0401 0.3401 2.1501 0.8451 0.3056 
4.0501 0.3301 2.1482 0.8343 0.3290 
4.0401 0.3401 2.1501 0.8451 0.3056 
4.0301 0.3401 2.1495 0.8462 0.2801 
4.0501 0.3350 2.1501 0.8370 0.3302 
4.0401 0.3401 2.1501 0.8451 0.3056 
4.0501 0.3301 2.1482 0.8343 0.3290 
4.0501 0.3350 2.1501 0.8370 0.3302 
4.0401 0.3401 2.1501 0.8451 0.3056 
4.0401 0.3401 2.1501 0.8451 0.3056 
4.0401 0.3101 2.1533 0.7802 0.3009 
4.0501 0.3301 2.1482 0.8343 0.3290 
4.0301 0.3401 2.1495 0.8462 0.2801 
4.0401 0.3101 2.1533 0.7802 0.3009 
4.0101 0.3101 2.1497 0.7888 0.2206 
4.0301 0.2901 2.1529 0.7405 0.2696 
3.9501 0.4701 2.1601 0.9995 0.1416 
3.9501 0.4701 2.1601 0.9995 0.1416 
3.9501 0.4701 2.1601 0.9995 0.1416 
3.9501 0.4701 2.1601 0.9995 0.1416 
3.9501 0.4701 2.1601 0.9995 0.1416 
3.9501 0.4701 2.1601 0.9995 0.1416 
3.9501 0.4701 2.1601 0.9995 0.1416 
3.9501 0.4701 2.1601 0.9995 0.1416 
3.9501 0.4601 2.1567 0.9964 0.1368 
3.9901 0.4501 2.1532 0.9963 0.2155 
3.9501 0.4601 2.1567 0.9964 0.1368 
3.9901 0.4401 2.1541 0.9808 0.2131 
3.9501 0.4701 2.1601 0.9995 0.1416 
3.9401 0.4701 2.1604 0.9979 0.1221 
3.9501 0.4701 2.1601 0.9995 0.1416 
3.9501 0.4701 2.1601 0.9995 0.1416 
3.9401 0.4701 2.1604 0.9979 0.1221 
3.9501 0.4601 2.1567 0.9964 0.1368 
3.8901 0.4801 2.1627 1.0009 0.0536 
3.9001 0.4501 2.1581 0.9763 0.0543 
3.9201 0.4601 2.1564 0.9954 0.0805 
3.9801 0.4201 2.1558 0.9479 0.1861 
3.9501 0.4601 2.1567 0.9964 0.1368 
3.9601 0.4301 2.1549 0.9629 0.1461 
3.9901 0.4401 2.1541 0.9808 0.2131 
3.9501 0.4601 2.1567 0.9964 0.1368 
3.9801 0.4201 2.1558 0.9479 0.1861 
3.9501 0.4601 2.1567 0.9964 0.1368 
3.9201 0.4601 2.1564 0.9954 0.0805 
3.9601 0.4301 2.1549 0.9629 0.1461 
3.9801 0.4201 2.1558 0.9479 0.1861 
3.9601 0.4301 2.1549 0.9629 0.1461 
3.9601 0.4101 2.1540 0.9374 0.1384 
3.9601 0.4101 2.1540 0.9374 0.1384 
3.9601 0.4301 2.1549 0.9629 0.1461 
3.9401 0.4201 2.1547 0.9483 0.1011 
3.9801 0.4201 2.1558 0.9479 0.1861 
3.9601 0.4101 2.1540 0.9374 0.1384 
3.9701 0.4001 2.1569 0.9150 0.1577 
3.9601 0.4101 2.1540 0.9374 0.1384 
3.9401 0.4201 2.1547 0.9483 0.1011 
3.9501 0.4101 2.1589 0.9222 0.1192 
3.9601 0.4101 2.1540 0.9374 0.1384 
3.9501 0.4101 2.1589 0.9222 0.1192 
3.9401 0.4101 2.1535 0.9375 0.0967 
3.9301 0.4301 2.1592 0.9483 0.0879 
3.9201 0.4601 2.1564 0.9954 0.0805 
3.9201 0.4301 2.1552 0.9591 0.0698 
3.9201 0.4301 2.1552 0.9591 0.0698 
3.9001 0.4501 2.1581 0.9763 0.0543 
3.9201 0.4201 2.1600 0.9313 0.0681 
3.9201 0.4601 2.1564 0.9954 0.0805 
3.9001 0.4501 2.1581 0.9763 0.0543 
3.9201 0.4301 2.1552 0.9591 0.0698 
3.9201 0.4601 2.1564 0.9954 0.0805 
3.9301 0.4301 2.1592 0.9483 0.0879 
3.9601 0.4301 2.1549 0.9629 0.1461 
3.9401 0.4201 2.1547 0.9483 0.1011 
3.9301 0.4301 2.1592 0.9483 0.0879 
3.9401 0.4101 2.1535 0.9375 0.0967 
3.9601 0.4301 2.1549 0.9629 0.1461 
3.9301 0.4301 2.1592 0.9483 0.0879 
3.9401 0.4201 2.1547 0.9483 0.1011 
3.9401 0.4101 2.1535 0.9375 0.0967 
3.9201 0.4301 2.1552 0.9591 0.0698 
3.9201 0.4201 2.1600 0.9313 0.0681 
3.9301 0.4301 2.1592 0.9483 0.0879 
3.9201 0.4301 2.1552 0.9591 0.0698 
3.9401 0.4101 2.1535 0.9375 0.0967 
3.9501 0.4101 2.1589 0.9222 0.1192 
3.9401 0.4201 2.1547 0.9483 0.1011 
3.9401 0.4101 2.1535 0.9375 0.0967 
3.9401 0.4101 2.1535 0.9375 0.0967 
3.9201 0.4201 2.1600 0.9313 0.0681 
3.9101 0.4101 2.1569 0.9252 0.0543 
3.9801 0.4201 2.1558 0.9479 0.1861 
3.9701 0.4001 2.1569 0.9150 0.1577 
3.9901 0.3901 2.1543 0.9094 0.1986 
3.9701 0.4001 2.1569 0.9150 0.1577 
3.9601 0.4101 2.1540 0.9374 0.1384 
3.9601 0.3901 2.1516 0.9151 0.1297 
3.9601 0.4101 2.1540 0.9374 0.1384 
3.9401 0.4101 2.1535 0.9375 0.0967 
3.9601 0.3901 2.1516 0.9151 0.1297 
3.9701 0.4001 2.1569 0.9150 0.1577 
3.9601 0.3901 2.1516 0.9151 0.1297 
3.9801 0.3701 2.1528 0.8819 0.1680 
4.0001 0.3801 2.1578 0.8842 0.2200 
3.9901 0.3901 2.1543 0.9094 0.1986 
4.0001 0.3701 2.1532 0.8821 0.2155 
3.9901 0.3901 2.1543 0.9094 0.1986 
3.9701 0.4001 2.1569 0.9150 0.1577 
3.9801 0.3701 2.1528 0.8819 0.1680 
3.9601 0.3901 2.1516 0.9151 0.1297 
3.9401 0.4101 2.1535 0.9375 0.0967 
3.9301 0.3601 2.1547 0.8552 0.0613 
4.0001 0.3701 2.1532 0.8821 0.2155 
3.9901 0.3901 2.1543 0.9094 0.1986 
3.9801 0.3701 2.1528 0.8819 0.1680 
3.9801 0.3501 2.1580 0.8325 0.1628 
3.9601 0.3901 2.1516 0.9151 0.1297 
3.9301 0.3601 2.1547 0.8552 0.0613 
3.9801 0.3701 2.1528 0.8819 0.1680 
3.9601 0.3901 2.1516 0.9151 0.1297 
3.9801 0.3501 2.1580 0.8325 0.1628 
4.0001 0.3701 2.1532 0.8821 0.2155 
3.9801 0.3701 2.1528 0.8819 0.1680 
3.9901 0.3301 2.1539 0.8106 0.1780 
3.9801 0.3501 2.1580 0.8325 0.1628 
3.9301 0.3601 2.1547 0.8552 0.0613 
3.9701 0.3501 2.1546 0.8422 0.1376 
3.9401 0.4101 2.1535 0.9375 0.0967 
3.9101 0.4101 2.1569 0.9252 0.0543 
3.9201 0.3901 2.1545 0.9032 0.0578 
3.9401 0.4101 2.1535 0.9375 0.0967 
3.9201 0.3901 2.1545 0.9032 0.0578 
3.9301 0.3601 2.1547 0.8552 0.0613 
3.9301 0.3601 2.1547 0.8552 0.0613 
3.9201 0.3901 2.1545 0.9032 0.0578 
3.9201 0.3701 2.1570 0.8640 0.0544 
3.9901 0.3301 2.1539 0.8106 0.1780 
3.9801 0.3501 2.1580 0.8325 0.1628 
3.9701 0.3501 2.1546 0.8422 0.1376 
3.9801 0.3701 2.1528 0.8819 0.1680 
3.9801 0.3501 2.1580 0.8325 0.1628 
3.9901 0.3301 2.1539 0.8106 0.1780 
3.9701 0.3501 2.1546 0.8422 0.1376 
3.9301 0.3601 2.1547 0.8552 0.0613 
3.9501 0.3401 2.1530 0.8278 0.0877 
3.9901 0.3301 2.1539 0.8106 0.1780 
3.9701 0.3501 2.1546 0.8422 0.1376 
3.9501 0.3401 2.1530 0.8278 0.0877 
3.9901 0.3301 2.1539 0.8106 0.1780 
3.9501 0.3401 2.1530 0.8278 0.0877 
3.9701 0.2993 2.1501 0.7621 0.1132 
3.9901 0.3301 2.1539 0.8106 0.1780 
3.9701 0.2993 2.1501 0.7621 0.1132 
3.9901 0.2901 2.1495 0.7474 0.1601 
3.9701 0.2993 2.1501 0.7621 0.1132 
3.9501 0.3401 2.1530 0.8278 0.0877 
3.9401 0.3101 2.1547 0.7656 0.0592 
3.9501 0.3401 2.1530 0.8278 0.0877 
3.9301 0.3601 2.1547 0.8552 0.0613 
3.9301 0.3301 2.1513 0.8134 0.0538 
3.9501 0.3401 2.1530 0.8278 0.0877 
3.9301 0.3301 2.1513 0.8134 0.0538 
3.9401 0.3101 2.1547 0.7656 0.0592 
4.2301 0.2601 2.1452 0.7247 0.8365 
4.2401 0.2501 2.1474 0.6961 0.8718 
4.2401 0.2701 2.1475 0.7394 0.8560 
4.2501 0.2001 2.1501 0.5642 0.9461 
4.2501 0.2001 2.1501 0.5642 0.9461 
4.2501 0.2001 2.1501 0.5642 0.9461 
4.2401 0.2001 2.1503 0.5622 0.9145 
4.2501 0.2001 2.1501 0.5642 0.9461 
4.2401 0.2008 2.1501 0.5648 0.9139 
4.2401 0.2008 2.1501 0.5648 0.9139 
4.2501 0.2001 2.1501 0.5642 0.9461 
4.2501 0.2001 2.1501 0.5642 0.9461 
4.3001 0.3001 2.1454 0.8124 0.9941 
4.2901 0.3101 2.1429 0.8379 0.9604 
4.2901 0.2901 2.1426 0.8016 0.9788 
4.2901 0.2901 2.1426 0.8016 0.9788 
4.2901 0.3101 2.1429 0.8379 0.9604 
4.2801 0.2701 2.1445 0.7539 0.9691 
4.2901 0.3101 2.1429 0.8379 0.9604 
4.2601 0.2901 2.1450 0.7905 0.8966 
4.2801 0.2701 2.1445 0.7539 0.9691 
4.2601 0.2901 2.1450 0.7905 0.8966 
4.2401 0.3001 2.1436 0.8123 0.8362 
4.2501 0.2701 2.1460 0.7454 0.8847 
4.2801 0.2701 2.1445 0.7539 0.9691 
4.2601 0.2901 2.1450 0.7905 0.8966 
4.2501 0.2701 2.1460 0.7454 0.8847 
4.2801 0.2501 2.1476 0.7002 0.9866 
4.2501 0.2701 2.1460 0.7454 0.8847 
4.2501 0.2601 2.1427 0.7352 0.8948 
4.2801 0.2701 2.1445 0.7539 0.9691 
4.2501 0.2701 2.1460 0.7454 0.8847 
4.2801 0.2501 2.1476 0.7002 0.9866 
4.2801 0.2501 2.1476 0.7002 0.9866 
4.2501 0.2601 2.1427 0.7352 0.8948 
4.2801 0.2401 2.1448 0.6868 0.9990 
4.2301 0.3001 2.1465 0.8018 0.8083 
4.2201 0.2901 2.1459 0.7835 0.7881 
4.2501 0.2701 2.1460 0.7454 0.8847 
4.2401 0.3001 2.1436 0.8123 0.8362 
4.2301 0.3001 2.1465 0.8018 0.8083 
4.2501 0.2701 2.1460 0.7454 0.8847 
4.2501 0.2701 2.1460 0.7454 0.8847 
4.2201 0.2901 2.1459 0.7835 0.7881 
4.2401 0.2701 2.1475 0.7394 0.8560 
4.2401 0.2701 2.1475 0.7394 0.8560 
4.2201 0.2901 2.1459 0.7835 0.7881 
4.2301 0.2601 2.1452 0.7247 0.8365 
4.2301 0.2601 2.1452 0.7247 0.8365 
4.2101 0.2801 2.1450 0.7653 0.7672 
4.2001 0.2701 2.1463 0.7391 0.7447 
4.2201 0.2901 2.1459 0.7835 0.7881 
4.2101 0.2801 2.1450 0.7653 0.7672 
4.2301 0.2601 2.1452 0.7247 0.8365 
4.2401 0.2701 2.1475 0.7394 0.8560 
4.2501 0.2601 2.1427 0.7352 0.8948 
4.2501 0.2701 2.1460 0.7454 0.8847 
4.2301 0.2601 2.1452 0.7247 0.8365 
4.2001 0.2701 2.1463 0.7391 0.7447 
4.2101 0.2301 2.1471 0.6466 0.7989 
4.2401 0.2701 2.1475 0.7394 0.8560 
4.2401 0.2501 2.1474 0.6961 0.8718 
4.2501 0.2601 2.1427 0.7352 0.8948 
4.2401 0.2501 2.1474 0.6961 0.8718 
4.2301 0.2601 2.1452 0.7247 0.8365 
4.2301 0.2401 2.1450 0.6801 0.8520 
4.2801 0.2401 2.1448 0.6868 0.9990 
4.2501 0.2601 2.1427 0.7352 0.8948 
4.2401 0.2501 2.1474 0.6961 0.8718 
4.2801 0.2401 2.1448 0.6868 0.9990 
4.2401 0.2501 2.1474 0.6961 0.8718 
4.2701 0.2201 2.1466 0.6314 0.9893 
4.2701 0.2201 2.1466 0.6314 0.9893 
4.2401 0.2501 2.1474 0.6961 0.8718 
4.2501 0.2301 2.1437 0.6635 0.9210 
4.2701 0.2201 2.1466 0.6314 0.9893 
4.2501 0.2301 2.1437 0.6635 0.9210 
4.2601 0.2001 2.1471 0.5760 0.9798 
4.2501 0.2001 2.1501 0.5642 0.9461 
4.2501 0.2001 2.1501 0.5642 0.9461 
4.2601 0.2001 2.1471 0.5760 0.9798 
4.2401 0.2501 2.1474 0.6961 0.8718 
4.2301 0.2401 2.1450 0.6801 0.8520 
4.2501 0.2301 2.1437 0.6635 0.9210 
4.2301 0.2401 2.1450 0.6801 0.8520 
4.2301 0.2601 2.1452 0.7247 0.8365 
4.2101 0.2301 2.1471 0.6466 0.7989 
4.2301 0.2401 2.1450 0.6801 0.8520 
4.2301 0.2301 2.1503 0.6380 0.8571 
4.2501 0.2301 2.1437 0.6635 0.9210 
4.2301 0.2301 2.1503 0.6380 0.8571 
4.2301 0.2401 2.1450 0.6801 0.8520 
4.2101 0.2301 2.1471 0.6466 0.7989 
4.2601 0.2001 2.1471 0.5760 0.9798 
4.2301 0.2301 2.1503 0.6380 0.8571 
4.2301 0.2201 2.1455 0.6298 0.8682 
4.2501 0.2301 2.1437 0.6635 0.9210 
4.2301 0.2301 2.1503 0.6380 0.8571 
4.2601 0.2001 2.1471 0.5760 0.9798 
4.2301 0.2301 2.1503 0.6380 0.8571 
4.2101 0.2301 2.1471 0.6466 0.7989 
4.2301 0.2201 2.1455 0.6298 0.8682 
4.2301 0.2201 2.1455 0.6298 0.8682 
4.2101 0.2301 2.1471 0.6466 0.7989 
4.1901 0.2301 2.1462 0.6471 0.7389 
4.2601 0.2001 2.1471 0.5760 0.9798 
4.2301 0.2201 2.1455 0.6298 0.8682 
4.2401 0.2008 2.1501 0.5648 0.9139 
4.2401 0.2008 2.1501 0.5648 0.9139 
4.1901 0.2301 2.1462 0.6471 0.7389 
4.2201 0.2001 2.1442 0.5808 0.8550 
4.2301 0.2201 2.1455 0.6298 0.8682 
4.1901 0.2301 2.1462 0.6471 0.7389 
4.2401 0.2008 2.1501 0.5648 0.9139 
4.2501 0.2001 2.1501 0.5642 0.9461 
4.2601 0.2001 2.1471 0.5760 0.9798 
4.2401 0.2008 2.1501 0.5648 0.9139 
4.2401 0.2001 2.1503 0.5622 0.9145 
4.2401 0.2008 2.1501 0.5648 0.9139 
4.2201 0.2001 2.1442 0.5808 0.8550 
4.2501 0.2001 2.1501 0.5642 0.9461 
4.2501 0.2001 2.1501 0.5642 0.9461 
4.2501 0.2001 2.1501 0.5642 0.9461 
4.2501 0.2001 2.1501 0.5642 0.9461 
4.2401 0.2001 2.1503 0.5622 0.9145 
4.2501 0.2001 2.1501 0.5642 0.9461 
4.2501 0.2001 2.1501 0.5642 0.9461 
4.2401 0.2001 2.1503 0.5622 0.9145 
4.2501 0.1901 2.1429 0.5621 0.9622 
4.2401 0.2001 2.1503 0.5622 0.9145 
4.2201 0.1901 2.1472 0.5424 0.8620 
4.2301 0.1901 2.1531 0.5231 0.8904 
4.2201 0.1501 2.1493 0.4119 0.8993 
4.1801 0.1511 2.1501 0.4052 0.7573 
4.2001 0.1401 2.1478 0.3796 0.8392 
4.2501 0.2001 2.1501 0.5642 0.9461 
4.2501 0.1901 2.1429 0.5621 0.9622 
4.2601 0.2001 2.1471 0.5760 0.9798 
4.2501 0.2001 2.1501 0.5642 0.9461 
4.2501 0.2001 2.1501 0.5642 0.9461 
4.2501 0.1901 2.1429 0.5621 0.9622 
4.2401 0.2001 2.1503 0.5622 0.9145 
4.2301 0.1901 2.1531 0.5231 0.8904 
4.2501 0.1901 2.1429 0.5621 0.9622 
4.2201 0.1901 2.1472 0.5424 0.8620 
4.2401 0.2001 2.1503 0.5622 0.9145 
4.2201 0.2001 2.1442 0.5808 0.8550 
4.2201 0.2001 2.1442 0.5808 0.8550 
4.1801 0.2101 2.1453 0.5980 0.7203 
4.2201 0.1901 2.1472 0.5424 0.8620 
4.2301 0.1901 2.1531 0.5231 0.8904 
4.2301 0.1701 2.1467 0.4866 0.9146 
4.2501 0.1901 2.1429 0.5621 0.9622 
4.2301 0.1901 2.1531 0.5231 0.8904 
4.2201 0.1901 2.1472 0.5424 0.8620 
4.2301 0.1701 2.1467 0.4866 0.9146 
4.2301 0.1701 2.1467 0.4866 0.9146 
4.2201 0.1901 2.1472 0.5424 0.8620 
4.2301 0.1601 2.1465 0.4560 0.9254 
4.2301 0.1601 2.1465 0.4560 0.9254 
4.2201 0.1901 2.1472 0.5424 0.8620 
4.2001 0.1801 2.1483 0.5066 0.8043 
4.2501 0.1901 2.1429 0.5621 0.9622 
4.2301 0.1701 2.1467 0.4866 0.9146 
4.2501 0.1601 2.1436 0.4700 0.9968 
4.2501 0.1601 2.1436 0.4700 0.9968 
4.2301 0.1701 2.1467 0.4866 0.9146 
4.2301 0.1601 2.1465 0.4560 0.9254 
4.2201 0.1501 2.1493 0.4119 0.8993 
4.2001 0.1801 2.1483 0.5066 0.8043 
4.1901 0.1601 2.1466 0.4492 0.7871 
4.2301 0.1601 2.1465 0.4560 0.9254 
4.2001 0.1801 2.1483 0.5066 0.8043 
4.2201 0.1501 2.1493 0.4119 0.8993 
4.1801 0.1511 2.1501 0.4052 0.7573 
4.2201 0.1501 2.1493 0.4119 0.8993 
4.1901 0.1601 2.1466 0.4492 0.7871 
4.2401 0.1401 2.1477 0.3872 0.9830 
4.2201 0.1501 2.1493 0.4119 0.8993 
4.2301 0.1301 2.1442 0.3624 0.9623 
4.2301 0.1601 2.1465 0.4560 0.9254 
4.2201 0.1501 2.1493 0.4119 0.8993 
4.2401 0.1401 2.1477 0.3872 0.9830 
4.2301 0.1301 2.1442 0.3624 0.9623 
4.2201 0.1501 2.1493 0.4119 0.8993 
4.2001 0.1401 2.1478 0.3796 0.8392 
4.2301 0.1301 2.1442 0.3624 0.9623 
4.2001 0.1401 2.1478 0.3796 0.8392 
4.2101 0.1301 2.1500 0.3379 0.8841 
4.2001 0.1101 2.1517 0.2545 0.8667 
4.2101 0.1301 2.1500 0.3379 0.8841 
4.2001 0.1401 2.1478 0.3796 0.8392 
4.2101 0.1101 2.1468 0.2739 0.9090 
4.2301 0.1301 2.1442 0.3624 0.9623 
4.2101 0.1301 2.1500 0.3379 0.8841 
4.2101 0.1101 2.1468 0.2739 0.9090 
4.2301 0.1101 2.1490 0.2702 0.9840 
4.2301 0.1301 2.1442 0.3624 0.9623 
4.2101 0.1101 2.1468 0.2739 0.9090 
4.2101 0.1301 2.1500 0.3379 0.8841 
4.2001 0.1101 2.1517 0.2545 0.8667 
4.2001 0.1101 2.1517 0.2545 0.8667 
4.2001 0.0901 2.1495 0.1813 0.8909 
4.2101 0.1101 2.1468 0.2739 0.9090 
4.2201 0.0701 2.1510 0.1017 0.9991 
4.2001 0.0901 2.1495 0.1813 0.8909 
4.2072 0.0601 2.1501 0.0759 0.9600 
4.1101 0.2201 2.1493 0.6006 0.4971 
4.1401 0.2001 2.1489 0.5529 0.5969 
4.1301 0.2101 2.1497 0.5759 0.5618 
4.1401 0.2001 2.1489 0.5529 0.5969 
4.1101 0.2201 2.1493 0.6006 0.4971 
4.1101 0.1901 2.1505 0.5144 0.5019 
4.0901 0.2101 2.1485 0.5744 0.4352 
4.1101 0.1901 2.1505 0.5144 0.5019 
4.1101 0.2201 2.1493 0.6006 0.4971 
4.2201 0.2901 2.1459 0.7835 0.7881 
4.1801 0.3001 2.1496 0.7868 0.6742 
4.2101 0.2801 2.1450 0.7653 0.7672 
4.2101 0.2801 2.1450 0.7653 0.7672 
4.1801 0.3001 2.1496 0.7868 0.6742 
4.2001 0.2701 2.1463 0.7391 0.7447 
4.2001 0.2701 2.1463 0.7391 0.7447 
4.1601 0.3001 2.1483 0.7888 0.6210 
4.1601 0.2701 2.1479 0.7294 0.6317 
4.1801 0.3001 2.1496 0.7868 0.6742 
4.1601 0.3001 2.1483 0.7888 0.6210 
4.2001 0.2701 2.1463 0.7391 0.7447 
4.1601 0.2601 2.1515 0.6954 0.6348 
4.1701 0.2501 2.1501 0.6787 0.6680 
4.1601 0.2701 2.1479 0.7294 0.6317 
4.1501 0.2501 2.1495 0.6785 0.6099 
4.1601 0.2701 2.1479 0.7294 0.6317 
4.1501 0.2701 2.1452 0.7371 0.6039 
4.1501 0.2501 2.1495 0.6785 0.6099 
4.1601 0.2601 2.1515 0.6954 0.6348 
4.1601 0.2701 2.1479 0.7294 0.6317 
4.2001 0.2701 2.1463 0.7391 0.7447 
4.1601 0.2701 2.1479 0.7294 0.6317 
4.1701 0.2501 2.1501 0.6787 0.6680 
4.1301 0.2901 2.1487 0.7649 0.5426 
4.1101 0.3101 2.1491 0.8006 0.4856 
4.1201 0.2801 2.1480 0.7456 0.5169 
4.1101 0.3101 2.1491 0.8006 0.4856 
4.0901 0.3001 2.1484 0.7815 0.4327 
4.1201 0.2801 2.1480 0.7456 0.5169 
4.1501 0.2701 2.1452 0.7371 0.6039 
4.1601 0.2701 2.1479 0.7294 0.6317 
4.1301 0.2901 2.1487 0.7649 0.5426 
4.0901 0.3001 2.1484 0.7815 0.4327 
4.0901 0.2801 2.1504 0.7344 0.4334 
4.1201 0.2801 2.1480 0.7456 0.5169 
4.1301 0.2901 2.1487 0.7649 0.5426 
4.1201 0.2801 2.1480 0.7456 0.5169 
4.1201 0.2601 2.1481 0.7024 0.5204 
4.1201 0.2601 2.1481 0.7024 0.5204 
4.1201 0.2801 2.1480 0.7456 0.5169 
4.1101 0.2601 2.1506 0.6927 0.4915 
4.1201 0.2801 2.1480 0.7456 0.5169 
4.0901 0.2801 2.1504 0.7344 0.4334 
4.1101 0.2601 2.1506 0.6927 0.4915 
4.1501 0.2701 2.1452 0.7371 0.6039 
4.1301 0.2901 2.1487 0.7649 0.5426 
4.1501 0.2501 2.1495 0.6785 0.6099 
4.1501 0.2501 2.1495 0.6785 0.6099 
4.1301 0.2901 2.1487 0.7649 0.5426 
4.1201 0.2601 2.1481 0.7024 0.5204 
4.1501 0.2501 2.1495 0.6785 0.6099 
4.1201 0.2601 2.1481 0.7024 0.5204 
4.1301 0.2501 2.1464 0.6867 0.5517 
4.1201 0.2601 2.1481 0.7024 0.5204 
4.1101 0.2601 2.1506 0.6927 0.4915 
4.1301 0.2501 2.1464 0.6867 0.5517 
4.2101 0.2301 2.1471 0.6466 0.7989 
4.2001 0.2701 2.1463 0.7391 0.7447 
4.1701 0.2501 2.1501 0.6787 0.6680 
4.1901 0.2301 2.1462 0.6471 0.7389 
4.1601 0.2601 2.1515 0.6954 0.6348 
4.1601 0.2301 2.1458 0.6448 0.6482 
4.1701 0.2501 2.1501 0.6787 0.6680 
4.1601 0.2601 2.1515 0.6954 0.6348 
4.1901 0.2301 2.1462 0.6471 0.7389 
4.1601 0.2601 2.1515 0.6954 0.6348 
4.1501 0.2501 2.1495 0.6785 0.6099 
4.1601 0.2301 2.1458 0.6448 0.6482 
4.2101 0.2301 2.1471 0.6466 0.7989 
4.1701 0.2501 2.1501 0.6787 0.6680 
4.1901 0.2301 2.1462 0.6471 0.7389 
4.1601 0.2301 2.1458 0.6448 0.6482 
4.1501 0.2501 2.1495 0.6785 0.6099 
4.1601 0.2201 2.1500 0.6051 0.6515 
4.1901 0.2201 2.1495 0.6108 0.7438 
4.1601 0.2301 2.1458 0.6448 0.6482 
4.1601 0.2201 2.1500 0.6051 0.6515 
4.1901 0.2301 2.1462 0.6471 0.7389 
4.1601 0.2301 2.1458 0.6448 0.6482 
4.1901 0.2201 2.1495 0.6108 0.7438 
4.2201 0.2001 2.1442 0.5808 0.8550 
4.1901 0.2201 2.1495 0.6108 0.7438 
4.1801 0.2101 2.1453 0.5980 0.7203 
4.1901 0.2301 2.1462 0.6471 0.7389 
4.1901 0.2201 2.1495 0.6108 0.7438 
4.2201 0.2001 2.1442 0.5808 0.8550 
4.1901 0.2201 2.1495 0.6108 0.7438 
4.1601 0.2201 2.1500 0.6051 0.6515 
4.1801 0.2101 2.1453 0.5980 0.7203 
4.1601 0.2001 2.1456 0.5672 0.6619 
4.1401 0.2301 2.1479 0.6348 0.5870 
4.1401 0.2001 2.1489 0.5529 0.5969 
4.1601 0.2201 2.1500 0.6051 0.6515 
4.1401 0.2301 2.1479 0.6348 0.5870 
4.1601 0.2001 2.1456 0.5672 0.6619 
4.1501 0.2501 2.1495 0.6785 0.6099 
4.1301 0.2501 2.1464 0.6867 0.5517 
4.1401 0.2301 2.1479 0.6348 0.5870 
4.1101 0.2601 2.1506 0.6927 0.4915 
4.0901 0.2301 2.1510 0.6178 0.4348 
4.1101 0.2201 2.1493 0.6006 0.4971 
4.1501 0.2501 2.1495 0.6785 0.6099 
4.1401 0.2301 2.1479 0.6348 0.5870 
4.1601 0.2201 2.1500 0.6051 0.6515 
4.1301 0.2501 2.1464 0.6867 0.5517 
4.1301 0.2101 2.1497 0.5759 0.5618 
4.1401 0.2301 2.1479 0.6348 0.5870 
4.1101 0.2201 2.1493 0.6006 0.4971 
4.1301 0.2501 2.1464 0.6867 0.5517 
4.1101 0.2601 2.1506 0.6927 0.4915 
4.1301 0.2101 2.1497 0.5759 0.5618 
4.1301 0.2501 2.1464 0.6867 0.5517 
4.1101 0.2201 2.1493 0.6006 0.4971 
4.1101 0.2201 2.1493 0.6006 0.4971 
4.0901 0.2301 2.1510 0.6178 0.4348 
4.0901 0.2101 2.1485 0.5744 0.4352 
4.1301 0.2101 2.1497 0.5759 0.5618 
4.1401 0.2001 2.1489 0.5529 0.5969 
4.1401 0.2301 2.1479 0.6348 0.5870 
4.0701 0.3001 2.1476 0.7820 0.3785 
4.0501 0.2801 2.1510 0.7283 0.3220 
4.0601 0.2901 2.1520 0.7468 0.3513 
4.0801 0.2601 2.1481 0.6977 0.4047 
4.0701 0.2701 2.1492 0.7148 0.3767 
4.0601 0.2501 2.1524 0.6578 0.3465 
4.0501 0.2801 2.1510 0.7283 0.3220 
4.0401 0.3101 2.1533 0.7802 0.3009 
4.0301 0.2901 2.1529 0.7405 0.2696 
4.0301 0.2901 2.1529 0.7405 0.2696 
3.9901 0.2901 2.1495 0.7474 0.1601 
4.0201 0.2801 2.1509 0.7253 0.2386 
4.0501 0.2801 2.1510 0.7283 0.3220 
4.0301 0.2901 2.1529 0.7405 0.2696 
4.0401 0.2801 2.1478 0.7377 0.2932 
4.0401 0.2801 2.1478 0.7377 0.2932 
4.0301 0.2901 2.1529 0.7405 0.2696 
4.0201 0.2801 2.1509 0.7253 0.2386 
3.9901 0.2901 2.1495 0.7474 0.1601 
4.0301 0.2601 2.1515 0.6803 0.2612 
4.0201 0.2801 2.1509 0.7253 0.2386 
4.0301 0.2601 2.1515 0.6803 0.2612 
3.9901 0.2901 2.1495 0.7474 0.1601 
3.9801 0.2901 2.1501 0.7444 0.1342 
4.0201 0.2801 2.1509 0.7253 0.2386 
4.0501 0.2801 2.1510 0.7283 0.3220 
4.0401 0.2801 2.1478 0.7377 0.2932 
4.0501 0.2801 2.1510 0.7283 0.3220 
4.0201 0.2801 2.1509 0.7253 0.2386 
4.0301 0.2601 2.1515 0.6803 0.2612 
4.0101 0.2701 2.1531 0.6951 0.2084 
4.0301 0.2601 2.1515 0.6803 0.2612 
3.9801 0.2901 2.1501 0.7444 0.1342 
3.9901 0.2601 2.1490 0.6839 0.1465 
4.0101 0.2701 2.1531 0.6951 0.2084 
3.9801 0.2901 2.1501 0.7444 0.1342 
3.9901 0.2501 2.1515 0.6521 0.1431 
4.0101 0.2701 2.1531 0.6951 0.2084 
3.9901 0.2601 2.1490 0.6839 0.1465 
4.0601 0.2501 2.1524 0.6578 0.3465 
4.0501 0.2801 2.1510 0.7283 0.3220 
4.0301 0.2601 2.1515 0.6803 0.2612 
4.0301 0.2601 2.1515 0.6803 0.2612 
4.0101 0.2701 2.1531 0.6951 0.2084 
4.0201 0.2501 2.1521 0.6539 0.2294 
4.0801 0.2601 2.1481 0.6977 0.4047 
4.0601 0.2501 2.1524 0.6578 0.3465 
4.0601 0.2301 2.1499 0.6175 0.3432 
4.0601 0.2301 2.1499 0.6175 0.3432 
4.0601 0.2501 2.1524 0.6578 0.3465 
4.0201 0.2501 2.1521 0.6539 0.2294 
4.0201 0.2501 2.1521 0.6539 0.2294 
4.0101 0.2701 2.1531 0.6951 0.2084 
4.0301 0.2301 2.1493 0.6158 0.2515 
4.0301 0.2301 2.1493 0.6158 0.2515 
3.9901 0.2501 2.1515 0.6521 0.1431 
4.0101 0.2201 2.1511 0.5811 0.1876 
4.0101 0.2701 2.1531 0.6951 0.2084 
3.9901 0.2501 2.1515 0.6521 0.1431 
4.0301 0.2301 2.1493 0.6158 0.2515 
4.0301 0.1880 2.1501 0.4974 0.2376 
4.0301 0.2301 2.1493 0.6158 0.2515 
4.0101 0.2201 2.1511 0.5811 0.1876 
4.0201 0.2101 2.1488 0.5637 0.2132 
4.0301 0.1880 2.1501 0.4974 0.2376 
4.0101 0.2201 2.1511 0.5811 0.1876 
3.9901 0.2101 2.1559 0.5346 0.1253 
4.0201 0.2101 2.1488 0.5637 0.2132 
4.0101 0.2201 2.1511 0.5811 0.1876 
3.9901 0.2201 2.1507 0.5796 0.1276 
3.9901 0.2101 2.1559 0.5346 0.1253 
4.0101 0.2201 2.1511 0.5811 0.1876 
4.0901 0.3001 2.1484 0.7815 0.4327 
4.0701 0.3001 2.1476 0.7820 0.3785 
4.0901 0.2801 2.1504 0.7344 0.4334 
4.0701 0.2701 2.1492 0.7148 0.3767 
4.0901 0.2801 2.1504 0.7344 0.4334 
4.0701 0.3001 2.1476 0.7820 0.3785 
4.0601 0.2901 2.1520 0.7468 0.3513 
4.0701 0.2701 2.1492 0.7148 0.3767 
4.0701 0.3001 2.1476 0.7820 0.3785 
4.0701 0.2701 2.1492 0.7148 0.3767 
4.0601 0.2901 2.1520 0.7468 0.3513 
4.0501 0.2801 2.1510 0.7283 0.3220 
4.0801 0.2601 2.1481 0.6977 0.4047 
4.1101 0.2601 2.1506 0.6927 0.4915 
4.0901 0.2801 2.1504 0.7344 0.4334 
4.0901 0.2801 2.1504 0.7344 0.4334 
4.0701 0.2701 2.1492 0.7148 0.3767 
4.0801 0.2601 2.1481 0.6977 0.4047 
4.0701 0.2701 2.1492 0.7148 0.3767 
4.0501 0.2801 2.1510 0.7283 0.3220 
4.0601 0.2501 2.1524 0.6578 0.3465 
4.0801 0.2601 2.1481 0.6977 0.4047 
4.0901 0.2301 2.1510 0.6178 0.4348 
4.1101 0.2601 2.1506 0.6927 0.4915 
4.0601 0.2301 2.1499 0.6175 0.3432 
4.0901 0.2301 2.1510 0.6178 0.4348 
4.0801 0.2601 2.1481 0.6977 0.4047 
4.0901 0.2301 2.1510 0.6178 0.4348 
4.0601 0.2301 2.1499 0.6175 0.3432 
4.0901 0.2101 2.1485 0.5744 0.4352 
4.0601 0.2301 2.1499 0.6175 0.3432 
4.0601 0.2001 2.1488 0.5414 0.3384 
4.0901 0.2101 2.1485 0.5744 0.4352 
4.1101 0.1901 2.1505 0.5144 0.5019 
4.0901 0.2101 2.1485 0.5744 0.4352 
4.0801 0.2001 2.1497 0.5413 0.4033 
4.0901 0.2101 2.1485 0.5744 0.4352 
4.0601 0.2001 2.1488 0.5414 0.3384 
4.0801 0.2001 2.1497 0.5413 0.4033 
4.0601 0.2501 2.1524 0.6578 0.3465 
4.0301 0.2601 2.1515 0.6803 0.2612 
4.0201 0.2501 2.1521 0.6539 0.2294 
4.0301 0.2301 2.1493 0.6158 0.2515 
4.0601 0.2301 2.1499 0.6175 0.3432 
4.0201 0.2501 2.1521 0.6539 0.2294 
4.0601 0.2001 2.1488 0.5414 0.3384 
4.0301 0.2301 2.1493 0.6158 0.2515 
4.0601 0.1801 2.1501 0.4782 0.3354 
4.0601 0.2301 2.1499 0.6175 0.3432 
4.0301 0.2301 2.1493 0.6158 0.2515 
4.0601 0.2001 2.1488 0.5414 0.3384 
4.0301 0.2301 2.1493 0.6158 0.2515 
4.0301 0.1880 2.1501 0.4974 0.2376 
4.0601 0.1801 2.1501 0.4782 0.3354 
4.1701 0.1101 2.1501 0.2539 0.7520 
4.1801 0.1101 2.1515 0.2512 0.7899 
4.1701 0.1101 2.1501 0.2539 0.7520 
4.1701 0.1101 2.1501 0.2539 0.7520 
4.1801 0.1101 2.1515 0.2512 0.7899 
4.1701 0.1201 2.1499 0.2932 0.7442 
4.1701 0.1101 2.1501 0.2539 0.7520 
4.1701 0.1101 2.1501 0.2539 0.7520 
4.1701 0.1101 2.1501 0.2539 0.7520 
4.1801 0.1101 2.1515 0.2512 0.7899 
4.1701 0.1101 2.1501 0.2539 0.7520 
4.1601 0.0901 2.1528 0.1619 0.7268 
4.1601 0.1079 2.1501 0.2432 0.7147 
4.1601 0.0901 2.1528 0.1619 0.7268 
4.1701 0.1101 2.1501 0.2539 0.7520 
4.1601 0.1079 2.1501 0.2432 0.7147 
4.1701 0.1101 2.1501 0.2539 0.7520 
4.1701 0.1101 2.1501 0.2539 0.7520 
4.1401 0.1501 2.1487 0.3998 0.6166 
4.1601 0.1401 2.1512 0.3601 0.6930 
4.1601 0.1801 2.1471 0.5045 0.6716 
4.1001 0.1301 2.1525 0.3081 0.4761 
4.1101 0.1601 2.1463 0.4367 0.5073 
4.1001 0.1601 2.1506 0.4197 0.4723 
4.1601 0.1301 2.1464 0.3412 0.7010 
4.1601 0.1401 2.1512 0.3601 0.6930 
4.1401 0.1201 2.1493 0.2897 0.6304 
4.1201 0.1201 2.1498 0.2840 0.5539 
4.1401 0.1201 2.1493 0.2897 0.6304 
4.1601 0.1401 2.1512 0.3601 0.6930 
4.1401 0.1501 2.1487 0.3998 0.6166 
4.1201 0.1201 2.1498 0.2840 0.5539 
4.1601 0.1401 2.1512 0.3601 0.6930 
4.1201 0.1201 2.1498 0.2840 0.5539 
4.1001 0.1301 2.1525 0.3081 0.4761 
4.0801 0.1201 2.1530 0.2645 0.4011 
4.1201 0.1201 2.1498 0.2840 0.5539 
4.1101 0.1101 2.1536 0.2295 0.5179 
4.1301 0.1101 2.1482 0.2525 0.5967 
4.0801 0.1201 2.1530 0.2645 0.4011 
4.1101 0.1101 2.1536 0.2295 0.5179 
4.1201 0.1201 2.1498 0.2840 0.5539 
4.1301 0.1101 2.1482 0.2525 0.5967 
4.1601 0.0901 2.1528 0.1619 0.7268 
4.1601 0.1079 2.1501 0.2432 0.7147 
4.1401 0.1201 2.1493 0.2897 0.6304 
4.1301 0.1101 2.1482 0.2525 0.5967 
4.1601 0.1079 2.1501 0.2432 0.7147 
4.1301 0.1101 2.1482 0.2525 0.5967 
4.1101 0.1101 2.1536 0.2295 0.5179 
4.1001 0.1001 2.1511 0.1957 0.4803 
4.2201 0.1901 2.1472 0.5424 0.8620 
4.1801 0.2101 2.1453 0.5980 0.7203 
4.2001 0.1801 2.1483 0.5066 0.8043 
4.1801 0.2101 2.1453 0.5980 0.7203 
4.1601 0.2201 2.1500 0.6051 0.6515 
4.2001 0.1801 2.1483 0.5066 0.8043 
4.1601 0.2201 2.1500 0.6051 0.6515 
4.1601 0.2001 2.1456 0.5672 0.6619 
4.2001 0.1801 2.1483 0.5066 0.8043 
4.1601 0.2001 2.1456 0.5672 0.6619 
4.1401 0.2001 2.1489 0.5529 0.5969 
4.1601 0.1801 2.1471 0.5045 0.6716 
4.2001 0.1801 2.1483 0.5066 0.8043 
4.1601 0.2001 2.1456 0.5672 0.6619 
4.1801 0.1801 2.1489 0.5011 0.7376 
4.1601 0.2001 2.1456 0.5672 0.6619 
4.1601 0.1801 2.1471 0.5045 0.6716 
4.1801 0.1801 2.1489 0.5011 0.7376 
4.1801 0.1801 2.1489 0.5011 0.7376 
4.1901 0.1601 2.1466 0.4492 0.7871 
4.2001 0.1801 2.1483 0.5066 0.8043 
4.1801 0.1801 2.1489 0.5011 0.7376 
4.1601 0.1801 2.1471 0.5045 0.6716 
4.1701 0.1601 2.1454 0.4501 0.7180 
4.1801 0.1801 2.1489 0.5011 0.7376 
4.1701 0.1601 2.1454 0.4501 0.7180 
4.1901 0.1601 2.1466 0.4492 0.7871 
4.1901 0.1601 2.1466 0.4492 0.7871 
4.1701 0.1601 2.1454 0.4501 0.7180 
4.1801 0.1511 2.1501 0.4052 0.7573 
4.1801 0.1511 2.1501 0.4052 0.7573 
4.1701 0.1601 2.1454 0.4501 0.7180 
4.1601 0.1401 2.1512 0.3601 0.6930 
4.1701 0.1601 2.1454 0.4501 0.7180 
4.1601 0.1801 2.1471 0.5045 0.6716 
4.1601 0.1401 2.1512 0.3601 0.6930 
4.1401 0.2001 2.1489 0.5529 0.5969 
4.1101 0.1901 2.1505 0.5144 0.5019 
4.1401 0.1801 2.1458 0.5060 0.6048 
4.1401 0.2001 2.1489 0.5529 0.5969 
4.1401 0.1801 2.1458 0.5060 0.6048 
4.1601 0.1801 2.1471 0.5045 0.6716 
4.1101 0.1901 2.1505 0.5144 0.5019 
4.1201 0.1701 2.1495 0.4588 0.5397 
4.1401 0.1801 2.1458 0.5060 0.6048 
4.1601 0.1801 2.1471 0.5045 0.6716 
4.1401 0.1801 2.1458 0.5060 0.6048 
4.1401 0.1501 2.1487 0.3998 0.6166 
4.1401 0.1501 2.1487 0.3998 0.6166 
4.1401 0.1801 2.1458 0.5060 0.6048 
4.1201 0.1701 2.1495 0.4588 0.5397 
4.1101 0.1901 2.1505 0.5144 0.5019 
4.1001 0.1701 2.1499 0.4544 0.4711 
4.1201 0.1701 2.1495 0.4588 0.5397 
4.1401 0.1501 2.1487 0.3998 0.6166 
4.1201 0.1701 2.1495 0.4588 0.5397 
4.1101 0.1601 2.1463 0.4367 0.5073 
4.1201 0.1701 2.1495 0.4588 0.5397 
4.1001 0.1701 2.1499 0.4544 0.4711 
4.1101 0.1601 2.1463 0.4367 0.5073 
4.1001 0.1701 2.1499 0.4544 0.4711 
4.1001 0.1601 2.1506 0.4197 0.4723 
4.1101 0.1601 2.1463 0.4367 0.5073 
4.2001 0.1401 2.1478 0.3796 0.8392 
4.1801 0.1511 2.1501 0.4052 0.7573 
4.1601 0.1301 2.1464 0.3412 0.7010 
4.1801 0.1511 2.1501 0.4052 0.7573 
4.1601 0.1401 2.1512 0.3601 0.6930 
4.1601 0.1301 2.1464 0.3412 0.7010 
4.2001 0.1101 2.1517 0.2545 0.8667 
4.2001 0.1401 2.1478 0.3796 0.8392 
4.1701 0.1201 2.1499 0.2932 0.7442 
4.2001 0.1401 2.1478 0.3796 0.8392 
4.1601 0.1301 2.1464 0.3412 0.7010 
4.1701 0.1201 2.1499 0.2932 0.7442 
4.1701 0.1201 2.1499 0.2932 0.7442 
4.1801 0.1101 2.1515 0.2512 0.7899 
4.2001 0.1101 2.1517 0.2545 0.8667 
4.1601 0.1079 2.1501 0.2432 0.7147 
4.1701 0.1201 2.1499 0.2932 0.7442 
4.1601 0.1301 2.1464 0.3412 0.7010 
4.1701 0.1101 2.1501 0.2539 0.7520 
4.1701 0.1201 2.1499 0.2932 0.7442 
4.1601 0.1079 2.1501 0.2432 0.7147 
4.1701 0.1101 2.1501 0.2539 0.7520 
4.1701 0.1101 2.1501 0.2539 0.7520 
4.1701 0.1201 2.1499 0.2932 0.7442 
4.1401 0.1201 2.1493 0.2897 0.6304 
4.1601 0.1079 2.1501 0.2432 0.7147 
4.1601 0.1301 2.1464 0.3412 0.7010 
4.2001 0.1101 2.1517 0.2545 0.8667 
4.1801 0.1101 2.1515 0.2512 0.7899 
4.2001 0.0901 2.1495 0.1813 0.8909 
4.1401 0.1501 2.1487 0.3998 0.6166 
4.1101 0.1601 2.1463 0.4367 0.5073 
4.1201 0.1201 2.1498 0.2840 0.5539 
4.1101 0.1601 2.1463 0.4367 0.5073 
4.1001 0.1301 2.1525 0.3081 0.4761 
4.1201 0.1201 2.1498 0.2840 0.5539 
4.1201 0.1201 2.1498 0.2840 0.5539 
4.1301 0.1101 2.1482 0.2525 0.5967 
4.1401 0.1201 2.1493 0.2897 0.6304 
4.0701 0.1701 2.1516 0.4433 0.3684 
4.1001 0.1701 2.1499 0.4544 0.4711 
4.0601 0.1801 2.1501 0.4782 0.3354 
4.1001 0.1701 2.1499 0.4544 0.4711 
4.0701 0.1701 2.1516 0.4433 0.3684 
4.1001 0.1601 2.1506 0.4197 0.4723 
4.0301 0.1301 2.1520 0.2964 0.2145 
4.0701 0.1301 2.1510 0.3074 0.3636 
4.0701 0.1701 2.1516 0.4433 0.3684 
4.0501 0.1580 2.1501 0.4058 0.2961 
4.0301 0.1301 2.1520 0.2964 0.2145 
4.0701 0.1701 2.1516 0.4433 0.3684 
3.9901 0.1901 2.1493 0.5001 0.1103 
4.0301 0.1880 2.1501 0.4974 0.2376 
4.0201 0.2101 2.1488 0.5637 0.2132 
4.0401 0.1801 2.1501 0.4750 0.2681 
4.0401 0.1801 2.1501 0.4750 0.2681 
4.0401 0.1801 2.1501 0.4750 0.2681 
4.0301 0.1880 2.1501 0.4974 0.2376 
4.0401 0.1801 2.1501 0.4750 0.2681 
4.0401 0.1801 2.1501 0.4750 0.2681 
4.0401 0.1801 2.1501 0.4750 0.2681 
4.0401 0.1801 2.1501 0.4750 0.2681 
4.0401 0.1801 2.1501 0.4750 0.2681 
4.0401 0.1801 2.1501 0.4750 0.2681 
4.0301 0.1880 2.1501 0.4974 0.2376 
4.0301 0.1701 2.1513 0.4377 0.2313 
4.0401 0.1801 2.1501 0.4750 0.2681 
4.0401 0.1801 2.1501 0.4750 0.2681 
4.0301 0.1701 2.1513 0.4377 0.2313 
4.0301 0.1880 2.1501 0.4974 0.2376 
4.0201 0.1801 2.1527 0.4627 0.2026 
4.0301 0.1701 2.1513 0.4377 0.2313 
3.9901 0.1901 2.1493 0.5001 0.1103 
4.0001 0.1701 2.1505 0.4356 0.1305 
4.0201 0.1801 2.1527 0.4627 0.2026 
4.0501 0.1580 2.1501 0.4058 0.2961 
4.0701 0.1701 2.1516 0.4433 0.3684 
4.0401 0.1801 2.1501 0.4750 0.2681 
4.0301 0.1701 2.1513 0.4377 0.2313 
4.0501 0.1580 2.1501 0.4058 0.2961 
4.0401 0.1801 2.1501 0.4750 0.2681 
4.0301 0.1701 2.1513 0.4377 0.2313 
4.0201 0.1801 2.1527 0.4627 0.2026 
4.0001 0.1701 2.1505 0.4356 0.1305 
4.0501 0.1580 2.1501 0.4058 0.2961 
4.0301 0.1701 2.1513 0.4377 0.2313 
4.0201 0.1501 2.1533 0.3621 0.1889 
4.0301 0.1701 2.1513 0.4377 0.2313 
4.0001 0.1701 2.1505 0.4356 0.1305 
4.0201 0.1501 2.1533 0.3621 0.1889 
4.0201 0.1501 2.1533 0.3621 0.1889 
4.0001 0.1701 2.1505 0.4356 0.1305 
4.0001 0.1501 2.1528 0.3604 0.1200 
4.1001 0.1301 2.1525 0.3081 0.4761 
4.1001 0.1601 2.1506 0.4197 0.4723 
4.0901 0.1301 2.1522 0.3071 0.4387 
4.1001 0.1601 2.1506 0.4197 0.4723 
4.0701 0.1701 2.1516 0.4433 0.3684 
4.0901 0.1301 2.1522 0.3071 0.4387 
4.1001 0.1301 2.1525 0.3081 0.4761 
4.0901 0.1301 2.1522 0.3071 0.4387 
4.0801 0.1201 2.1530 0.2645 0.4011 
4.0901 0.1301 2.1522 0.3071 0.4387 
4.0701 0.1301 2.1510 0.3074 0.3636 
4.0801 0.1201 2.1530 0.2645 0.4011 
4.0801 0.1201 2.1530 0.2645 0.4011 
4.0701 0.1301 2.1510 0.3074 0.3636 
4.0901 0.0901 2.1526 0.1479 0.4408 
4.0701 0.1301 2.1510 0.3074 0.3636 
4.0501 0.1101 2.1516 0.2239 0.2826 
4.0901 0.0901 2.1526 0.1479 0.4408 
4.1101 0.1101 2.1536 0.2295 0.5179 
4.0801 0.1201 2.1530 0.2645 0.4011 
4.1001 0.1001 2.1511 0.1957 0.4803 
4.0901 0.0901 2.1526 0.1479 0.4408 
4.0501 0.1101 2.1516 0.2239 0.2826 
4.0601 0.1001 2.1531 0.1804 0.3200 
4.0201 0.1501 2.1533 0.3621 0.1889 
4.0001 0.1501 2.1528 0.3604 0.1200 
4.0101 0.1401 2.1517 0.3306 0.1473 
4.0701 0.1301 2.1510 0.3074 0.3636 
4.0301 0.1301 2.1520 0.2964 0.2145 
4.0501 0.1101 2.1516 0.2239 0.2826 
4.0301 0.1301 2.1520 0.2964 0.2145 
4.0101 0.1401 2.1517 0.3306 0.1473 
4.0101 0.1201 2.1509 0.2578 0.1345 
4.0501 0.1101 2.1516 0.2239 0.2826 
4.0301 0.1301 2.1520 0.2964 0.2145 
4.0301 0.0901 2.1530 0.1341 0.1947 
4.0301 0.1301 2.1520 0.2964 0.2145 
4.0101 0.1201 2.1509 0.2578 0.1345 
4.0301 0.0901 2.1530 0.1341 0.1947 
3.9901 0.1201 2.1529 0.2467 0.0704 
4.0301 0.0901 2.1530 0.1341 0.1947 
4.0101 0.1201 2.1509 0.2578 0.1345 
4.0301 0.0901 2.1530 0.1341 0.1947 
3.9901 0.1201 2.1529 0.2467 0.0704 
4.0101 0.1001 2.1548 0.1643 0.1241 
4.1001 0.1701 2.1499 0.4544 0.4711 
4.0801 0.2001 2.1497 0.5413 0.4033 
4.0601 0.2001 2.1488 0.5414 0.3384 
4.1001 0.1701 2.1499 0.4544 0.4711 
4.1101 0.1901 2.1505 0.5144 0.5019 
4.0801 0.2001 2.1497 0.5413 0.4033 
4.1001 0.1701 2.1499 0.4544 0.4711 
4.0601 0.2001 2.1488 0.5414 0.3384 
4.0601 0.1801 2.1501 0.4782 0.3354 
4.0601 0.1801 2.1501 0.4782 0.3354 
4.0501 0.1801 2.1485 0.4823 0.3012 
4.0701 0.1701 2.1516 0.4433 0.3684 
4.0601 0.1801 2.1501 0.4782 0.3354 
4.0301 0.1880 2.1501 0.4974 0.2376 
4.0501 0.1801 2.1485 0.4823 0.3012 
4.0401 0.1801 2.1501 0.4750 0.2681 
4.0401 0.1801 2.1501 0.4750 0.2681 
4.0501 0.1801 2.1485 0.4823 0.3012 
4.0401 0.1801 2.1501 0.4750 0.2681 
4.0501 0.1801 2.1485 0.4823 0.3012 
4.0301 0.1880 2.1501 0.4974 0.2376 
4.0401 0.1801 2.1501 0.4750 0.2681 
4.0401 0.1801 2.1501 0.4750 0.2681 
4.0501 0.1801 2.1485 0.4823 0.3012 
4.0401 0.1801 2.1501 0.4750 0.2681 
4.0701 0.1701 2.1516 0.4433 0.3684 
4.0501 0.1801 2.1485 0.4823 0.3012 
4.0301 0.1880 2.1501 0.4974 0.2376 
3.9901 0.1901 2.1493 0.5001 0.1103 
4.0201 0.1801 2.1527 0.4627 0.2026 
4.0701 0.1701 2.1516 0.4433 0.3684 
4.0701 0.1301 2.1510 0.3074 0.3636 
4.0901 0.1301 2.1522 0.3071 0.4387 
4.0101 0.1401 2.1517 0.3306 0.1473 
4.0501 0.1580 2.1501 0.4058 0.2961 
4.0201 0.1501 2.1533 0.3621 0.1889 
4.0301 0.1301 2.1520 0.2964 0.2145 
4.0501 0.1580 2.1501 0.4058 0.2961 
4.0101 0.1401 2.1517 0.3306 0.1473 
3.9701 0.2993 2.1501 0.7621 0.1132 
3.9801 0.2801 2.1506 0.7219 0.1298 
3.9801 0.2901 2.1501 0.7444 0.1342 
3.9701 0.2993 2.1501 0.7621 0.1132 
3.9401 0.3101 2.1547 0.7656 0.0592 
3.9801 0.2801 2.1506 0.7219 0.1298 
3.9801 0.2901 2.1501 0.7444 0.1342 
3.9801 0.2801 2.1506 0.7219 0.1298 
3.9801 0.2901 2.1501 0.7444 0.1342 
3.9601 0.2601 2.1529 0.6672 0.0728 
3.9801 0.2801 2.1506 0.7219 0.1298 
3.9401 0.2801 2.1510 0.7158 0.0529 
3.9801 0.2901 2.1501 0.7444 0.1342 
3.9801 0.2801 2.1506 0.7219 0.1298 
3.9901 0.2601 2.1490 0.6839 0.1465 
3.9901 0.2601 2.1490 0.6839 0.1465 
3.9801 0.2801 2.1506 0.7219 0.1298 
3.9601 0.2601 2.1529 0.6672 0.0728 
3.9601 0.2601 2.1529 0.6672 0.0728 
3.9701 0.2401 2.1529 0.6208 0.0855 
3.9901 0.2501 2.1515 0.6521 0.1431 
3.9901 0.2601 2.1490 0.6839 0.1465 
3.9601 0.2601 2.1529 0.6672 0.0728 
3.9901 0.2501 2.1515 0.6521 0.1431 
3.9801 0.2801 2.1506 0.7219 0.1298 
3.9401 0.3101 2.1547 0.7656 0.0592 
3.9401 0.2801 2.1510 0.7158 0.0529 
3.9701 0.2401 2.1529 0.6208 0.0855 
3.9601 0.2601 2.1529 0.6672 0.0728 
3.9601 0.2501 2.1534 0.6420 0.0686 
3.9601 0.2401 2.1501 0.6290 0.0630 
3.9701 0.2401 2.1529 0.6208 0.0855 
3.9601 0.2501 2.1534 0.6420 0.0686 
3.9601 0.2401 2.1501 0.6290 0.0630 
3.9601 0.2501 2.1534 0.6420 0.0686 
3.9601 0.2401 2.1501 0.6290 0.0630 
3.9601 0.2401 2.1501 0.6290 0.0630 
3.9601 0.2501 2.1534 0.6420 0.0686 
3.9501 0.2401 2.1519 0.6214 0.0530 
3.9601 0.2401 2.1501 0.6290 0.0630 
3.9501 0.2401 2.1519 0.6214 0.0530 
3.9601 0.2401 2.1501 0.6290 0.0630 
4.0101 0.2201 2.1511 0.5811 0.1876 
3.9901 0.2501 2.1515 0.6521 0.1431 
3.9901 0.2201 2.1507 0.5796 0.1276 
3.9901 0.2201 2.1507 0.5796 0.1276 
3.9701 0.2401 2.1529 0.6208 0.0855 
3.9801 0.2101 2.1501 0.5533 0.0936 
3.9901 0.2501 2.1515 0.6521 0.1431 
3.9701 0.2401 2.1529 0.6208 0.0855 
3.9901 0.2201 2.1507 0.5796 0.1276 
3.9801 0.2101 2.1501 0.5533 0.0936 
3.9701 0.2401 2.1529 0.6208 0.0855 
3.9601 0.2301 2.1513 0.5995 0.0598 
3.9601 0.2401 2.1501 0.6290 0.0630 
3.9601 0.2301 2.1513 0.5995 0.0598 
3.9701 0.2401 2.1529 0.6208 0.0855 
3.9601 0.2401 2.1501 0.6290 0.0630 
3.9701 0.2401 2.1529 0.6208 0.0855 
3.9601 0.2401 2.1501 0.6290 0.0630 
3.9601 0.2401 2.1501 0.6290 0.0630 
3.9501 0.2401 2.1519 0.6214 0.0530 
3.9601 0.2301 2.1513 0.5995 0.0598 
3.9601 0.2401 2.1501 0.6290 0.0630 
3.9601 0.2301 2.1513 0.5995 0.0598 
3.9601 0.2401 2.1501 0.6290 0.0630 
3.9801 0.2101 2.1501 0.5533 0.0936 
3.9901 0.2101 2.1559 0.5346 0.1253 
3.9901 0.2201 2.1507 0.5796 0.1276 
3.9801 0.2101 2.1501 0.5533 0.0936 
3.9601 0.2301 2.1513 0.5995 0.0598 
3.9701 0.2101 2.1537 0.5394 0.0709 
4.0201 0.2101 2.1488 0.5637 0.2132 
3.9901 0.2101 2.1559 0.5346 0.1253 
3.9801 0.2101 2.1501 0.5533 0.0936 
3.9801 0.2101 2.1501 0.5533 0.0936 
3.9701 0.2101 2.1537 0.5394 0.0709 
3.9901 0.1901 2.1493 0.5001 0.1103 
3.9901 0.2901 2.1495 0.7474 0.1601 
3.9701 0.2993 2.1501 0.7621 0.1132 
3.9801 0.2901 2.1501 0.7444 0.1342 
3.9701 0.2993 2.1501 0.7621 0.1132 
3.9801 0.2901 2.1501 0.7444 0.1342 
3.9801 0.2901 2.1501 0.7444 0.1342 
3.9901 0.2901 2.1495 0.7474 0.1601 
3.9801 0.2901 2.1501 0.7444 0.1342 
3.9801 0.2901 2.1501 0.7444 0.1342 
3.9801 0.2901 2.1501 0.7444 0.1342 
3.9801 0.2901 2.1501 0.7444 0.1342 
3.9801 0.2901 2.1501 0.7444 0.1342 
3.9601 0.2401 2.1501 0.6290 0.0630 
3.9601 0.2401 2.1501 0.6290 0.0630 
3.9601 0.2401 2.1501 0.6290 0.0630 
3.9601 0.2401 2.1501 0.6290 0.0630 
3.9601 0.2401 2.1501 0.6290 0.0630 
3.9601 0.2401 2.1501 0.6290 0.0630 
3.9601 0.2401 2.1501 0.6290 0.0630 
3.9601 0.2401 2.1501 0.6290 0.0630 
3.9601 0.2401 2.1501 0.6290 0.0630 
3.9601 0.2401 2.1501 0.6290 0.0630 
3.9601 0.2401 2.1501 0.6290 0.0630 
3.9601 0.2401 2.1501 0.6290 0.0630 
3.9901 0.1901 2.1493 0.5001 0.1103 
3.9701 0.2101 2.1537 0.5394 0.0709 
3.9801 0.1801 2.1493 0.4683 0.0765 
4.0001 0.1701 2.1505 0.4356 0.1305 
3.9901 0.1901 2.1493 0.5001 0.1103 
3.9801 0.1801 2.1493 0.4683 0.0765 
3.9801 0.1801 2.1493 0.4683 0.0765 
4.0001 0.1501 2.1528 0.3604 0.1200 
4.0001 0.1701 2.1505 0.4356 0.1305 
4.0101 0.1201 2.1509 0.2578 0.1345 
4.0101 0.1401 2.1517 0.3306 0.1473 
3.9901 0.1201 2.1529 0.2467 0.0704 
3.9901 0.1901 2.1493 0.5001 0.1103 
4.0201 0.2101 2.1488 0.5637 0.2132 
3.9801 0.2101 2.1501 0.5533 0.0936 
4.2072 0.0601 2.1501 0.0759 0.9600 
4.1601 0.0901 2.1528 0.1619 0.7268 
4.1601 0.0701 2.1496 0.0949 0.7448 
4.1901 0.0801 2.1518 0.1312 0.8598 
4.1601 0.0901 2.1528 0.1619 0.7268 
4.2072 0.0601 2.1501 0.0759 0.9600 
4.2001 0.0901 2.1495 0.1813 0.8909 
4.1901 0.0801 2.1518 0.1312 0.8598 
4.2072 0.0601 2.1501 0.0759 0.9600 
4.2072 0.0601 2.1501 0.0759 0.9600 
4.1601 0.0701 2.1496 0.0949 0.7448 
4.1701 0.0601 2.1525 0.0734 0.7959 
4.1601 0.0901 2.1528 0.1619 0.7268 
4.1301 0.1101 2.1482 0.2525 0.5967 
4.1401 0.0801 2.1540 0.1148 0.6510 
4.1401 0.0801 2.1540 0.1148 0.6510 
4.1301 0.1101 2.1482 0.2525 0.5967 
4.1101 0.0901 2.1508 0.1578 0.5230 
4.1001 0.1001 2.1511 0.1957 0.4803 
4.1101 0.0901 2.1508 0.1578 0.5230 
4.1301 0.1101 2.1482 0.2525 0.5967 
4.1001 0.0901 2.1501 0.1579 0.4818 
4.1101 0.0901 2.1508 0.1578 0.5230 
4.1001 0.1001 2.1511 0.1957 0.4803 
4.1001 0.0901 2.1501 0.1579 0.4818 
4.1001 0.1001 2.1511 0.1957 0.4803 
4.1001 0.0901 2.1501 0.1579 0.4818 
4.1601 0.0901 2.1528 0.1619 0.7268 
4.1401 0.0801 2.1540 0.1148 0.6510 
4.1601 0.0701 2.1496 0.0949 0.7448 
4.1001 0.0901 2.1501 0.1579 0.4818 
4.1001 0.0801 2.1534 0.1089 0.4836 
4.1101 0.0901 2.1508 0.1578 0.5230 
4.1001 0.0901 2.1501 0.1579 0.4818 
4.1101 0.0901 2.1508 0.1578 0.5230 
4.1001 0.0901 2.1501 0.1579 0.4818 
4.1601 0.0901 2.1528 0.1619 0.7268 
4.2001 0.0901 2.1495 0.1813 0.8909 
4.1801 0.1101 2.1515 0.2512 0.7899 
4.1901 0.0801 2.1518 0.1312 0.8598 
4.2001 0.0901 2.1495 0.1813 0.8909 
4.1601 0.0901 2.1528 0.1619 0.7268 
4.1001 0.0901 2.1501 0.1579 0.4818 
4.1001 0.0901 2.1501 0.1579 0.4818 
4.1001 0.0901 2.1501 0.1579 0.4818 
4.1001 0.0901 2.1501 0.1579 0.4818 
4.1001 0.0901 2.1501 0.1579 0.4818 
4.1001 0.0901 2.1501 0.1579 0.4818 
4.1001 0.1001 2.1511 0.1957 0.4803 
4.0801 0.1201 2.1530 0.2645 0.4011 
4.0901 0.0901 2.1526 0.1479 0.4408 
4.1001 0.0901 2.1501 0.1579 0.4818 
4.1001 0.1001 2.1511 0.1957 0.4803 
4.0901 0.0901 2.1526 0.1479 0.4408 
4.1001 0.0901 2.1501 0.1579 0.4818 
4.0901 0.0901 2.1526 0.1479 0.4408 
4.1001 0.0901 2.1501 0.1579 0.4818 
4.0901 0.0901 2.1526 0.1479 0.4408 
4.0601 0.1001 2.1531 0.1804 0.3200 
4.0801 0.0801 2.1514 0.1105 0.3989 
4.1001 0.0901 2.1501 0.1579 0.4818 
4.0901 0.0901 2.1526 0.1479 0.4408 
4.1001 0.0801 2.1534 0.1089 0.4836 
4.1001 0.0901 2.1501 0.1579 0.4818 
4.1001 0.0801 2.1534 0.1089 0.4836 
4.1001 0.0901 2.1501 0.1579 0.4818 
4.0801 0.0801 2.1514 0.1105 0.3989 
4.0601 0.1001 2.1531 0.1804 0.3200 
4.0601 0.0701 2.1525 0.0769 0.3118 
4.0601 0.1001 2.1531 0.1804 0.3200 
4.0501 0.1101 2.1516 0.2239 0.2826 
4.0301 0.0901 2.1530 0.1341 0.1947 
4.0601 0.1001 2.1531 0.1804 0.3200 
4.0301 0.0901 2.1530 0.1341 0.1947 
4.0601 0.0701 2.1525 0.0769 0.3118 
4.0201 0.0701 2.1512 0.0753 0.1396 
4.0301 0.0901 2.1530 0.1341 0.1947 
4.0101 0.0801 2.1530 0.0941 0.1085 
4.0301 0.0901 2.1530 0.1341 0.1947 
4.0201 0.0701 2.1512 0.0753 0.1396 
4.0601 0.0701 2.1525 0.0769 0.3118 
4.1001 0.0901 2.1501 0.1579 0.4818 
4.1001 0.0901 2.1501 0.1579 0.4818 
4.1001 0.0901 2.1501 0.1579 0.4818 
4.1001 0.0901 2.1501 0.1579 0.4818 
4.1001 0.0901 2.1501 0.1579 0.4818 
4.1001 0.0901 2.1501 0.1579 0.4818 
