NUMPOLLIES 258.000000 

4.2101 -0.3099 2.1601 0.7392 0.9750 
4.2001 -0.2899 2.1629 0.8426 0.9343 
4.1901 -0.2999 2.1616 0.7867 0.8979 
4.2101 -0.3099 2.1601 0.7392 0.9750 
4.1901 -0.2999 2.1616 0.7867 0.8979 
4.2001 -0.3099 2.1646 0.7374 0.9315 
4.2101 -0.3499 2.1524 0.5271 0.9837 
4.2101 -0.3399 2.1671 0.5885 0.9640 
4.2001 -0.3299 2.1642 0.6345 0.9315 
4.2101 -0.3799 2.1621 0.3879 0.9687 
4.2001 -0.3599 2.1661 0.4865 0.9282 
4.2001 -0.3899 2.1660 0.3428 0.9276 
4.2201 -0.3899 2.1660 0.3476 0.9989 
4.2101 -0.3799 2.1621 0.3879 0.9687 
4.2001 -0.3899 2.1660 0.3428 0.9276 
4.2001 -0.2699 2.1648 0.9496 0.9325 
4.1801 -0.2599 2.1620 1.0000 0.8594 
4.1901 -0.2799 2.1635 0.8932 0.8958 
4.2001 -0.2799 2.1549 0.8983 0.9452 
4.2001 -0.2699 2.1648 0.9496 0.9325 
4.1901 -0.2799 2.1635 0.8932 0.8958 
4.1901 -0.2799 2.1635 0.8932 0.8958 
4.1801 -0.2599 2.1620 1.0000 0.8594 
4.1801 -0.2899 2.1649 0.8369 0.8565 
4.1601 -0.2799 2.1638 0.8848 0.7820 
4.1801 -0.2899 2.1649 0.8369 0.8565 
4.1801 -0.2599 2.1620 1.0000 0.8594 
4.1901 -0.2799 2.1635 0.8932 0.8958 
4.1801 -0.2899 2.1649 0.8369 0.8565 
4.2001 -0.2899 2.1629 0.8426 0.9343 
4.1801 -0.2899 2.1649 0.8369 0.8565 
4.1601 -0.2799 2.1638 0.8848 0.7820 
4.1701 -0.2899 2.1555 0.8348 0.8281 
4.1601 -0.2799 2.1638 0.8848 0.7820 
4.1401 -0.2699 2.1638 0.9331 0.7056 
4.1501 -0.2899 2.1641 0.8287 0.7446 
4.1701 -0.2899 2.1555 0.8348 0.8281 
4.1601 -0.2799 2.1638 0.8848 0.7820 
4.1501 -0.2899 2.1641 0.8287 0.7446 
4.2001 -0.2899 2.1629 0.8426 0.9343 
4.1801 -0.2899 2.1649 0.8369 0.8565 
4.1901 -0.2999 2.1616 0.7867 0.8979 
4.1501 -0.2899 2.1641 0.8287 0.7446 
4.1501 -0.3099 2.1612 0.7231 0.7481 
4.1601 -0.2999 2.1633 0.7786 0.7834 
4.1701 -0.2899 2.1555 0.8348 0.8281 
4.1501 -0.2899 2.1641 0.8287 0.7446 
4.1601 -0.2999 2.1633 0.7786 0.7834 
4.1401 -0.2699 2.1638 0.9331 0.7056 
4.1601 -0.2799 2.1638 0.8848 0.7820 
4.1401 -0.2599 2.1552 0.9923 0.7100 
4.2001 -0.2799 2.1549 0.8983 0.9452 
4.1901 -0.2799 2.1635 0.8932 0.8958 
4.2001 -0.2899 2.1629 0.8426 0.9343 
4.1801 -0.2899 2.1649 0.8369 0.8565 
4.1701 -0.2899 2.1555 0.8348 0.8281 
4.1901 -0.2999 2.1616 0.7867 0.8979 
4.1201 -0.2648 2.1601 0.9567 0.6305 
4.1201 -0.2699 2.1649 0.9271 0.6293 
4.1301 -0.2699 2.1601 0.9317 0.6695 
4.1201 -0.2648 2.1601 0.9567 0.6305 
4.1101 -0.2599 2.1638 0.9791 0.5904 
4.1201 -0.2699 2.1649 0.9271 0.6293 
4.1201 -0.2899 2.1644 0.8204 0.6321 
4.1501 -0.2899 2.1641 0.8287 0.7446 
4.1401 -0.2699 2.1638 0.9331 0.7056 
4.1301 -0.2699 2.1601 0.9317 0.6695 
4.1201 -0.2899 2.1644 0.8204 0.6321 
4.1401 -0.2699 2.1638 0.9331 0.7056 
4.1301 -0.2699 2.1601 0.9317 0.6695 
4.1401 -0.2699 2.1638 0.9331 0.7056 
4.1301 -0.2699 2.1601 0.9317 0.6695 
4.1301 -0.2699 2.1601 0.9317 0.6695 
4.1248 -0.2799 2.1601 0.8757 0.6502 
4.1201 -0.2899 2.1644 0.8204 0.6321 
4.1301 -0.2699 2.1601 0.9317 0.6695 
4.1201 -0.2699 2.1649 0.9271 0.6293 
4.1201 -0.2763 2.1601 0.8941 0.6320 
4.1201 -0.2763 2.1601 0.8941 0.6320 
4.1201 -0.2699 2.1649 0.9271 0.6293 
4.1001 -0.2799 2.1618 0.8685 0.5561 
4.1201 -0.2763 2.1601 0.8941 0.6320 
4.1201 -0.2899 2.1644 0.8204 0.6321 
4.1248 -0.2799 2.1601 0.8757 0.6502 
4.1201 -0.2763 2.1601 0.8941 0.6320 
4.1001 -0.2799 2.1618 0.8685 0.5561 
4.1201 -0.2899 2.1644 0.8204 0.6321 
4.1501 -0.3099 2.1612 0.7231 0.7481 
4.1501 -0.2899 2.1641 0.8287 0.7446 
4.1201 -0.2899 2.1644 0.8204 0.6321 
4.1101 -0.2999 2.1636 0.7651 0.5963 
4.1201 -0.2899 2.1644 0.8204 0.6321 
4.1001 -0.2999 2.1646 0.7625 0.5589 
4.1301 -0.2699 2.1601 0.9317 0.6695 
4.1401 -0.2599 2.1552 0.9923 0.7100 
4.1301 -0.2699 2.1601 0.9317 0.6695 
4.1301 -0.2699 2.1601 0.9317 0.6695 
4.1401 -0.2699 2.1638 0.9331 0.7056 
4.1401 -0.2599 2.1552 0.9923 0.7100 
4.1201 -0.2648 2.1601 0.9567 0.6305 
4.1301 -0.2699 2.1601 0.9317 0.6695 
4.1301 -0.2699 2.1601 0.9317 0.6695 
4.1301 -0.2699 2.1601 0.9317 0.6695 
4.1301 -0.2699 2.1601 0.9317 0.6695 
4.1301 -0.2699 2.1601 0.9317 0.6695 
4.1201 -0.2763 2.1601 0.8941 0.6320 
4.1248 -0.2799 2.1601 0.8757 0.6502 
4.1301 -0.2699 2.1601 0.9317 0.6695 
4.1301 -0.2699 2.1601 0.9317 0.6695 
4.1201 -0.2763 2.1601 0.8941 0.6320 
4.1301 -0.2699 2.1601 0.9317 0.6695 
4.1248 -0.2799 2.1601 0.8757 0.6502 
4.1301 -0.2699 2.1601 0.9317 0.6695 
4.1301 -0.2699 2.1601 0.9317 0.6695 
4.0901 -0.2899 2.1646 0.8122 0.5200 
4.0601 -0.2599 2.1621 0.9657 0.4003 
4.0601 -0.2799 2.1652 0.8569 0.4062 
4.1001 -0.2799 2.1618 0.8685 0.5561 
4.0601 -0.2599 2.1621 0.9657 0.4003 
4.0901 -0.2899 2.1646 0.8122 0.5200 
4.1201 -0.2899 2.1644 0.8204 0.6321 
4.1001 -0.2799 2.1618 0.8685 0.5561 
4.0901 -0.2899 2.1646 0.8122 0.5200 
4.0901 -0.2899 2.1646 0.8122 0.5200 
4.0601 -0.2799 2.1652 0.8569 0.4062 
4.0601 -0.2999 2.1581 0.7505 0.4091 
4.0601 -0.2999 2.1581 0.7505 0.4091 
4.0601 -0.2799 2.1652 0.8569 0.4062 
4.0601 -0.2899 2.1632 0.8040 0.4081 
4.1001 -0.2999 2.1646 0.7625 0.5589 
4.1201 -0.2899 2.1644 0.8204 0.6321 
4.0901 -0.2899 2.1646 0.8122 0.5200 
4.1001 -0.2999 2.1646 0.7625 0.5589 
4.0901 -0.2899 2.1646 0.8122 0.5200 
4.0901 -0.2999 2.1570 0.7586 0.5223 
4.0901 -0.2899 2.1646 0.8122 0.5200 
4.0601 -0.2999 2.1581 0.7505 0.4091 
4.0801 -0.2999 2.1637 0.7569 0.4847 
4.0901 -0.2999 2.1570 0.7586 0.5223 
4.0901 -0.2899 2.1646 0.8122 0.5200 
4.0801 -0.2999 2.1637 0.7569 0.4847 
4.0601 -0.2999 2.1581 0.7505 0.4091 
4.0601 -0.2899 2.1632 0.8040 0.4081 
4.0501 -0.2999 2.1641 0.7489 0.3738 
4.0201 -0.2599 2.1615 0.9546 0.2491 
4.0001 -0.2499 2.1647 1.0021 0.1746 
4.0201 -0.2999 2.1640 0.7408 0.2637 
4.0201 -0.2999 2.1640 0.7408 0.2637 
4.0001 -0.2499 2.1647 1.0021 0.1746 
3.9901 -0.2599 2.1624 0.9457 0.1401 
4.0601 -0.2799 2.1652 0.8569 0.4062 
4.0201 -0.2599 2.1615 0.9546 0.2491 
4.0601 -0.2899 2.1632 0.8040 0.4081 
4.0601 -0.2899 2.1632 0.8040 0.4081 
4.0201 -0.2599 2.1615 0.9546 0.2491 
4.0201 -0.2999 2.1640 0.7408 0.2637 
4.0201 -0.2999 2.1640 0.7408 0.2637 
3.9901 -0.2599 2.1624 0.9457 0.1401 
3.9901 -0.2799 2.1649 0.8377 0.1498 
4.0601 -0.2899 2.1632 0.8040 0.4081 
4.0201 -0.2999 2.1640 0.7408 0.2637 
4.0501 -0.2999 2.1641 0.7489 0.3738 
4.0201 -0.2999 2.1640 0.7408 0.2637 
3.9901 -0.2799 2.1649 0.8377 0.1498 
3.9901 -0.2899 2.1601 0.7846 0.1486 
4.0501 -0.2999 2.1641 0.7489 0.3738 
4.0201 -0.2999 2.1640 0.7408 0.2637 
4.0401 -0.3099 2.1649 0.6947 0.3401 
3.9801 -0.2699 2.1598 0.8893 0.1066 
3.9901 -0.2599 2.1624 0.9457 0.1401 
3.9701 -0.2499 2.1608 0.9958 0.0706 
3.9901 -0.2599 2.1624 0.9457 0.1401 
3.9801 -0.2699 2.1598 0.8893 0.1066 
3.9901 -0.2799 2.1649 0.8377 0.1498 
3.9801 -0.2699 2.1598 0.8893 0.1066 
3.9601 -0.2799 2.1608 0.8297 0.0572 
3.9901 -0.2799 2.1649 0.8377 0.1498 
3.9701 -0.2899 2.1648 0.7795 0.0872 
3.9901 -0.2899 2.1601 0.7846 0.1486 
3.9901 -0.2799 2.1649 0.8377 0.1498 
3.9601 -0.2799 2.1608 0.8297 0.0572 
3.9701 -0.2899 2.1648 0.7795 0.0872 
3.9901 -0.2799 2.1649 0.8377 0.1498 
4.0001 -0.2999 2.1630 0.7352 0.1906 
3.9901 -0.2899 2.1601 0.7846 0.1486 
3.9701 -0.2899 2.1648 0.7795 0.0872 
4.1701 -0.2899 2.1555 0.8348 0.8281 
4.1601 -0.2999 2.1633 0.7786 0.7834 
4.1701 -0.3099 2.1656 0.7296 0.8190 
4.1901 -0.2999 2.1616 0.7867 0.8979 
4.1701 -0.3099 2.1656 0.7296 0.8190 
4.1801 -0.3199 2.1607 0.6790 0.8612 
4.1601 -0.3199 2.1640 0.6749 0.7838 
4.1801 -0.3199 2.1607 0.6790 0.8612 
4.1701 -0.3099 2.1656 0.7296 0.8190 
4.1601 -0.3199 2.1640 0.6749 0.7838 
4.1701 -0.3099 2.1656 0.7296 0.8190 
4.1601 -0.2999 2.1633 0.7786 0.7834 
4.1501 -0.3099 2.1612 0.7231 0.7481 
4.1401 -0.3199 2.1656 0.6703 0.7088 
4.1601 -0.3199 2.1640 0.6749 0.7838 
4.1801 -0.3199 2.1607 0.6790 0.8612 
4.2001 -0.3299 2.1642 0.6345 0.9315 
4.2001 -0.3199 2.1516 0.6809 0.9482 
4.1801 -0.3199 2.1607 0.6790 0.8612 
4.1601 -0.3199 2.1640 0.6749 0.7838 
4.1701 -0.3399 2.1670 0.5781 0.8185 
4.1701 -0.3399 2.1670 0.5781 0.8185 
4.1401 -0.3199 2.1656 0.6703 0.7088 
4.1501 -0.3399 2.1646 0.5713 0.7477 
4.1601 -0.3199 2.1640 0.6749 0.7838 
4.1401 -0.3199 2.1656 0.6703 0.7088 
4.1701 -0.3399 2.1670 0.5781 0.8185 
4.2001 -0.3299 2.1642 0.6345 0.9315 
4.1801 -0.3199 2.1607 0.6790 0.8612 
4.1901 -0.3499 2.1631 0.5306 0.8956 
4.1801 -0.3199 2.1607 0.6790 0.8612 
4.1701 -0.3399 2.1670 0.5781 0.8185 
4.1901 -0.3499 2.1631 0.5306 0.8956 
4.1901 -0.2999 2.1616 0.7867 0.8979 
4.1701 -0.2899 2.1555 0.8348 0.8281 
4.1701 -0.3099 2.1656 0.7296 0.8190 
4.1901 -0.2999 2.1616 0.7867 0.8979 
4.2001 -0.3199 2.1516 0.6809 0.9482 
4.2001 -0.3099 2.1646 0.7374 0.9315 
4.2001 -0.3199 2.1516 0.6809 0.9482 
4.1901 -0.2999 2.1616 0.7867 0.8979 
4.1801 -0.3199 2.1607 0.6790 0.8612 
4.1601 -0.2999 2.1633 0.7786 0.7834 
4.1501 -0.3099 2.1612 0.7231 0.7481 
4.1601 -0.3199 2.1640 0.6749 0.7838 
4.2101 -0.3499 2.1524 0.5271 0.9837 
4.2001 -0.3299 2.1642 0.6345 0.9315 
4.1901 -0.3499 2.1631 0.5306 0.8956 
4.1501 -0.3099 2.1612 0.7231 0.7481 
4.1201 -0.2899 2.1644 0.8204 0.6321 
4.1401 -0.3199 2.1656 0.6703 0.7088 
4.1401 -0.3199 2.1656 0.6703 0.7088 
4.1101 -0.2999 2.1636 0.7651 0.5963 
4.1201 -0.3199 2.1655 0.6650 0.6354 
4.1201 -0.2899 2.1644 0.8204 0.6321 
4.1101 -0.2999 2.1636 0.7651 0.5963 
4.1401 -0.3199 2.1656 0.6703 0.7088 
4.1201 -0.3199 2.1655 0.6650 0.6354 
4.1001 -0.2999 2.1646 0.7625 0.5589 
4.1101 -0.3299 2.1642 0.6109 0.6005 
4.1101 -0.2999 2.1636 0.7651 0.5963 
4.1001 -0.2999 2.1646 0.7625 0.5589 
4.1201 -0.3199 2.1655 0.6650 0.6354 
4.1401 -0.3199 2.1656 0.6703 0.7088 
4.1201 -0.3199 2.1655 0.6650 0.6354 
4.1101 -0.3299 2.1642 0.6109 0.6005 
4.1501 -0.3399 2.1646 0.5713 0.7477 
4.1401 -0.3199 2.1656 0.6703 0.7088 
4.1301 -0.3399 2.1639 0.5656 0.6750 
4.1401 -0.3199 2.1656 0.6703 0.7088 
4.1101 -0.3299 2.1642 0.6109 0.6005 
4.1301 -0.3399 2.1639 0.5656 0.6750 
4.1301 -0.3399 2.1639 0.5656 0.6750 
4.1101 -0.3299 2.1642 0.6109 0.6005 
4.1301 -0.3599 2.1653 0.4680 0.6763 
4.2101 -0.3499 2.1524 0.5271 0.9837 
4.1901 -0.3499 2.1631 0.5306 0.8956 
4.2001 -0.3599 2.1661 0.4865 0.9282 
4.1901 -0.3499 2.1631 0.5306 0.8956 
4.1701 -0.3399 2.1670 0.5781 0.8185 
4.1701 -0.3599 2.1650 0.4778 0.8210 
4.1701 -0.3399 2.1670 0.5781 0.8185 
4.1501 -0.3399 2.1646 0.5713 0.7477 
4.1701 -0.3599 2.1650 0.4778 0.8210 
4.1701 -0.3599 2.1650 0.4778 0.8210 
4.1501 -0.3399 2.1646 0.5713 0.7477 
4.1301 -0.3599 2.1653 0.4680 0.6763 
4.2001 -0.3599 2.1661 0.4865 0.9282 
4.1901 -0.3499 2.1631 0.5306 0.8956 
4.1701 -0.3599 2.1650 0.4778 0.8210 
4.1701 -0.3599 2.1650 0.4778 0.8210 
4.1301 -0.3599 2.1653 0.4680 0.6763 
4.1501 -0.3699 2.1612 0.4201 0.7520 
4.1701 -0.3699 2.1545 0.4176 0.8310 
4.1701 -0.3599 2.1650 0.4778 0.8210 
4.1501 -0.3699 2.1612 0.4201 0.7520 
4.2001 -0.3899 2.1660 0.3428 0.9276 
4.1701 -0.3599 2.1650 0.4778 0.8210 
4.1801 -0.3699 2.1642 0.4310 0.8580 
4.2001 -0.3599 2.1661 0.4865 0.9282 
4.1701 -0.3599 2.1650 0.4778 0.8210 
4.2001 -0.3899 2.1660 0.3428 0.9276 
4.1601 -0.3799 2.1661 0.3802 0.7848 
4.1901 -0.3899 2.1630 0.3364 0.8953 
4.1801 -0.3699 2.1642 0.4310 0.8580 
4.1701 -0.3699 2.1545 0.4176 0.8310 
4.1601 -0.3799 2.1661 0.3802 0.7848 
4.1801 -0.3699 2.1642 0.4310 0.8580 
4.1501 -0.3699 2.1612 0.4201 0.7520 
4.1501 -0.3899 2.1633 0.3271 0.7517 
4.1601 -0.3799 2.1661 0.3802 0.7848 
4.1501 -0.3699 2.1612 0.4201 0.7520 
4.1601 -0.3799 2.1661 0.3802 0.7848 
4.1701 -0.3699 2.1545 0.4176 0.8310 
4.2001 -0.3899 2.1660 0.3428 0.9276 
4.1801 -0.3699 2.1642 0.4310 0.8580 
4.1901 -0.3899 2.1630 0.3364 0.8953 
4.1901 -0.3899 2.1630 0.3364 0.8953 
4.1601 -0.3799 2.1661 0.3802 0.7848 
4.1801 -0.3899 2.1545 0.3224 0.8682 
4.1801 -0.3899 2.1545 0.3224 0.8682 
4.1601 -0.3799 2.1661 0.3802 0.7848 
4.1601 -0.3899 2.1534 0.3159 0.7957 
4.1801 -0.3999 2.1647 0.2897 0.8578 
4.2001 -0.4199 2.1647 0.2045 0.9284 
4.1901 -0.3899 2.1630 0.3364 0.8953 
4.1701 -0.3599 2.1650 0.4778 0.8210 
4.1701 -0.3699 2.1545 0.4176 0.8310 
4.1801 -0.3699 2.1642 0.4310 0.8580 
4.1601 -0.3899 2.1534 0.3159 0.7957 
4.1601 -0.3799 2.1661 0.3802 0.7848 
4.1501 -0.3899 2.1633 0.3271 0.7517 
4.1901 -0.3899 2.1630 0.3364 0.8953 
4.1801 -0.3899 2.1545 0.3224 0.8682 
4.1801 -0.3999 2.1647 0.2897 0.8578 
4.1801 -0.3899 2.1545 0.3224 0.8682 
4.1601 -0.3899 2.1534 0.3159 0.7957 
4.1801 -0.3999 2.1647 0.2897 0.8578 
4.1801 -0.3999 2.1647 0.2897 0.8578 
4.1601 -0.3899 2.1534 0.3159 0.7957 
4.1501 -0.3999 2.1670 0.2859 0.7497 
4.1601 -0.3899 2.1534 0.3159 0.7957 
4.1501 -0.3899 2.1633 0.3271 0.7517 
4.1501 -0.3999 2.1670 0.2859 0.7497 
4.1501 -0.3399 2.1646 0.5713 0.7477 
4.1301 -0.3399 2.1639 0.5656 0.6750 
4.1301 -0.3599 2.1653 0.4680 0.6763 
4.1301 -0.3599 2.1653 0.4680 0.6763 
4.1101 -0.3299 2.1642 0.6109 0.6005 
4.1001 -0.3599 2.1623 0.4574 0.5689 
4.1101 -0.3299 2.1642 0.6109 0.6005 
4.0801 -0.3299 2.1662 0.6042 0.4908 
4.1001 -0.3599 2.1623 0.4574 0.5689 
4.1201 -0.3699 2.1640 0.4157 0.6419 
4.1301 -0.3599 2.1653 0.4680 0.6763 
4.1001 -0.3599 2.1623 0.4574 0.5689 
4.1501 -0.3899 2.1633 0.3271 0.7517 
4.1301 -0.3599 2.1653 0.4680 0.6763 
4.1201 -0.3699 2.1640 0.4157 0.6419 
4.1501 -0.3699 2.1612 0.4201 0.7520 
4.1301 -0.3599 2.1653 0.4680 0.6763 
4.1501 -0.3899 2.1633 0.3271 0.7517 
4.1501 -0.3899 2.1633 0.3271 0.7517 
4.1201 -0.3699 2.1640 0.4157 0.6419 
4.1501 -0.3999 2.1670 0.2859 0.7497 
4.1501 -0.3999 2.1670 0.2859 0.7497 
4.1201 -0.3699 2.1640 0.4157 0.6419 
4.1301 -0.3899 2.1601 0.3178 0.6818 
4.1301 -0.3899 2.1601 0.3178 0.6818 
4.1101 -0.3799 2.1679 0.3702 0.6062 
4.1101 -0.3899 2.1645 0.3190 0.6085 
4.1201 -0.3699 2.1640 0.4157 0.6419 
4.1101 -0.3799 2.1679 0.3702 0.6062 
4.1301 -0.3899 2.1601 0.3178 0.6818 
4.1101 -0.3999 2.1616 0.2685 0.6107 
4.1101 -0.3799 2.1679 0.3702 0.6062 
4.1001 -0.3999 2.1666 0.2735 0.5741 
4.1101 -0.3899 2.1645 0.3190 0.6085 
4.1101 -0.3799 2.1679 0.3702 0.6062 
4.1101 -0.3999 2.1616 0.2685 0.6107 
4.1001 -0.3599 2.1623 0.4574 0.5689 
4.1001 -0.3699 2.1562 0.4017 0.5716 
4.1201 -0.3699 2.1640 0.4157 0.6419 
4.1201 -0.3699 2.1640 0.4157 0.6419 
4.1001 -0.3699 2.1562 0.4017 0.5716 
4.1101 -0.3799 2.1679 0.3702 0.6062 
4.0501 -0.2999 2.1641 0.7489 0.3738 
4.0801 -0.2999 2.1637 0.7569 0.4847 
4.0601 -0.2999 2.1581 0.7505 0.4091 
4.0801 -0.3199 2.1633 0.6534 0.4887 
4.1101 -0.3299 2.1642 0.6109 0.6005 
4.1001 -0.2999 2.1646 0.7625 0.5589 
4.0801 -0.3199 2.1633 0.6534 0.4887 
4.1001 -0.2999 2.1646 0.7625 0.5589 
4.0901 -0.2999 2.1570 0.7586 0.5223 
4.0901 -0.2999 2.1570 0.7586 0.5223 
4.0801 -0.2999 2.1637 0.7569 0.4847 
4.0801 -0.3199 2.1633 0.6534 0.4887 
4.0801 -0.3199 2.1633 0.6534 0.4887 
4.0501 -0.2999 2.1641 0.7489 0.3738 
4.0401 -0.3099 2.1649 0.6947 0.3401 
4.0801 -0.2999 2.1637 0.7569 0.4847 
4.0501 -0.2999 2.1641 0.7489 0.3738 
4.0801 -0.3199 2.1633 0.6534 0.4887 
4.0801 -0.3299 2.1662 0.6042 0.4908 
4.0801 -0.3199 2.1633 0.6534 0.4887 
4.0701 -0.3399 2.1635 0.5497 0.4563 
4.0801 -0.3199 2.1633 0.6534 0.4887 
4.0401 -0.3099 2.1649 0.6947 0.3401 
4.0701 -0.3399 2.1635 0.5497 0.4563 
4.0701 -0.3399 2.1635 0.5497 0.4563 
4.0401 -0.3099 2.1649 0.6947 0.3401 
4.0501 -0.3299 2.1650 0.5957 0.3817 
4.1101 -0.3299 2.1642 0.6109 0.6005 
4.0801 -0.3199 2.1633 0.6534 0.4887 
4.0801 -0.3299 2.1662 0.6042 0.4908 
4.1001 -0.3599 2.1623 0.4574 0.5689 
4.0801 -0.3299 2.1662 0.6042 0.4908 
4.0701 -0.3399 2.1635 0.5497 0.4563 
4.0801 -0.3599 2.1645 0.4546 0.4965 
4.0501 -0.3299 2.1650 0.5957 0.3817 
4.0501 -0.3499 2.1633 0.4948 0.3861 
4.0701 -0.3399 2.1635 0.5497 0.4563 
4.0501 -0.3299 2.1650 0.5957 0.3817 
4.0801 -0.3599 2.1645 0.4546 0.4965 
4.0401 -0.3099 2.1649 0.6947 0.3401 
4.0201 -0.2999 2.1640 0.7408 0.2637 
4.0301 -0.3199 2.1617 0.6393 0.3048 
4.0301 -0.3199 2.1617 0.6393 0.3048 
3.9901 -0.2899 2.1601 0.7846 0.1486 
4.0101 -0.3099 2.1655 0.6869 0.2318 
4.0201 -0.2999 2.1640 0.7408 0.2637 
3.9901 -0.2899 2.1601 0.7846 0.1486 
4.0301 -0.3199 2.1617 0.6393 0.3048 
4.0101 -0.3099 2.1655 0.6869 0.2318 
3.9901 -0.2899 2.1601 0.7846 0.1486 
4.0001 -0.2999 2.1630 0.7352 0.1906 
4.0101 -0.3099 2.1655 0.6869 0.2318 
4.0001 -0.2999 2.1630 0.7352 0.1906 
4.0001 -0.3199 2.1616 0.6313 0.1961 
4.0401 -0.3099 2.1649 0.6947 0.3401 
4.0301 -0.3199 2.1617 0.6393 0.3048 
4.0501 -0.3299 2.1650 0.5957 0.3817 
4.0501 -0.3299 2.1650 0.5957 0.3817 
4.0301 -0.3199 2.1617 0.6393 0.3048 
4.0201 -0.3299 2.1660 0.5885 0.2742 
4.0301 -0.3199 2.1617 0.6393 0.3048 
4.0101 -0.3099 2.1655 0.6869 0.2318 
4.0201 -0.3299 2.1660 0.5885 0.2742 
4.0101 -0.3099 2.1655 0.6869 0.2318 
4.0001 -0.3199 2.1616 0.6313 0.1961 
4.0201 -0.3299 2.1660 0.5885 0.2742 
4.0501 -0.3299 2.1650 0.5957 0.3817 
4.0201 -0.3299 2.1660 0.5885 0.2742 
4.0001 -0.3399 2.1669 0.5343 0.2073 
4.1001 -0.3599 2.1623 0.4574 0.5689 
4.0701 -0.3399 2.1635 0.5497 0.4563 
4.0801 -0.3599 2.1645 0.4546 0.4965 
4.1001 -0.3599 2.1623 0.4574 0.5689 
4.0801 -0.3599 2.1645 0.4546 0.4965 
4.0801 -0.3699 2.1672 0.4093 0.4984 
4.0801 -0.3699 2.1672 0.4093 0.4984 
4.0501 -0.3499 2.1633 0.4948 0.3861 
4.0401 -0.3699 2.1674 0.3996 0.3570 
4.0801 -0.3599 2.1645 0.4546 0.4965 
4.0501 -0.3499 2.1633 0.4948 0.3861 
4.0801 -0.3699 2.1672 0.4093 0.4984 
4.0801 -0.3699 2.1672 0.4093 0.4984 
4.1101 -0.3799 2.1679 0.3702 0.6062 
4.1001 -0.3699 2.1562 0.4017 0.5716 
4.0801 -0.3699 2.1672 0.4093 0.4984 
4.0401 -0.3699 2.1674 0.3996 0.3570 
4.0701 -0.3799 2.1660 0.3580 0.4649 
4.1101 -0.3799 2.1679 0.3702 0.6062 
4.0801 -0.3699 2.1672 0.4093 0.4984 
4.1001 -0.3999 2.1666 0.2735 0.5741 
4.0801 -0.3699 2.1672 0.4093 0.4984 
4.0701 -0.3799 2.1660 0.3580 0.4649 
4.1001 -0.3999 2.1666 0.2735 0.5741 
4.1001 -0.3999 2.1666 0.2735 0.5741 
4.0701 -0.3799 2.1660 0.3580 0.4649 
4.1001 -0.4199 2.1677 0.1871 0.5768 
4.1001 -0.4199 2.1677 0.1871 0.5768 
4.0701 -0.3799 2.1660 0.3580 0.4649 
4.0401 -0.3699 2.1674 0.3996 0.3570 
4.1001 -0.3699 2.1562 0.4017 0.5716 
4.1001 -0.3599 2.1623 0.4574 0.5689 
4.0801 -0.3699 2.1672 0.4093 0.4984 
4.0501 -0.3499 2.1633 0.4948 0.3861 
4.0501 -0.3299 2.1650 0.5957 0.3817 
4.0401 -0.3699 2.1674 0.3996 0.3570 
4.0401 -0.3699 2.1674 0.3996 0.3570 
4.0001 -0.3399 2.1669 0.5343 0.2073 
4.0201 -0.3599 2.1627 0.4376 0.2810 
4.0501 -0.3299 2.1650 0.5957 0.3817 
4.0001 -0.3399 2.1669 0.5343 0.2073 
4.0401 -0.3699 2.1674 0.3996 0.3570 
4.0001 -0.3399 2.1669 0.5343 0.2073 
3.9901 -0.3499 2.1664 0.4824 0.1756 
4.0201 -0.3599 2.1627 0.4376 0.2810 
4.0301 -0.3799 2.1647 0.3466 0.3232 
4.0201 -0.3599 2.1627 0.4376 0.2810 
4.0101 -0.3799 2.1642 0.3411 0.2528 
4.0101 -0.3799 2.1642 0.3411 0.2528 
3.9901 -0.3499 2.1664 0.4824 0.1756 
4.0001 -0.3899 2.1655 0.2940 0.2223 
4.0201 -0.3599 2.1627 0.4376 0.2810 
3.9901 -0.3499 2.1664 0.4824 0.1756 
4.0101 -0.3799 2.1642 0.3411 0.2528 
4.0401 -0.3699 2.1674 0.3996 0.3570 
4.0201 -0.3599 2.1627 0.4376 0.2810 
4.0301 -0.3799 2.1647 0.3466 0.3232 
4.0201 -0.3899 2.1652 0.2982 0.2912 
4.0301 -0.3799 2.1647 0.3466 0.3232 
4.0101 -0.3799 2.1642 0.3411 0.2528 
4.0401 -0.3699 2.1674 0.3996 0.3570 
4.0301 -0.3799 2.1647 0.3466 0.3232 
4.0401 -0.3999 2.1649 0.2569 0.3636 
4.0401 -0.3999 2.1649 0.2569 0.3636 
4.0201 -0.3899 2.1652 0.2982 0.2912 
4.0101 -0.3999 2.1660 0.2516 0.2600 
4.0301 -0.3799 2.1647 0.3466 0.3232 
4.0201 -0.3899 2.1652 0.2982 0.2912 
4.0401 -0.3999 2.1649 0.2569 0.3636 
4.0201 -0.3899 2.1652 0.2982 0.2912 
4.0101 -0.3799 2.1642 0.3411 0.2528 
4.0101 -0.3999 2.1660 0.2516 0.2600 
4.0101 -0.3799 2.1642 0.3411 0.2528 
4.0001 -0.3899 2.1655 0.2940 0.2223 
4.0101 -0.3999 2.1660 0.2516 0.2600 
4.1801 -0.3999 2.1647 0.2897 0.8578 
4.1501 -0.3999 2.1670 0.2859 0.7497 
4.1601 -0.4099 2.1635 0.2377 0.7882 
4.1601 -0.4099 2.1635 0.2377 0.7882 
4.1501 -0.3999 2.1670 0.2859 0.7497 
4.1501 -0.4099 2.1540 0.2204 0.7596 
4.2001 -0.4199 2.1647 0.2045 0.9284 
4.1801 -0.3999 2.1647 0.2897 0.8578 
4.1601 -0.4099 2.1635 0.2377 0.7882 
4.1901 -0.4299 2.1633 0.1576 0.8946 
4.1601 -0.4099 2.1635 0.2377 0.7882 
4.1801 -0.4399 2.1655 0.1202 0.8574 
4.2001 -0.4199 2.1647 0.2045 0.9284 
4.1601 -0.4099 2.1635 0.2377 0.7882 
4.1901 -0.4299 2.1633 0.1576 0.8946 
4.1801 -0.4399 2.1655 0.1202 0.8574 
4.1501 -0.4199 2.1666 0.1964 0.7512 
4.1501 -0.4299 2.1658 0.1532 0.7524 
4.1601 -0.4099 2.1635 0.2377 0.7882 
4.1501 -0.4199 2.1666 0.1964 0.7512 
4.1801 -0.4399 2.1655 0.1202 0.8574 
4.2001 -0.4399 2.1665 0.1256 0.9257 
4.2001 -0.4199 2.1647 0.2045 0.9284 
4.1901 -0.4299 2.1633 0.1576 0.8946 
4.1901 -0.4399 2.1552 0.1063 0.9035 
4.2001 -0.4399 2.1665 0.1256 0.9257 
4.1901 -0.4299 2.1633 0.1576 0.8946 
4.1901 -0.4399 2.1552 0.1063 0.9035 
4.1901 -0.4299 2.1633 0.1576 0.8946 
4.1801 -0.4399 2.1655 0.1202 0.8574 
4.1901 -0.4499 2.1667 0.0914 0.8908 
4.2001 -0.4399 2.1665 0.1256 0.9257 
4.1901 -0.4399 2.1552 0.1063 0.9035 
4.1901 -0.4399 2.1552 0.1063 0.9035 
4.1801 -0.4399 2.1655 0.1202 0.8574 
4.1901 -0.4499 2.1667 0.0914 0.8908 
4.1801 -0.4399 2.1655 0.1202 0.8574 
4.1501 -0.4299 2.1658 0.1532 0.7524 
4.1401 -0.4399 2.1612 0.1065 0.7211 
4.1601 -0.4099 2.1635 0.2377 0.7882 
4.1501 -0.4099 2.1540 0.2204 0.7596 
4.1501 -0.4199 2.1666 0.1964 0.7512 
4.1501 -0.3999 2.1670 0.2859 0.7497 
4.1301 -0.3899 2.1601 0.3178 0.6818 
4.1401 -0.4099 2.1658 0.2367 0.7160 
4.1501 -0.4099 2.1540 0.2204 0.7596 
4.1501 -0.3999 2.1670 0.2859 0.7497 
4.1401 -0.4099 2.1658 0.2367 0.7160 
4.1301 -0.3899 2.1601 0.3178 0.6818 
4.1101 -0.3899 2.1645 0.3190 0.6085 
4.1401 -0.4099 2.1658 0.2367 0.7160 
4.1101 -0.3999 2.1616 0.2685 0.6107 
4.1001 -0.3999 2.1666 0.2735 0.5741 
4.1001 -0.4199 2.1677 0.1871 0.5768 
4.1501 -0.4199 2.1666 0.1964 0.7512 
4.1101 -0.3899 2.1645 0.3190 0.6085 
4.1301 -0.4299 2.1673 0.1515 0.6820 
4.1401 -0.4099 2.1658 0.2367 0.7160 
4.1101 -0.3899 2.1645 0.3190 0.6085 
4.1501 -0.4199 2.1666 0.1964 0.7512 
4.1301 -0.4299 2.1673 0.1515 0.6820 
4.1101 -0.3999 2.1616 0.2685 0.6107 
4.1001 -0.4199 2.1677 0.1871 0.5768 
4.1101 -0.3899 2.1645 0.3190 0.6085 
4.1101 -0.3999 2.1616 0.2685 0.6107 
4.1301 -0.4299 2.1673 0.1515 0.6820 
4.1501 -0.4299 2.1658 0.1532 0.7524 
4.1501 -0.4199 2.1666 0.1964 0.7512 
4.1301 -0.4299 2.1673 0.1515 0.6820 
4.1301 -0.4299 2.1673 0.1515 0.6820 
4.1001 -0.4199 2.1677 0.1871 0.5768 
4.1301 -0.4399 2.1639 0.1087 0.6846 
4.1301 -0.4399 2.1639 0.1087 0.6846 
4.1001 -0.4199 2.1677 0.1871 0.5768 
4.0901 -0.4399 2.1670 0.1064 0.5454 
4.1401 -0.4399 2.1612 0.1065 0.7211 
4.1301 -0.4299 2.1673 0.1515 0.6820 
4.1301 -0.4399 2.1639 0.1087 0.6846 
4.1501 -0.4299 2.1658 0.1532 0.7524 
4.1301 -0.4299 2.1673 0.1515 0.6820 
4.1401 -0.4399 2.1612 0.1065 0.7211 
4.1501 -0.4099 2.1540 0.2204 0.7596 
4.1401 -0.4099 2.1658 0.2367 0.7160 
4.1501 -0.4199 2.1666 0.1964 0.7512 
4.1001 -0.4199 2.1677 0.1871 0.5768 
4.0401 -0.3699 2.1674 0.3996 0.3570 
4.0801 -0.4199 2.1648 0.1779 0.5075 
4.0801 -0.4199 2.1648 0.1779 0.5075 
4.0401 -0.3699 2.1674 0.3996 0.3570 
4.0501 -0.4099 2.1680 0.2194 0.4018 
4.0401 -0.3699 2.1674 0.3996 0.3570 
4.0401 -0.3999 2.1649 0.2569 0.3636 
4.0501 -0.4099 2.1680 0.2194 0.4018 
4.0801 -0.4199 2.1648 0.1779 0.5075 
4.0501 -0.4099 2.1680 0.2194 0.4018 
4.0701 -0.4199 2.1614 0.1702 0.4724 
4.0701 -0.4199 2.1614 0.1702 0.4724 
4.0501 -0.4099 2.1680 0.2194 0.4018 
4.0401 -0.4199 2.1671 0.1730 0.3694 
4.1001 -0.4199 2.1677 0.1871 0.5768 
4.0801 -0.4199 2.1648 0.1779 0.5075 
4.0901 -0.4399 2.1670 0.1064 0.5454 
4.0801 -0.4199 2.1648 0.1779 0.5075 
4.0701 -0.4199 2.1614 0.1702 0.4724 
4.0901 -0.4399 2.1670 0.1064 0.5454 
4.0901 -0.4399 2.1670 0.1064 0.5454 
4.0701 -0.4199 2.1614 0.1702 0.4724 
4.0401 -0.4199 2.1671 0.1730 0.3694 
4.0901 -0.4399 2.1670 0.1064 0.5454 
4.0401 -0.4199 2.1671 0.1730 0.3694 
4.0501 -0.4399 2.1680 0.1012 0.4085 
4.0901 -0.4499 2.1645 0.0780 0.5473 
4.0501 -0.4399 2.1680 0.1012 0.4085 
4.0501 -0.4499 2.1645 0.0754 0.4098 
4.0901 -0.4399 2.1670 0.1064 0.5454 
4.0501 -0.4399 2.1680 0.1012 0.4085 
4.0901 -0.4499 2.1645 0.0780 0.5473 
4.0501 -0.4099 2.1680 0.2194 0.4018 
4.0401 -0.3999 2.1649 0.2569 0.3636 
4.0401 -0.4099 2.1555 0.1972 0.3625 
4.0401 -0.3999 2.1649 0.2569 0.3636 
4.0101 -0.3999 2.1660 0.2516 0.2600 
4.0201 -0.4099 2.1651 0.2081 0.2968 
4.0401 -0.4099 2.1555 0.1972 0.3625 
4.0401 -0.4199 2.1671 0.1730 0.3694 
4.0501 -0.4099 2.1680 0.2194 0.4018 
4.0201 -0.4099 2.1651 0.2081 0.2968 
4.0101 -0.4199 2.1668 0.1660 0.2664 
4.0401 -0.4199 2.1671 0.1730 0.3694 
4.0201 -0.4099 2.1651 0.2081 0.2968 
4.0401 -0.4199 2.1671 0.1730 0.3694 
4.0401 -0.4099 2.1555 0.1972 0.3625 
4.0401 -0.4199 2.1671 0.1730 0.3694 
4.0101 -0.4199 2.1668 0.1660 0.2664 
4.0301 -0.4299 2.1615 0.1221 0.3350 
4.0501 -0.4399 2.1680 0.1012 0.4085 
4.0401 -0.4199 2.1671 0.1730 0.3694 
4.0501 -0.4499 2.1645 0.0754 0.4098 
4.0401 -0.4199 2.1671 0.1730 0.3694 
4.0301 -0.4299 2.1615 0.1221 0.3350 
4.0501 -0.4499 2.1645 0.0754 0.4098 
4.0501 -0.4499 2.1645 0.0754 0.4098 
4.0101 -0.4199 2.1668 0.1660 0.2664 
3.9901 -0.4299 2.1665 0.1223 0.2018 
4.0301 -0.4299 2.1615 0.1221 0.3350 
4.0101 -0.4199 2.1668 0.1660 0.2664 
4.0501 -0.4499 2.1645 0.0754 0.4098 
4.0101 -0.4199 2.1668 0.1660 0.2664 
3.9901 -0.4199 2.1685 0.1646 0.2002 
3.9901 -0.4299 2.1665 0.1223 0.2018 
4.0501 -0.4499 2.1645 0.0754 0.4098 
3.9901 -0.4299 2.1665 0.1223 0.2018 
4.0101 -0.4499 2.1648 0.0739 0.2738 
4.0401 -0.4099 2.1555 0.1972 0.3625 
4.0401 -0.3999 2.1649 0.2569 0.3636 
4.0201 -0.4099 2.1651 0.2081 0.2968 
4.0001 -0.3199 2.1616 0.6313 0.1961 
4.0001 -0.2999 2.1630 0.7352 0.1906 
3.9801 -0.3099 2.1631 0.6780 0.1244 
4.0001 -0.2999 2.1630 0.7352 0.1906 
3.9701 -0.2899 2.1648 0.7795 0.0872 
3.9801 -0.3099 2.1631 0.6780 0.1244 
4.0201 -0.3299 2.1660 0.5885 0.2742 
4.0001 -0.3199 2.1616 0.6313 0.1961 
3.9801 -0.3099 2.1631 0.6780 0.1244 
4.0001 -0.3399 2.1669 0.5343 0.2073 
3.9801 -0.3099 2.1631 0.6780 0.1244 
3.9801 -0.3299 2.1630 0.5761 0.1314 
4.0201 -0.3299 2.1660 0.5885 0.2742 
3.9801 -0.3099 2.1631 0.6780 0.1244 
4.0001 -0.3399 2.1669 0.5343 0.2073 
3.9801 -0.3299 2.1630 0.5761 0.1314 
3.9801 -0.3099 2.1631 0.6780 0.1244 
3.9701 -0.3499 2.1628 0.4739 0.1055 
3.9801 -0.3099 2.1631 0.6780 0.1244 
3.9601 -0.3199 2.1647 0.6224 0.0693 
3.9701 -0.3499 2.1628 0.4739 0.1055 
4.0001 -0.3399 2.1669 0.5343 0.2073 
3.9801 -0.3299 2.1630 0.5761 0.1314 
3.9901 -0.3399 2.1548 0.5219 0.1613 
3.9801 -0.3299 2.1630 0.5761 0.1314 
3.9701 -0.3499 2.1628 0.4739 0.1055 
3.9901 -0.3399 2.1548 0.5219 0.1613 
3.9701 -0.3499 2.1628 0.4739 0.1055 
3.9601 -0.3199 2.1647 0.6224 0.0693 
3.9501 -0.3499 2.1642 0.4702 0.0567 
3.9501 -0.3499 2.1642 0.4702 0.0567 
3.9601 -0.3199 2.1647 0.6224 0.0693 
3.9501 -0.3299 2.1628 0.5681 0.0537 
3.9901 -0.3399 2.1548 0.5219 0.1613 
3.9701 -0.3499 2.1628 0.4739 0.1055 
3.9901 -0.3499 2.1664 0.4824 0.1756 
4.0001 -0.3399 2.1669 0.5343 0.2073 
3.9901 -0.3399 2.1548 0.5219 0.1613 
3.9901 -0.3499 2.1664 0.4824 0.1756 
3.9801 -0.3699 2.1643 0.3813 0.1466 
3.9701 -0.3499 2.1628 0.4739 0.1055 
3.9701 -0.3599 2.1687 0.4315 0.1149 
3.9901 -0.3499 2.1664 0.4824 0.1756 
3.9701 -0.3499 2.1628 0.4739 0.1055 
3.9801 -0.3699 2.1643 0.3813 0.1466 
3.9701 -0.3599 2.1687 0.4315 0.1149 
3.9701 -0.3499 2.1628 0.4739 0.1055 
3.9501 -0.3499 2.1642 0.4702 0.0567 
4.0001 -0.3899 2.1655 0.2940 0.2223 
3.9901 -0.3499 2.1664 0.4824 0.1756 
3.9801 -0.3699 2.1643 0.3813 0.1466 
3.9801 -0.3699 2.1643 0.3813 0.1466 
3.9701 -0.3599 2.1687 0.4315 0.1149 
3.9601 -0.3699 2.1668 0.3793 0.0863 
3.9701 -0.3599 2.1687 0.4315 0.1149 
3.9501 -0.3499 2.1642 0.4702 0.0567 
3.9601 -0.3699 2.1668 0.3793 0.0863 
4.0001 -0.3899 2.1655 0.2940 0.2223 
3.9801 -0.3699 2.1643 0.3813 0.1466 
3.9601 -0.3699 2.1668 0.3793 0.0863 
4.0001 -0.3899 2.1655 0.2940 0.2223 
3.9601 -0.3699 2.1668 0.3793 0.0863 
3.9801 -0.4099 2.1697 0.2063 0.1649 
3.9801 -0.4099 2.1697 0.2063 0.1649 
3.9601 -0.3699 2.1668 0.3793 0.0863 
3.9701 -0.3999 2.1638 0.2389 0.1236 
4.0101 -0.3999 2.1660 0.2516 0.2600 
4.0001 -0.3899 2.1655 0.2940 0.2223 
3.9901 -0.4099 2.1641 0.1997 0.1934 
4.0001 -0.3899 2.1655 0.2940 0.2223 
3.9801 -0.4099 2.1697 0.2063 0.1649 
3.9901 -0.4099 2.1641 0.1997 0.1934 
4.0101 -0.3999 2.1660 0.2516 0.2600 
3.9901 -0.4099 2.1641 0.1997 0.1934 
4.0201 -0.4099 2.1651 0.2081 0.2968 
4.0101 -0.4199 2.1668 0.1660 0.2664 
3.9901 -0.4099 2.1641 0.1997 0.1934 
3.9901 -0.4199 2.1685 0.1646 0.2002 
4.0201 -0.4099 2.1651 0.2081 0.2968 
3.9901 -0.4099 2.1641 0.1997 0.1934 
4.0101 -0.4199 2.1668 0.1660 0.2664 
3.9901 -0.4099 2.1641 0.1997 0.1934 
3.9801 -0.4099 2.1697 0.2063 0.1649 
3.9901 -0.4199 2.1685 0.1646 0.2002 
3.9901 -0.4199 2.1685 0.1646 0.2002 
3.9801 -0.4099 2.1697 0.2063 0.1649 
3.9701 -0.3999 2.1638 0.2389 0.1236 
3.9701 -0.3999 2.1638 0.2389 0.1236 
3.9601 -0.4299 2.1701 0.1222 0.1087 
3.9701 -0.4399 2.1666 0.0877 0.1397 
3.9701 -0.3999 2.1638 0.2389 0.1236 
3.9401 -0.4099 2.1637 0.1878 0.0537 
3.9601 -0.4299 2.1701 0.1222 0.1087 
3.9701 -0.4399 2.1666 0.0877 0.1397 
3.9901 -0.4299 2.1665 0.1223 0.2018 
3.9901 -0.4199 2.1685 0.1646 0.2002 
4.0101 -0.4499 2.1648 0.0739 0.2738 
3.9901 -0.4299 2.1665 0.1223 0.2018 
3.9701 -0.4399 2.1666 0.0877 0.1397 
3.9701 -0.3999 2.1638 0.2389 0.1236 
3.9701 -0.4399 2.1666 0.0877 0.1397 
3.9901 -0.4199 2.1685 0.1646 0.2002 
