NUMPOLLIES 351.000000 

4.2201 -0.6058 2.0601 0.9387 0.9267 
4.2101 -0.5989 2.0701 0.9830 0.8962 
4.2001 -0.5961 2.0601 0.9672 0.8746 
4.2101 -0.5989 2.0701 0.9830 0.8962 
4.1901 -0.6023 2.0601 0.9450 0.8430 
4.2001 -0.5961 2.0601 0.9672 0.8746 
4.2101 -0.6040 2.0101 0.8152 0.9303 
4.2301 -0.6019 2.0101 0.8257 0.9936 
4.2201 -0.6049 2.0201 0.8410 0.9534 
4.2101 -0.6040 2.0101 0.8152 0.9303 
4.2201 -0.6024 2.0001 0.7944 0.9696 
4.2301 -0.6019 2.0101 0.8257 0.9936 
4.2201 -0.6058 2.0601 0.9387 0.9267 
4.2301 -0.6074 2.0701 0.9584 0.9477 
4.2101 -0.5989 2.0701 0.9830 0.8962 
4.2301 -0.6074 2.0701 0.9584 0.9477 
4.2201 -0.6058 2.0601 0.9387 0.9267 
4.2201 -0.6022 2.0501 0.9266 0.9351 
4.2301 -0.5999 2.0495 0.9345 0.9662 
4.2301 -0.6074 2.0701 0.9584 0.9477 
4.2201 -0.6022 2.0501 0.9266 0.9351 
4.2001 -0.5961 2.0601 0.9672 0.8746 
4.2201 -0.6022 2.0501 0.9266 0.9351 
4.2201 -0.6058 2.0601 0.9387 0.9267 
4.2201 -0.6022 2.0501 0.9266 0.9351 
4.2301 -0.6087 2.0401 0.8821 0.9668 
4.2301 -0.5999 2.0495 0.9345 0.9662 
4.2001 -0.5961 2.0601 0.9672 0.8746 
4.2001 -0.6055 2.0401 0.8874 0.8809 
4.2201 -0.6022 2.0501 0.9266 0.9351 
4.2101 -0.6048 2.0301 0.8660 0.9168 
4.2301 -0.6087 2.0401 0.8821 0.9668 
4.2201 -0.6022 2.0501 0.9266 0.9351 
4.2301 -0.6031 2.0301 0.8750 0.9777 
4.2301 -0.6087 2.0401 0.8821 0.9668 
4.2101 -0.6048 2.0301 0.8660 0.9168 
4.2101 -0.6048 2.0301 0.8660 0.9168 
4.2201 -0.6022 2.0501 0.9266 0.9351 
4.2001 -0.6055 2.0401 0.8874 0.8809 
4.2001 -0.5997 2.0301 0.8812 0.8898 
4.2101 -0.6048 2.0301 0.8660 0.9168 
4.2001 -0.6055 2.0401 0.8874 0.8809 
4.2201 -0.6049 2.0201 0.8410 0.9534 
4.2301 -0.6031 2.0301 0.8750 0.9777 
4.2101 -0.6048 2.0301 0.8660 0.9168 
4.2301 -0.6019 2.0101 0.8257 0.9936 
4.2301 -0.6031 2.0301 0.8750 0.9777 
4.2201 -0.6049 2.0201 0.8410 0.9534 
4.2201 -0.6049 2.0201 0.8410 0.9534 
4.2101 -0.6048 2.0301 0.8660 0.9168 
4.2101 -0.6040 2.0101 0.8152 0.9303 
4.2101 -0.6040 2.0101 0.8152 0.9303 
4.2101 -0.6048 2.0301 0.8660 0.9168 
4.2001 -0.5997 2.0301 0.8812 0.8898 
4.2001 -0.6022 2.0001 0.7915 0.9069 
4.2101 -0.6040 2.0101 0.8152 0.9303 
4.2001 -0.5997 2.0301 0.8812 0.8898 
4.2101 -0.6040 2.0101 0.8152 0.9303 
4.2101 -0.6031 1.9801 0.7316 0.9520 
4.2201 -0.6024 2.0001 0.7944 0.9696 
4.2101 -0.6031 1.9801 0.7316 0.9520 
4.2001 -0.6022 2.0001 0.7915 0.9069 
4.2001 -0.6042 1.9901 0.7563 0.9122 
4.2101 -0.6031 1.9801 0.7316 0.9520 
4.2101 -0.6040 2.0101 0.8152 0.9303 
4.2001 -0.6022 2.0001 0.7915 0.9069 
4.2001 -0.6112 1.9801 0.7037 0.9145 
4.2101 -0.6031 1.9801 0.7316 0.9520 
4.2001 -0.6042 1.9901 0.7563 0.9122 
4.2001 -0.6029 1.9701 0.6999 0.9268 
4.2201 -0.6114 1.9701 0.6759 0.9860 
4.2101 -0.6031 1.9801 0.7316 0.9520 
4.2001 -0.6112 1.9801 0.7037 0.9145 
4.2001 -0.6029 1.9701 0.6999 0.9268 
4.2101 -0.6031 1.9801 0.7316 0.9520 
4.2001 -0.6101 1.9601 0.6450 0.9290 
4.2101 -0.6099 1.9501 0.6145 0.9700 
4.2001 -0.6029 1.9701 0.6999 0.9268 
4.2101 -0.6099 1.9501 0.6145 0.9700 
4.2001 -0.6101 1.9601 0.6450 0.9290 
4.1901 -0.6093 1.9301 0.5441 0.9175 
4.2101 -0.6173 1.9201 0.4867 0.9889 
4.2101 -0.6099 1.9501 0.6145 0.9700 
4.1901 -0.6093 1.9301 0.5441 0.9175 
4.1701 -0.5999 2.0801 0.9954 0.7789 
4.1701 -0.5999 2.0801 0.9954 0.7789 
4.1701 -0.5999 2.0801 0.9954 0.7789 
4.1701 -0.5999 2.0801 0.9954 0.7789 
4.1701 -0.5999 2.0801 0.9954 0.7789 
4.1701 -0.5999 2.0801 0.9954 0.7789 
4.1601 -0.6000 2.0801 0.9934 0.7512 
4.1501 -0.5987 2.0801 0.9960 0.7239 
4.1501 -0.6012 2.0601 0.9417 0.7297 
4.1201 -0.6054 2.0501 0.8992 0.6466 
4.1201 -0.5976 2.0701 0.9719 0.6433 
4.1101 -0.6006 2.0601 0.9370 0.6169 
4.1601 -0.6035 2.0401 0.8872 0.7650 
4.1601 -0.6003 2.0301 0.8724 0.7700 
4.2001 -0.5997 2.0301 0.8812 0.8898 
4.1601 -0.6003 2.0301 0.8724 0.7700 
4.1801 -0.6078 2.0201 0.8250 0.8313 
4.2001 -0.5997 2.0301 0.8812 0.8898 
4.0701 -0.5996 2.0901 1.0014 0.5046 
4.0601 -0.6055 2.0701 0.9363 0.4783 
4.0801 -0.5967 2.0601 0.9447 0.5324 
4.0101 -0.5978 2.0501 0.9051 0.3353 
4.0201 -0.5978 2.0401 0.8822 0.3612 
4.0201 -0.6008 2.0801 0.9673 0.3702 
4.0001 -0.6058 2.0401 0.8534 0.3085 
4.0201 -0.5978 2.0401 0.8822 0.3612 
4.0101 -0.5978 2.0501 0.9051 0.3353 
4.0301 -0.6040 2.0401 0.8639 0.3918 
4.0201 -0.5978 2.0401 0.8822 0.3612 
4.0101 -0.5981 2.0301 0.8541 0.3304 
4.0201 -0.5978 2.0401 0.8822 0.3612 
4.0001 -0.6058 2.0401 0.8534 0.3085 
4.0101 -0.5981 2.0301 0.8541 0.3304 
4.1701 -0.5999 2.0801 0.9954 0.7789 
4.1601 -0.6000 2.0801 0.9934 0.7512 
4.1701 -0.5999 2.0801 0.9954 0.7789 
4.1601 -0.6000 2.0801 0.9934 0.7512 
4.1601 -0.6061 2.0901 0.9956 0.7461 
4.1501 -0.5987 2.0801 0.9960 0.7239 
4.1701 -0.5999 2.0801 0.9954 0.7789 
4.1601 -0.6000 2.0801 0.9934 0.7512 
4.1701 -0.6063 2.0701 0.9519 0.7807 
4.1701 -0.5999 2.0801 0.9954 0.7789 
4.1701 -0.6063 2.0701 0.9519 0.7807 
4.1701 -0.5999 2.0801 0.9954 0.7789 
4.1701 -0.6063 2.0701 0.9519 0.7807 
4.1601 -0.6000 2.0801 0.9934 0.7512 
4.1501 -0.6012 2.0601 0.9417 0.7297 
4.1901 -0.6023 2.0601 0.9450 0.8430 
4.1701 -0.6063 2.0701 0.9519 0.7807 
4.1701 -0.6002 2.0501 0.9243 0.7910 
4.1701 -0.6002 2.0501 0.9243 0.7910 
4.1701 -0.6063 2.0701 0.9519 0.7807 
4.1501 -0.6012 2.0601 0.9417 0.7297 
4.1901 -0.6023 2.0601 0.9450 0.8430 
4.2001 -0.6055 2.0401 0.8874 0.8809 
4.2001 -0.5961 2.0601 0.9672 0.8746 
4.1701 -0.6002 2.0501 0.9243 0.7910 
4.1501 -0.6012 2.0601 0.9417 0.7297 
4.1401 -0.6073 2.0401 0.8715 0.7060 
4.1501 -0.5987 2.0801 0.9960 0.7239 
4.1401 -0.6071 2.0801 0.9672 0.6947 
4.1201 -0.5976 2.0701 0.9719 0.6433 
4.1501 -0.5987 2.0801 0.9960 0.7239 
4.1301 -0.6080 2.0501 0.8925 0.6746 
4.1501 -0.6012 2.0601 0.9417 0.7297 
4.1301 -0.6080 2.0501 0.8925 0.6746 
4.1501 -0.5987 2.0801 0.9960 0.7239 
4.1201 -0.5976 2.0701 0.9719 0.6433 
4.1101 -0.6042 2.0801 0.9715 0.6135 
4.1101 -0.6006 2.0601 0.9370 0.6169 
4.1201 -0.5976 2.0701 0.9719 0.6433 
4.1401 -0.6073 2.0401 0.8715 0.7060 
4.1501 -0.6012 2.0601 0.9417 0.7297 
4.1301 -0.6080 2.0501 0.8925 0.6746 
4.1201 -0.6054 2.0501 0.8992 0.6466 
4.1301 -0.6080 2.0501 0.8925 0.6746 
4.1201 -0.5976 2.0701 0.9719 0.6433 
4.1101 -0.6006 2.0601 0.9370 0.6169 
4.1001 -0.6032 2.0501 0.9028 0.5900 
4.1201 -0.6054 2.0501 0.8992 0.6466 
4.0901 -0.6033 2.0601 0.9248 0.5608 
4.1001 -0.6032 2.0501 0.9028 0.5900 
4.1101 -0.6006 2.0601 0.9370 0.6169 
4.1601 -0.6035 2.0401 0.8872 0.7650 
4.2001 -0.6055 2.0401 0.8874 0.8809 
4.1901 -0.6023 2.0601 0.9450 0.8430 
4.1601 -0.6035 2.0401 0.8872 0.7650 
4.1901 -0.6023 2.0601 0.9450 0.8430 
4.1701 -0.6002 2.0501 0.9243 0.7910 
4.2001 -0.5997 2.0301 0.8812 0.8898 
4.2001 -0.6055 2.0401 0.8874 0.8809 
4.1601 -0.6035 2.0401 0.8872 0.7650 
4.1601 -0.6003 2.0301 0.8724 0.7700 
4.1601 -0.6035 2.0401 0.8872 0.7650 
4.1701 -0.6002 2.0501 0.9243 0.7910 
4.1801 -0.6078 2.0201 0.8250 0.8313 
4.1801 -0.6055 2.0101 0.8054 0.8375 
4.2001 -0.5997 2.0301 0.8812 0.8898 
4.2001 -0.6022 2.0001 0.7915 0.9069 
4.2001 -0.5997 2.0301 0.8812 0.8898 
4.1801 -0.6055 2.0101 0.8054 0.8375 
4.1801 -0.6055 2.0101 0.8054 0.8375 
4.1801 -0.6078 2.0201 0.8250 0.8313 
4.1501 -0.6037 2.0101 0.8061 0.7467 
4.1501 -0.6037 2.0101 0.8061 0.7467 
4.1801 -0.6078 2.0201 0.8250 0.8313 
4.1601 -0.6003 2.0301 0.8724 0.7700 
4.2001 -0.6022 2.0001 0.7915 0.9069 
4.1801 -0.6055 2.0101 0.8054 0.8375 
4.1801 -0.6068 1.9901 0.7442 0.8476 
4.1801 -0.6068 1.9901 0.7442 0.8476 
4.1801 -0.6055 2.0101 0.8054 0.8375 
4.1601 -0.6038 1.9901 0.7507 0.7860 
4.1601 -0.6038 1.9901 0.7507 0.7860 
4.1801 -0.6055 2.0101 0.8054 0.8375 
4.1501 -0.6037 2.0101 0.8061 0.7467 
4.1501 -0.6100 2.0001 0.7578 0.7487 
4.1601 -0.6038 1.9901 0.7507 0.7860 
4.1501 -0.6037 2.0101 0.8061 0.7467 
4.1301 -0.5981 2.0301 0.8744 0.6814 
4.1401 -0.6073 2.0401 0.8715 0.7060 
4.1301 -0.6080 2.0501 0.8925 0.6746 
4.1301 -0.6080 2.0501 0.8925 0.6746 
4.1201 -0.6054 2.0501 0.8992 0.6466 
4.1301 -0.5981 2.0301 0.8744 0.6814 
4.1201 -0.6054 2.0501 0.8992 0.6466 
4.1001 -0.6032 2.0501 0.9028 0.5900 
4.1101 -0.6074 2.0301 0.8408 0.6216 
4.1601 -0.6003 2.0301 0.8724 0.7700 
4.1701 -0.6002 2.0501 0.9243 0.7910 
4.1401 -0.6073 2.0401 0.8715 0.7060 
4.1201 -0.6054 2.0501 0.8992 0.6466 
4.1101 -0.6074 2.0301 0.8408 0.6216 
4.1301 -0.5981 2.0301 0.8744 0.6814 
4.1301 -0.6041 2.0201 0.8284 0.6831 
4.1401 -0.6073 2.0401 0.8715 0.7060 
4.1301 -0.5981 2.0301 0.8744 0.6814 
4.1301 -0.5981 2.0301 0.8744 0.6814 
4.1101 -0.6074 2.0301 0.8408 0.6216 
4.1301 -0.6041 2.0201 0.8284 0.6831 
4.1101 -0.6074 2.0301 0.8408 0.6216 
4.0901 -0.6055 2.0101 0.7902 0.5654 
4.1101 -0.5994 2.0101 0.8133 0.6259 
4.1501 -0.6037 2.0101 0.8061 0.7467 
4.1601 -0.6003 2.0301 0.8724 0.7700 
4.1401 -0.6073 2.0401 0.8715 0.7060 
4.1301 -0.6007 2.0101 0.8126 0.6866 
4.1401 -0.6073 2.0401 0.8715 0.7060 
4.1301 -0.6041 2.0201 0.8284 0.6831 
4.1501 -0.6037 2.0101 0.8061 0.7467 
4.1401 -0.6073 2.0401 0.8715 0.7060 
4.1301 -0.6007 2.0101 0.8126 0.6866 
4.1301 -0.6041 2.0201 0.8284 0.6831 
4.1101 -0.6074 2.0301 0.8408 0.6216 
4.1101 -0.5994 2.0101 0.8133 0.6259 
4.0901 -0.6055 2.0101 0.7902 0.5654 
4.1001 -0.6013 2.0001 0.7776 0.5969 
4.1101 -0.5994 2.0101 0.8133 0.6259 
4.1201 -0.6037 1.9901 0.7444 0.6607 
4.1501 -0.6037 2.0101 0.8061 0.7467 
4.1301 -0.6007 2.0101 0.8126 0.6866 
4.1501 -0.6100 2.0001 0.7578 0.7487 
4.1501 -0.6037 2.0101 0.8061 0.7467 
4.1201 -0.6037 1.9901 0.7444 0.6607 
4.1101 -0.6072 1.9901 0.7315 0.6292 
4.1301 -0.6007 2.0101 0.8126 0.6866 
4.1301 -0.6041 2.0201 0.8284 0.6831 
4.1101 -0.5994 2.0101 0.8133 0.6259 
4.1101 -0.6072 1.9901 0.7315 0.6292 
4.1301 -0.6041 2.0201 0.8284 0.6831 
4.1101 -0.5994 2.0101 0.8133 0.6259 
4.1001 -0.6013 2.0001 0.7776 0.5969 
4.1101 -0.6072 1.9901 0.7315 0.6292 
4.1101 -0.6006 2.0601 0.9370 0.6169 
4.1101 -0.6042 2.0801 0.9715 0.6135 
4.0901 -0.6057 2.0801 0.9634 0.5593 
4.0801 -0.5967 2.0601 0.9447 0.5324 
4.0901 -0.6057 2.0801 0.9634 0.5593 
4.0701 -0.5996 2.0901 1.0014 0.5046 
4.0501 -0.6048 2.0801 0.9596 0.4517 
4.0401 -0.6045 2.0701 0.9363 0.4237 
4.0601 -0.6055 2.0701 0.9363 0.4783 
4.1101 -0.6006 2.0601 0.9370 0.6169 
4.0901 -0.6057 2.0801 0.9634 0.5593 
4.0901 -0.6033 2.0601 0.9248 0.5608 
4.0901 -0.6033 2.0601 0.9248 0.5608 
4.0901 -0.6057 2.0801 0.9634 0.5593 
4.0801 -0.5967 2.0601 0.9447 0.5324 
4.0801 -0.6031 2.0501 0.8998 0.5334 
4.0801 -0.5967 2.0601 0.9447 0.5324 
4.0601 -0.6055 2.0701 0.9363 0.4783 
4.0801 -0.6031 2.0501 0.8998 0.5334 
4.1001 -0.6032 2.0501 0.9028 0.5900 
4.0901 -0.6033 2.0601 0.9248 0.5608 
4.0801 -0.6031 2.0501 0.8998 0.5334 
4.0901 -0.6033 2.0601 0.9248 0.5608 
4.0801 -0.5967 2.0601 0.9447 0.5324 
4.0601 -0.6055 2.0401 0.8641 0.4772 
4.0801 -0.6031 2.0501 0.8998 0.5334 
4.0601 -0.6055 2.0701 0.9363 0.4783 
3.9901 -0.5999 2.0701 0.9425 0.2870 
4.0201 -0.6008 2.0801 0.9673 0.3702 
4.0101 -0.6037 2.0901 0.9787 0.3469 
4.0001 -0.5991 2.0901 0.9915 0.3188 
3.9901 -0.5999 2.0701 0.9425 0.2870 
4.0101 -0.6037 2.0901 0.9787 0.3469 
4.0201 -0.6008 2.0801 0.9673 0.3702 
4.0301 -0.6055 2.0701 0.9312 0.3970 
4.0401 -0.6045 2.0701 0.9363 0.4237 
4.0001 -0.6004 2.0701 0.9426 0.3142 
4.0201 -0.6008 2.0801 0.9673 0.3702 
3.9901 -0.5999 2.0701 0.9425 0.2870 
4.0101 -0.6053 2.0701 0.9288 0.3431 
4.0201 -0.6008 2.0801 0.9673 0.3702 
4.0001 -0.6004 2.0701 0.9426 0.3142 
4.0201 -0.6008 2.0801 0.9673 0.3702 
4.0101 -0.6053 2.0701 0.9288 0.3431 
4.0101 -0.5978 2.0501 0.9051 0.3353 
4.0301 -0.6040 2.0401 0.8639 0.3918 
4.0401 -0.6045 2.0701 0.9363 0.4237 
4.0301 -0.6055 2.0701 0.9312 0.3970 
4.0301 -0.6040 2.0401 0.8639 0.3918 
4.0301 -0.6055 2.0701 0.9312 0.3970 
4.0201 -0.6008 2.0801 0.9673 0.3702 
4.1101 -0.6074 2.0301 0.8408 0.6216 
4.1001 -0.6032 2.0501 0.9028 0.5900 
4.0901 -0.6073 2.0401 0.8632 0.5627 
4.0901 -0.6073 2.0401 0.8632 0.5627 
4.1001 -0.6032 2.0501 0.9028 0.5900 
4.0801 -0.6031 2.0501 0.8998 0.5334 
4.0501 -0.6005 2.0401 0.8785 0.4476 
4.0601 -0.6055 2.0401 0.8641 0.4772 
4.0601 -0.6055 2.0701 0.9363 0.4783 
4.0901 -0.6073 2.0401 0.8632 0.5627 
4.0801 -0.6031 2.0501 0.8998 0.5334 
4.0701 -0.6010 2.0301 0.8548 0.5050 
4.0701 -0.6010 2.0301 0.8548 0.5050 
4.0801 -0.6031 2.0501 0.8998 0.5334 
4.0601 -0.6055 2.0401 0.8641 0.4772 
4.0801 -0.6010 2.0101 0.8029 0.5351 
4.1101 -0.6074 2.0301 0.8408 0.6216 
4.0901 -0.6073 2.0401 0.8632 0.5627 
4.0901 -0.6055 2.0101 0.7902 0.5654 
4.1101 -0.6074 2.0301 0.8408 0.6216 
4.0801 -0.6010 2.0101 0.8029 0.5351 
4.0501 -0.6004 2.0101 0.7999 0.4450 
4.0701 -0.6010 2.0301 0.8548 0.5050 
4.0601 -0.6055 2.0401 0.8641 0.4772 
4.0601 -0.6072 2.0001 0.7519 0.4759 
4.0901 -0.6073 2.0401 0.8632 0.5627 
4.0701 -0.6010 2.0301 0.8548 0.5050 
4.0801 -0.6010 2.0101 0.8029 0.5351 
4.0901 -0.6073 2.0401 0.8632 0.5627 
4.0601 -0.6072 2.0001 0.7519 0.4759 
4.0601 -0.6072 2.0001 0.7519 0.4759 
4.0701 -0.6010 2.0301 0.8548 0.5050 
4.0501 -0.6004 2.0101 0.7999 0.4450 
4.1001 -0.6013 2.0001 0.7776 0.5969 
4.0901 -0.6055 2.0101 0.7902 0.5654 
4.0801 -0.6010 2.0101 0.8029 0.5351 
4.0501 -0.6005 2.0401 0.8785 0.4476 
4.0601 -0.6055 2.0701 0.9363 0.4783 
4.0401 -0.6045 2.0701 0.9363 0.4237 
4.0501 -0.6005 2.0401 0.8785 0.4476 
4.0401 -0.6045 2.0701 0.9363 0.4237 
4.0301 -0.6040 2.0401 0.8639 0.3918 
4.0201 -0.5978 2.0401 0.8822 0.3612 
4.0301 -0.6040 2.0401 0.8639 0.3918 
4.0201 -0.6008 2.0801 0.9673 0.3702 
4.0301 -0.6019 2.0101 0.7916 0.3860 
4.0501 -0.6005 2.0401 0.8785 0.4476 
4.0301 -0.6040 2.0401 0.8639 0.3918 
4.0301 -0.6019 2.0101 0.7916 0.3860 
4.0601 -0.6055 2.0401 0.8641 0.4772 
4.0501 -0.6005 2.0401 0.8785 0.4476 
4.0501 -0.6004 2.0101 0.7999 0.4450 
4.0601 -0.6055 2.0401 0.8641 0.4772 
4.0301 -0.6019 2.0101 0.7916 0.3860 
4.0001 -0.6055 2.0201 0.8025 0.3025 
4.0301 -0.6019 2.0101 0.7916 0.3860 
4.0301 -0.6040 2.0401 0.8639 0.3918 
4.0101 -0.5981 2.0301 0.8541 0.3304 
4.0001 -0.6055 2.0201 0.8025 0.3025 
4.0301 -0.6040 2.0401 0.8639 0.3918 
4.0301 -0.6019 2.0101 0.7916 0.3860 
4.0001 -0.6055 2.0201 0.8025 0.3025 
4.0101 -0.6010 2.0101 0.7914 0.3265 
4.0101 -0.6010 2.0101 0.7914 0.3265 
4.0001 -0.6055 2.0201 0.8025 0.3025 
3.9901 -0.6019 2.0001 0.7573 0.2647 
4.0401 -0.6082 1.9901 0.7168 0.4149 
4.0501 -0.6004 2.0101 0.7999 0.4450 
4.0301 -0.6019 2.0101 0.7916 0.3860 
4.0401 -0.6082 1.9901 0.7168 0.4149 
4.0301 -0.6019 2.0101 0.7916 0.3860 
4.0201 -0.6018 1.9901 0.7337 0.3517 
3.9701 -0.5975 2.0901 0.9918 0.2397 
3.9901 -0.5977 2.0801 0.9723 0.2889 
4.0001 -0.5991 2.0901 0.9915 0.3188 
3.9901 -0.5977 2.0801 0.9723 0.2889 
3.9901 -0.5999 2.0701 0.9425 0.2870 
3.9901 -0.5999 2.0701 0.9425 0.2870 
3.9901 -0.5999 2.0701 0.9425 0.2870 
3.9901 -0.5999 2.0701 0.9425 0.2870 
3.9901 -0.5999 2.0701 0.9425 0.2870 
3.9861 -0.5999 2.0601 0.9185 0.2730 
3.9901 -0.5999 2.0701 0.9425 0.2870 
3.9901 -0.5977 2.0801 0.9723 0.2889 
3.9861 -0.5999 2.0601 0.9185 0.2730 
3.9901 -0.5999 2.0701 0.9425 0.2870 
3.9901 -0.5999 2.0701 0.9425 0.2870 
3.9701 -0.6019 2.0501 0.8856 0.2272 
3.9901 -0.5977 2.0801 0.9723 0.2889 
3.9601 -0.6008 2.0701 0.9349 0.2079 
3.9861 -0.5999 2.0601 0.9185 0.2730 
3.9901 -0.5977 2.0801 0.9723 0.2889 
3.9701 -0.6019 2.0501 0.8856 0.2272 
3.9601 -0.6049 2.0601 0.8986 0.2064 
3.9701 -0.6019 2.0501 0.8856 0.2272 
3.9601 -0.6008 2.0701 0.9349 0.2079 
3.9301 -0.5988 2.0801 0.9588 0.1345 
3.9201 -0.6007 2.1001 0.9950 0.1215 
3.9101 -0.6038 2.0801 0.9400 0.0915 
3.9301 -0.5986 2.0601 0.9134 0.1246 
3.9501 -0.6013 2.0801 0.9542 0.1865 
3.9301 -0.5988 2.0801 0.9588 0.1345 
3.9601 -0.6008 2.0701 0.9349 0.2079 
3.9501 -0.6013 2.0801 0.9542 0.1865 
3.9301 -0.5986 2.0601 0.9134 0.1246 
3.9101 -0.6015 2.0701 0.9245 0.0851 
3.9301 -0.5986 2.0601 0.9134 0.1246 
3.9301 -0.5988 2.0801 0.9588 0.1345 
3.9401 -0.5952 2.0501 0.9019 0.1425 
3.9601 -0.6008 2.0701 0.9349 0.2079 
3.9301 -0.5986 2.0601 0.9134 0.1246 
3.9201 -0.6024 2.0501 0.8759 0.0981 
3.9401 -0.5952 2.0501 0.9019 0.1425 
3.9301 -0.5986 2.0601 0.9134 0.1246 
3.9001 -0.5989 2.0601 0.9074 0.0612 
3.9001 -0.5999 2.0501 0.8803 0.0584 
3.9001 -0.5999 2.0501 0.8803 0.0584 
3.9901 -0.5999 2.0201 0.8186 0.2708 
3.9901 -0.5999 2.0201 0.8186 0.2708 
3.9901 -0.5999 2.0201 0.8186 0.2708 
3.9801 -0.5990 2.0201 0.8198 0.2415 
3.9901 -0.5999 2.0201 0.8186 0.2708 
3.9901 -0.5999 2.0201 0.8186 0.2708 
3.9901 -0.5999 2.0201 0.8186 0.2708 
3.9901 -0.5999 2.0201 0.8186 0.2708 
3.9901 -0.5999 2.0201 0.8186 0.2708 
3.9801 -0.5990 2.0201 0.8198 0.2415 
3.9801 -0.5999 2.0187 0.8133 0.2415 
3.9901 -0.5999 2.0201 0.8186 0.2708 
3.9801 -0.5999 2.0187 0.8133 0.2415 
3.9901 -0.5999 2.0201 0.8186 0.2708 
3.9901 -0.5999 2.0201 0.8186 0.2708 
3.9601 -0.5994 2.0201 0.8151 0.1851 
3.9801 -0.5999 2.0187 0.8133 0.2415 
3.9801 -0.5990 2.0201 0.8198 0.2415 
3.9401 -0.6018 2.0401 0.8561 0.1424 
3.9401 -0.5952 2.0501 0.9019 0.1425 
3.9201 -0.6024 2.0501 0.8759 0.0981 
3.9001 -0.5999 2.0501 0.8803 0.0584 
3.9001 -0.5999 2.0501 0.8803 0.0584 
3.9001 -0.5999 2.0501 0.8803 0.0584 
3.9001 -0.6049 2.0201 0.7883 0.0535 
3.9101 -0.6018 2.0301 0.8256 0.0670 
3.8946 -0.5999 2.0401 0.8546 0.0528 
3.9301 -0.5980 2.0201 0.8147 0.1033 
3.9501 -0.6013 2.0201 0.8075 0.1588 
3.9401 -0.6018 2.0401 0.8561 0.1424 
3.8946 -0.5999 2.0401 0.8546 0.0528 
3.9001 -0.5999 2.0501 0.8803 0.0584 
3.9001 -0.5999 2.0501 0.8803 0.0584 
3.9901 -0.5977 2.0801 0.9723 0.2889 
3.9901 -0.5999 2.0701 0.9425 0.2870 
4.0001 -0.5991 2.0901 0.9915 0.3188 
3.9901 -0.5977 2.0801 0.9723 0.2889 
3.9701 -0.5975 2.0901 0.9918 0.2397 
3.9601 -0.6041 2.0901 0.9692 0.2178 
3.9501 -0.6013 2.0801 0.9542 0.1865 
3.9601 -0.6008 2.0701 0.9349 0.2079 
3.9601 -0.6041 2.0901 0.9692 0.2178 
3.9901 -0.5977 2.0801 0.9723 0.2889 
3.9601 -0.6041 2.0901 0.9692 0.2178 
3.9601 -0.6008 2.0701 0.9349 0.2079 
3.9861 -0.5999 2.0601 0.9185 0.2730 
4.0101 -0.6053 2.0701 0.9288 0.3431 
4.0001 -0.6004 2.0701 0.9426 0.3142 
3.9901 -0.5999 2.0701 0.9425 0.2870 
3.9861 -0.5999 2.0601 0.9185 0.2730 
4.0001 -0.6004 2.0701 0.9426 0.3142 
3.9901 -0.5999 2.0701 0.9425 0.2870 
4.0001 -0.6004 2.0701 0.9426 0.3142 
3.9901 -0.5999 2.0701 0.9425 0.2870 
3.9901 -0.6042 2.0501 0.8816 0.2830 
4.0101 -0.6053 2.0701 0.9288 0.3431 
3.9861 -0.5999 2.0601 0.9185 0.2730 
4.0101 -0.5978 2.0501 0.9051 0.3353 
4.0101 -0.6053 2.0701 0.9288 0.3431 
3.9901 -0.6042 2.0501 0.8816 0.2830 
3.9401 -0.5952 2.0501 0.9019 0.1425 
3.9601 -0.6049 2.0601 0.8986 0.2064 
3.9601 -0.6008 2.0701 0.9349 0.2079 
3.9301 -0.5988 2.0801 0.9588 0.1345 
3.9101 -0.6038 2.0801 0.9400 0.0915 
3.9101 -0.6015 2.0701 0.9245 0.0851 
3.9301 -0.5986 2.0601 0.9134 0.1246 
3.9101 -0.6015 2.0701 0.9245 0.0851 
3.9201 -0.6024 2.0501 0.8759 0.0981 
3.9101 -0.6015 2.0701 0.9245 0.0851 
3.9001 -0.5989 2.0601 0.9074 0.0612 
3.9201 -0.6024 2.0501 0.8759 0.0981 
3.9101 -0.6007 2.0501 0.8793 0.0752 
3.9201 -0.6024 2.0501 0.8759 0.0981 
3.9001 -0.5989 2.0601 0.9074 0.0612 
3.9101 -0.6007 2.0501 0.8793 0.0752 
3.9001 -0.5989 2.0601 0.9074 0.0612 
3.9001 -0.5999 2.0501 0.8803 0.0584 
4.0001 -0.6058 2.0401 0.8534 0.3085 
4.0101 -0.5978 2.0501 0.9051 0.3353 
3.9901 -0.6042 2.0501 0.8816 0.2830 
3.9901 -0.6042 2.0501 0.8816 0.2830 
3.9861 -0.5999 2.0601 0.9185 0.2730 
3.9801 -0.6019 2.0401 0.8624 0.2508 
3.9801 -0.6019 2.0401 0.8624 0.2508 
3.9861 -0.5999 2.0601 0.9185 0.2730 
3.9701 -0.6019 2.0501 0.8856 0.2272 
3.9701 -0.6019 2.0501 0.8856 0.2272 
3.9601 -0.6049 2.0601 0.8986 0.2064 
3.9801 -0.6019 2.0401 0.8624 0.2508 
3.9401 -0.6018 2.0401 0.8561 0.1424 
3.9601 -0.6049 2.0601 0.8986 0.2064 
3.9401 -0.5952 2.0501 0.9019 0.1425 
3.9901 -0.6034 2.0301 0.8337 0.2761 
4.0101 -0.5981 2.0301 0.8541 0.3304 
4.0001 -0.6058 2.0401 0.8534 0.3085 
3.9901 -0.6042 2.0501 0.8816 0.2830 
3.9901 -0.6034 2.0301 0.8337 0.2761 
4.0001 -0.6058 2.0401 0.8534 0.3085 
3.9801 -0.6019 2.0401 0.8624 0.2508 
3.9901 -0.6034 2.0301 0.8337 0.2761 
3.9901 -0.6042 2.0501 0.8816 0.2830 
3.9601 -0.6049 2.0601 0.8986 0.2064 
3.9601 -0.5994 2.0201 0.8151 0.1851 
3.9801 -0.6019 2.0401 0.8624 0.2508 
3.9501 -0.6013 2.0201 0.8075 0.1588 
3.9601 -0.6049 2.0601 0.8986 0.2064 
3.9401 -0.6018 2.0401 0.8561 0.1424 
3.9601 -0.5994 2.0201 0.8151 0.1851 
3.9601 -0.6049 2.0601 0.8986 0.2064 
3.9501 -0.6013 2.0201 0.8075 0.1588 
4.0001 -0.6055 2.0201 0.8025 0.3025 
4.0101 -0.5981 2.0301 0.8541 0.3304 
3.9901 -0.6034 2.0301 0.8337 0.2761 
3.9901 -0.5999 2.0201 0.8186 0.2708 
4.0001 -0.6055 2.0201 0.8025 0.3025 
3.9901 -0.6034 2.0301 0.8337 0.2761 
3.9901 -0.5999 2.0201 0.8186 0.2708 
3.9901 -0.6034 2.0301 0.8337 0.2761 
3.9901 -0.5999 2.0201 0.8186 0.2708 
3.9901 -0.5999 2.0201 0.8186 0.2708 
3.9901 -0.6034 2.0301 0.8337 0.2761 
3.9801 -0.5990 2.0201 0.8198 0.2415 
3.9901 -0.6034 2.0301 0.8337 0.2761 
3.9801 -0.6019 2.0401 0.8624 0.2508 
3.9801 -0.5990 2.0201 0.8198 0.2415 
3.9801 -0.5990 2.0201 0.8198 0.2415 
3.9801 -0.6019 2.0401 0.8624 0.2508 
3.9601 -0.5994 2.0201 0.8151 0.1851 
3.9901 -0.5999 2.0201 0.8186 0.2708 
3.9901 -0.6019 2.0001 0.7573 0.2647 
4.0001 -0.6055 2.0201 0.8025 0.3025 
3.9901 -0.5999 2.0201 0.8186 0.2708 
4.0001 -0.6055 2.0201 0.8025 0.3025 
3.9901 -0.5999 2.0201 0.8186 0.2708 
3.9501 -0.6013 2.0201 0.8075 0.1588 
3.9501 -0.6061 2.0101 0.7655 0.1573 
3.9601 -0.5994 2.0201 0.8151 0.1851 
3.9701 -0.6067 1.9901 0.7103 0.2049 
3.9901 -0.5999 2.0201 0.8186 0.2708 
3.9801 -0.5999 2.0187 0.8133 0.2415 
3.9901 -0.6019 2.0001 0.7573 0.2647 
3.9901 -0.5999 2.0201 0.8186 0.2708 
3.9701 -0.6067 1.9901 0.7103 0.2049 
3.9701 -0.6003 2.0001 0.7591 0.2050 
3.9801 -0.5999 2.0187 0.8133 0.2415 
3.9601 -0.5994 2.0201 0.8151 0.1851 
3.9701 -0.6067 1.9901 0.7103 0.2049 
3.9801 -0.5999 2.0187 0.8133 0.2415 
3.9701 -0.6003 2.0001 0.7591 0.2050 
3.9701 -0.6003 2.0001 0.7591 0.2050 
3.9601 -0.5994 2.0201 0.8151 0.1851 
3.9501 -0.6061 2.0101 0.7655 0.1573 
3.9201 -0.6024 2.0501 0.8759 0.0981 
3.9101 -0.6018 2.0301 0.8256 0.0670 
3.9401 -0.6018 2.0401 0.8561 0.1424 
3.8946 -0.5999 2.0401 0.8546 0.0528 
3.9201 -0.6024 2.0501 0.8759 0.0981 
3.9101 -0.6007 2.0501 0.8793 0.0752 
3.9001 -0.5999 2.0501 0.8803 0.0584 
3.8946 -0.5999 2.0401 0.8546 0.0528 
3.9101 -0.6007 2.0501 0.8793 0.0752 
3.9001 -0.5999 2.0501 0.8803 0.0584 
3.9101 -0.6007 2.0501 0.8793 0.0752 
3.9001 -0.5999 2.0501 0.8803 0.0584 
3.9401 -0.6018 2.0401 0.8561 0.1424 
3.9101 -0.6018 2.0301 0.8256 0.0670 
3.9301 -0.5980 2.0201 0.8147 0.1033 
3.9101 -0.6018 2.0301 0.8256 0.0670 
3.9201 -0.6024 2.0501 0.8759 0.0981 
3.8946 -0.5999 2.0401 0.8546 0.0528 
3.9101 -0.6018 2.0301 0.8256 0.0670 
3.9101 -0.6043 2.0001 0.7367 0.0574 
3.9501 -0.6013 2.0201 0.8075 0.1588 
3.9101 -0.6018 2.0301 0.8256 0.0670 
3.9501 -0.6013 2.0201 0.8075 0.1588 
3.9301 -0.5980 2.0201 0.8147 0.1033 
3.9101 -0.6043 2.0001 0.7367 0.0574 
3.9101 -0.6018 2.0301 0.8256 0.0670 
3.9001 -0.6049 2.0201 0.7883 0.0535 
3.9501 -0.6061 2.0101 0.7655 0.1573 
3.9501 -0.6013 2.0201 0.8075 0.1588 
3.9301 -0.6009 1.9901 0.7217 0.0893 
3.9301 -0.6009 1.9901 0.7217 0.0893 
3.9501 -0.6013 2.0201 0.8075 0.1588 
3.9101 -0.6043 2.0001 0.7367 0.0574 
4.2001 -0.6042 1.9901 0.7563 0.9122 
4.2001 -0.6022 2.0001 0.7915 0.9069 
4.1801 -0.6068 1.9901 0.7442 0.8476 
4.1501 -0.6100 2.0001 0.7578 0.7487 
4.1501 -0.6073 1.9901 0.7376 0.7534 
4.1601 -0.6038 1.9901 0.7507 0.7860 
4.2001 -0.6112 1.9801 0.7037 0.9145 
4.2001 -0.6042 1.9901 0.7563 0.9122 
4.1901 -0.6009 1.9801 0.7355 0.8887 
4.1801 -0.6063 1.9801 0.7161 0.8535 
4.2001 -0.6042 1.9901 0.7563 0.9122 
4.1801 -0.6068 1.9901 0.7442 0.8476 
4.1901 -0.6009 1.9801 0.7355 0.8887 
4.2001 -0.6042 1.9901 0.7563 0.9122 
4.1801 -0.6063 1.9801 0.7161 0.8535 
4.1701 -0.6043 1.9701 0.6904 0.8278 
4.1801 -0.6068 1.9901 0.7442 0.8476 
4.1601 -0.6038 1.9901 0.7507 0.7860 
4.1801 -0.6063 1.9801 0.7161 0.8535 
4.1801 -0.6068 1.9901 0.7442 0.8476 
4.1701 -0.6043 1.9701 0.6904 0.8278 
4.1701 -0.6043 1.9701 0.6904 0.8278 
4.1601 -0.6038 1.9901 0.7507 0.7860 
4.1601 -0.6082 1.9801 0.7069 0.7889 
4.2001 -0.6112 1.9801 0.7037 0.9145 
4.1901 -0.6009 1.9801 0.7355 0.8887 
4.2001 -0.6029 1.9701 0.6999 0.9268 
4.1301 -0.6056 1.9601 0.6476 0.7010 
4.1601 -0.6082 1.9801 0.7069 0.7889 
4.1601 -0.6038 1.9901 0.7507 0.7860 
4.1901 -0.6085 1.9501 0.6157 0.9038 
4.2001 -0.6029 1.9701 0.6999 0.9268 
4.1901 -0.6009 1.9801 0.7355 0.8887 
4.2001 -0.6101 1.9601 0.6450 0.9290 
4.2001 -0.6029 1.9701 0.6999 0.9268 
4.1901 -0.6085 1.9501 0.6157 0.9038 
4.1901 -0.6085 1.9501 0.6157 0.9038 
4.1901 -0.6009 1.9801 0.7355 0.8887 
4.1801 -0.6063 1.9801 0.7161 0.8535 
4.1501 -0.6069 1.9501 0.6143 0.7708 
4.1701 -0.6043 1.9701 0.6904 0.8278 
4.1601 -0.6082 1.9801 0.7069 0.7889 
4.1501 -0.6017 1.9601 0.6637 0.7681 
4.1601 -0.6082 1.9801 0.7069 0.7889 
4.1301 -0.6056 1.9601 0.6476 0.7010 
4.1501 -0.6069 1.9501 0.6143 0.7708 
4.1601 -0.6082 1.9801 0.7069 0.7889 
4.1501 -0.6017 1.9601 0.6637 0.7681 
4.1501 -0.6031 1.9401 0.5925 0.7769 
4.1801 -0.6063 1.9801 0.7161 0.8535 
4.1701 -0.6043 1.9701 0.6904 0.8278 
4.1901 -0.6085 1.9501 0.6157 0.9038 
4.1801 -0.6063 1.9801 0.7161 0.8535 
4.1501 -0.6031 1.9401 0.5925 0.7769 
4.1501 -0.6031 1.9401 0.5925 0.7769 
4.1701 -0.6043 1.9701 0.6904 0.8278 
4.1501 -0.6069 1.9501 0.6143 0.7708 
4.1501 -0.6073 1.9901 0.7376 0.7534 
4.1501 -0.6100 2.0001 0.7578 0.7487 
4.1201 -0.6037 1.9901 0.7444 0.6607 
4.1201 -0.6037 1.9901 0.7444 0.6607 
4.1301 -0.6007 2.0101 0.8126 0.6866 
4.1101 -0.6072 1.9901 0.7315 0.6292 
4.1601 -0.6038 1.9901 0.7507 0.7860 
4.1501 -0.6073 1.9901 0.7376 0.7534 
4.1401 -0.6082 1.9801 0.7035 0.7256 
4.1201 -0.6037 1.9901 0.7444 0.6607 
4.1401 -0.6082 1.9801 0.7035 0.7256 
4.1501 -0.6073 1.9901 0.7376 0.7534 
4.1201 -0.6086 1.9801 0.6989 0.6625 
4.1401 -0.6082 1.9801 0.7035 0.7256 
4.1201 -0.6037 1.9901 0.7444 0.6607 
4.1301 -0.6056 1.9601 0.6476 0.7010 
4.1601 -0.6038 1.9901 0.7507 0.7860 
4.1401 -0.6082 1.9801 0.7035 0.7256 
4.1401 -0.6082 1.9801 0.7035 0.7256 
4.1201 -0.6086 1.9801 0.6989 0.6625 
4.1301 -0.6056 1.9601 0.6476 0.7010 
4.1101 -0.6088 1.9601 0.6344 0.6354 
4.1201 -0.6086 1.9801 0.6989 0.6625 
4.1201 -0.6037 1.9901 0.7444 0.6607 
4.0701 -0.6096 1.9401 0.5590 0.5068 
4.1201 -0.6037 1.9901 0.7444 0.6607 
4.1101 -0.6072 1.9901 0.7315 0.6292 
4.1101 -0.6088 1.9601 0.6344 0.6354 
4.1201 -0.6037 1.9901 0.7444 0.6607 
4.0701 -0.6096 1.9401 0.5590 0.5068 
4.1101 -0.6088 1.9601 0.6344 0.6354 
4.1301 -0.6056 1.9601 0.6476 0.7010 
4.1201 -0.6086 1.9801 0.6989 0.6625 
4.0801 -0.6064 1.9401 0.5705 0.5396 
4.1101 -0.6088 1.9601 0.6344 0.6354 
4.0701 -0.6096 1.9401 0.5590 0.5068 
4.1201 -0.6090 1.9401 0.5690 0.6735 
4.1501 -0.6017 1.9601 0.6637 0.7681 
4.1301 -0.6056 1.9601 0.6476 0.7010 
4.1501 -0.6069 1.9501 0.6143 0.7708 
4.1501 -0.6017 1.9601 0.6637 0.7681 
4.1201 -0.6090 1.9401 0.5690 0.6735 
4.1301 -0.6056 1.9601 0.6476 0.7010 
4.1101 -0.6088 1.9601 0.6344 0.6354 
4.1201 -0.6090 1.9401 0.5690 0.6735 
4.1001 -0.6099 1.9401 0.5629 0.6065 
4.1101 -0.6088 1.9601 0.6344 0.6354 
4.0801 -0.6064 1.9401 0.5705 0.5396 
4.1201 -0.6090 1.9401 0.5690 0.6735 
4.1101 -0.6088 1.9601 0.6344 0.6354 
4.1001 -0.6099 1.9401 0.5629 0.6065 
4.1701 -0.6039 1.9401 0.5931 0.8451 
4.1901 -0.6085 1.9501 0.6157 0.9038 
4.1501 -0.6031 1.9401 0.5925 0.7769 
4.1901 -0.6085 1.9501 0.6157 0.9038 
4.1901 -0.6093 1.9301 0.5441 0.9175 
4.2001 -0.6101 1.9601 0.6450 0.9290 
4.1901 -0.6093 1.9301 0.5441 0.9175 
4.1701 -0.6039 1.9401 0.5931 0.8451 
4.1801 -0.6163 1.9201 0.4850 0.8852 
4.1901 -0.6093 1.9301 0.5441 0.9175 
4.1901 -0.6085 1.9501 0.6157 0.9038 
4.1701 -0.6039 1.9401 0.5931 0.8451 
4.1501 -0.6016 1.9301 0.5620 0.7824 
4.1701 -0.6039 1.9401 0.5931 0.8451 
4.1501 -0.6031 1.9401 0.5925 0.7769 
4.1901 -0.6093 1.9301 0.5441 0.9175 
4.1801 -0.6163 1.9201 0.4850 0.8852 
4.2101 -0.6173 1.9201 0.4867 0.9889 
4.1701 -0.6039 1.9401 0.5931 0.8451 
4.1701 -0.6154 1.9101 0.4489 0.8573 
4.1801 -0.6163 1.9201 0.4850 0.8852 
4.1601 -0.6163 1.9201 0.4820 0.8159 
4.1701 -0.6154 1.9101 0.4489 0.8573 
4.1701 -0.6039 1.9401 0.5931 0.8451 
4.1501 -0.6016 1.9301 0.5620 0.7824 
4.1601 -0.6163 1.9201 0.4820 0.8159 
4.1701 -0.6039 1.9401 0.5931 0.8451 
4.1701 -0.6154 1.9101 0.4489 0.8573 
4.2101 -0.6173 1.9201 0.4867 0.9889 
4.1801 -0.6163 1.9201 0.4850 0.8852 
4.1501 -0.6031 1.9401 0.5925 0.7769 
4.1501 -0.6069 1.9501 0.6143 0.7708 
4.1301 -0.6029 1.9401 0.5898 0.7086 
4.1301 -0.6029 1.9401 0.5898 0.7086 
4.1501 -0.6069 1.9501 0.6143 0.7708 
4.1201 -0.6090 1.9401 0.5690 0.6735 
4.1201 -0.6090 1.9401 0.5690 0.6735 
4.1001 -0.6099 1.9401 0.5629 0.6065 
4.1101 -0.6080 1.9301 0.5354 0.6425 
4.1501 -0.6016 1.9301 0.5620 0.7824 
4.1501 -0.6031 1.9401 0.5925 0.7769 
4.1301 -0.6029 1.9401 0.5898 0.7086 
4.1301 -0.6029 1.9401 0.5898 0.7086 
4.1301 -0.6159 1.9301 0.5146 0.7090 
4.1501 -0.6016 1.9301 0.5620 0.7824 
4.1301 -0.6029 1.9401 0.5898 0.7086 
4.1201 -0.6090 1.9401 0.5690 0.6735 
4.1301 -0.6159 1.9301 0.5146 0.7090 
4.1301 -0.6159 1.9301 0.5146 0.7090 
4.1201 -0.6090 1.9401 0.5690 0.6735 
4.1101 -0.6156 1.9201 0.4763 0.6441 
4.1101 -0.6080 1.9301 0.5354 0.6425 
4.1101 -0.6156 1.9201 0.4763 0.6441 
4.1201 -0.6090 1.9401 0.5690 0.6735 
4.1101 -0.6080 1.9301 0.5354 0.6425 
4.1001 -0.6099 1.9401 0.5629 0.6065 
4.1101 -0.6156 1.9201 0.4763 0.6441 
4.1601 -0.6163 1.9201 0.4820 0.8159 
4.1501 -0.6016 1.9301 0.5620 0.7824 
4.1301 -0.6159 1.9301 0.5146 0.7090 
4.1701 -0.6154 1.9101 0.4489 0.8573 
4.1601 -0.6163 1.9201 0.4820 0.8159 
4.1301 -0.6159 1.9301 0.5146 0.7090 
4.1701 -0.6154 1.9101 0.4489 0.8573 
4.1301 -0.6159 1.9301 0.5146 0.7090 
4.1101 -0.6156 1.9201 0.4763 0.6441 
4.0801 -0.6010 2.0101 0.8029 0.5351 
4.0601 -0.6041 1.9701 0.6726 0.4739 
4.0901 -0.6093 1.9801 0.6917 0.5686 
4.1001 -0.6013 2.0001 0.7776 0.5969 
4.0801 -0.6010 2.0101 0.8029 0.5351 
4.0901 -0.6093 1.9801 0.6917 0.5686 
4.0601 -0.6041 1.9701 0.6726 0.4739 
4.0801 -0.6010 2.0101 0.8029 0.5351 
4.0601 -0.6038 1.9901 0.7340 0.4748 
4.0601 -0.6038 1.9901 0.7340 0.4748 
4.0801 -0.6010 2.0101 0.8029 0.5351 
4.0601 -0.6072 2.0001 0.7519 0.4759 
4.1101 -0.6072 1.9901 0.7315 0.6292 
4.1001 -0.6013 2.0001 0.7776 0.5969 
4.0901 -0.6093 1.9801 0.6917 0.5686 
4.0601 -0.6041 1.9701 0.6726 0.4739 
4.0601 -0.6038 1.9901 0.7340 0.4748 
4.0601 -0.6090 1.9801 0.6880 0.4754 
4.0401 -0.6007 1.9701 0.6803 0.4095 
4.0601 -0.6038 1.9901 0.7340 0.4748 
4.0601 -0.6072 2.0001 0.7519 0.4759 
4.0601 -0.6090 1.9801 0.6880 0.4754 
4.0601 -0.6038 1.9901 0.7340 0.4748 
4.0401 -0.6007 1.9701 0.6803 0.4095 
4.0701 -0.6075 1.9601 0.6319 0.5063 
4.1101 -0.6072 1.9901 0.7315 0.6292 
4.0901 -0.6093 1.9801 0.6917 0.5686 
4.0701 -0.6096 1.9401 0.5590 0.5068 
4.1101 -0.6072 1.9901 0.7315 0.6292 
4.0701 -0.6075 1.9601 0.6319 0.5063 
4.0701 -0.6075 1.9601 0.6319 0.5063 
4.0901 -0.6093 1.9801 0.6917 0.5686 
4.0601 -0.6041 1.9701 0.6726 0.4739 
4.0601 -0.6041 1.9701 0.6726 0.4739 
4.0601 -0.6090 1.9801 0.6880 0.4754 
4.0401 -0.6007 1.9701 0.6803 0.4095 
4.0601 -0.6053 1.9601 0.6373 0.4737 
4.0701 -0.6075 1.9601 0.6319 0.5063 
4.0601 -0.6041 1.9701 0.6726 0.4739 
4.0501 -0.6088 1.9401 0.5582 0.4405 
4.0701 -0.6075 1.9601 0.6319 0.5063 
4.0601 -0.6053 1.9601 0.6373 0.4737 
4.0601 -0.6072 2.0001 0.7519 0.4759 
4.0501 -0.6004 2.0101 0.7999 0.4450 
4.0401 -0.6082 1.9901 0.7168 0.4149 
4.0001 -0.6032 1.9801 0.6964 0.2884 
4.0301 -0.6019 2.0101 0.7916 0.3860 
4.0101 -0.6010 2.0101 0.7914 0.3265 
4.0201 -0.6018 1.9901 0.7337 0.3517 
4.0301 -0.6019 2.0101 0.7916 0.3860 
4.0001 -0.6032 1.9801 0.6964 0.2884 
4.0401 -0.6007 1.9701 0.6803 0.4095 
4.0601 -0.6072 2.0001 0.7519 0.4759 
4.0401 -0.6082 1.9901 0.7168 0.4149 
4.0401 -0.6082 1.9901 0.7168 0.4149 
4.0201 -0.6018 1.9901 0.7337 0.3517 
4.0201 -0.6030 1.9701 0.6697 0.3473 
4.0201 -0.6030 1.9701 0.6697 0.3473 
4.0201 -0.6018 1.9901 0.7337 0.3517 
4.0001 -0.6032 1.9801 0.6964 0.2884 
4.0201 -0.6072 1.9501 0.5921 0.3441 
4.0401 -0.6007 1.9701 0.6803 0.4095 
4.0401 -0.6082 1.9901 0.7168 0.4149 
4.0201 -0.6072 1.9501 0.5921 0.3441 
4.0401 -0.6082 1.9901 0.7168 0.4149 
4.0201 -0.6030 1.9701 0.6697 0.3473 
4.0101 -0.6069 1.9701 0.6559 0.3180 
4.0201 -0.6030 1.9701 0.6697 0.3473 
4.0001 -0.6032 1.9801 0.6964 0.2884 
4.0101 -0.6069 1.9701 0.6559 0.3180 
4.0001 -0.6032 1.9801 0.6964 0.2884 
3.9901 -0.6070 1.9601 0.6207 0.2524 
4.0401 -0.6042 1.9401 0.5709 0.4059 
4.0601 -0.6041 1.9701 0.6726 0.4739 
4.0401 -0.6007 1.9701 0.6803 0.4095 
4.0601 -0.6053 1.9601 0.6373 0.4737 
4.0601 -0.6041 1.9701 0.6726 0.4739 
4.0401 -0.6042 1.9401 0.5709 0.4059 
4.0001 -0.6045 1.9501 0.5974 0.2784 
4.0201 -0.6072 1.9501 0.5921 0.3441 
4.0201 -0.6030 1.9701 0.6697 0.3473 
4.0001 -0.6045 1.9501 0.5974 0.2784 
4.0201 -0.6030 1.9701 0.6697 0.3473 
4.0101 -0.6069 1.9701 0.6559 0.3180 
4.0701 -0.6096 1.9401 0.5590 0.5068 
4.0701 -0.6075 1.9601 0.6319 0.5063 
4.0501 -0.6088 1.9401 0.5582 0.4405 
4.1001 -0.6099 1.9401 0.5629 0.6065 
4.0801 -0.6064 1.9401 0.5705 0.5396 
4.1101 -0.6156 1.9201 0.4763 0.6441 
4.1101 -0.6156 1.9201 0.4763 0.6441 
4.0801 -0.6064 1.9401 0.5705 0.5396 
4.0601 -0.6152 1.9301 0.5059 0.4745 
4.0801 -0.6064 1.9401 0.5705 0.5396 
4.0701 -0.6096 1.9401 0.5590 0.5068 
4.0601 -0.6152 1.9301 0.5059 0.4745 
4.0701 -0.6096 1.9401 0.5590 0.5068 
4.0501 -0.6088 1.9401 0.5582 0.4405 
4.0601 -0.6152 1.9301 0.5059 0.4745 
4.1701 -0.6154 1.9101 0.4489 0.8573 
4.1101 -0.6156 1.9201 0.4763 0.6441 
4.0401 -0.6138 1.9101 0.4337 0.4044 
4.0401 -0.6138 1.9101 0.4337 0.4044 
4.1101 -0.6156 1.9201 0.4763 0.6441 
4.0601 -0.6152 1.9301 0.5059 0.4745 
4.0501 -0.6088 1.9401 0.5582 0.4405 
4.0601 -0.6053 1.9601 0.6373 0.4737 
4.0401 -0.6042 1.9401 0.5709 0.4059 
4.0401 -0.6042 1.9401 0.5709 0.4059 
4.0401 -0.6007 1.9701 0.6803 0.4095 
4.0201 -0.6072 1.9501 0.5921 0.3441 
4.0201 -0.6072 1.9501 0.5921 0.3441 
4.0001 -0.6045 1.9501 0.5974 0.2784 
4.0101 -0.6052 1.9401 0.5631 0.3076 
4.0101 -0.6052 1.9401 0.5631 0.3076 
4.0101 -0.6136 1.9301 0.5027 0.3091 
4.0201 -0.6072 1.9501 0.5921 0.3441 
4.0001 -0.6045 1.9501 0.5974 0.2784 
4.0101 -0.6136 1.9301 0.5027 0.3091 
4.0101 -0.6052 1.9401 0.5631 0.3076 
4.0501 -0.6088 1.9401 0.5582 0.4405 
4.0401 -0.6042 1.9401 0.5709 0.4059 
4.0601 -0.6152 1.9301 0.5059 0.4745 
4.0601 -0.6152 1.9301 0.5059 0.4745 
4.0401 -0.6042 1.9401 0.5709 0.4059 
4.0101 -0.6136 1.9301 0.5027 0.3091 
4.0401 -0.6042 1.9401 0.5709 0.4059 
4.0201 -0.6072 1.9501 0.5921 0.3441 
4.0101 -0.6136 1.9301 0.5027 0.3091 
4.0401 -0.6138 1.9101 0.4337 0.4044 
4.0601 -0.6152 1.9301 0.5059 0.4745 
4.0101 -0.6136 1.9301 0.5027 0.3091 
4.0401 -0.6138 1.9101 0.4337 0.4044 
4.0101 -0.6136 1.9301 0.5027 0.3091 
3.9301 -0.6126 1.9101 0.4209 0.0580 
3.9401 -0.5999 1.9701 0.6663 0.1029 
3.9401 -0.5999 1.9701 0.6663 0.1029 
3.9401 -0.5999 1.9701 0.6663 0.1029 
3.9401 -0.5999 1.9701 0.6663 0.1029 
3.9401 -0.5999 1.9701 0.6663 0.1029 
3.9401 -0.5999 1.9701 0.6663 0.1029 
3.9401 -0.5999 1.9701 0.6663 0.1029 
3.9401 -0.5999 1.9701 0.6663 0.1029 
3.9401 -0.5999 1.9701 0.6663 0.1029 
3.9401 -0.5999 1.9701 0.6663 0.1029 
3.9401 -0.5999 1.9701 0.6663 0.1029 
3.9401 -0.5999 1.9701 0.6663 0.1029 
3.9701 -0.6067 1.9901 0.7103 0.2049 
3.9701 -0.6003 2.0001 0.7591 0.2050 
3.9501 -0.6010 1.9901 0.7249 0.1429 
3.9501 -0.6010 1.9901 0.7249 0.1429 
3.9701 -0.6003 2.0001 0.7591 0.2050 
3.9501 -0.6061 2.0101 0.7655 0.1573 
4.0001 -0.6032 1.9801 0.6964 0.2884 
4.0101 -0.6010 2.0101 0.7914 0.3265 
3.9901 -0.6019 2.0001 0.7573 0.2647 
4.0001 -0.6032 1.9801 0.6964 0.2884 
3.9901 -0.6019 2.0001 0.7573 0.2647 
3.9801 -0.6056 1.9701 0.6548 0.2250 
3.9801 -0.6056 1.9701 0.6548 0.2250 
3.9901 -0.6019 2.0001 0.7573 0.2647 
3.9701 -0.6067 1.9901 0.7103 0.2049 
3.9501 -0.6030 1.9701 0.6582 0.1335 
3.9701 -0.6067 1.9901 0.7103 0.2049 
3.9501 -0.6010 1.9901 0.7249 0.1429 
3.9901 -0.6070 1.9601 0.6207 0.2524 
4.0001 -0.6032 1.9801 0.6964 0.2884 
3.9801 -0.6056 1.9701 0.6548 0.2250 
3.9601 -0.6101 1.9701 0.6379 0.1683 
3.9801 -0.6056 1.9701 0.6548 0.2250 
3.9701 -0.6067 1.9901 0.7103 0.2049 
3.9501 -0.6030 1.9701 0.6582 0.1335 
3.9601 -0.6101 1.9701 0.6379 0.1683 
3.9701 -0.6067 1.9901 0.7103 0.2049 
3.9601 -0.6101 1.9701 0.6379 0.1683 
3.9601 -0.6069 1.9501 0.5836 0.1549 
3.9801 -0.6056 1.9701 0.6548 0.2250 
3.9601 -0.6101 1.9701 0.6379 0.1683 
3.9501 -0.6030 1.9701 0.6582 0.1335 
3.9601 -0.6069 1.9501 0.5836 0.1549 
3.9901 -0.6051 1.9401 0.5602 0.2426 
4.0101 -0.6069 1.9701 0.6559 0.3180 
3.9901 -0.6070 1.9601 0.6207 0.2524 
4.0001 -0.6045 1.9501 0.5974 0.2784 
4.0101 -0.6069 1.9701 0.6559 0.3180 
3.9901 -0.6051 1.9401 0.5602 0.2426 
3.9701 -0.6077 1.9401 0.5490 0.1809 
3.9901 -0.6070 1.9601 0.6207 0.2524 
3.9801 -0.6056 1.9701 0.6548 0.2250 
3.9701 -0.6077 1.9401 0.5490 0.1809 
3.9801 -0.6056 1.9701 0.6548 0.2250 
3.9601 -0.6069 1.9501 0.5836 0.1549 
3.9501 -0.6010 1.9901 0.7249 0.1429 
3.9501 -0.6061 2.0101 0.7655 0.1573 
3.9301 -0.6009 1.9901 0.7217 0.0893 
3.9401 -0.6063 1.9801 0.6770 0.1139 
3.9501 -0.6010 1.9901 0.7249 0.1429 
3.9301 -0.6009 1.9901 0.7217 0.0893 
3.9501 -0.6030 1.9701 0.6582 0.1335 
3.9501 -0.6010 1.9901 0.7249 0.1429 
3.9401 -0.6063 1.9801 0.6770 0.1139 
3.9401 -0.5999 1.9701 0.6663 0.1029 
3.9501 -0.6030 1.9701 0.6582 0.1335 
3.9401 -0.6063 1.9801 0.6770 0.1139 
3.9401 -0.5999 1.9701 0.6663 0.1029 
3.9401 -0.6063 1.9801 0.6770 0.1139 
3.9401 -0.5999 1.9701 0.6663 0.1029 
3.9401 -0.5999 1.9701 0.6663 0.1029 
3.9401 -0.6063 1.9801 0.6770 0.1139 
3.9301 -0.6012 1.9701 0.6605 0.0786 
3.9401 -0.5999 1.9701 0.6663 0.1029 
3.9301 -0.6012 1.9701 0.6605 0.0786 
3.9401 -0.5999 1.9701 0.6663 0.1029 
3.9401 -0.5999 1.9701 0.6663 0.1029 
3.9401 -0.6030 1.9601 0.6251 0.0997 
3.9501 -0.6030 1.9701 0.6582 0.1335 
3.9401 -0.5999 1.9701 0.6663 0.1029 
3.9501 -0.6030 1.9701 0.6582 0.1335 
3.9401 -0.5999 1.9701 0.6663 0.1029 
3.9401 -0.5999 1.9701 0.6663 0.1029 
3.9301 -0.6012 1.9701 0.6605 0.0786 
3.9401 -0.6030 1.9601 0.6251 0.0997 
3.9401 -0.5999 1.9701 0.6663 0.1029 
3.9401 -0.6030 1.9601 0.6251 0.0997 
3.9401 -0.5999 1.9701 0.6663 0.1029 
3.9201 -0.6086 1.9501 0.5722 0.0562 
3.9301 -0.6041 1.9501 0.5875 0.0703 
3.9401 -0.6030 1.9601 0.6251 0.0997 
3.9901 -0.6051 1.9401 0.5602 0.2426 
3.9901 -0.6070 1.9601 0.6207 0.2524 
3.9701 -0.6077 1.9401 0.5490 0.1809 
3.9601 -0.6069 1.9501 0.5836 0.1549 
3.9501 -0.6059 1.9401 0.5513 0.1184 
3.9701 -0.6077 1.9401 0.5490 0.1809 
3.9601 -0.6069 1.9501 0.5836 0.1549 
3.9501 -0.6030 1.9701 0.6582 0.1335 
3.9501 -0.6059 1.9401 0.5513 0.1184 
3.9701 -0.6077 1.9401 0.5490 0.1809 
4.0101 -0.6136 1.9301 0.5027 0.3091 
3.9901 -0.6051 1.9401 0.5602 0.2426 
3.9501 -0.6059 1.9401 0.5513 0.1184 
3.9401 -0.6112 1.9301 0.4992 0.0889 
3.9701 -0.6077 1.9401 0.5490 0.1809 
4.0001 -0.6045 1.9501 0.5974 0.2784 
3.9901 -0.6051 1.9401 0.5602 0.2426 
4.0101 -0.6136 1.9301 0.5027 0.3091 
3.9701 -0.6077 1.9401 0.5490 0.1809 
3.9401 -0.6112 1.9301 0.4992 0.0889 
4.0101 -0.6136 1.9301 0.5027 0.3091 
3.9301 -0.6126 1.9101 0.4209 0.0580 
4.0101 -0.6136 1.9301 0.5027 0.3091 
3.9401 -0.6112 1.9301 0.4992 0.0889 
3.9501 -0.6059 1.9401 0.5513 0.1184 
3.9401 -0.6030 1.9601 0.6251 0.0997 
3.9401 -0.6112 1.9301 0.4992 0.0889 
3.9501 -0.6059 1.9401 0.5513 0.1184 
3.9501 -0.6030 1.9701 0.6582 0.1335 
3.9401 -0.6030 1.9601 0.6251 0.0997 
3.9301 -0.6041 1.9501 0.5875 0.0703 
3.9401 -0.6112 1.9301 0.4992 0.0889 
3.9401 -0.6030 1.9601 0.6251 0.0997 
3.9301 -0.6041 1.9501 0.5875 0.0703 
3.9201 -0.6139 1.9301 0.4884 0.0535 
3.9401 -0.6112 1.9301 0.4992 0.0889 
3.9301 -0.6126 1.9101 0.4209 0.0580 
3.9401 -0.6112 1.9301 0.4992 0.0889 
3.9201 -0.6139 1.9301 0.4884 0.0535 
