NUMPOLLIES 254.000000 

4.2101 0.0201 2.1481 0.7820 0.9262 
4.2101 0.0101 2.1565 0.7087 0.9252 
4.2201 0.0101 2.1482 0.7394 0.9756 
4.2201 0.0101 2.1482 0.7394 0.9756 
4.2101 0.0101 2.1565 0.7087 0.9252 
4.2001 0.0001 2.1461 0.6957 0.9058 
4.2101 0.0701 2.1493 0.9806 0.8838 
4.2001 0.0601 2.1416 0.9700 0.8613 
4.2101 0.0501 2.1464 0.9141 0.9025 
4.2101 0.0701 2.1493 0.9806 0.8838 
4.2101 0.0501 2.1464 0.9141 0.9025 
4.2201 0.0401 2.1415 0.8942 0.9557 
4.2101 0.0501 2.1464 0.9141 0.9025 
4.2001 0.0601 2.1416 0.9700 0.8613 
4.1901 0.0501 2.1487 0.9011 0.8240 
4.2101 0.0401 2.1387 0.9028 0.9196 
4.2201 0.0401 2.1415 0.8942 0.9557 
4.2101 0.0501 2.1464 0.9141 0.9025 
4.2101 0.0501 2.1464 0.9141 0.9025 
4.1901 0.0501 2.1487 0.9011 0.8240 
4.2101 0.0401 2.1387 0.9028 0.9196 
4.2101 0.0401 2.1387 0.9028 0.9196 
4.2101 0.0301 2.1494 0.8206 0.9160 
4.2201 0.0401 2.1415 0.8942 0.9557 
4.1801 0.0701 2.1489 0.9765 0.7734 
4.1301 0.0801 2.1522 0.9916 0.5840 
4.1501 0.0601 2.1512 0.9232 0.6656 
4.1101 0.0701 2.1518 0.9515 0.5132 
4.1301 0.0501 2.1531 0.8728 0.5934 
4.1301 0.0801 2.1522 0.9916 0.5840 
4.0901 0.0601 2.1526 0.9060 0.4403 
4.1301 0.0501 2.1531 0.8728 0.5934 
4.1101 0.0701 2.1518 0.9515 0.5132 
4.1301 0.0501 2.1531 0.8728 0.5934 
4.0901 0.0601 2.1526 0.9060 0.4403 
4.1101 0.0501 2.1571 0.8541 0.5173 
4.1801 0.0401 2.1536 0.8406 0.7885 
4.1701 0.0401 2.1501 0.8512 0.7526 
4.1901 0.0301 2.1506 0.8117 0.8365 
4.2101 0.0301 2.1494 0.8206 0.9160 
4.1901 0.0301 2.1506 0.8117 0.8365 
4.2101 0.0201 2.1481 0.7820 0.9262 
4.1901 0.0301 2.1506 0.8117 0.8365 
4.1701 0.0401 2.1501 0.8512 0.7526 
4.1901 0.0101 2.1508 0.7235 0.8515 
4.1601 0.0301 2.1463 0.8209 0.7216 
4.1901 0.0101 2.1508 0.7235 0.8515 
4.1701 0.0401 2.1501 0.8512 0.7526 
4.1901 0.0101 2.1508 0.7235 0.8515 
4.2101 0.0101 2.1565 0.7087 0.9252 
4.2101 0.0201 2.1481 0.7820 0.9262 
4.1901 0.0101 2.1508 0.7235 0.8515 
4.1601 0.0301 2.1463 0.8209 0.7216 
4.1701 0.0101 2.1560 0.7011 0.7668 
4.1701 0.0101 2.1560 0.7011 0.7668 
4.1601 0.0301 2.1463 0.8209 0.7216 
4.1401 0.0101 2.1572 0.6902 0.6465 
4.2101 0.0101 2.1565 0.7087 0.9252 
4.1901 0.0101 2.1508 0.7235 0.8515 
4.2001 0.0001 2.1461 0.6957 0.9058 
4.1701 0.0101 2.1560 0.7011 0.7668 
4.1401 0.0101 2.1572 0.6902 0.6465 
4.1601 0.0001 2.1471 0.6827 0.7387 
4.1601 0.0001 2.1471 0.6827 0.7387 
4.1401 0.0101 2.1572 0.6902 0.6465 
4.1401 0.0001 2.1486 0.6726 0.6546 
4.1401 0.0601 2.1462 0.9399 0.6298 
4.1301 0.0501 2.1531 0.8728 0.5934 
4.1601 0.0428 2.1501 0.8603 0.7125 
4.1601 0.0428 2.1501 0.8603 0.7125 
4.1301 0.0501 2.1531 0.8728 0.5934 
4.1201 0.0401 2.1541 0.8261 0.5581 
4.1301 0.0501 2.1531 0.8728 0.5934 
4.1101 0.0501 2.1571 0.8541 0.5173 
4.1201 0.0401 2.1541 0.8261 0.5581 
4.1601 0.0428 2.1501 0.8603 0.7125 
4.1201 0.0401 2.1541 0.8261 0.5581 
4.1301 0.0301 2.1452 0.8180 0.6025 
4.1401 0.0101 2.1572 0.6902 0.6465 
4.1601 0.0301 2.1463 0.8209 0.7216 
4.1301 0.0301 2.1452 0.8180 0.6025 
4.1201 0.0201 2.1499 0.7552 0.5648 
4.1401 0.0101 2.1572 0.6902 0.6465 
4.1301 0.0301 2.1452 0.8180 0.6025 
4.1301 0.0301 2.1452 0.8180 0.6025 
4.1201 0.0401 2.1541 0.8261 0.5581 
4.1201 0.0201 2.1499 0.7552 0.5648 
4.1101 0.0001 2.1570 0.6377 0.5291 
4.1401 0.0101 2.1572 0.6902 0.6465 
4.1201 0.0201 2.1499 0.7552 0.5648 
4.1201 0.0201 2.1499 0.7552 0.5648 
4.1001 0.0301 2.1466 0.8062 0.4824 
4.1001 0.0101 2.1556 0.6860 0.4864 
4.1401 0.0001 2.1486 0.6726 0.6546 
4.1101 0.0001 2.1570 0.6377 0.5291 
4.1301 -0.0099 2.1585 0.5905 0.6139 
4.1401 0.0101 2.1572 0.6902 0.6465 
4.1101 0.0001 2.1570 0.6377 0.5291 
4.1401 0.0001 2.1486 0.6726 0.6546 
4.2001 0.0601 2.1416 0.9700 0.8613 
4.1801 0.0701 2.1489 0.9765 0.7734 
4.1701 0.0601 2.1424 0.9610 0.7461 
4.2101 0.0701 2.1493 0.9806 0.8838 
4.1801 0.0701 2.1489 0.9765 0.7734 
4.2001 0.0601 2.1416 0.9700 0.8613 
4.1801 0.0701 2.1489 0.9765 0.7734 
4.1501 0.0601 2.1512 0.9232 0.6656 
4.1701 0.0601 2.1424 0.9610 0.7461 
4.2001 0.0601 2.1416 0.9700 0.8613 
4.1701 0.0601 2.1424 0.9610 0.7461 
4.1901 0.0501 2.1487 0.9011 0.8240 
4.1701 0.0601 2.1424 0.9610 0.7461 
4.1501 0.0601 2.1512 0.9232 0.6656 
4.1701 0.0401 2.1501 0.8512 0.7526 
4.1501 0.0601 2.1512 0.9232 0.6656 
4.1401 0.0601 2.1462 0.9399 0.6298 
4.1701 0.0401 2.1501 0.8512 0.7526 
4.1501 0.0601 2.1512 0.9232 0.6656 
4.1301 0.0801 2.1522 0.9916 0.5840 
4.1401 0.0601 2.1462 0.9399 0.6298 
4.1301 0.0501 2.1531 0.8728 0.5934 
4.1401 0.0601 2.1462 0.9399 0.6298 
4.1301 0.0801 2.1522 0.9916 0.5840 
4.2101 0.0401 2.1387 0.9028 0.9196 
4.1901 0.0501 2.1487 0.9011 0.8240 
4.1901 0.0301 2.1506 0.8117 0.8365 
4.1701 0.0601 2.1424 0.9610 0.7461 
4.1901 0.0301 2.1506 0.8117 0.8365 
4.1901 0.0501 2.1487 0.9011 0.8240 
4.1801 0.0401 2.1536 0.8406 0.7885 
4.1901 0.0301 2.1506 0.8117 0.8365 
4.1701 0.0601 2.1424 0.9610 0.7461 
4.1801 0.0401 2.1536 0.8406 0.7885 
4.1701 0.0601 2.1424 0.9610 0.7461 
4.1701 0.0401 2.1501 0.8512 0.7526 
4.1701 0.0401 2.1501 0.8512 0.7526 
4.1401 0.0601 2.1462 0.9399 0.6298 
4.1601 0.0428 2.1501 0.8603 0.7125 
4.2101 0.0301 2.1494 0.8206 0.9160 
4.2101 0.0401 2.1387 0.9028 0.9196 
4.1901 0.0301 2.1506 0.8117 0.8365 
4.1601 0.0428 2.1501 0.8603 0.7125 
4.1601 0.0301 2.1463 0.8209 0.7216 
4.1701 0.0401 2.1501 0.8512 0.7526 
4.2101 0.0201 2.1481 0.7820 0.9262 
4.1901 0.0301 2.1506 0.8117 0.8365 
4.1901 0.0101 2.1508 0.7235 0.8515 
4.1901 0.0001 2.1360 0.7296 0.8753 
4.2001 0.0001 2.1461 0.6957 0.9058 
4.1901 0.0101 2.1508 0.7235 0.8515 
4.1901 0.0001 2.1360 0.7296 0.8753 
4.1901 0.0101 2.1508 0.7235 0.8515 
4.1701 0.0101 2.1560 0.7011 0.7668 
4.1601 0.0001 2.1471 0.6827 0.7387 
4.1901 0.0001 2.1360 0.7296 0.8753 
4.1701 0.0101 2.1560 0.7011 0.7668 
4.1301 0.0301 2.1452 0.8180 0.6025 
4.1601 0.0301 2.1463 0.8209 0.7216 
4.1601 0.0428 2.1501 0.8603 0.7125 
4.1201 0.0401 2.1541 0.8261 0.5581 
4.1001 0.0301 2.1466 0.8062 0.4824 
4.1201 0.0201 2.1499 0.7552 0.5648 
4.1201 0.0201 2.1499 0.7552 0.5648 
4.1001 0.0101 2.1556 0.6860 0.4864 
4.1101 0.0001 2.1570 0.6377 0.5291 
4.1401 0.0001 2.1486 0.6726 0.6546 
4.2001 -0.0099 2.1531 0.6250 0.9066 
4.1601 0.0001 2.1471 0.6827 0.7387 
4.2001 -0.0099 2.1531 0.6250 0.9066 
4.1401 0.0001 2.1486 0.6726 0.6546 
4.1801 -0.0199 2.1541 0.5677 0.8304 
4.2001 -0.0099 2.1531 0.6250 0.9066 
4.1801 -0.0199 2.1541 0.5677 0.8304 
4.2101 -0.0299 2.1480 0.5441 0.9749 
4.2101 -0.0299 2.1480 0.5441 0.9749 
4.1801 -0.0199 2.1541 0.5677 0.8304 
4.1801 -0.0299 2.1460 0.5424 0.8467 
4.1801 -0.0199 2.1541 0.5677 0.8304 
4.1401 -0.0299 2.1524 0.5119 0.6676 
4.1801 -0.0299 2.1460 0.5424 0.8467 
4.1701 -0.0399 2.1556 0.4581 0.8015 
4.2101 -0.0399 2.1540 0.4738 0.9769 
4.1801 -0.0299 2.1460 0.5424 0.8467 
4.1801 -0.0299 2.1460 0.5424 0.8467 
4.2101 -0.0399 2.1540 0.4738 0.9769 
4.2101 -0.0299 2.1480 0.5441 0.9749 
4.1801 -0.0299 2.1460 0.5424 0.8467 
4.1401 -0.0299 2.1524 0.5119 0.6676 
4.1701 -0.0399 2.1556 0.4581 0.8015 
4.1701 -0.0399 2.1556 0.4581 0.8015 
4.1401 -0.0299 2.1524 0.5119 0.6676 
4.1501 -0.0499 2.1538 0.4037 0.7220 
4.1201 -0.0399 2.1596 0.4332 0.5829 
4.1001 -0.0399 2.1605 0.4253 0.4965 
4.1001 -0.0403 2.1601 0.4243 0.4965 
4.1401 0.0001 2.1486 0.6726 0.6546 
4.1301 -0.0099 2.1585 0.5905 0.6139 
4.1801 -0.0199 2.1541 0.5677 0.8304 
4.1301 -0.0099 2.1585 0.5905 0.6139 
4.1101 0.0001 2.1570 0.6377 0.5291 
4.1201 -0.0299 2.1484 0.5186 0.5819 
4.1201 -0.0299 2.1484 0.5186 0.5819 
4.1101 0.0001 2.1570 0.6377 0.5291 
4.1001 -0.0199 2.1488 0.5636 0.4920 
4.1801 -0.0199 2.1541 0.5677 0.8304 
4.1301 -0.0099 2.1585 0.5905 0.6139 
4.1401 -0.0299 2.1524 0.5119 0.6676 
4.1301 -0.0099 2.1585 0.5905 0.6139 
4.1201 -0.0299 2.1484 0.5186 0.5819 
4.1401 -0.0299 2.1524 0.5119 0.6676 
4.1501 -0.0499 2.1538 0.4037 0.7220 
4.1401 -0.0299 2.1524 0.5119 0.6676 
4.1201 -0.0399 2.1596 0.4332 0.5829 
4.1201 -0.0399 2.1596 0.4332 0.5829 
4.1401 -0.0299 2.1524 0.5119 0.6676 
4.1201 -0.0299 2.1484 0.5186 0.5819 
4.1201 -0.0299 2.1484 0.5186 0.5819 
4.0901 -0.0299 2.1503 0.5048 0.4504 
4.1001 -0.0399 2.1605 0.4253 0.4965 
4.1201 -0.0399 2.1596 0.4332 0.5829 
4.1201 -0.0299 2.1484 0.5186 0.5819 
4.1001 -0.0399 2.1605 0.4253 0.4965 
4.1501 -0.0499 2.1538 0.4037 0.7220 
4.1201 -0.0399 2.1596 0.4332 0.5829 
4.1101 -0.0499 2.1563 0.3857 0.5430 
4.1001 -0.0499 2.1501 0.3996 0.4985 
4.1001 -0.0403 2.1601 0.4243 0.4965 
4.1001 -0.0499 2.1501 0.3996 0.4985 
4.1001 -0.0499 2.1501 0.3996 0.4985 
4.1201 -0.0399 2.1596 0.4332 0.5829 
4.1001 -0.0403 2.1601 0.4243 0.4965 
4.1001 -0.0499 2.1501 0.3996 0.4985 
4.1101 -0.0499 2.1563 0.3857 0.5430 
4.1201 -0.0399 2.1596 0.4332 0.5829 
4.1901 -0.0599 2.1497 0.3705 0.9145 
4.1701 -0.0399 2.1556 0.4581 0.8015 
4.1601 -0.0699 2.1483 0.3072 0.7861 
4.1701 -0.0399 2.1556 0.4581 0.8015 
4.1501 -0.0499 2.1538 0.4037 0.7220 
4.1601 -0.0699 2.1483 0.3072 0.7861 
4.1901 -0.0599 2.1497 0.3705 0.9145 
4.1901 -0.0799 2.1437 0.2682 0.9441 
4.2001 -0.0699 2.1494 0.3166 0.9716 
4.1601 -0.0699 2.1483 0.3072 0.7861 
4.1501 -0.0499 2.1538 0.4037 0.7220 
4.1301 -0.0599 2.1598 0.3268 0.6350 
4.1601 -0.0699 2.1483 0.3072 0.7861 
4.1301 -0.0599 2.1598 0.3268 0.6350 
4.1501 -0.0799 2.1486 0.2437 0.7460 
4.1801 -0.0699 2.1408 0.3333 0.8894 
4.1801 -0.0899 2.1577 0.1738 0.8875 
4.1901 -0.0899 2.1497 0.1932 0.9462 
4.1801 -0.0699 2.1408 0.3333 0.8894 
4.1701 -0.0899 2.1480 0.1906 0.8514 
4.1801 -0.0899 2.1577 0.1738 0.8875 
4.1901 -0.0899 2.1497 0.1932 0.9462 
4.1801 -0.0899 2.1577 0.1738 0.8875 
4.1801 -0.1099 2.1464 0.0866 0.9242 
4.1701 -0.0899 2.1480 0.1906 0.8514 
4.1801 -0.1099 2.1464 0.0866 0.9242 
4.1801 -0.0899 2.1577 0.1738 0.8875 
4.1301 -0.0599 2.1598 0.3268 0.6350 
4.1101 -0.0499 2.1563 0.3857 0.5430 
4.1201 -0.0599 2.1528 0.3417 0.5923 
4.1501 -0.0499 2.1538 0.4037 0.7220 
4.1101 -0.0499 2.1563 0.3857 0.5430 
4.1301 -0.0599 2.1598 0.3268 0.6350 
4.1001 -0.0499 2.1501 0.3996 0.4985 
4.1101 -0.0499 2.1563 0.3857 0.5430 
4.1001 -0.0499 2.1501 0.3996 0.4985 
4.1501 -0.0799 2.1486 0.2437 0.7460 
4.1301 -0.0599 2.1598 0.3268 0.6350 
4.1201 -0.0699 2.1415 0.3126 0.6000 
4.1301 -0.0599 2.1598 0.3268 0.6350 
4.1201 -0.0599 2.1528 0.3417 0.5923 
4.1201 -0.0699 2.1415 0.3126 0.6000 
4.1201 -0.0599 2.1528 0.3417 0.5923 
4.1101 -0.0499 2.1563 0.3857 0.5430 
4.1001 -0.0699 2.1561 0.2698 0.5032 
4.1101 -0.0499 2.1563 0.3857 0.5430 
4.1001 -0.0499 2.1501 0.3996 0.4985 
4.1001 -0.0699 2.1561 0.2698 0.5032 
4.1201 -0.0799 2.1562 0.2172 0.5996 
4.1001 -0.0699 2.1561 0.2698 0.5032 
4.1001 -0.0899 2.1599 0.1459 0.5081 
4.1201 -0.0799 2.1562 0.2172 0.5996 
4.1101 -0.0999 2.1503 0.1106 0.5608 
4.1201 -0.0899 2.1463 0.1784 0.6074 
4.1101 -0.0999 2.1503 0.1106 0.5608 
4.1001 -0.0899 2.1599 0.1459 0.5081 
4.0901 -0.0999 2.1544 0.0998 0.4617 
4.1201 -0.0799 2.1562 0.2172 0.5996 
4.1001 -0.0899 2.1599 0.1459 0.5081 
4.1101 -0.0999 2.1503 0.1106 0.5608 
4.2001 0.0001 2.1461 0.6957 0.9058 
4.1901 0.0001 2.1360 0.7296 0.8753 
4.2001 -0.0099 2.1531 0.6250 0.9066 
4.1901 0.0001 2.1360 0.7296 0.8753 
4.1601 0.0001 2.1471 0.6827 0.7387 
4.2001 -0.0099 2.1531 0.6250 0.9066 
4.1201 -0.0299 2.1484 0.5186 0.5819 
4.1001 -0.0199 2.1488 0.5636 0.4920 
4.0901 -0.0299 2.1503 0.5048 0.4504 
4.1001 -0.0499 2.1501 0.3996 0.4985 
4.1001 -0.0499 2.1501 0.3996 0.4985 
4.1001 -0.0499 2.1501 0.3996 0.4985 
4.1901 -0.0799 2.1437 0.2682 0.9441 
4.1901 -0.0599 2.1497 0.3705 0.9145 
4.1801 -0.0699 2.1408 0.3333 0.8894 
4.1601 -0.0699 2.1483 0.3072 0.7861 
4.1801 -0.0699 2.1408 0.3333 0.8894 
4.1901 -0.0599 2.1497 0.3705 0.9145 
4.1801 -0.0699 2.1408 0.3333 0.8894 
4.1901 -0.0899 2.1497 0.1932 0.9462 
4.1901 -0.0799 2.1437 0.2682 0.9441 
4.1801 -0.0699 2.1408 0.3333 0.8894 
4.1601 -0.0699 2.1483 0.3072 0.7861 
4.1701 -0.0899 2.1480 0.1906 0.8514 
4.1601 -0.0699 2.1483 0.3072 0.7861 
4.1501 -0.0799 2.1486 0.2437 0.7460 
4.1701 -0.0899 2.1480 0.1906 0.8514 
4.1701 -0.0899 2.1480 0.1906 0.8514 
4.1501 -0.0799 2.1486 0.2437 0.7460 
4.1501 -0.0999 2.1472 0.1270 0.7623 
4.1001 -0.0499 2.1501 0.3996 0.4985 
4.1001 -0.0499 2.1501 0.3996 0.4985 
4.1001 -0.0499 2.1501 0.3996 0.4985 
4.1201 -0.0699 2.1415 0.3126 0.6000 
4.1201 -0.0599 2.1528 0.3417 0.5923 
4.1001 -0.0699 2.1561 0.2698 0.5032 
4.1501 -0.0799 2.1486 0.2437 0.7460 
4.1201 -0.0699 2.1415 0.3126 0.6000 
4.1301 -0.0799 2.1421 0.2528 0.6534 
4.1201 -0.0799 2.1562 0.2172 0.5996 
4.1301 -0.0799 2.1421 0.2528 0.6534 
4.1201 -0.0699 2.1415 0.3126 0.6000 
4.1201 -0.0699 2.1415 0.3126 0.6000 
4.1001 -0.0699 2.1561 0.2698 0.5032 
4.1201 -0.0799 2.1562 0.2172 0.5996 
4.1301 -0.0799 2.1421 0.2528 0.6534 
4.1201 -0.0799 2.1562 0.2172 0.5996 
4.1201 -0.0899 2.1463 0.1784 0.6074 
4.1501 -0.0799 2.1486 0.2437 0.7460 
4.1301 -0.0799 2.1421 0.2528 0.6534 
4.1501 -0.0999 2.1472 0.1270 0.7623 
4.1301 -0.0799 2.1421 0.2528 0.6534 
4.1201 -0.0899 2.1463 0.1784 0.6074 
4.1501 -0.0999 2.1472 0.1270 0.7623 
4.1101 -0.0999 2.1503 0.1106 0.5608 
4.1301 -0.1099 2.1493 0.0766 0.6667 
4.1201 -0.0899 2.1463 0.1784 0.6074 
4.0601 0.0601 2.1511 0.9055 0.3270 
4.0901 0.0601 2.1526 0.9060 0.4403 
4.0901 0.0701 2.1467 0.9669 0.4383 
4.0901 0.0601 2.1526 0.9060 0.4403 
4.0601 0.0601 2.1511 0.9055 0.3270 
4.0901 0.0501 2.1458 0.8911 0.4402 
4.0401 0.0801 2.1514 0.9771 0.2557 
4.0201 0.0901 2.1541 1.0002 0.1884 
3.9901 0.0801 2.1436 0.9974 0.0762 
4.0501 0.0701 2.1531 0.9350 0.2917 
4.0401 0.0801 2.1514 0.9771 0.2557 
4.0401 0.0601 2.1530 0.8944 0.2531 
4.0401 0.0601 2.1530 0.8944 0.2531 
4.0401 0.0801 2.1514 0.9771 0.2557 
4.0301 0.0701 2.1553 0.9230 0.2200 
4.0401 0.0801 2.1514 0.9771 0.2557 
3.9901 0.0801 2.1436 0.9974 0.0762 
4.0301 0.0701 2.1553 0.9230 0.2200 
4.0401 0.0601 2.1530 0.8944 0.2531 
4.0301 0.0701 2.1553 0.9230 0.2200 
3.9901 0.0601 2.1505 0.8932 0.0751 
4.0301 0.0701 2.1553 0.9230 0.2200 
3.9801 0.0701 2.1532 0.9206 0.0578 
3.9901 0.0601 2.1505 0.8932 0.0751 
4.0601 0.0601 2.1511 0.9055 0.3270 
4.0401 0.0601 2.1530 0.8944 0.2531 
4.0401 0.0401 2.1535 0.8110 0.2497 
4.0501 0.0701 2.1531 0.9350 0.2917 
4.0401 0.0601 2.1530 0.8944 0.2531 
4.0601 0.0601 2.1511 0.9055 0.3270 
4.0401 0.0401 2.1535 0.8110 0.2497 
4.0401 0.0601 2.1530 0.8944 0.2531 
4.0101 0.0401 2.1534 0.8048 0.1366 
3.9901 0.0601 2.1505 0.8932 0.0751 
4.0101 0.0401 2.1534 0.8048 0.1366 
4.0401 0.0601 2.1530 0.8944 0.2531 
4.0001 0.0501 2.1580 0.8278 0.1096 
4.0101 0.0401 2.1534 0.8048 0.1366 
3.9901 0.0601 2.1505 0.8932 0.0751 
4.0801 0.0401 2.1501 0.8317 0.4030 
4.1201 0.0401 2.1541 0.8261 0.5581 
4.1101 0.0501 2.1571 0.8541 0.5173 
4.0601 0.0301 2.1544 0.7696 0.3264 
4.0801 0.0401 2.1501 0.8317 0.4030 
4.0601 0.0501 2.1407 0.9041 0.3213 
4.0601 0.0501 2.1407 0.9041 0.3213 
4.0601 0.0601 2.1511 0.9055 0.3270 
4.0601 0.0301 2.1544 0.7696 0.3264 
4.0801 0.0401 2.1501 0.8317 0.4030 
4.0601 0.0301 2.1544 0.7696 0.3264 
4.0701 0.0201 2.1420 0.7718 0.3604 
4.1001 0.0101 2.1556 0.6860 0.4864 
4.1001 0.0301 2.1466 0.8062 0.4824 
4.0901 0.0301 2.1440 0.8135 0.4420 
4.0701 0.0101 2.1540 0.6841 0.3650 
4.1001 0.0101 2.1556 0.6860 0.4864 
4.0701 0.0201 2.1420 0.7718 0.3604 
4.1101 0.0001 2.1570 0.6377 0.5291 
4.1001 0.0101 2.1556 0.6860 0.4864 
4.0901 -0.0099 2.1575 0.5834 0.4489 
4.1001 0.0101 2.1556 0.6860 0.4864 
4.0701 0.0101 2.1540 0.6841 0.3650 
4.0901 -0.0099 2.1575 0.5834 0.4489 
4.0601 0.0101 2.1465 0.7072 0.3208 
4.0701 0.0001 2.1405 0.6833 0.3593 
4.0701 0.0101 2.1540 0.6841 0.3650 
4.0601 0.0601 2.1511 0.9055 0.3270 
4.0401 0.0401 2.1535 0.8110 0.2497 
4.0601 0.0301 2.1544 0.7696 0.3264 
4.0101 0.0401 2.1534 0.8048 0.1366 
4.0001 0.0501 2.1580 0.8278 0.1096 
4.0001 0.0301 2.1484 0.7771 0.0927 
4.0301 0.0201 2.1496 0.7352 0.2032 
4.0401 0.0401 2.1535 0.8110 0.2497 
4.0101 0.0401 2.1534 0.8048 0.1366 
4.0301 0.0201 2.1496 0.7352 0.2032 
4.0101 0.0401 2.1534 0.8048 0.1366 
4.0001 0.0301 2.1484 0.7771 0.0927 
4.0001 0.0301 2.1484 0.7771 0.0927 
4.0101 0.0201 2.1530 0.7187 0.1291 
4.0301 0.0201 2.1496 0.7352 0.2032 
4.0101 0.0201 2.1530 0.7187 0.1291 
4.0201 0.0101 2.1546 0.6703 0.1652 
4.0301 0.0201 2.1496 0.7352 0.2032 
4.0101 0.0101 2.1468 0.6940 0.1190 
4.0201 0.0101 2.1546 0.6703 0.1652 
4.0101 0.0201 2.1530 0.7187 0.1291 
4.0101 0.0201 2.1530 0.7187 0.1291 
4.0001 0.0301 2.1484 0.7771 0.0927 
3.9901 0.0101 2.1525 0.6698 0.0607 
4.0101 0.0201 2.1530 0.7187 0.1291 
3.9901 0.0101 2.1525 0.6698 0.0607 
4.0101 0.0101 2.1468 0.6940 0.1190 
4.0101 -0.0099 2.1590 0.5587 0.1236 
4.0301 0.0001 2.1525 0.6325 0.2000 
4.0201 0.0101 2.1546 0.6703 0.1652 
4.0101 0.0101 2.1468 0.6940 0.1190 
4.0101 -0.0099 2.1590 0.5587 0.1236 
4.0201 0.0101 2.1546 0.6703 0.1652 
4.0101 0.0101 2.1468 0.6940 0.1190 
3.9901 0.0101 2.1525 0.6698 0.0607 
4.0101 -0.0099 2.1590 0.5587 0.1236 
4.0501 0.0701 2.1531 0.9350 0.2917 
4.0901 0.0701 2.1467 0.9669 0.4383 
4.0901 0.0801 2.1538 0.9779 0.4385 
4.0901 0.0701 2.1467 0.9669 0.4383 
4.0501 0.0701 2.1531 0.9350 0.2917 
4.0601 0.0601 2.1511 0.9055 0.3270 
4.0901 0.0601 2.1526 0.9060 0.4403 
4.0901 0.0501 2.1458 0.8911 0.4402 
4.1101 0.0501 2.1571 0.8541 0.5173 
4.0601 0.0601 2.1511 0.9055 0.3270 
4.0601 0.0501 2.1407 0.9041 0.3213 
4.0901 0.0501 2.1458 0.8911 0.4402 
4.0301 0.0701 2.1553 0.9230 0.2200 
3.9901 0.0801 2.1436 0.9974 0.0762 
3.9801 0.0701 2.1532 0.9206 0.0578 
4.1101 0.0501 2.1571 0.8541 0.5173 
4.0901 0.0501 2.1458 0.8911 0.4402 
4.0801 0.0401 2.1501 0.8317 0.4030 
4.0601 0.0501 2.1407 0.9041 0.3213 
4.0801 0.0401 2.1501 0.8317 0.4030 
4.0901 0.0501 2.1458 0.8911 0.4402 
4.0801 0.0401 2.1501 0.8317 0.4030 
4.0901 0.0301 2.1440 0.8135 0.4420 
4.1201 0.0401 2.1541 0.8261 0.5581 
4.0901 0.0301 2.1440 0.8135 0.4420 
4.1001 0.0301 2.1466 0.8062 0.4824 
4.1201 0.0401 2.1541 0.8261 0.5581 
4.0901 0.0301 2.1440 0.8135 0.4420 
4.0801 0.0401 2.1501 0.8317 0.4030 
4.0701 0.0201 2.1420 0.7718 0.3604 
4.0601 0.0101 2.1465 0.7072 0.3208 
4.0701 0.0201 2.1420 0.7718 0.3604 
4.0601 0.0301 2.1544 0.7696 0.3264 
4.1001 0.0101 2.1556 0.6860 0.4864 
4.0901 0.0301 2.1440 0.8135 0.4420 
4.0701 0.0201 2.1420 0.7718 0.3604 
4.0601 0.0101 2.1465 0.7072 0.3208 
4.0701 0.0101 2.1540 0.6841 0.3650 
4.0701 0.0201 2.1420 0.7718 0.3604 
4.0701 0.0001 2.1405 0.6833 0.3593 
4.0601 0.0101 2.1465 0.7072 0.3208 
4.0501 -0.0099 2.1575 0.5734 0.2835 
4.0601 0.0101 2.1465 0.7072 0.3208 
4.0401 0.0401 2.1535 0.8110 0.2497 
4.0401 0.0101 2.1458 0.7048 0.2380 
4.0601 0.0101 2.1465 0.7072 0.3208 
4.0601 0.0301 2.1544 0.7696 0.3264 
4.0401 0.0401 2.1535 0.8110 0.2497 
4.0401 0.0401 2.1535 0.8110 0.2497 
4.0301 0.0201 2.1496 0.7352 0.2032 
4.0401 0.0101 2.1458 0.7048 0.2380 
4.0201 0.0101 2.1546 0.6703 0.1652 
4.0401 0.0101 2.1458 0.7048 0.2380 
4.0301 0.0201 2.1496 0.7352 0.2032 
4.0401 0.0101 2.1458 0.7048 0.2380 
4.0501 -0.0099 2.1575 0.5734 0.2835 
4.0601 0.0101 2.1465 0.7072 0.3208 
4.0401 0.0101 2.1458 0.7048 0.2380 
4.0201 0.0101 2.1546 0.6703 0.1652 
4.0301 0.0001 2.1525 0.6325 0.2000 
3.9801 0.0501 2.1568 0.8278 0.0556 
4.0001 0.0501 2.1580 0.8278 0.1096 
3.9901 0.0601 2.1505 0.8932 0.0751 
4.0001 0.0301 2.1484 0.7771 0.0927 
4.0001 0.0501 2.1580 0.8278 0.1096 
3.9801 0.0501 2.1568 0.8278 0.0556 
3.9901 0.0101 2.1525 0.6698 0.0607 
4.0001 0.0301 2.1484 0.7771 0.0927 
3.9901 0.0301 2.1430 0.7943 0.0599 
3.9801 0.0501 2.1568 0.8278 0.0556 
3.9901 0.0301 2.1430 0.7943 0.0599 
4.0001 0.0301 2.1484 0.7771 0.0927 
4.0901 -0.0399 2.1601 0.4236 0.4532 
4.1001 -0.0399 2.1605 0.4253 0.4965 
4.0901 -0.0399 2.1601 0.4236 0.4532 
4.0901 -0.0399 2.1601 0.4236 0.4532 
4.0901 -0.0399 2.1601 0.4236 0.4532 
4.0901 -0.0399 2.1601 0.4236 0.4532 
4.1001 -0.0399 2.1605 0.4253 0.4965 
4.0901 -0.0399 2.1601 0.4236 0.4532 
4.1001 -0.0403 2.1601 0.4243 0.4965 
4.1001 -0.0403 2.1601 0.4243 0.4965 
4.0901 -0.0399 2.1601 0.4236 0.4532 
4.0901 -0.0399 2.1601 0.4236 0.4532 
4.0901 -0.0399 2.1601 0.4236 0.4532 
4.0901 -0.0399 2.1601 0.4236 0.4532 
4.0901 -0.0399 2.1601 0.4236 0.4532 
4.0901 -0.0099 2.1575 0.5834 0.4489 
4.0701 0.0101 2.1540 0.6841 0.3650 
4.0801 -0.0099 2.1504 0.6034 0.4055 
4.1101 0.0001 2.1570 0.6377 0.5291 
4.0901 -0.0099 2.1575 0.5834 0.4489 
4.1001 -0.0199 2.1488 0.5636 0.4920 
4.0601 -0.0199 2.1561 0.5305 0.3232 
4.0701 -0.0199 2.1513 0.5478 0.3635 
4.0701 0.0001 2.1405 0.6833 0.3593 
4.0501 -0.0099 2.1575 0.5734 0.2835 
4.0401 -0.0199 2.1543 0.5306 0.2377 
4.0601 -0.0199 2.1561 0.5305 0.3232 
4.0501 -0.0099 2.1575 0.5734 0.2835 
4.0601 -0.0199 2.1561 0.5305 0.3232 
4.0701 0.0001 2.1405 0.6833 0.3593 
4.0901 -0.0099 2.1575 0.5834 0.4489 
4.0901 -0.0299 2.1503 0.5048 0.4504 
4.1001 -0.0199 2.1488 0.5636 0.4920 
4.0901 -0.0299 2.1503 0.5048 0.4504 
4.0801 -0.0099 2.1504 0.6034 0.4055 
4.0701 -0.0199 2.1513 0.5478 0.3635 
4.0901 -0.0099 2.1575 0.5834 0.4489 
4.0801 -0.0099 2.1504 0.6034 0.4055 
4.0901 -0.0299 2.1503 0.5048 0.4504 
4.0601 -0.0199 2.1561 0.5305 0.3232 
4.0401 -0.0199 2.1543 0.5306 0.2377 
4.0501 -0.0299 2.1576 0.4724 0.2804 
4.0901 -0.0299 2.1503 0.5048 0.4504 
4.0901 -0.0399 2.1601 0.4236 0.4532 
4.1001 -0.0399 2.1605 0.4253 0.4965 
4.0801 -0.0399 2.1598 0.4216 0.4099 
4.0901 -0.0299 2.1503 0.5048 0.4504 
4.0701 -0.0199 2.1513 0.5478 0.3635 
4.0901 -0.0399 2.1601 0.4236 0.4532 
4.0901 -0.0299 2.1503 0.5048 0.4504 
4.0801 -0.0399 2.1598 0.4216 0.4099 
4.0901 -0.0399 2.1601 0.4236 0.4532 
4.0901 -0.0399 2.1601 0.4236 0.4532 
4.0901 -0.0299 2.1503 0.5048 0.4504 
4.0801 -0.0399 2.1598 0.4216 0.4099 
4.0601 -0.0199 2.1561 0.5305 0.3232 
4.0501 -0.0299 2.1576 0.4724 0.2804 
4.0701 -0.0199 2.1513 0.5478 0.3635 
4.0601 -0.0199 2.1561 0.5305 0.3232 
4.0801 -0.0399 2.1598 0.4216 0.4099 
4.0901 -0.0499 2.1473 0.4045 0.4527 
4.1001 -0.0403 2.1601 0.4243 0.4965 
4.0901 -0.0399 2.1601 0.4236 0.4532 
4.1001 -0.0499 2.1501 0.3996 0.4985 
4.1001 -0.0403 2.1601 0.4243 0.4965 
4.0901 -0.0499 2.1473 0.4045 0.4527 
4.0901 -0.0399 2.1601 0.4236 0.4532 
4.0801 -0.0399 2.1598 0.4216 0.4099 
4.0901 -0.0399 2.1601 0.4236 0.4532 
4.0901 -0.0530 2.1501 0.3792 0.4536 
4.0901 -0.0399 2.1601 0.4236 0.4532 
4.0801 -0.0399 2.1598 0.4216 0.4099 
4.0901 -0.0530 2.1501 0.3792 0.4536 
4.0901 -0.0499 2.1473 0.4045 0.4527 
4.0901 -0.0399 2.1601 0.4236 0.4532 
4.0901 -0.0530 2.1501 0.3792 0.4536 
4.0501 -0.0299 2.1576 0.4724 0.2804 
4.0601 -0.0599 2.1569 0.3134 0.3200 
4.0801 -0.0399 2.1598 0.4216 0.4099 
4.0501 -0.0299 2.1576 0.4724 0.2804 
4.0901 -0.0530 2.1501 0.3792 0.4536 
4.0501 -0.0299 2.1576 0.4724 0.2804 
4.0501 -0.0499 2.1565 0.3679 0.2763 
4.0601 -0.0599 2.1569 0.3134 0.3200 
4.0501 -0.0099 2.1575 0.5734 0.2835 
4.0301 0.0001 2.1525 0.6325 0.2000 
4.0301 -0.0199 2.1619 0.5057 0.2024 
4.0401 0.0101 2.1458 0.7048 0.2380 
4.0301 0.0001 2.1525 0.6325 0.2000 
4.0501 -0.0099 2.1575 0.5734 0.2835 
4.0301 0.0001 2.1525 0.6325 0.2000 
4.0101 -0.0099 2.1590 0.5587 0.1236 
4.0301 -0.0199 2.1619 0.5057 0.2024 
4.0301 -0.0199 2.1619 0.5057 0.2024 
4.0401 -0.0199 2.1543 0.5306 0.2377 
4.0501 -0.0099 2.1575 0.5734 0.2835 
4.0301 -0.0199 2.1619 0.5057 0.2024 
4.0101 -0.0099 2.1590 0.5587 0.1236 
4.0101 -0.0299 2.1539 0.4722 0.1101 
4.0101 -0.0299 2.1539 0.4722 0.1101 
4.0101 -0.0099 2.1590 0.5587 0.1236 
3.9901 -0.0099 2.1532 0.5714 0.0562 
4.0501 -0.0299 2.1576 0.4724 0.2804 
4.0401 -0.0199 2.1543 0.5306 0.2377 
4.0501 -0.0499 2.1565 0.3679 0.2763 
4.0401 -0.0199 2.1543 0.5306 0.2377 
4.0301 -0.0299 2.1540 0.4772 0.1924 
4.0501 -0.0499 2.1565 0.3679 0.2763 
4.0301 -0.0199 2.1619 0.5057 0.2024 
4.0301 -0.0299 2.1540 0.4772 0.1924 
4.0401 -0.0199 2.1543 0.5306 0.2377 
4.0301 -0.0199 2.1619 0.5057 0.2024 
4.0101 -0.0299 2.1539 0.4722 0.1101 
4.0301 -0.0299 2.1540 0.4772 0.1924 
4.0101 -0.0299 2.1539 0.4722 0.1101 
3.9901 -0.0099 2.1532 0.5714 0.0562 
4.0001 -0.0299 2.1519 0.4752 0.0725 
4.0501 -0.0499 2.1565 0.3679 0.2763 
4.0301 -0.0299 2.1540 0.4772 0.1924 
4.0401 -0.0499 2.1579 0.3613 0.2333 
4.0401 -0.0499 2.1579 0.3613 0.2333 
4.0301 -0.0299 2.1540 0.4772 0.1924 
4.0101 -0.0299 2.1539 0.4722 0.1101 
4.0101 -0.0399 2.1612 0.3986 0.1138 
4.0101 -0.0299 2.1539 0.4722 0.1101 
4.0001 -0.0299 2.1519 0.4752 0.0725 
4.0101 -0.0499 2.1440 0.3902 0.0904 
4.0401 -0.0499 2.1579 0.3613 0.2333 
4.0101 -0.0299 2.1539 0.4722 0.1101 
4.0101 -0.0399 2.1612 0.3986 0.1138 
4.0101 -0.0499 2.1440 0.3902 0.0904 
4.0101 -0.0299 2.1539 0.4722 0.1101 
4.0901 -0.0599 2.1563 0.3239 0.4555 
4.1001 -0.0499 2.1501 0.3996 0.4985 
4.0901 -0.0530 2.1501 0.3792 0.4536 
4.0901 -0.0599 2.1563 0.3239 0.4555 
4.0901 -0.0530 2.1501 0.3792 0.4536 
4.0801 -0.0699 2.1519 0.2738 0.4096 
4.0901 -0.0530 2.1501 0.3792 0.4536 
4.0601 -0.0599 2.1569 0.3134 0.3200 
4.0801 -0.0699 2.1519 0.2738 0.4096 
4.0901 -0.0599 2.1563 0.3239 0.4555 
4.1001 -0.0699 2.1561 0.2698 0.5032 
4.1001 -0.0499 2.1501 0.3996 0.4985 
4.1001 -0.0699 2.1561 0.2698 0.5032 
4.0901 -0.0599 2.1563 0.3239 0.4555 
4.0801 -0.0699 2.1519 0.2738 0.4096 
4.0601 -0.0599 2.1569 0.3134 0.3200 
4.0301 -0.0699 2.1528 0.2562 0.1778 
4.0801 -0.0699 2.1519 0.2738 0.4096 
4.1001 -0.0699 2.1561 0.2698 0.5032 
4.0901 -0.0799 2.1512 0.2189 0.4579 
4.1001 -0.0899 2.1599 0.1459 0.5081 
4.0901 -0.0799 2.1512 0.2189 0.4579 
4.0801 -0.0699 2.1519 0.2738 0.4096 
4.0801 -0.0899 2.1570 0.1454 0.4125 
4.0901 -0.0799 2.1512 0.2189 0.4579 
4.1001 -0.0699 2.1561 0.2698 0.5032 
4.0801 -0.0699 2.1519 0.2738 0.4096 
4.0801 -0.0899 2.1570 0.1454 0.4125 
4.1001 -0.0899 2.1599 0.1459 0.5081 
4.0901 -0.0799 2.1512 0.2189 0.4579 
4.0801 -0.0899 2.1570 0.1454 0.4125 
4.0801 -0.0699 2.1519 0.2738 0.4096 
4.0701 -0.0999 2.1526 0.0974 0.3624 
4.0801 -0.0699 2.1519 0.2738 0.4096 
4.0301 -0.0699 2.1528 0.2562 0.1778 
4.0701 -0.0999 2.1526 0.0974 0.3624 
4.0701 -0.0999 2.1526 0.0974 0.3624 
4.0301 -0.0699 2.1528 0.2562 0.1778 
4.0401 -0.0799 2.1526 0.2004 0.2206 
4.0801 -0.0899 2.1570 0.1454 0.4125 
4.0901 -0.0999 2.1544 0.0998 0.4617 
4.1001 -0.0899 2.1599 0.1459 0.5081 
4.0901 -0.0999 2.1544 0.0998 0.4617 
4.0801 -0.0899 2.1570 0.1454 0.4125 
4.0701 -0.0999 2.1526 0.0974 0.3624 
4.0601 -0.0599 2.1569 0.3134 0.3200 
4.0501 -0.0499 2.1565 0.3679 0.2763 
4.0101 -0.0599 2.1587 0.2942 0.1025 
4.0501 -0.0499 2.1565 0.3679 0.2763 
4.0401 -0.0499 2.1579 0.3613 0.2333 
4.0101 -0.0599 2.1587 0.2942 0.1025 
4.0401 -0.0499 2.1579 0.3613 0.2333 
4.0101 -0.0499 2.1440 0.3902 0.0904 
4.0101 -0.0599 2.1587 0.2942 0.1025 
4.0101 -0.0599 2.1587 0.2942 0.1025 
4.0301 -0.0699 2.1528 0.2562 0.1778 
4.0601 -0.0599 2.1569 0.3134 0.3200 
4.0301 -0.0699 2.1528 0.2562 0.1778 
4.0101 -0.0599 2.1587 0.2942 0.1025 
4.0101 -0.0699 2.1492 0.2588 0.0871 
4.0301 -0.0799 2.1443 0.2157 0.1648 
4.0201 -0.0899 2.1535 0.1342 0.1250 
4.0401 -0.0799 2.1526 0.2004 0.2206 
4.0101 -0.0699 2.1492 0.2588 0.0871 
4.0001 -0.0899 2.1538 0.1279 0.0548 
4.0201 -0.0899 2.1535 0.1342 0.1250 
4.0101 -0.0699 2.1492 0.2588 0.0871 
4.0201 -0.0899 2.1535 0.1342 0.1250 
4.0301 -0.0799 2.1443 0.2157 0.1648 
4.0301 -0.0999 2.1535 0.0877 0.1671 
4.0401 -0.0799 2.1526 0.2004 0.2206 
4.0201 -0.0899 2.1535 0.1342 0.1250 
4.0301 -0.0999 2.1535 0.0877 0.1671 
4.0001 -0.0899 2.1538 0.1279 0.0548 
4.0001 -0.0999 2.1535 0.0822 0.0532 
4.0201 -0.0899 2.1535 0.1342 0.1250 
4.0001 -0.0899 2.1538 0.1279 0.0548 
4.0301 -0.0999 2.1535 0.0877 0.1671 
4.0701 -0.0199 2.1513 0.5478 0.3635 
4.0801 -0.0099 2.1504 0.6034 0.4055 
4.0701 0.0001 2.1405 0.6833 0.3593 
4.0801 -0.0099 2.1504 0.6034 0.4055 
4.0701 0.0101 2.1540 0.6841 0.3650 
4.0701 0.0001 2.1405 0.6833 0.3593 
4.0901 -0.0499 2.1473 0.4045 0.4527 
4.1001 -0.0499 2.1501 0.3996 0.4985 
4.1001 -0.0499 2.1501 0.3996 0.4985 
4.1001 -0.0499 2.1501 0.3996 0.4985 
4.1001 -0.0499 2.1501 0.3996 0.4985 
4.0901 -0.0530 2.1501 0.3792 0.4536 
4.1001 -0.0499 2.1501 0.3996 0.4985 
4.0901 -0.0499 2.1473 0.4045 0.4527 
4.0901 -0.0530 2.1501 0.3792 0.4536 
4.0301 -0.0699 2.1528 0.2562 0.1778 
4.0301 -0.0799 2.1443 0.2157 0.1648 
4.0401 -0.0799 2.1526 0.2004 0.2206 
4.0101 -0.0699 2.1492 0.2588 0.0871 
4.0301 -0.0799 2.1443 0.2157 0.1648 
4.0301 -0.0699 2.1528 0.2562 0.1778 
3.9901 -0.0099 2.1532 0.5714 0.0562 
4.0101 -0.0099 2.1590 0.5587 0.1236 
3.9901 0.0101 2.1525 0.6698 0.0607 
3.9901 -0.0099 2.1532 0.5714 0.0562 
3.9901 -0.0199 2.1598 0.5013 0.0574 
4.0001 -0.0299 2.1519 0.4752 0.0725 
