NUMPOLLIES 716.000000 

2.9401 -0.6132 1.8301 0.0944 0.0529 
2.9601 -0.6162 1.8401 0.1281 0.1087 
2.9401 -0.6099 1.8440 0.1561 0.0544 
2.9401 -0.6099 1.8440 0.1561 0.0544 
2.9601 -0.6162 1.8401 0.1281 0.1087 
2.9601 -0.6273 1.8501 0.1452 0.1268 
2.9401 -0.6099 1.8440 0.1561 0.0544 
2.9601 -0.6273 1.8501 0.1452 0.1268 
2.9401 -0.6054 1.8501 0.1940 0.0544 
2.9601 -0.6139 1.8201 0.0738 0.0919 
2.9601 -0.6162 1.8401 0.1281 0.1087 
2.9401 -0.6132 1.8301 0.0944 0.0529 
2.9601 -0.6139 1.8201 0.0738 0.0919 
2.9701 -0.6199 1.8301 0.0869 0.1405 
2.9601 -0.6162 1.8401 0.1281 0.1087 
3.0001 -0.5961 1.8301 0.1343 0.2331 
2.9901 -0.6050 1.8301 0.1137 0.2015 
2.9901 -0.5999 1.8189 0.0836 0.1892 
2.9601 -0.6162 1.8401 0.1281 0.1087 
2.9701 -0.6199 1.8301 0.0869 0.1405 
2.9801 -0.6039 1.8401 0.1582 0.1682 
2.9801 -0.6039 1.8401 0.1582 0.1682 
2.9901 -0.6050 1.8301 0.1137 0.2015 
3.0001 -0.6004 1.8401 0.1693 0.2425 
3.0001 -0.6004 1.8401 0.1693 0.2425 
2.9901 -0.6050 1.8301 0.1137 0.2015 
3.0001 -0.5961 1.8301 0.1343 0.2331 
2.9801 -0.6039 1.8401 0.1582 0.1682 
2.9901 -0.6294 1.8501 0.1441 0.2338 
2.9601 -0.6162 1.8401 0.1281 0.1087 
2.9901 -0.6294 1.8501 0.1441 0.2338 
2.9601 -0.6273 1.8501 0.1452 0.1268 
2.9601 -0.6162 1.8401 0.1281 0.1087 
3.0001 -0.6004 1.8401 0.1693 0.2425 
2.9901 -0.6294 1.8501 0.1441 0.2338 
2.9801 -0.6039 1.8401 0.1582 0.1682 
2.9901 -0.6294 1.8501 0.1441 0.2338 
3.0001 -0.6004 1.8401 0.1693 0.2425 
3.0101 -0.6117 1.8501 0.1874 0.2946 
2.9401 -0.6054 1.8501 0.1940 0.0544 
2.9601 -0.6273 1.8501 0.1452 0.1268 
2.9501 -0.6016 1.8601 0.2502 0.0769 
2.9401 -0.6194 1.8701 0.2451 0.0723 
2.9301 -0.6164 1.8801 0.2931 0.0560 
2.9301 -0.6283 1.8701 0.2218 0.0582 
2.9501 -0.6236 1.8701 0.2357 0.1044 
2.9501 -0.6244 1.8801 0.2749 0.1116 
2.9401 -0.6194 1.8701 0.2451 0.0723 
2.9301 -0.6099 1.9001 0.3910 0.0598 
2.9301 -0.6164 1.8801 0.2931 0.0560 
2.9401 -0.6194 1.8701 0.2451 0.0723 
2.9501 -0.6244 1.8801 0.2749 0.1116 
2.9501 -0.6072 1.8901 0.3619 0.1021 
2.9401 -0.6194 1.8701 0.2451 0.0723 
2.9401 -0.6194 1.8701 0.2451 0.0723 
2.9401 -0.6019 1.9001 0.4156 0.0754 
2.9301 -0.6099 1.9001 0.3910 0.0598 
2.9401 -0.6019 1.9001 0.4156 0.0754 
2.9401 -0.6194 1.8701 0.2451 0.0723 
2.9501 -0.6072 1.8901 0.3619 0.1021 
2.9501 -0.6213 1.9001 0.3621 0.1215 
2.9401 -0.6019 1.9001 0.4156 0.0754 
2.9501 -0.6072 1.8901 0.3619 0.1021 
2.9701 -0.6179 1.8701 0.2530 0.1648 
2.9601 -0.6273 1.8501 0.1452 0.1268 
2.9901 -0.6294 1.8501 0.1441 0.2338 
2.9701 -0.6179 1.8701 0.2530 0.1648 
2.9501 -0.6016 1.8601 0.2502 0.0769 
2.9601 -0.6273 1.8501 0.1452 0.1268 
2.9901 -0.6294 1.8501 0.1441 0.2338 
2.9901 -0.6102 1.8601 0.2326 0.2235 
2.9701 -0.6179 1.8701 0.2530 0.1648 
2.9901 -0.6294 1.8501 0.1441 0.2338 
3.0101 -0.6117 1.8501 0.1874 0.2946 
2.9901 -0.6102 1.8601 0.2326 0.2235 
2.9901 -0.6102 1.8601 0.2326 0.2235 
3.0101 -0.6117 1.8501 0.1874 0.2946 
3.0001 -0.6152 1.8601 0.2211 0.2642 
2.9501 -0.6016 1.8601 0.2502 0.0769 
2.9701 -0.6179 1.8701 0.2530 0.1648 
2.9501 -0.6236 1.8701 0.2357 0.1044 
3.0001 -0.6294 1.8701 0.2280 0.2785 
2.9701 -0.6179 1.8701 0.2530 0.1648 
2.9901 -0.6102 1.8601 0.2326 0.2235 
3.0001 -0.6294 1.8701 0.2280 0.2785 
2.9901 -0.6102 1.8601 0.2326 0.2235 
3.0001 -0.6152 1.8601 0.2211 0.2642 
2.9701 -0.6179 1.8701 0.2530 0.1648 
3.0001 -0.6294 1.8701 0.2280 0.2785 
2.9901 -0.6252 1.8801 0.2782 0.2452 
3.0001 -0.6294 1.8701 0.2280 0.2785 
3.0001 -0.6250 1.8901 0.3203 0.2836 
2.9901 -0.6252 1.8801 0.2782 0.2452 
2.9501 -0.6236 1.8701 0.2357 0.1044 
2.9601 -0.6116 1.8801 0.3102 0.1315 
2.9501 -0.6244 1.8801 0.2749 0.1116 
2.9701 -0.6179 1.8701 0.2530 0.1648 
2.9901 -0.6252 1.8801 0.2782 0.2452 
2.9601 -0.6116 1.8801 0.3102 0.1315 
2.9701 -0.6179 1.8701 0.2530 0.1648 
2.9601 -0.6116 1.8801 0.3102 0.1315 
2.9501 -0.6236 1.8701 0.2357 0.1044 
2.9601 -0.6116 1.8801 0.3102 0.1315 
2.9501 -0.6072 1.8901 0.3619 0.1021 
2.9501 -0.6244 1.8801 0.2749 0.1116 
2.9901 -0.6252 1.8801 0.2782 0.2452 
2.9701 -0.5955 1.8901 0.3993 0.1566 
2.9601 -0.6116 1.8801 0.3102 0.1315 
2.9901 -0.6252 1.8801 0.2782 0.2452 
3.0001 -0.6250 1.8901 0.3203 0.2836 
2.9901 -0.5973 1.8901 0.3971 0.2288 
2.9501 -0.6072 1.8901 0.3619 0.1021 
2.9601 -0.6116 1.8801 0.3102 0.1315 
2.9701 -0.5955 1.8901 0.3993 0.1566 
2.9901 -0.5973 1.8901 0.3971 0.2288 
2.9701 -0.5955 1.8901 0.3993 0.1566 
2.9901 -0.6252 1.8801 0.2782 0.2452 
2.9501 -0.6213 1.9001 0.3621 0.1215 
2.9501 -0.6072 1.8901 0.3619 0.1021 
2.9601 -0.6126 1.9001 0.3876 0.1452 
3.0001 -0.6199 1.9004 0.3744 0.2844 
2.9901 -0.5973 1.8901 0.3971 0.2288 
3.0001 -0.6250 1.8901 0.3203 0.2836 
2.9501 -0.6072 1.8901 0.3619 0.1021 
2.9701 -0.5955 1.8901 0.3993 0.1566 
2.9601 -0.6126 1.9001 0.3876 0.1452 
2.9801 -0.6159 1.9001 0.3814 0.2140 
2.9601 -0.6126 1.9001 0.3876 0.1452 
2.9701 -0.5955 1.8901 0.3993 0.1566 
2.9801 -0.6159 1.9001 0.3814 0.2140 
2.9701 -0.5955 1.8901 0.3993 0.1566 
2.9901 -0.5973 1.8901 0.3971 0.2288 
3.0301 -0.6082 1.8301 0.1116 0.3637 
3.0201 -0.6246 1.8301 0.0843 0.3337 
3.0201 -0.6087 1.8201 0.0785 0.3199 
3.0001 -0.5961 1.8301 0.1343 0.2331 
3.0201 -0.6087 1.8201 0.0785 0.3199 
3.0201 -0.6246 1.8301 0.0843 0.3337 
3.0301 -0.6082 1.8301 0.1116 0.3637 
3.0201 -0.6077 1.8401 0.1540 0.3268 
3.0201 -0.6246 1.8301 0.0843 0.3337 
3.0201 -0.6077 1.8401 0.1540 0.3268 
3.0301 -0.6082 1.8301 0.1116 0.3637 
3.0401 -0.6172 1.8401 0.1347 0.4101 
3.0301 -0.6082 1.8301 0.1116 0.3637 
3.0501 -0.6160 1.8401 0.1384 0.4486 
3.0401 -0.6172 1.8401 0.1347 0.4101 
3.0201 -0.6077 1.8401 0.1540 0.3268 
3.0001 -0.5961 1.8301 0.1343 0.2331 
3.0201 -0.6246 1.8301 0.0843 0.3337 
3.0501 -0.6160 1.8401 0.1384 0.4486 
3.0601 -0.6259 1.8501 0.1598 0.4903 
3.0301 -0.6110 1.8501 0.1917 0.3707 
3.0101 -0.6117 1.8501 0.1874 0.2946 
3.0201 -0.6077 1.8401 0.1540 0.3268 
3.0201 -0.6245 1.8501 0.1582 0.3402 
3.0201 -0.6077 1.8401 0.1540 0.3268 
3.0301 -0.6110 1.8501 0.1917 0.3707 
3.0201 -0.6245 1.8501 0.1582 0.3402 
3.0401 -0.6172 1.8401 0.1347 0.4101 
3.0301 -0.6110 1.8501 0.1917 0.3707 
3.0201 -0.6077 1.8401 0.1540 0.3268 
3.0501 -0.6160 1.8401 0.1384 0.4486 
3.0301 -0.6110 1.8501 0.1917 0.3707 
3.0401 -0.6172 1.8401 0.1347 0.4101 
3.0001 -0.6004 1.8401 0.1693 0.2425 
3.0101 -0.5899 1.8399 0.1972 0.2739 
3.0101 -0.6117 1.8501 0.1874 0.2946 
3.0101 -0.5899 1.8399 0.1972 0.2739 
3.0201 -0.6077 1.8401 0.1540 0.3268 
3.0101 -0.6117 1.8501 0.1874 0.2946 
3.0901 -0.6157 1.8301 0.1033 0.6083 
3.0901 -0.6186 1.8501 0.1805 0.6040 
3.0801 -0.6132 1.8201 0.0773 0.5691 
3.0801 -0.6132 1.8201 0.0773 0.5691 
3.0901 -0.6186 1.8501 0.1805 0.6040 
3.0701 -0.6202 1.8401 0.1317 0.5277 
3.1001 -0.6110 1.8401 0.1561 0.6466 
3.0901 -0.6186 1.8501 0.1805 0.6040 
3.0901 -0.6157 1.8301 0.1033 0.6083 
3.0701 -0.6202 1.8401 0.1317 0.5277 
3.0701 -0.6270 1.8501 0.1585 0.5282 
3.0601 -0.6259 1.8501 0.1598 0.4903 
3.0901 -0.6289 1.8601 0.1987 0.6016 
3.0701 -0.6270 1.8501 0.1585 0.5282 
3.0701 -0.6202 1.8401 0.1317 0.5277 
3.0901 -0.6186 1.8501 0.1805 0.6040 
3.0901 -0.6289 1.8601 0.1987 0.6016 
3.0701 -0.6202 1.8401 0.1317 0.5277 
3.1001 -0.6203 1.8501 0.1778 0.6424 
3.0901 -0.6186 1.8501 0.1805 0.6040 
3.1001 -0.6110 1.8401 0.1561 0.6466 
3.0601 -0.5891 1.8401 0.2073 0.4809 
3.0601 -0.6259 1.8501 0.1598 0.4903 
3.0501 -0.6160 1.8401 0.1384 0.4486 
3.0601 -0.5891 1.8401 0.2073 0.4809 
3.0701 -0.6202 1.8401 0.1317 0.5277 
3.0601 -0.6259 1.8501 0.1598 0.4903 
3.0601 -0.6259 1.8501 0.1598 0.4903 
3.0501 -0.6208 1.8601 0.2135 0.4522 
3.0301 -0.6110 1.8501 0.1917 0.3707 
3.0501 -0.6208 1.8601 0.2135 0.4522 
3.0401 -0.6112 1.8601 0.2368 0.4112 
3.0301 -0.6110 1.8501 0.1917 0.3707 
3.0201 -0.5921 1.8601 0.2873 0.3241 
3.0001 -0.6152 1.8601 0.2211 0.2642 
3.0101 -0.6117 1.8501 0.1874 0.2946 
3.0201 -0.5921 1.8601 0.2873 0.3241 
3.0101 -0.6117 1.8501 0.1874 0.2946 
3.0201 -0.6245 1.8501 0.1582 0.3402 
3.0301 -0.6110 1.8501 0.1917 0.3707 
3.0201 -0.5921 1.8601 0.2873 0.3241 
3.0201 -0.6245 1.8501 0.1582 0.3402 
3.0301 -0.6110 1.8501 0.1917 0.3707 
3.0401 -0.6112 1.8601 0.2368 0.4112 
3.0201 -0.5921 1.8601 0.2873 0.3241 
3.0101 -0.6230 1.8801 0.2865 0.3133 
3.0001 -0.6294 1.8701 0.2280 0.2785 
3.0001 -0.6152 1.8601 0.2211 0.2642 
3.0001 -0.6152 1.8601 0.2211 0.2642 
3.0201 -0.5921 1.8601 0.2873 0.3241 
3.0101 -0.6230 1.8801 0.2865 0.3133 
3.0101 -0.6230 1.8801 0.2865 0.3133 
3.0201 -0.5921 1.8601 0.2873 0.3241 
3.0301 -0.6186 1.8701 0.2593 0.3794 
3.0201 -0.5921 1.8601 0.2873 0.3241 
3.0401 -0.6112 1.8601 0.2368 0.4112 
3.0301 -0.6186 1.8701 0.2593 0.3794 
3.0101 -0.6230 1.8801 0.2865 0.3133 
3.0001 -0.6250 1.8901 0.3203 0.2836 
3.0001 -0.6294 1.8701 0.2280 0.2785 
3.0401 -0.6232 1.8801 0.2901 0.4192 
3.0101 -0.6230 1.8801 0.2865 0.3133 
3.0301 -0.6186 1.8701 0.2593 0.3794 
3.0401 -0.6112 1.8601 0.2368 0.4112 
3.0401 -0.6232 1.8801 0.2901 0.4192 
3.0301 -0.6186 1.8701 0.2593 0.3794 
3.0501 -0.6208 1.8601 0.2135 0.4522 
3.0401 -0.6232 1.8801 0.2901 0.4192 
3.0401 -0.6112 1.8601 0.2368 0.4112 
3.0501 -0.6208 1.8601 0.2135 0.4522 
3.0501 -0.6278 1.8801 0.2795 0.4561 
3.0401 -0.6232 1.8801 0.2901 0.4192 
3.0101 -0.6230 1.8801 0.2865 0.3133 
3.0201 -0.6218 1.8901 0.3315 0.3506 
3.0001 -0.6250 1.8901 0.3203 0.2836 
3.0201 -0.6218 1.8901 0.3315 0.3506 
3.0401 -0.6232 1.8801 0.2901 0.4192 
3.0401 -0.6013 1.9001 0.4331 0.4142 
3.0201 -0.6218 1.8901 0.3315 0.3506 
3.0101 -0.6230 1.8801 0.2865 0.3133 
3.0401 -0.6232 1.8801 0.2901 0.4192 
3.0501 -0.6195 1.8901 0.3420 0.4546 
3.0401 -0.6232 1.8801 0.2901 0.4192 
3.0501 -0.6278 1.8801 0.2795 0.4561 
3.0401 -0.6013 1.9001 0.4331 0.4142 
3.0401 -0.6232 1.8801 0.2901 0.4192 
3.0501 -0.6195 1.8901 0.3420 0.4546 
3.0201 -0.6218 1.8901 0.3315 0.3506 
3.0001 -0.6199 1.9004 0.3744 0.2844 
3.0001 -0.6250 1.8901 0.3203 0.2836 
3.0192 -0.6099 1.9001 0.4043 0.3440 
3.0001 -0.6199 1.9004 0.3744 0.2844 
3.0201 -0.6218 1.8901 0.3315 0.3506 
3.0401 -0.6013 1.9001 0.4331 0.4142 
3.0301 -0.5958 1.9001 0.4485 0.3758 
3.0201 -0.6218 1.8901 0.3315 0.3506 
3.0301 -0.5958 1.9001 0.4485 0.3758 
3.0192 -0.6099 1.9001 0.4043 0.3440 
3.0201 -0.6218 1.8901 0.3315 0.3506 
3.0601 -0.6259 1.8501 0.1598 0.4903 
3.0601 -0.6231 1.8601 0.2090 0.4900 
3.0501 -0.6208 1.8601 0.2135 0.4522 
3.0601 -0.6231 1.8601 0.2090 0.4900 
3.0601 -0.6259 1.8501 0.1598 0.4903 
3.0701 -0.6270 1.8501 0.1585 0.5282 
3.0901 -0.6186 1.8501 0.1805 0.6040 
3.1001 -0.6203 1.8501 0.1778 0.6424 
3.0901 -0.6289 1.8601 0.1987 0.6016 
3.1001 -0.6203 1.8501 0.1778 0.6424 
3.1001 -0.6189 1.8701 0.2679 0.6372 
3.0901 -0.6289 1.8601 0.1987 0.6016 
3.0601 -0.6231 1.8601 0.2090 0.4900 
3.0701 -0.6270 1.8501 0.1585 0.5282 
3.0701 -0.6092 1.8601 0.2463 0.5252 
3.0701 -0.6092 1.8601 0.2463 0.5252 
3.0701 -0.6225 1.8701 0.2543 0.5266 
3.0601 -0.6231 1.8601 0.2090 0.4900 
3.0701 -0.6225 1.8701 0.2543 0.5266 
3.0501 -0.6208 1.8601 0.2135 0.4522 
3.0601 -0.6231 1.8601 0.2090 0.4900 
3.0701 -0.6092 1.8601 0.2463 0.5252 
3.0701 -0.6270 1.8501 0.1585 0.5282 
3.0801 -0.6179 1.8701 0.2679 0.5630 
3.0901 -0.6289 1.8601 0.1987 0.6016 
3.0801 -0.6179 1.8701 0.2679 0.5630 
3.0701 -0.6270 1.8501 0.1585 0.5282 
3.0901 -0.6114 1.8701 0.2869 0.6003 
3.0801 -0.6179 1.8701 0.2679 0.5630 
3.0901 -0.6289 1.8601 0.1987 0.6016 
3.1001 -0.6189 1.8701 0.2679 0.6372 
3.0901 -0.6114 1.8701 0.2869 0.6003 
3.0901 -0.6289 1.8601 0.1987 0.6016 
3.0701 -0.6092 1.8601 0.2463 0.5252 
3.0801 -0.6179 1.8701 0.2679 0.5630 
3.0701 -0.6225 1.8701 0.2543 0.5266 
3.0501 -0.6208 1.8601 0.2135 0.4522 
3.0601 -0.6241 1.8801 0.2906 0.4906 
3.0501 -0.6278 1.8801 0.2795 0.4561 
3.0601 -0.6241 1.8801 0.2906 0.4906 
3.0501 -0.6208 1.8601 0.2135 0.4522 
3.0701 -0.6225 1.8701 0.2543 0.5266 
3.1001 -0.6189 1.8701 0.2679 0.6372 
3.0901 -0.6227 1.8801 0.2983 0.5982 
3.0901 -0.6114 1.8701 0.2869 0.6003 
3.0701 -0.6225 1.8701 0.2543 0.5266 
3.0801 -0.6010 1.8801 0.3582 0.5609 
3.0601 -0.6241 1.8801 0.2906 0.4906 
3.0801 -0.6179 1.8701 0.2679 0.5630 
3.0801 -0.6010 1.8801 0.3582 0.5609 
3.0701 -0.6225 1.8701 0.2543 0.5266 
3.0801 -0.6179 1.8701 0.2679 0.5630 
3.0901 -0.6114 1.8701 0.2869 0.6003 
3.0901 -0.6227 1.8801 0.2983 0.5982 
3.0801 -0.6179 1.8701 0.2679 0.5630 
3.0901 -0.6227 1.8801 0.2983 0.5982 
3.0801 -0.6010 1.8801 0.3582 0.5609 
3.0701 -0.6247 1.8901 0.3307 0.5260 
3.0501 -0.6278 1.8801 0.2795 0.4561 
3.0601 -0.6241 1.8801 0.2906 0.4906 
3.0901 -0.6227 1.8801 0.2983 0.5982 
3.1001 -0.6224 1.8901 0.3413 0.6319 
3.0901 -0.6115 1.8901 0.3704 0.5967 
3.0901 -0.6227 1.8801 0.2983 0.5982 
3.1001 -0.6189 1.8701 0.2679 0.6372 
3.1001 -0.6224 1.8901 0.3413 0.6319 
3.0801 -0.6010 1.8801 0.3582 0.5609 
3.0701 -0.6247 1.8901 0.3307 0.5260 
3.0601 -0.6241 1.8801 0.2906 0.4906 
3.0701 -0.6247 1.8901 0.3307 0.5260 
3.0801 -0.6010 1.8801 0.3582 0.5609 
3.0801 -0.6136 1.8901 0.3629 0.5605 
3.0801 -0.6136 1.8901 0.3629 0.5605 
3.0801 -0.6010 1.8801 0.3582 0.5609 
3.0901 -0.6227 1.8801 0.2983 0.5982 
3.0801 -0.6136 1.8901 0.3629 0.5605 
3.0901 -0.6227 1.8801 0.2983 0.5982 
3.0901 -0.6115 1.8901 0.3704 0.5967 
3.0701 -0.6247 1.8901 0.3307 0.5260 
3.0701 -0.6189 1.9001 0.3861 0.5248 
3.0501 -0.6278 1.8801 0.2795 0.4561 
3.0501 -0.6278 1.8801 0.2795 0.4561 
3.0701 -0.6189 1.9001 0.3861 0.5248 
3.0501 -0.6195 1.8901 0.3420 0.4546 
3.0801 -0.6136 1.8901 0.3629 0.5605 
3.0901 -0.5967 1.9101 0.4945 0.5935 
3.0701 -0.6189 1.9001 0.3861 0.5248 
3.0801 -0.6136 1.8901 0.3629 0.5605 
3.0701 -0.6189 1.9001 0.3861 0.5248 
3.0701 -0.6247 1.8901 0.3307 0.5260 
3.0801 -0.6136 1.8901 0.3629 0.5605 
3.0901 -0.6115 1.8901 0.3704 0.5967 
3.0901 -0.5967 1.9101 0.4945 0.5935 
3.0001 -0.5865 1.8201 0.1118 0.2181 
3.0001 -0.5961 1.8301 0.1343 0.2331 
2.9901 -0.5999 1.8189 0.0836 0.1892 
3.0201 -0.5860 1.8101 0.0796 0.2989 
3.0201 -0.6087 1.8201 0.0785 0.3199 
3.0001 -0.5865 1.8201 0.1118 0.2181 
3.0201 -0.5860 1.8101 0.0796 0.2989 
3.0001 -0.5865 1.8201 0.1118 0.2181 
3.0101 -0.5864 1.8101 0.0786 0.2552 
3.0001 -0.5865 1.8201 0.1118 0.2181 
3.0201 -0.6087 1.8201 0.0785 0.3199 
3.0001 -0.5961 1.8301 0.1343 0.2331 
3.0201 -0.6077 1.8401 0.1540 0.3268 
3.0101 -0.5899 1.8399 0.1972 0.2739 
3.0001 -0.5961 1.8301 0.1343 0.2331 
3.0101 -0.5899 1.8399 0.1972 0.2739 
3.0001 -0.6004 1.8401 0.1693 0.2425 
3.0001 -0.5961 1.8301 0.1343 0.2331 
3.1001 -0.5850 1.8301 0.1755 0.6540 
3.1001 -0.6110 1.8401 0.1561 0.6466 
3.0901 -0.6157 1.8301 0.1033 0.6083 
2.9501 -0.6012 1.9101 0.4579 0.1095 
2.9401 -0.6019 1.9001 0.4156 0.0754 
2.9501 -0.6213 1.9001 0.3621 0.1215 
2.9401 -0.6019 1.9001 0.4156 0.0754 
2.9501 -0.6012 1.9101 0.4579 0.1095 
2.9301 -0.6099 1.9001 0.3910 0.0598 
2.9301 -0.6099 1.9001 0.3910 0.0598 
2.9501 -0.6012 1.9101 0.4579 0.1095 
2.9301 -0.6099 1.9101 0.4293 0.0642 
2.9401 -0.5997 1.9301 0.5347 0.0916 
2.9301 -0.6177 1.9201 0.4439 0.0751 
2.9301 -0.6099 1.9101 0.4293 0.0642 
2.9401 -0.5997 1.9301 0.5347 0.0916 
2.9301 -0.6099 1.9101 0.4293 0.0642 
2.9501 -0.6012 1.9101 0.4579 0.1095 
2.9501 -0.5986 1.9201 0.5034 0.1134 
2.9401 -0.5997 1.9301 0.5347 0.0916 
2.9501 -0.6012 1.9101 0.4579 0.1095 
2.9401 -0.5997 1.9301 0.5347 0.0916 
2.9501 -0.5986 1.9201 0.5034 0.1134 
2.9601 -0.6116 1.9301 0.5019 0.1619 
2.9601 -0.5971 1.9501 0.6147 0.1611 
2.9401 -0.5997 1.9301 0.5347 0.0916 
2.9601 -0.6116 1.9301 0.5019 0.1619 
2.9501 -0.6213 1.9001 0.3621 0.1215 
2.9601 -0.6126 1.9001 0.3876 0.1452 
2.9501 -0.6012 1.9101 0.4579 0.1095 
2.9601 -0.6126 1.9001 0.3876 0.1452 
2.9801 -0.6159 1.9001 0.3814 0.2140 
2.9701 -0.6250 1.9201 0.4295 0.1987 
2.9901 -0.5973 1.8901 0.3971 0.2288 
2.9901 -0.6280 1.9101 0.3874 0.2604 
2.9801 -0.6159 1.9001 0.3814 0.2140 
2.9901 -0.5973 1.8901 0.3971 0.2288 
3.0001 -0.6199 1.9004 0.3744 0.2844 
2.9901 -0.6280 1.9101 0.3874 0.2604 
2.9901 -0.6280 1.9101 0.3874 0.2604 
2.9801 -0.6194 1.9201 0.4464 0.2264 
2.9801 -0.6159 1.9001 0.3814 0.2140 
2.9901 -0.6280 1.9101 0.3874 0.2604 
3.0101 -0.6226 1.9201 0.4419 0.3260 
2.9801 -0.6194 1.9201 0.4464 0.2264 
2.9501 -0.5986 1.9201 0.5034 0.1134 
2.9601 -0.6126 1.9001 0.3876 0.1452 
2.9701 -0.6250 1.9201 0.4295 0.1987 
2.9801 -0.6194 1.9201 0.4464 0.2264 
2.9701 -0.6250 1.9201 0.4295 0.1987 
2.9801 -0.6159 1.9001 0.3814 0.2140 
2.9501 -0.6012 1.9101 0.4579 0.1095 
2.9601 -0.6126 1.9001 0.3876 0.1452 
2.9501 -0.5986 1.9201 0.5034 0.1134 
2.9801 -0.6194 1.9201 0.4464 0.2264 
2.9801 -0.6275 1.9301 0.4594 0.2366 
2.9701 -0.6150 1.9301 0.4934 0.1961 
2.9801 -0.6194 1.9201 0.4464 0.2264 
2.9701 -0.6150 1.9301 0.4934 0.1961 
2.9701 -0.6250 1.9201 0.4295 0.1987 
2.9801 -0.6194 1.9201 0.4464 0.2264 
3.0101 -0.6226 1.9201 0.4419 0.3260 
3.0001 -0.6255 1.9301 0.4678 0.2985 
2.9601 -0.6116 1.9301 0.5019 0.1619 
2.9501 -0.5986 1.9201 0.5034 0.1134 
2.9701 -0.6250 1.9201 0.4295 0.1987 
2.9601 -0.6116 1.9301 0.5019 0.1619 
2.9701 -0.6250 1.9201 0.4295 0.1987 
2.9701 -0.6150 1.9301 0.4934 0.1961 
2.9801 -0.6275 1.9301 0.4594 0.2366 
2.9801 -0.6194 1.9201 0.4464 0.2264 
2.9901 -0.6161 1.9401 0.5279 0.2647 
2.9901 -0.6161 1.9401 0.5279 0.2647 
2.9801 -0.6194 1.9201 0.4464 0.2264 
3.0001 -0.6255 1.9301 0.4678 0.2985 
2.9701 -0.6150 1.9301 0.4934 0.1961 
2.9801 -0.6275 1.9301 0.4594 0.2366 
2.9801 -0.6099 1.9394 0.5423 0.2285 
2.9801 -0.6275 1.9301 0.4594 0.2366 
2.9901 -0.6161 1.9401 0.5279 0.2647 
2.9801 -0.6099 1.9394 0.5423 0.2285 
2.9701 -0.6211 1.9501 0.5436 0.2104 
2.9601 -0.5971 1.9501 0.6147 0.1611 
2.9701 -0.6150 1.9301 0.4934 0.1961 
2.9701 -0.6150 1.9301 0.4934 0.1961 
2.9801 -0.6099 1.9394 0.5423 0.2285 
2.9701 -0.6211 1.9501 0.5436 0.2104 
2.9801 -0.6099 1.9394 0.5423 0.2285 
2.9901 -0.5988 1.9501 0.6142 0.2576 
2.9701 -0.6211 1.9501 0.5436 0.2104 
3.0001 -0.6255 1.9301 0.4678 0.2985 
3.0001 -0.6014 1.9501 0.6076 0.2915 
2.9901 -0.6161 1.9401 0.5279 0.2647 
2.9601 -0.5971 1.9501 0.6147 0.1611 
2.9601 -0.6116 1.9301 0.5019 0.1619 
2.9701 -0.6150 1.9301 0.4934 0.1961 
2.9801 -0.6099 1.9394 0.5423 0.2285 
2.9901 -0.6161 1.9401 0.5279 0.2647 
2.9901 -0.5988 1.9501 0.6142 0.2576 
3.0001 -0.6014 1.9501 0.6076 0.2915 
2.9901 -0.5988 1.9501 0.6142 0.2576 
2.9901 -0.6161 1.9401 0.5279 0.2647 
2.9501 -0.6157 1.9601 0.5889 0.1517 
2.9401 -0.5985 1.9601 0.6397 0.1087 
2.9601 -0.5971 1.9501 0.6147 0.1611 
2.9401 -0.5985 1.9601 0.6397 0.1087 
2.9201 -0.6097 1.9701 0.6336 0.0730 
2.9201 -0.5965 1.9601 0.6429 0.0601 
2.9401 -0.5985 1.9601 0.6397 0.1087 
2.9501 -0.6157 1.9601 0.5889 0.1517 
2.9501 -0.5899 1.9789 0.7279 0.1411 
2.9401 -0.5985 1.9601 0.6397 0.1087 
2.9301 -0.5966 1.9801 0.7066 0.0919 
2.9201 -0.6097 1.9701 0.6336 0.0730 
2.9301 -0.5966 1.9801 0.7066 0.0919 
2.9201 -0.5917 1.9901 0.7504 0.0703 
2.9201 -0.6097 1.9701 0.6336 0.0730 
2.9401 -0.5978 1.9901 0.7339 0.1254 
2.9501 -0.6061 2.0001 0.7382 0.1652 
2.9201 -0.5934 2.0101 0.8015 0.0816 
2.9701 -0.5980 1.9601 0.6464 0.1982 
2.9601 -0.5971 1.9501 0.6147 0.1611 
2.9701 -0.6211 1.9501 0.5436 0.2104 
2.9601 -0.5971 1.9501 0.6147 0.1611 
2.9701 -0.5980 1.9601 0.6464 0.1982 
2.9501 -0.6157 1.9601 0.5889 0.1517 
2.9901 -0.5988 1.9501 0.6142 0.2576 
2.9701 -0.5980 1.9601 0.6464 0.1982 
2.9701 -0.6211 1.9501 0.5436 0.2104 
3.0001 -0.6014 1.9501 0.6076 0.2915 
3.0101 -0.6153 1.9601 0.5995 0.3338 
2.9901 -0.5988 1.9501 0.6142 0.2576 
2.9601 -0.5983 1.9701 0.6753 0.1730 
2.9501 -0.5899 1.9789 0.7279 0.1411 
2.9501 -0.6157 1.9601 0.5889 0.1517 
2.9701 -0.5980 1.9601 0.6464 0.1982 
2.9601 -0.5983 1.9701 0.6753 0.1730 
2.9501 -0.6157 1.9601 0.5889 0.1517 
2.9901 -0.5988 1.9501 0.6142 0.2576 
3.0101 -0.6153 1.9601 0.5995 0.3338 
2.9801 -0.5881 1.9701 0.7120 0.2271 
2.9801 -0.5881 1.9701 0.7120 0.2271 
3.0101 -0.6153 1.9601 0.5995 0.3338 
3.0001 -0.6123 1.9801 0.6689 0.3075 
2.9601 -0.6184 1.9801 0.6442 0.1930 
2.9501 -0.5899 1.9789 0.7279 0.1411 
2.9601 -0.5983 1.9701 0.6753 0.1730 
2.9801 -0.6037 1.9801 0.6922 0.2420 
2.9601 -0.6184 1.9801 0.6442 0.1930 
2.9601 -0.5983 1.9701 0.6753 0.1730 
3.0001 -0.6123 1.9801 0.6689 0.3075 
2.9801 -0.6037 1.9801 0.6922 0.2420 
2.9801 -0.5881 1.9701 0.7120 0.2271 
2.9601 -0.5980 1.9901 0.7368 0.1829 
2.9501 -0.5899 1.9789 0.7279 0.1411 
2.9601 -0.6184 1.9801 0.6442 0.1930 
2.9801 -0.6037 1.9801 0.6922 0.2420 
2.9701 -0.6092 1.9901 0.7031 0.2202 
2.9601 -0.5980 1.9901 0.7368 0.1829 
2.9801 -0.6037 1.9801 0.6922 0.2420 
2.9601 -0.5980 1.9901 0.7368 0.1829 
2.9601 -0.6184 1.9801 0.6442 0.1930 
2.9601 -0.5980 1.9901 0.7368 0.1829 
2.9501 -0.6061 2.0001 0.7382 0.1652 
2.9401 -0.5978 1.9901 0.7339 0.1254 
2.9701 -0.6092 1.9901 0.7031 0.2202 
2.9501 -0.6061 2.0001 0.7382 0.1652 
2.9601 -0.5980 1.9901 0.7368 0.1829 
3.0201 -0.6189 1.9101 0.4169 0.3545 
2.9901 -0.6280 1.9101 0.3874 0.2604 
3.0001 -0.6199 1.9004 0.3744 0.2844 
3.0192 -0.6099 1.9001 0.4043 0.3440 
3.0201 -0.6189 1.9101 0.4169 0.3545 
3.0001 -0.6199 1.9004 0.3744 0.2844 
3.0192 -0.6099 1.9001 0.4043 0.3440 
3.0301 -0.5958 1.9001 0.4485 0.3758 
3.0401 -0.6013 1.9001 0.4331 0.4142 
3.0501 -0.6278 1.9101 0.3964 0.4585 
3.0401 -0.6013 1.9001 0.4331 0.4142 
3.0501 -0.6195 1.8901 0.3420 0.4546 
3.0101 -0.6226 1.9201 0.4419 0.3260 
2.9901 -0.6280 1.9101 0.3874 0.2604 
3.0201 -0.6189 1.9101 0.4169 0.3545 
3.0201 -0.6189 1.9101 0.4169 0.3545 
3.0401 -0.6262 1.9201 0.4363 0.4259 
3.0201 -0.6155 1.9201 0.4636 0.3554 
3.0192 -0.6099 1.9001 0.4043 0.3440 
3.0401 -0.6262 1.9201 0.4363 0.4259 
3.0201 -0.6189 1.9101 0.4169 0.3545 
3.0401 -0.6013 1.9001 0.4331 0.4142 
3.0401 -0.6262 1.9201 0.4363 0.4259 
3.0192 -0.6099 1.9001 0.4043 0.3440 
3.0501 -0.6278 1.9101 0.3964 0.4585 
3.0401 -0.6262 1.9201 0.4363 0.4259 
3.0401 -0.6013 1.9001 0.4331 0.4142 
3.0201 -0.6189 1.9101 0.4169 0.3545 
3.0201 -0.6155 1.9201 0.4636 0.3554 
3.0101 -0.6226 1.9201 0.4419 0.3260 
3.0101 -0.6199 1.9301 0.4852 0.3276 
3.0101 -0.6226 1.9201 0.4419 0.3260 
3.0101 -0.6199 1.9301 0.4852 0.3276 
3.0101 -0.6199 1.9301 0.4852 0.3276 
3.0001 -0.6255 1.9301 0.4678 0.2985 
3.0101 -0.6226 1.9201 0.4419 0.3260 
3.0201 -0.6155 1.9201 0.4636 0.3554 
3.0301 -0.6236 1.9301 0.4776 0.3940 
3.0101 -0.6199 1.9301 0.4852 0.3276 
3.0401 -0.6262 1.9201 0.4363 0.4259 
3.0301 -0.6236 1.9301 0.4776 0.3940 
3.0201 -0.6155 1.9201 0.4636 0.3554 
3.0401 -0.6262 1.9201 0.4363 0.4259 
3.0601 -0.6192 1.9401 0.5293 0.4909 
3.0301 -0.6236 1.9301 0.4776 0.3940 
3.0101 -0.6199 1.9301 0.4852 0.3276 
3.0101 -0.6199 1.9301 0.4852 0.3276 
3.0101 -0.6199 1.9301 0.4852 0.3276 
3.0101 -0.6199 1.9301 0.4852 0.3276 
3.0101 -0.6226 1.9201 0.4419 0.3260 
3.0201 -0.6155 1.9201 0.4636 0.3554 
3.0101 -0.6199 1.9301 0.4852 0.3276 
3.0201 -0.6155 1.9201 0.4636 0.3554 
3.0101 -0.6199 1.9301 0.4852 0.3276 
3.0101 -0.6199 1.9301 0.4852 0.3276 
3.0078 -0.6099 1.9401 0.5490 0.3179 
3.0101 -0.6199 1.9301 0.4852 0.3276 
3.0101 -0.6199 1.9301 0.4852 0.3276 
3.0078 -0.6099 1.9401 0.5490 0.3179 
3.0001 -0.6255 1.9301 0.4678 0.2985 
3.0301 -0.6236 1.9301 0.4776 0.3940 
3.0401 -0.6073 1.9401 0.5620 0.4224 
3.0101 -0.6199 1.9301 0.4852 0.3276 
3.0601 -0.6192 1.9401 0.5293 0.4909 
3.0401 -0.6073 1.9401 0.5620 0.4224 
3.0301 -0.6236 1.9301 0.4776 0.3940 
3.0078 -0.6099 1.9401 0.5490 0.3179 
3.0101 -0.6199 1.9301 0.4852 0.3276 
3.0201 -0.6006 1.9401 0.5797 0.3534 
3.0201 -0.6006 1.9401 0.5797 0.3534 
3.0101 -0.6199 1.9301 0.4852 0.3276 
3.0401 -0.6073 1.9401 0.5620 0.4224 
3.0078 -0.6099 1.9401 0.5490 0.3179 
3.0001 -0.6014 1.9501 0.6076 0.2915 
3.0001 -0.6255 1.9301 0.4678 0.2985 
3.0301 -0.6068 1.9501 0.5957 0.3911 
3.0201 -0.6197 1.9501 0.5554 0.3646 
3.0201 -0.6006 1.9401 0.5797 0.3534 
3.0001 -0.6014 1.9501 0.6076 0.2915 
3.0078 -0.6099 1.9401 0.5490 0.3179 
3.0201 -0.6006 1.9401 0.5797 0.3534 
3.0301 -0.6068 1.9501 0.5957 0.3911 
3.0201 -0.6006 1.9401 0.5797 0.3534 
3.0401 -0.6073 1.9401 0.5620 0.4224 
3.0401 -0.5991 1.9501 0.6215 0.4210 
3.0301 -0.6068 1.9501 0.5957 0.3911 
3.0401 -0.6073 1.9401 0.5620 0.4224 
3.0401 -0.5991 1.9501 0.6215 0.4210 
3.0401 -0.6073 1.9401 0.5620 0.4224 
3.0501 -0.6167 1.9501 0.5687 0.4587 
3.0701 -0.6189 1.9001 0.3861 0.5248 
3.0501 -0.6278 1.9101 0.3964 0.4585 
3.0501 -0.6195 1.8901 0.3420 0.4546 
3.0701 -0.6189 1.9001 0.3861 0.5248 
3.0701 -0.6267 1.9101 0.4024 0.5255 
3.0501 -0.6278 1.9101 0.3964 0.4585 
3.0901 -0.5967 1.9101 0.4945 0.5935 
3.0701 -0.6267 1.9101 0.4024 0.5255 
3.0701 -0.6189 1.9001 0.3861 0.5248 
3.0901 -0.5967 1.9101 0.4945 0.5935 
3.0901 -0.6115 1.8901 0.3704 0.5967 
3.1001 -0.6108 1.9201 0.4899 0.6261 
3.0901 -0.6115 1.8901 0.3704 0.5967 
3.1001 -0.6224 1.8901 0.3413 0.6319 
3.1001 -0.6108 1.9201 0.4899 0.6261 
3.0701 -0.6267 1.9101 0.4024 0.5255 
3.0701 -0.6199 1.9201 0.4584 0.5242 
3.0501 -0.6278 1.9101 0.3964 0.4585 
3.0501 -0.6278 1.9101 0.3964 0.4585 
3.0701 -0.6199 1.9201 0.4584 0.5242 
3.0401 -0.6262 1.9201 0.4363 0.4259 
3.0701 -0.6199 1.9201 0.4584 0.5242 
3.0701 -0.6267 1.9101 0.4024 0.5255 
3.0701 -0.6199 1.9201 0.4584 0.5242 
3.0901 -0.5967 1.9101 0.4945 0.5935 
3.0801 -0.6159 1.9201 0.4716 0.5576 
3.0701 -0.6199 1.9201 0.4584 0.5242 
3.0701 -0.6267 1.9101 0.4024 0.5255 
3.0901 -0.5967 1.9101 0.4945 0.5935 
3.0701 -0.6199 1.9201 0.4584 0.5242 
3.0701 -0.6199 1.9201 0.4584 0.5242 
3.0701 -0.6199 1.9301 0.4942 0.5238 
3.0401 -0.6262 1.9201 0.4363 0.4259 
3.0401 -0.6262 1.9201 0.4363 0.4259 
3.0701 -0.6199 1.9301 0.4942 0.5238 
3.0601 -0.6192 1.9401 0.5293 0.4909 
3.0701 -0.6199 1.9301 0.4942 0.5238 
3.0701 -0.6199 1.9201 0.4584 0.5242 
3.0701 -0.6199 1.9201 0.4584 0.5242 
3.0701 -0.6199 1.9201 0.4584 0.5242 
3.0701 -0.6199 1.9201 0.4584 0.5242 
3.0701 -0.6199 1.9201 0.4584 0.5242 
3.0701 -0.6199 1.9201 0.4584 0.5242 
3.0701 -0.6199 1.9201 0.4584 0.5242 
3.0801 -0.6159 1.9201 0.4716 0.5576 
3.0701 -0.6199 1.9201 0.4584 0.5242 
3.0801 -0.6159 1.9201 0.4716 0.5576 
3.0701 -0.6199 1.9301 0.4942 0.5238 
3.0701 -0.6199 1.9301 0.4942 0.5238 
3.0801 -0.6159 1.9201 0.4716 0.5576 
3.0901 -0.6174 1.9301 0.5046 0.5901 
3.0901 -0.5967 1.9101 0.4945 0.5935 
3.0901 -0.6174 1.9301 0.5046 0.5901 
3.0801 -0.6159 1.9201 0.4716 0.5576 
3.0901 -0.5967 1.9101 0.4945 0.5935 
3.1001 -0.6108 1.9201 0.4899 0.6261 
3.0901 -0.6174 1.9301 0.5046 0.5901 
3.0701 -0.6199 1.9301 0.4942 0.5238 
3.0901 -0.6174 1.9301 0.5046 0.5901 
3.0801 -0.6085 1.9401 0.5648 0.5553 
3.0801 -0.6085 1.9401 0.5648 0.5553 
3.0901 -0.6174 1.9301 0.5046 0.5901 
3.1001 -0.6152 1.9401 0.5474 0.6216 
3.0501 -0.6167 1.9501 0.5687 0.4587 
3.0601 -0.6192 1.9401 0.5293 0.4909 
3.0701 -0.6048 1.9501 0.6085 0.5212 
3.0501 -0.6167 1.9501 0.5687 0.4587 
3.0401 -0.6073 1.9401 0.5620 0.4224 
3.0601 -0.6192 1.9401 0.5293 0.4909 
3.0701 -0.6199 1.9301 0.4942 0.5238 
3.0701 -0.6048 1.9501 0.6085 0.5212 
3.0601 -0.6192 1.9401 0.5293 0.4909 
3.0801 -0.6085 1.9401 0.5648 0.5553 
3.0801 -0.6199 1.9579 0.5892 0.5545 
3.0701 -0.6048 1.9501 0.6085 0.5212 
3.0701 -0.6199 1.9301 0.4942 0.5238 
3.0801 -0.6085 1.9401 0.5648 0.5553 
3.0701 -0.6048 1.9501 0.6085 0.5212 
3.0101 -0.6153 1.9601 0.5995 0.3338 
3.0201 -0.6197 1.9501 0.5554 0.3646 
3.0301 -0.6068 1.9501 0.5957 0.3911 
3.0501 -0.6167 1.9501 0.5687 0.4587 
3.0501 -0.6104 1.9701 0.6521 0.4585 
3.0401 -0.6128 1.9601 0.6117 0.4268 
3.0001 -0.6014 1.9501 0.6076 0.2915 
3.0201 -0.6006 1.9401 0.5797 0.3534 
3.0101 -0.6153 1.9601 0.5995 0.3338 
3.0201 -0.6006 1.9401 0.5797 0.3534 
3.0201 -0.6197 1.9501 0.5554 0.3646 
3.0101 -0.6153 1.9601 0.5995 0.3338 
3.0401 -0.5991 1.9501 0.6215 0.4210 
3.0401 -0.6128 1.9601 0.6117 0.4268 
3.0301 -0.6068 1.9501 0.5957 0.3911 
3.0401 -0.5991 1.9501 0.6215 0.4210 
3.0501 -0.6167 1.9501 0.5687 0.4587 
3.0401 -0.6128 1.9601 0.6117 0.4268 
3.0001 -0.6123 1.9801 0.6689 0.3075 
3.0101 -0.6153 1.9601 0.5995 0.3338 
3.0201 -0.6082 1.9701 0.6540 0.3641 
3.0301 -0.6068 1.9501 0.5957 0.3911 
3.0201 -0.6082 1.9701 0.6540 0.3641 
3.0101 -0.6153 1.9601 0.5995 0.3338 
3.0201 -0.6082 1.9701 0.6540 0.3641 
3.0301 -0.6068 1.9501 0.5957 0.3911 
3.0201 -0.6186 1.9801 0.6529 0.3706 
3.0201 -0.6186 1.9801 0.6529 0.3706 
3.0301 -0.6068 1.9501 0.5957 0.3911 
3.0401 -0.6028 1.9901 0.7346 0.4274 
3.0401 -0.6028 1.9901 0.7346 0.4274 
3.0301 -0.6068 1.9501 0.5957 0.3911 
3.0401 -0.6128 1.9601 0.6117 0.4268 
3.0401 -0.6128 1.9601 0.6117 0.4268 
3.0501 -0.6104 1.9701 0.6521 0.4585 
3.0501 -0.6004 1.9801 0.7144 0.4567 
3.0401 -0.6128 1.9601 0.6117 0.4268 
3.0501 -0.6004 1.9801 0.7144 0.4567 
3.0401 -0.6028 1.9901 0.7346 0.4274 
3.0201 -0.6186 1.9801 0.6529 0.3706 
3.0201 -0.6070 2.0001 0.7470 0.3701 
3.0101 -0.6060 1.9901 0.7197 0.3373 
3.0201 -0.6082 1.9701 0.6540 0.3641 
3.0001 -0.5824 1.9901 0.7952 0.2944 
3.0001 -0.6123 1.9801 0.6689 0.3075 
3.0101 -0.6060 1.9901 0.7197 0.3373 
3.0201 -0.6082 1.9701 0.6540 0.3641 
3.0201 -0.6186 1.9801 0.6529 0.3706 
3.0201 -0.6070 2.0001 0.7470 0.3701 
3.0201 -0.6186 1.9801 0.6529 0.3706 
3.0301 -0.5972 2.0001 0.7797 0.3964 
3.0201 -0.6186 1.9801 0.6529 0.3706 
3.0401 -0.6028 1.9901 0.7346 0.4274 
3.0301 -0.5972 2.0001 0.7797 0.3964 
3.0601 -0.5986 1.9901 0.7516 0.4881 
3.0401 -0.6028 1.9901 0.7346 0.4274 
3.0501 -0.6004 1.9801 0.7144 0.4567 
3.0101 -0.6060 1.9901 0.7197 0.3373 
3.0201 -0.6070 2.0001 0.7470 0.3701 
3.0001 -0.6075 2.0001 0.7419 0.3111 
3.0701 -0.6199 1.9601 0.5949 0.5228 
3.0701 -0.6199 1.9601 0.5949 0.5228 
3.0701 -0.6199 1.9601 0.5949 0.5228 
3.0801 -0.6199 1.9579 0.5892 0.5545 
3.0701 -0.6199 1.9601 0.5949 0.5228 
3.0701 -0.6199 1.9601 0.5949 0.5228 
3.0701 -0.6048 1.9501 0.6085 0.5212 
3.0601 -0.6194 1.9601 0.5949 0.4913 
3.0501 -0.6167 1.9501 0.5687 0.4587 
3.0601 -0.6194 1.9601 0.5949 0.4913 
3.0501 -0.6104 1.9701 0.6521 0.4585 
3.0501 -0.6167 1.9501 0.5687 0.4587 
3.0601 -0.6194 1.9601 0.5949 0.4913 
3.0701 -0.6199 1.9601 0.5949 0.5228 
3.0701 -0.6199 1.9601 0.5949 0.5228 
3.0601 -0.6194 1.9601 0.5949 0.4913 
3.0701 -0.6048 1.9501 0.6085 0.5212 
3.0701 -0.6199 1.9601 0.5949 0.5228 
3.0701 -0.6048 1.9501 0.6085 0.5212 
3.0801 -0.6199 1.9579 0.5892 0.5545 
3.0701 -0.6199 1.9601 0.5949 0.5228 
3.0801 -0.6085 1.9401 0.5648 0.5553 
3.0901 -0.6085 1.9601 0.6328 0.5858 
3.0801 -0.6199 1.9579 0.5892 0.5545 
3.0801 -0.6085 1.9401 0.5648 0.5553 
3.1001 -0.6152 1.9401 0.5474 0.6216 
3.0901 -0.6085 1.9601 0.6328 0.5858 
3.0701 -0.6199 1.9601 0.5949 0.5228 
3.0701 -0.6231 1.9701 0.6167 0.5229 
3.0701 -0.6199 1.9601 0.5949 0.5228 
3.0701 -0.6231 1.9701 0.6167 0.5229 
3.0801 -0.6199 1.9579 0.5892 0.5545 
3.0701 -0.6038 1.9801 0.7067 0.5202 
3.0701 -0.6231 1.9701 0.6167 0.5229 
3.0701 -0.6199 1.9601 0.5949 0.5228 
3.0801 -0.6199 1.9579 0.5892 0.5545 
3.0601 -0.6194 1.9601 0.5949 0.4913 
3.0701 -0.6231 1.9701 0.6167 0.5229 
3.0501 -0.6104 1.9701 0.6521 0.4585 
3.0701 -0.6231 1.9701 0.6167 0.5229 
3.0601 -0.6194 1.9601 0.5949 0.4913 
3.0701 -0.6199 1.9601 0.5949 0.5228 
3.0901 -0.6085 1.9601 0.6328 0.5858 
3.0701 -0.6038 1.9801 0.7067 0.5202 
3.0801 -0.6199 1.9579 0.5892 0.5545 
3.0501 -0.6004 1.9801 0.7144 0.4567 
3.0501 -0.6104 1.9701 0.6521 0.4585 
3.0701 -0.6231 1.9701 0.6167 0.5229 
3.0701 -0.6231 1.9701 0.6167 0.5229 
3.0701 -0.6038 1.9801 0.7067 0.5202 
3.0501 -0.6004 1.9801 0.7144 0.4567 
3.0901 -0.5955 1.9801 0.7372 0.5830 
3.0801 -0.6099 1.9801 0.6891 0.5520 
3.0901 -0.6085 1.9601 0.6328 0.5858 
3.0801 -0.6099 1.9801 0.6891 0.5520 
3.0701 -0.6038 1.9801 0.7067 0.5202 
3.0901 -0.6085 1.9601 0.6328 0.5858 
3.0701 -0.6038 1.9801 0.7067 0.5202 
3.0601 -0.5986 1.9901 0.7516 0.4881 
3.0501 -0.6004 1.9801 0.7144 0.4567 
3.0801 -0.5949 1.9901 0.7672 0.5502 
3.0701 -0.6038 1.9801 0.7067 0.5202 
3.0801 -0.6099 1.9801 0.6891 0.5520 
3.0901 -0.5955 1.9801 0.7372 0.5830 
3.0801 -0.5949 1.9901 0.7672 0.5502 
3.0801 -0.6099 1.9801 0.6891 0.5520 
3.0901 -0.5955 1.9801 0.7372 0.5830 
3.0901 -0.6008 2.0001 0.7781 0.5805 
3.0801 -0.5949 1.9901 0.7672 0.5502 
3.1001 -0.6072 2.0001 0.7594 0.6109 
3.0901 -0.6008 2.0001 0.7781 0.5805 
3.0901 -0.5955 1.9801 0.7372 0.5830 
2.9401 -0.5997 1.9301 0.5347 0.0916 
2.9601 -0.5971 1.9501 0.6147 0.1611 
2.9301 -0.5905 1.9501 0.6308 0.0706 
2.9601 -0.5971 1.9501 0.6147 0.1611 
2.9401 -0.5985 1.9601 0.6397 0.1087 
2.9301 -0.5905 1.9501 0.6308 0.0706 
2.9301 -0.5905 1.9501 0.6308 0.0706 
2.9401 -0.5985 1.9601 0.6397 0.1087 
2.9201 -0.5965 1.9601 0.6429 0.0601 
2.9301 -0.5966 1.9801 0.7066 0.0919 
2.9401 -0.5985 1.9601 0.6397 0.1087 
2.9501 -0.5899 1.9789 0.7279 0.1411 
2.9201 -0.6097 1.9701 0.6336 0.0730 
2.9201 -0.5917 1.9901 0.7504 0.0703 
2.9101 -0.5924 1.9901 0.7466 0.0552 
2.9201 -0.5917 1.9901 0.7504 0.0703 
2.9301 -0.5966 1.9801 0.7066 0.0919 
2.9401 -0.5978 1.9901 0.7339 0.1254 
2.9501 -0.5899 1.9789 0.7279 0.1411 
2.9401 -0.5978 1.9901 0.7339 0.1254 
2.9301 -0.5966 1.9801 0.7066 0.0919 
2.9401 -0.5978 1.9901 0.7339 0.1254 
2.9201 -0.5934 2.0101 0.8015 0.0816 
2.9201 -0.5917 1.9901 0.7504 0.0703 
2.9801 -0.5881 1.9701 0.7120 0.2271 
2.9601 -0.5983 1.9701 0.6753 0.1730 
2.9701 -0.5980 1.9601 0.6464 0.1982 
2.9701 -0.5980 1.9601 0.6464 0.1982 
2.9901 -0.5988 1.9501 0.6142 0.2576 
2.9801 -0.5881 1.9701 0.7120 0.2271 
2.9601 -0.5983 1.9701 0.6753 0.1730 
2.9801 -0.5881 1.9701 0.7120 0.2271 
2.9801 -0.6037 1.9801 0.6922 0.2420 
2.9501 -0.5899 1.9789 0.7279 0.1411 
2.9601 -0.5980 1.9901 0.7368 0.1829 
2.9401 -0.5978 1.9901 0.7339 0.1254 
2.9801 -0.6037 1.9801 0.6922 0.2420 
2.9801 -0.5842 1.9901 0.7856 0.2333 
2.9701 -0.6092 1.9901 0.7031 0.2202 
3.0001 -0.5824 1.9901 0.7952 0.2944 
2.9801 -0.5842 1.9901 0.7856 0.2333 
3.0001 -0.6123 1.9801 0.6689 0.3075 
3.0001 -0.6123 1.9801 0.6689 0.3075 
2.9801 -0.5842 1.9901 0.7856 0.2333 
2.9801 -0.6037 1.9801 0.6922 0.2420 
2.9801 -0.5842 1.9901 0.7856 0.2333 
2.9901 -0.5965 2.0001 0.7753 0.2754 
2.9701 -0.6092 1.9901 0.7031 0.2202 
2.9901 -0.5965 2.0001 0.7753 0.2754 
3.0001 -0.5824 1.9901 0.7952 0.2944 
3.0001 -0.6075 2.0001 0.7419 0.3111 
2.9801 -0.5842 1.9901 0.7856 0.2333 
3.0001 -0.5824 1.9901 0.7952 0.2944 
2.9901 -0.5965 2.0001 0.7753 0.2754 
3.0101 -0.6060 1.9901 0.7197 0.3373 
3.0001 -0.5824 1.9901 0.7952 0.2944 
3.0201 -0.6082 1.9701 0.6540 0.3641 
3.0001 -0.5824 1.9901 0.7952 0.2944 
3.0101 -0.6060 1.9901 0.7197 0.3373 
3.0001 -0.6075 2.0001 0.7419 0.3111 
3.0901 -0.6085 1.9601 0.6328 0.5858 
3.1101 -0.6033 1.9801 0.7148 0.6463 
3.0901 -0.5955 1.9801 0.7372 0.5830 
3.0601 -0.5986 1.9901 0.7516 0.4881 
3.0701 -0.6038 1.9801 0.7067 0.5202 
3.0801 -0.5949 1.9901 0.7672 0.5502 
3.0801 -0.5949 1.9901 0.7672 0.5502 
3.0901 -0.6008 2.0001 0.7781 0.5805 
3.0601 -0.5986 1.9901 0.7516 0.4881 
2.9001 -0.5977 2.0701 0.9353 0.0720 
2.9001 -0.6045 2.0901 0.9592 0.0854 
2.8901 -0.5967 2.0801 0.9597 0.0596 
2.9101 -0.5873 2.0501 0.9234 0.0756 
2.8901 -0.5989 2.0601 0.9066 0.0552 
2.8901 -0.5947 2.0501 0.8961 0.0530 
2.8901 -0.5989 2.0601 0.9066 0.0552 
2.9001 -0.5977 2.0701 0.9353 0.0720 
2.8901 -0.5967 2.0801 0.9597 0.0596 
2.9001 -0.6045 2.0901 0.9592 0.0854 
2.8901 -0.5931 2.0901 0.9932 0.0612 
2.8901 -0.5967 2.0801 0.9597 0.0596 
2.9201 -0.5934 2.0101 0.8015 0.0816 
2.9501 -0.6061 2.0001 0.7382 0.1652 
2.9301 -0.5977 2.0201 0.8166 0.1149 
2.9501 -0.6061 2.0001 0.7382 0.1652 
2.9401 -0.6014 2.0101 0.7794 0.1390 
2.9301 -0.5977 2.0201 0.8166 0.1149 
2.9501 -0.6061 2.0001 0.7382 0.1652 
2.9501 -0.6133 2.0101 0.7440 0.1754 
2.9401 -0.6014 2.0101 0.7794 0.1390 
2.9501 -0.6133 2.0101 0.7440 0.1754 
2.9501 -0.5940 2.0201 0.8317 0.1662 
2.9401 -0.6014 2.0101 0.7794 0.1390 
2.9501 -0.6133 2.0101 0.7440 0.1754 
2.9501 -0.6061 2.0001 0.7382 0.1652 
2.9601 -0.5999 2.0155 0.8021 0.1964 
2.9601 -0.5999 2.0155 0.8021 0.1964 
2.9501 -0.6061 2.0001 0.7382 0.1652 
2.9701 -0.6092 1.9901 0.7031 0.2202 
2.9601 -0.5999 2.0155 0.8021 0.1964 
2.9701 -0.6092 1.9901 0.7031 0.2202 
2.9701 -0.6017 2.0201 0.8103 0.2280 
2.9901 -0.5965 2.0001 0.7753 0.2754 
2.9701 -0.6017 2.0201 0.8103 0.2280 
2.9701 -0.6092 1.9901 0.7031 0.2202 
2.9901 -0.5937 2.0101 0.8126 0.2773 
2.9701 -0.6017 2.0201 0.8103 0.2280 
2.9901 -0.5965 2.0001 0.7753 0.2754 
2.9901 -0.5965 2.0001 0.7753 0.2754 
3.0001 -0.6084 2.0101 0.7672 0.3144 
2.9901 -0.5937 2.0101 0.8126 0.2773 
3.0001 -0.6075 2.0001 0.7419 0.3111 
3.0001 -0.6084 2.0101 0.7672 0.3144 
2.9901 -0.5965 2.0001 0.7753 0.2754 
2.9601 -0.5999 2.0155 0.8021 0.1964 
2.9501 -0.5940 2.0201 0.8317 0.1662 
2.9501 -0.6133 2.0101 0.7440 0.1754 
3.0001 -0.6084 2.0101 0.7672 0.3144 
3.0001 -0.6194 2.0201 0.7607 0.3224 
2.9901 -0.5937 2.0101 0.8126 0.2773 
3.0001 -0.6194 2.0201 0.7607 0.3224 
2.9901 -0.5974 2.0201 0.8274 0.2828 
2.9901 -0.5937 2.0101 0.8126 0.2773 
2.9101 -0.5994 2.0801 0.9544 0.0986 
2.9001 -0.6045 2.0901 0.9592 0.0854 
2.9001 -0.5977 2.0701 0.9353 0.0720 
2.9801 -0.6021 2.0601 0.9112 0.2706 
3.0001 -0.5953 2.0501 0.9124 0.3192 
3.0001 -0.6111 2.0601 0.8864 0.3288 
2.9601 -0.6047 2.0701 0.9233 0.2224 
2.9501 -0.6060 2.0601 0.8941 0.1930 
2.9601 -0.5950 2.0601 0.9307 0.2125 
2.9601 -0.6047 2.0701 0.9233 0.2224 
2.9301 -0.5989 2.0701 0.9365 0.1413 
2.9501 -0.6060 2.0601 0.8941 0.1930 
2.9801 -0.6021 2.0601 0.9112 0.2706 
2.9601 -0.6047 2.0701 0.9233 0.2224 
2.9601 -0.5950 2.0601 0.9307 0.2125 
3.0001 -0.6111 2.0601 0.8864 0.3288 
3.0001 -0.5983 2.0801 0.9727 0.3282 
2.9801 -0.6021 2.0601 0.9112 0.2706 
2.9501 -0.5964 2.0901 0.9928 0.1994 
2.9301 -0.5989 2.0701 0.9365 0.1413 
2.9601 -0.6047 2.0701 0.9233 0.2224 
2.9801 -0.6021 2.0601 0.9112 0.2706 
3.0001 -0.5983 2.0801 0.9727 0.3282 
2.9601 -0.6047 2.0701 0.9233 0.2224 
2.9601 -0.6047 2.0701 0.9233 0.2224 
3.0001 -0.5983 2.0801 0.9727 0.3282 
2.9901 -0.5995 2.0901 0.9895 0.3049 
3.0001 -0.5983 2.0801 0.9727 0.3282 
2.9801 -0.6043 2.1001 0.9942 0.2841 
2.9901 -0.5995 2.0901 0.9895 0.3049 
3.0001 -0.5983 2.0801 0.9727 0.3282 
3.0101 -0.5988 2.0901 0.9948 0.3572 
2.9801 -0.6043 2.1001 0.9942 0.2841 
3.0001 -0.6084 2.0101 0.7672 0.3144 
3.0201 -0.6070 2.0001 0.7470 0.3701 
3.0201 -0.5917 2.0101 0.8241 0.3660 
3.0001 -0.6084 2.0101 0.7672 0.3144 
3.0001 -0.6075 2.0001 0.7419 0.3111 
3.0201 -0.6070 2.0001 0.7470 0.3701 
3.0301 -0.5972 2.0001 0.7797 0.3964 
3.0201 -0.5917 2.0101 0.8241 0.3660 
3.0201 -0.6070 2.0001 0.7470 0.3701 
3.0201 -0.5905 2.0201 0.8552 0.3676 
3.0001 -0.6194 2.0201 0.7607 0.3224 
3.0001 -0.6084 2.0101 0.7672 0.3144 
3.0301 -0.5972 2.0001 0.7797 0.3964 
3.0401 -0.6020 2.0201 0.8210 0.4306 
3.0201 -0.5905 2.0201 0.8552 0.3676 
3.0201 -0.5905 2.0201 0.8552 0.3676 
3.0101 -0.5959 2.0301 0.8619 0.3428 
3.0001 -0.6194 2.0201 0.7607 0.3224 
3.0101 -0.5959 2.0301 0.8619 0.3428 
2.9901 -0.5974 2.0201 0.8274 0.2828 
3.0001 -0.6194 2.0201 0.7607 0.3224 
3.0001 -0.6111 2.0601 0.8864 0.3288 
3.0001 -0.5953 2.0501 0.9124 0.3192 
3.0101 -0.5856 2.0501 0.9463 0.3431 
3.0001 -0.6111 2.0601 0.8864 0.3288 
3.0101 -0.5978 2.0701 0.9534 0.3527 
3.0001 -0.5983 2.0801 0.9727 0.3282 
3.0001 -0.6111 2.0601 0.8864 0.3288 
3.0101 -0.5856 2.0501 0.9463 0.3431 
3.0101 -0.5978 2.0701 0.9534 0.3527 
3.0201 -0.5999 2.0601 0.9249 0.3789 
3.0201 -0.6093 2.0801 0.9412 0.3855 
3.0101 -0.5978 2.0701 0.9534 0.3527 
3.0201 -0.5999 2.0601 0.9249 0.3789 
3.0301 -0.5982 2.0701 0.9556 0.4073 
3.0201 -0.6093 2.0801 0.9412 0.3855 
3.0201 -0.5999 2.0601 0.9249 0.3789 
3.0397 -0.6099 2.0801 0.9427 0.4375 
3.0301 -0.5982 2.0701 0.9556 0.4073 
3.0201 -0.5999 2.0601 0.9249 0.3789 
3.0401 -0.5952 2.0501 0.9195 0.4319 
3.0397 -0.6099 2.0801 0.9427 0.4375 
3.0501 -0.6019 2.0701 0.9469 0.4629 
3.0397 -0.6099 2.0801 0.9427 0.4375 
3.0401 -0.5952 2.0501 0.9195 0.4319 
3.0101 -0.5978 2.0701 0.9534 0.3527 
3.0201 -0.6093 2.0801 0.9412 0.3855 
3.0001 -0.5983 2.0801 0.9727 0.3282 
3.0001 -0.5983 2.0801 0.9727 0.3282 
3.0201 -0.6093 2.0801 0.9412 0.3855 
3.0101 -0.5988 2.0901 0.9948 0.3572 
3.0101 -0.5988 2.0901 0.9948 0.3572 
3.0201 -0.6093 2.0801 0.9412 0.3855 
3.0201 -0.6038 2.0901 0.9808 0.3853 
3.0501 -0.6019 2.0701 0.9469 0.4629 
3.0401 -0.5982 2.0901 1.0020 0.4366 
3.0397 -0.6099 2.0801 0.9427 0.4375 
3.0701 -0.6059 2.0801 0.9602 0.5180 
3.0501 -0.6019 2.0701 0.9469 0.4629 
3.0701 -0.6002 2.0701 0.9555 0.5175 
3.0901 -0.6041 2.0601 0.9230 0.5738 
3.0701 -0.6002 2.0701 0.9555 0.5175 
3.0701 -0.5929 2.0601 0.9561 0.5169 
3.0501 -0.6019 2.0701 0.9469 0.4629 
3.0701 -0.6059 2.0801 0.9602 0.5180 
3.0601 -0.6034 2.0901 0.9885 0.4909 
3.0901 -0.6041 2.0601 0.9230 0.5738 
3.1001 -0.6026 2.0901 0.9978 0.5976 
3.0701 -0.6002 2.0701 0.9555 0.5175 
3.1001 -0.5966 2.0801 0.9952 0.5991 
3.0901 -0.6041 2.0601 0.9230 0.5738 
3.1001 -0.6002 2.0601 0.9372 0.6018 
3.1001 -0.6026 2.0901 0.9978 0.5976 
3.0901 -0.6041 2.0601 0.9230 0.5738 
3.1001 -0.5966 2.0801 0.9952 0.5991 
2.9101 -0.6015 2.0101 0.7741 0.0666 
2.9001 -0.5922 2.0101 0.8022 0.0527 
2.9101 -0.5924 1.9901 0.7466 0.0552 
2.9101 -0.6015 2.0101 0.7741 0.0666 
2.9101 -0.5924 1.9901 0.7466 0.0552 
2.9201 -0.5934 2.0101 0.8015 0.0816 
2.9201 -0.5934 2.0101 0.8015 0.0816 
2.9101 -0.5924 1.9901 0.7466 0.0552 
2.9201 -0.5917 1.9901 0.7504 0.0703 
2.9001 -0.5922 2.0101 0.8022 0.0527 
2.9101 -0.6015 2.0101 0.7741 0.0666 
2.9101 -0.5906 2.0201 0.8360 0.0643 
2.9101 -0.5906 2.0201 0.8360 0.0643 
2.9101 -0.6015 2.0101 0.7741 0.0666 
2.9201 -0.5934 2.0101 0.8015 0.0816 
2.9201 -0.5934 2.0101 0.8015 0.0816 
2.9301 -0.5977 2.0201 0.8166 0.1149 
2.9101 -0.5906 2.0201 0.8360 0.0643 
2.9301 -0.5977 2.0201 0.8166 0.1149 
2.9401 -0.6014 2.0101 0.7794 0.1390 
2.9501 -0.5940 2.0201 0.8317 0.1662 
2.9301 -0.5977 2.0201 0.8166 0.1149 
2.9101 -0.5890 2.0301 0.8676 0.0676 
2.9101 -0.5906 2.0201 0.8360 0.0643 
2.9401 -0.5921 2.0401 0.8878 0.1475 
2.9301 -0.5977 2.0201 0.8166 0.1149 
2.9501 -0.5940 2.0201 0.8317 0.1662 
2.9301 -0.5977 2.0201 0.8166 0.1149 
2.9337 -0.5899 2.0501 0.9188 0.1340 
2.9101 -0.5890 2.0301 0.8676 0.0676 
2.9301 -0.5977 2.0201 0.8166 0.1149 
2.9401 -0.5921 2.0401 0.8878 0.1475 
2.9337 -0.5899 2.0501 0.9188 0.1340 
2.9501 -0.5940 2.0201 0.8317 0.1662 
2.9601 -0.5992 2.0401 0.8684 0.2068 
2.9401 -0.5921 2.0401 0.8878 0.1475 
2.9101 -0.5890 2.0301 0.8676 0.0676 
2.9201 -0.6005 2.0601 0.9066 0.1128 
2.9101 -0.5873 2.0501 0.9234 0.0756 
2.9101 -0.5890 2.0301 0.8676 0.0676 
2.9337 -0.5899 2.0501 0.9188 0.1340 
2.9201 -0.6005 2.0601 0.9066 0.1128 
2.9501 -0.5871 2.0501 0.9310 0.1757 
2.9401 -0.5921 2.0401 0.8878 0.1475 
2.9601 -0.5992 2.0401 0.8684 0.2068 
2.9401 -0.5921 2.0401 0.8878 0.1475 
2.9501 -0.5871 2.0501 0.9310 0.1757 
2.9337 -0.5899 2.0501 0.9188 0.1340 
2.9801 -0.5938 2.0401 0.8892 0.2591 
2.9701 -0.6017 2.0201 0.8103 0.2280 
2.9901 -0.5937 2.0101 0.8126 0.2773 
2.9901 -0.5937 2.0101 0.8126 0.2773 
2.9901 -0.5974 2.0201 0.8274 0.2828 
2.9801 -0.5938 2.0401 0.8892 0.2591 
2.9501 -0.5940 2.0201 0.8317 0.1662 
2.9601 -0.5999 2.0155 0.8021 0.1964 
2.9601 -0.5992 2.0401 0.8684 0.2068 
2.9701 -0.6017 2.0201 0.8103 0.2280 
2.9601 -0.5992 2.0401 0.8684 0.2068 
2.9601 -0.5999 2.0155 0.8021 0.1964 
2.9701 -0.6017 2.0201 0.8103 0.2280 
2.9701 -0.5944 2.0501 0.9104 0.2354 
2.9601 -0.5992 2.0401 0.8684 0.2068 
2.9701 -0.5944 2.0501 0.9104 0.2354 
2.9701 -0.6017 2.0201 0.8103 0.2280 
2.9801 -0.5938 2.0401 0.8892 0.2591 
2.9901 -0.5974 2.0201 0.8274 0.2828 
2.9901 -0.6018 2.0401 0.8651 0.2915 
2.9801 -0.5938 2.0401 0.8892 0.2591 
2.9901 -0.6018 2.0401 0.8651 0.2915 
2.9901 -0.5974 2.0201 0.8274 0.2828 
3.0101 -0.5959 2.0301 0.8619 0.3428 
2.9901 -0.6018 2.0401 0.8651 0.2915 
3.0001 -0.5953 2.0501 0.9124 0.3192 
2.9801 -0.5938 2.0401 0.8892 0.2591 
3.0001 -0.5953 2.0501 0.9124 0.3192 
2.9901 -0.6018 2.0401 0.8651 0.2915 
3.0101 -0.5959 2.0301 0.8619 0.3428 
2.9501 -0.5871 2.0501 0.9310 0.1757 
2.9601 -0.5992 2.0401 0.8684 0.2068 
2.9701 -0.5944 2.0501 0.9104 0.2354 
2.9201 -0.6005 2.0601 0.9066 0.1128 
2.8901 -0.5989 2.0601 0.9066 0.0552 
2.9101 -0.5873 2.0501 0.9234 0.0756 
2.9301 -0.5989 2.0701 0.9365 0.1413 
2.9201 -0.6005 2.0601 0.9066 0.1128 
2.9337 -0.5899 2.0501 0.9188 0.1340 
2.9337 -0.5899 2.0501 0.9188 0.1340 
2.9501 -0.6060 2.0601 0.8941 0.1930 
2.9301 -0.5989 2.0701 0.9365 0.1413 
2.9337 -0.5899 2.0501 0.9188 0.1340 
2.9501 -0.5871 2.0501 0.9310 0.1757 
2.9501 -0.6060 2.0601 0.8941 0.1930 
2.9201 -0.6005 2.0601 0.9066 0.1128 
2.9001 -0.5977 2.0701 0.9353 0.0720 
2.8901 -0.5989 2.0601 0.9066 0.0552 
2.9201 -0.6005 2.0601 0.9066 0.1128 
2.9101 -0.5994 2.0801 0.9544 0.0986 
2.9001 -0.5977 2.0701 0.9353 0.0720 
2.9101 -0.5994 2.0801 0.9544 0.0986 
2.9201 -0.6005 2.0601 0.9066 0.1128 
2.9301 -0.5989 2.0701 0.9365 0.1413 
2.9201 -0.5924 2.0901 1.0006 0.1219 
2.9101 -0.5994 2.0801 0.9544 0.0986 
2.9301 -0.5992 2.1001 1.0019 0.1555 
2.9301 -0.5989 2.0701 0.9365 0.1413 
2.9501 -0.5964 2.0901 0.9928 0.1994 
2.9101 -0.5994 2.0801 0.9544 0.0986 
2.9101 -0.5994 2.0801 0.9544 0.0986 
2.9501 -0.5964 2.0901 0.9928 0.1994 
2.9301 -0.5992 2.1001 1.0019 0.1555 
2.9601 -0.5950 2.0601 0.9307 0.2125 
2.9501 -0.6060 2.0601 0.8941 0.1930 
2.9501 -0.5871 2.0501 0.9310 0.1757 
2.9701 -0.5944 2.0501 0.9104 0.2354 
2.9601 -0.5950 2.0601 0.9307 0.2125 
2.9501 -0.5871 2.0501 0.9310 0.1757 
2.9801 -0.5938 2.0401 0.8892 0.2591 
2.9801 -0.6021 2.0601 0.9112 0.2706 
2.9601 -0.5950 2.0601 0.9307 0.2125 
2.9801 -0.5938 2.0401 0.8892 0.2591 
2.9601 -0.5950 2.0601 0.9307 0.2125 
2.9701 -0.5944 2.0501 0.9104 0.2354 
2.9801 -0.5938 2.0401 0.8892 0.2591 
3.0001 -0.5953 2.0501 0.9124 0.3192 
2.9801 -0.6021 2.0601 0.9112 0.2706 
3.0301 -0.5972 2.0001 0.7797 0.3964 
3.0401 -0.6028 1.9901 0.7346 0.4274 
3.0501 -0.5911 2.0201 0.8583 0.4574 
3.0401 -0.6028 1.9901 0.7346 0.4274 
3.0601 -0.5986 1.9901 0.7516 0.4881 
3.0501 -0.5911 2.0201 0.8583 0.4574 
3.0001 -0.6084 2.0101 0.7672 0.3144 
3.0201 -0.5917 2.0101 0.8241 0.3660 
3.0201 -0.5905 2.0201 0.8552 0.3676 
3.0301 -0.5972 2.0001 0.7797 0.3964 
3.0201 -0.5905 2.0201 0.8552 0.3676 
3.0201 -0.5917 2.0101 0.8241 0.3660 
3.0301 -0.5972 2.0001 0.7797 0.3964 
3.0501 -0.5911 2.0201 0.8583 0.4574 
3.0401 -0.6020 2.0201 0.8210 0.4306 
3.0201 -0.5905 2.0201 0.8552 0.3676 
3.0401 -0.6020 2.0201 0.8210 0.4306 
3.0301 -0.5963 2.0301 0.8640 0.4010 
3.0401 -0.5892 2.0301 0.8893 0.4280 
3.0301 -0.5963 2.0301 0.8640 0.4010 
3.0401 -0.6020 2.0201 0.8210 0.4306 
3.0401 -0.6020 2.0201 0.8210 0.4306 
3.0501 -0.5911 2.0201 0.8583 0.4574 
3.0501 -0.5941 2.0301 0.8746 0.4588 
3.0401 -0.6020 2.0201 0.8210 0.4306 
3.0501 -0.5941 2.0301 0.8746 0.4588 
3.0401 -0.5892 2.0301 0.8893 0.4280 
3.0501 -0.5941 2.0301 0.8746 0.4588 
3.0701 -0.5908 2.0301 0.8891 0.5172 
3.0401 -0.5892 2.0301 0.8893 0.4280 
3.0201 -0.5905 2.0201 0.8552 0.3676 
3.0201 -0.5907 2.0401 0.9063 0.3717 
3.0101 -0.5959 2.0301 0.8619 0.3428 
3.0201 -0.5905 2.0201 0.8552 0.3676 
3.0301 -0.5963 2.0301 0.8640 0.4010 
3.0201 -0.5907 2.0401 0.9063 0.3717 
3.0101 -0.5856 2.0501 0.9463 0.3431 
3.0001 -0.5953 2.0501 0.9124 0.3192 
3.0101 -0.5959 2.0301 0.8619 0.3428 
3.0301 -0.5963 2.0301 0.8640 0.4010 
3.0401 -0.5952 2.0501 0.9195 0.4319 
3.0201 -0.5907 2.0401 0.9063 0.3717 
3.0401 -0.5892 2.0301 0.8893 0.4280 
3.0401 -0.5952 2.0501 0.9195 0.4319 
3.0301 -0.5963 2.0301 0.8640 0.4010 
3.0701 -0.5908 2.0301 0.8891 0.5172 
3.0401 -0.5952 2.0501 0.9195 0.4319 
3.0401 -0.5892 2.0301 0.8893 0.4280 
3.0101 -0.5856 2.0501 0.9463 0.3431 
3.0101 -0.5959 2.0301 0.8619 0.3428 
3.0201 -0.5907 2.0401 0.9063 0.3717 
3.0901 -0.6008 2.0001 0.7781 0.5805 
3.0701 -0.5927 2.0101 0.8295 0.5179 
3.0601 -0.5986 1.9901 0.7516 0.4881 
3.1001 -0.5849 2.0201 0.8884 0.6085 
3.0701 -0.5927 2.0101 0.8295 0.5179 
3.0901 -0.6008 2.0001 0.7781 0.5805 
3.0901 -0.6008 2.0001 0.7781 0.5805 
3.1001 -0.6072 2.0001 0.7594 0.6109 
3.1001 -0.5849 2.0201 0.8884 0.6085 
3.0701 -0.5927 2.0101 0.8295 0.5179 
3.0501 -0.5911 2.0201 0.8583 0.4574 
3.0601 -0.5986 1.9901 0.7516 0.4881 
3.0701 -0.5927 2.0101 0.8295 0.5179 
3.0701 -0.5908 2.0301 0.8891 0.5172 
3.0501 -0.5911 2.0201 0.8583 0.4574 
3.0701 -0.5927 2.0101 0.8295 0.5179 
3.1001 -0.5849 2.0201 0.8884 0.6085 
3.0901 -0.5883 2.0201 0.8747 0.5779 
3.0701 -0.5927 2.0101 0.8295 0.5179 
3.0901 -0.5883 2.0201 0.8747 0.5779 
3.0701 -0.5908 2.0301 0.8891 0.5172 
3.0501 -0.5911 2.0201 0.8583 0.4574 
3.0701 -0.5908 2.0301 0.8891 0.5172 
3.0501 -0.5941 2.0301 0.8746 0.4588 
3.0901 -0.5883 2.0201 0.8747 0.5779 
3.1001 -0.5849 2.0201 0.8884 0.6085 
3.1101 -0.5900 2.0201 0.8726 0.6388 
3.1101 -0.5900 2.0201 0.8726 0.6388 
3.0801 -0.5914 2.0401 0.9142 0.5464 
3.0901 -0.5883 2.0201 0.8747 0.5779 
3.0901 -0.5883 2.0201 0.8747 0.5779 
3.0801 -0.5914 2.0401 0.9142 0.5464 
3.0701 -0.5908 2.0301 0.8891 0.5172 
3.0701 -0.5929 2.0601 0.9561 0.5169 
3.0401 -0.5952 2.0501 0.9195 0.4319 
3.0701 -0.5908 2.0301 0.8891 0.5172 
3.0701 -0.5908 2.0301 0.8891 0.5172 
3.0801 -0.5914 2.0401 0.9142 0.5464 
3.0701 -0.5929 2.0601 0.9561 0.5169 
3.0201 -0.5907 2.0401 0.9063 0.3717 
3.0201 -0.5999 2.0601 0.9249 0.3789 
3.0101 -0.5856 2.0501 0.9463 0.3431 
3.0401 -0.5952 2.0501 0.9195 0.4319 
3.0201 -0.5999 2.0601 0.9249 0.3789 
3.0201 -0.5907 2.0401 0.9063 0.3717 
3.0201 -0.5999 2.0601 0.9249 0.3789 
3.0101 -0.5978 2.0701 0.9534 0.3527 
3.0101 -0.5856 2.0501 0.9463 0.3431 
3.0701 -0.5929 2.0601 0.9561 0.5169 
3.0701 -0.6002 2.0701 0.9555 0.5175 
3.0401 -0.5952 2.0501 0.9195 0.4319 
3.1001 -0.5931 2.0501 0.9367 0.6035 
3.0701 -0.5929 2.0601 0.9561 0.5169 
3.0801 -0.5914 2.0401 0.9142 0.5464 
3.1001 -0.5931 2.0501 0.9367 0.6035 
3.0901 -0.6041 2.0601 0.9230 0.5738 
3.0701 -0.5929 2.0601 0.9561 0.5169 
3.1001 -0.5931 2.0501 0.9367 0.6035 
3.1001 -0.6002 2.0601 0.9372 0.6018 
3.0901 -0.6041 2.0601 0.9230 0.5738 
3.0501 -0.6019 2.0701 0.9469 0.4629 
3.0401 -0.5952 2.0501 0.9195 0.4319 
3.0701 -0.6002 2.0701 0.9555 0.5175 
3.0401 -0.5982 2.0901 1.0020 0.4366 
3.0501 -0.6019 2.0701 0.9469 0.4629 
3.0601 -0.6034 2.0901 0.9885 0.4909 
3.1101 -0.6199 1.8201 0.0743 0.6924 
3.1201 -0.6209 1.8201 0.0741 0.7333 
3.1101 -0.6199 1.8201 0.0743 0.6924 
3.1101 -0.6199 1.8201 0.0743 0.6924 
3.1101 -0.6199 1.8201 0.0743 0.6924 
3.1101 -0.6199 1.8201 0.0743 0.6924 
3.1201 -0.6209 1.8201 0.0741 0.7333 
3.1301 -0.6203 1.8201 0.0746 0.7749 
3.1401 -0.6146 1.8301 0.1102 0.8129 
3.1101 -0.6199 1.8201 0.0743 0.6924 
3.1201 -0.6209 1.8201 0.0741 0.7333 
3.1201 -0.6178 1.8301 0.1023 0.7296 
3.1101 -0.6199 1.8201 0.0743 0.6924 
3.1101 -0.6199 1.8201 0.0743 0.6924 
3.1201 -0.6178 1.8301 0.1023 0.7296 
3.1501 -0.6025 1.8201 0.0957 0.8706 
3.1601 -0.6208 1.8301 0.1007 0.8909 
3.1401 -0.6146 1.8301 0.1102 0.8129 
3.1201 -0.6178 1.8301 0.1023 0.7296 
3.1201 -0.6209 1.8201 0.0741 0.7333 
3.1301 -0.6081 1.8401 0.1670 0.7692 
3.1401 -0.6146 1.8301 0.1102 0.8129 
3.1301 -0.6081 1.8401 0.1670 0.7692 
3.1201 -0.6209 1.8201 0.0741 0.7333 
3.1101 -0.6184 1.8401 0.1400 0.6851 
3.1001 -0.6110 1.8401 0.1561 0.6466 
3.1201 -0.6178 1.8301 0.1023 0.7296 
3.1201 -0.6178 1.8301 0.1023 0.7296 
3.1301 -0.6081 1.8401 0.1670 0.7692 
3.1101 -0.6184 1.8401 0.1400 0.6851 
3.1501 -0.5772 1.8401 0.2564 0.8733 
3.1401 -0.6146 1.8301 0.1102 0.8129 
3.1601 -0.6208 1.8301 0.1007 0.8909 
3.1001 -0.6203 1.8501 0.1778 0.6424 
3.1001 -0.6110 1.8401 0.1561 0.6466 
3.1101 -0.6151 1.8501 0.1919 0.6822 
3.1101 -0.6151 1.8501 0.1919 0.6822 
3.1001 -0.6110 1.8401 0.1561 0.6466 
3.1101 -0.6184 1.8401 0.1400 0.6851 
3.1101 -0.6184 1.8401 0.1400 0.6851 
3.1301 -0.6081 1.8401 0.1670 0.7692 
3.1101 -0.6151 1.8501 0.1919 0.6822 
3.1101 -0.6151 1.8501 0.1919 0.6822 
3.1301 -0.6081 1.8401 0.1670 0.7692 
3.1401 -0.6201 1.8501 0.1832 0.7976 
3.1501 -0.5772 1.8401 0.2564 0.8733 
3.1501 -0.6241 1.8501 0.1749 0.8343 
3.1401 -0.6201 1.8501 0.1832 0.7976 
3.1661 -0.6099 1.8201 0.0856 0.9338 
3.1801 -0.6200 1.8301 0.1038 0.9734 
3.1601 -0.6208 1.8301 0.1007 0.8909 
3.1601 -0.6208 1.8301 0.1007 0.8909 
3.1501 -0.6025 1.8201 0.0957 0.8706 
3.1661 -0.6099 1.8201 0.0856 0.9338 
3.1801 -0.6200 1.8301 0.1038 0.9734 
3.1629 -0.5899 1.8401 0.2203 0.9190 
3.1601 -0.6208 1.8301 0.1007 0.8909 
3.1629 -0.5899 1.8401 0.2203 0.9190 
3.1501 -0.5772 1.8401 0.2564 0.8733 
3.1601 -0.6208 1.8301 0.1007 0.8909 
3.1701 -0.5899 1.8374 0.2081 0.9529 
3.1629 -0.5899 1.8401 0.2203 0.9190 
3.1801 -0.6200 1.8301 0.1038 0.9734 
3.1629 -0.5899 1.8401 0.2203 0.9190 
3.1501 -0.6241 1.8501 0.1749 0.8343 
3.1501 -0.5772 1.8401 0.2564 0.8733 
3.1701 -0.6160 1.8501 0.1975 0.9183 
3.1501 -0.6241 1.8501 0.1749 0.8343 
3.1629 -0.5899 1.8401 0.2203 0.9190 
3.1101 -0.6137 1.8701 0.2834 0.6755 
3.1001 -0.6189 1.8701 0.2679 0.6372 
3.1001 -0.6203 1.8501 0.1778 0.6424 
3.1401 -0.6201 1.8501 0.1832 0.7976 
3.1501 -0.6241 1.8501 0.1749 0.8343 
3.1501 -0.5962 1.8701 0.3402 0.8375 
3.1201 -0.6206 1.8701 0.2661 0.7113 
3.1301 -0.6142 1.8801 0.3276 0.7463 
3.1101 -0.6137 1.8701 0.2834 0.6755 
3.1301 -0.6142 1.8801 0.3276 0.7463 
3.1201 -0.6206 1.8701 0.2661 0.7113 
3.1401 -0.6201 1.8501 0.1832 0.7976 
3.1401 -0.6201 1.8501 0.1832 0.7976 
3.1501 -0.5925 1.8801 0.3955 0.8330 
3.1301 -0.6142 1.8801 0.3276 0.7463 
3.1501 -0.5925 1.8801 0.3955 0.8330 
3.1401 -0.6201 1.8501 0.1832 0.7976 
3.1501 -0.5962 1.8701 0.3402 0.8375 
3.1201 -0.6187 1.8901 0.3545 0.7042 
3.1001 -0.6189 1.8701 0.2679 0.6372 
3.1101 -0.6137 1.8701 0.2834 0.6755 
3.1001 -0.6224 1.8901 0.3413 0.6319 
3.1001 -0.6189 1.8701 0.2679 0.6372 
3.1201 -0.6187 1.8901 0.3545 0.7042 
3.1301 -0.6142 1.8801 0.3276 0.7463 
3.1201 -0.6187 1.8901 0.3545 0.7042 
3.1101 -0.6137 1.8701 0.2834 0.6755 
3.1501 -0.5925 1.8801 0.3955 0.8330 
3.1501 -0.6157 1.8901 0.3673 0.8141 
3.1301 -0.6142 1.8801 0.3276 0.7463 
3.1301 -0.6142 1.8801 0.3276 0.7463 
3.1301 -0.6115 1.9001 0.4166 0.7383 
3.1201 -0.6187 1.8901 0.3545 0.7042 
3.1301 -0.6115 1.9001 0.4166 0.7383 
3.1301 -0.6142 1.8801 0.3276 0.7463 
3.1501 -0.6157 1.8901 0.3673 0.8141 
3.1301 -0.6115 1.9001 0.4166 0.7383 
3.1501 -0.6157 1.8901 0.3673 0.8141 
3.1401 -0.5969 1.9001 0.4630 0.7806 
3.1601 -0.6135 1.9001 0.4152 0.8456 
3.1401 -0.5969 1.9001 0.4630 0.7806 
3.1501 -0.6157 1.8901 0.3673 0.8141 
3.1701 -0.6160 1.8501 0.1975 0.9183 
3.1601 -0.6098 1.8601 0.2575 0.8755 
3.1501 -0.6241 1.8501 0.1749 0.8343 
3.1601 -0.6098 1.8601 0.2575 0.8755 
3.1701 -0.6160 1.8501 0.1975 0.9183 
3.1801 -0.5925 1.8601 0.3108 0.9703 
3.1901 -0.6176 1.8501 0.1960 0.9964 
3.1801 -0.5925 1.8601 0.3108 0.9703 
3.1701 -0.6160 1.8501 0.1975 0.9183 
3.1601 -0.6098 1.8601 0.2575 0.8755 
3.1501 -0.5962 1.8701 0.3402 0.8375 
3.1501 -0.6241 1.8501 0.1749 0.8343 
3.1601 -0.6172 1.8801 0.3234 0.8564 
3.1501 -0.5962 1.8701 0.3402 0.8375 
3.1601 -0.6098 1.8601 0.2575 0.8755 
3.1601 -0.6172 1.8801 0.3234 0.8564 
3.1601 -0.6098 1.8601 0.2575 0.8755 
3.1801 -0.6142 1.8701 0.2922 0.9419 
3.1601 -0.6098 1.8601 0.2575 0.8755 
3.1801 -0.5925 1.8601 0.3108 0.9703 
3.1801 -0.6142 1.8701 0.2922 0.9419 
3.1801 -0.6140 1.8801 0.3353 0.9335 
3.1601 -0.6172 1.8801 0.3234 0.8564 
3.1801 -0.6142 1.8701 0.2922 0.9419 
3.1801 -0.6140 1.8801 0.3353 0.9335 
3.1801 -0.6142 1.8701 0.2922 0.9419 
3.1876 -0.6099 1.8801 0.3484 0.9655 
3.1501 -0.5962 1.8701 0.3402 0.8375 
3.1601 -0.6172 1.8801 0.3234 0.8564 
3.1501 -0.5925 1.8801 0.3955 0.8330 
3.1601 -0.6172 1.8801 0.3234 0.8564 
3.1701 -0.6107 1.8901 0.3850 0.8908 
3.1501 -0.6157 1.8901 0.3673 0.8141 
3.1601 -0.6172 1.8801 0.3234 0.8564 
3.1801 -0.6140 1.8801 0.3353 0.9335 
3.1701 -0.6107 1.8901 0.3850 0.8908 
3.1901 -0.6116 1.8901 0.3854 0.9645 
3.1801 -0.6140 1.8801 0.3353 0.9335 
3.1876 -0.6099 1.8801 0.3484 0.9655 
3.1501 -0.5925 1.8801 0.3955 0.8330 
3.1601 -0.6172 1.8801 0.3234 0.8564 
3.1501 -0.6157 1.8901 0.3673 0.8141 
3.1501 -0.6157 1.8901 0.3673 0.8141 
3.1701 -0.6107 1.8901 0.3850 0.8908 
3.1601 -0.6135 1.9001 0.4152 0.8456 
3.1701 -0.6107 1.8901 0.3850 0.8908 
3.1801 -0.6140 1.8801 0.3353 0.9335 
3.1801 -0.6068 1.9101 0.4774 0.9153 
3.1801 -0.6068 1.9101 0.4774 0.9153 
3.1801 -0.6140 1.8801 0.3353 0.9335 
3.1901 -0.6116 1.8901 0.3854 0.9645 
3.1701 -0.6107 1.8901 0.3850 0.8908 
3.1701 -0.6008 1.9001 0.4555 0.8902 
3.1601 -0.6135 1.9001 0.4152 0.8456 
3.1701 -0.6008 1.9001 0.4555 0.8902 
3.1701 -0.6107 1.8901 0.3850 0.8908 
3.1801 -0.6068 1.9101 0.4774 0.9153 
3.1401 -0.5816 1.8201 0.1405 0.8411 
3.1401 -0.6146 1.8301 0.1102 0.8129 
3.1301 -0.6203 1.8201 0.0746 0.7749 
3.1401 -0.5816 1.8201 0.1405 0.8411 
3.1501 -0.6025 1.8201 0.0957 0.8706 
3.1401 -0.6146 1.8301 0.1102 0.8129 
3.1001 -0.5850 1.8301 0.1755 0.6540 
3.1201 -0.6178 1.8301 0.1023 0.7296 
3.1001 -0.6110 1.8401 0.1561 0.6466 
3.1401 -0.6146 1.8301 0.1102 0.8129 
3.1501 -0.5772 1.8401 0.2564 0.8733 
3.1301 -0.6081 1.8401 0.1670 0.7692 
3.1501 -0.5772 1.8401 0.2564 0.8733 
3.1401 -0.6201 1.8501 0.1832 0.7976 
3.1301 -0.6081 1.8401 0.1670 0.7692 
3.1701 -0.5899 1.8374 0.2081 0.9529 
3.1701 -0.5799 1.8401 0.2513 0.9600 
3.1701 -0.5799 1.8401 0.2513 0.9600 
3.1629 -0.5899 1.8401 0.2203 0.9190 
3.1701 -0.5899 1.8374 0.2081 0.9529 
3.1701 -0.5799 1.8401 0.2513 0.9600 
3.1801 -0.5837 1.8401 0.2413 1.0004 
3.1701 -0.5799 1.8401 0.2513 0.9600 
3.1701 -0.5799 1.8401 0.2513 0.9600 
3.1801 -0.5837 1.8401 0.2413 1.0004 
3.1701 -0.5799 1.8401 0.2513 0.9600 
3.1701 -0.5899 1.8374 0.2081 0.9529 
3.1701 -0.5799 1.8401 0.2513 0.9600 
3.1701 -0.5799 1.8401 0.2513 0.9600 
3.1701 -0.5799 1.8401 0.2513 0.9600 
3.1701 -0.5799 1.8401 0.2513 0.9600 
3.1701 -0.5799 1.8401 0.2513 0.9600 
3.1701 -0.5799 1.8401 0.2513 0.9600 
3.1629 -0.5899 1.8401 0.2203 0.9190 
3.1701 -0.5799 1.8401 0.2513 0.9600 
3.1701 -0.6160 1.8501 0.1975 0.9183 
3.1801 -0.5899 1.8417 0.2307 0.9919 
3.1701 -0.6160 1.8501 0.1975 0.9183 
3.1701 -0.5799 1.8401 0.2513 0.9600 
3.1701 -0.5799 1.8401 0.2513 0.9600 
3.1701 -0.5799 1.8401 0.2513 0.9600 
3.1629 -0.5899 1.8401 0.2203 0.9190 
3.1701 -0.5799 1.8401 0.2513 0.9600 
3.1801 -0.5837 1.8401 0.2413 1.0004 
3.1801 -0.5899 1.8417 0.2307 0.9919 
3.1701 -0.5799 1.8401 0.2513 0.9600 
3.1801 -0.5899 1.8417 0.2307 0.9919 
3.1701 -0.5799 1.8401 0.2513 0.9600 
3.1701 -0.5799 1.8401 0.2513 0.9600 
3.1701 -0.5799 1.8401 0.2513 0.9600 
3.1701 -0.5799 1.8401 0.2513 0.9600 
3.1701 -0.5799 1.8401 0.2513 0.9600 
3.1701 -0.5799 1.8401 0.2513 0.9600 
3.1701 -0.5799 1.8401 0.2513 0.9600 
3.1101 -0.6151 1.8501 0.1919 0.6822 
3.1101 -0.6137 1.8701 0.2834 0.6755 
3.1001 -0.6203 1.8501 0.1778 0.6424 
3.1001 -0.6108 1.9201 0.4899 0.6261 
3.1001 -0.6224 1.8901 0.3413 0.6319 
3.1101 -0.6084 1.9101 0.4612 0.6640 
3.1101 -0.6084 1.9101 0.4612 0.6640 
3.1001 -0.6224 1.8901 0.3413 0.6319 
3.1201 -0.6188 1.9201 0.4691 0.6935 
3.1001 -0.6224 1.8901 0.3413 0.6319 
3.1201 -0.6187 1.8901 0.3545 0.7042 
3.1201 -0.6188 1.9201 0.4691 0.6935 
3.1201 -0.6187 1.8901 0.3545 0.7042 
3.1301 -0.6115 1.9001 0.4166 0.7383 
3.1201 -0.6188 1.9201 0.4691 0.6935 
3.1401 -0.5969 1.9001 0.4630 0.7806 
3.1401 -0.6166 1.9101 0.4415 0.7674 
3.1301 -0.6115 1.9001 0.4166 0.7383 
3.1401 -0.5969 1.9001 0.4630 0.7806 
3.1601 -0.6065 1.9101 0.4752 0.8433 
3.1401 -0.6166 1.9101 0.4415 0.7674 
3.1401 -0.5969 1.9001 0.4630 0.7806 
3.1601 -0.6135 1.9001 0.4152 0.8456 
3.1601 -0.6065 1.9101 0.4752 0.8433 
3.1101 -0.6084 1.9101 0.4612 0.6640 
3.1101 -0.6172 1.9301 0.5083 0.6570 
3.1001 -0.6108 1.9201 0.4899 0.6261 
3.1101 -0.6084 1.9101 0.4612 0.6640 
3.1201 -0.6188 1.9201 0.4691 0.6935 
3.1101 -0.6172 1.9301 0.5083 0.6570 
3.1301 -0.6115 1.9001 0.4166 0.7383 
3.1401 -0.6166 1.9101 0.4415 0.7674 
3.1201 -0.6188 1.9201 0.4691 0.6935 
3.1601 -0.6065 1.9101 0.4752 0.8433 
3.1501 -0.6035 1.9201 0.5205 0.8032 
3.1401 -0.6166 1.9101 0.4415 0.7674 
3.1101 -0.6172 1.9301 0.5083 0.6570 
3.0901 -0.6174 1.9301 0.5046 0.5901 
3.1001 -0.6108 1.9201 0.4899 0.6261 
3.1201 -0.6188 1.9201 0.4691 0.6935 
3.1301 -0.6123 1.9301 0.5262 0.7257 
3.1101 -0.6172 1.9301 0.5083 0.6570 
3.1401 -0.6166 1.9101 0.4415 0.7674 
3.1301 -0.6123 1.9301 0.5262 0.7257 
3.1201 -0.6188 1.9201 0.4691 0.6935 
3.1301 -0.6123 1.9301 0.5262 0.7257 
3.1401 -0.6166 1.9101 0.4415 0.7674 
3.1501 -0.6035 1.9201 0.5205 0.8032 
3.1101 -0.6172 1.9301 0.5083 0.6570 
3.1001 -0.6152 1.9401 0.5474 0.6216 
3.0901 -0.6174 1.9301 0.5046 0.5901 
3.1301 -0.6123 1.9301 0.5262 0.7257 
3.1401 -0.6158 1.9401 0.5520 0.7542 
3.1201 -0.6170 1.9401 0.5451 0.6874 
3.1001 -0.6152 1.9401 0.5474 0.6216 
3.1101 -0.6172 1.9301 0.5083 0.6570 
3.1101 -0.6071 1.9601 0.6405 0.6507 
3.1301 -0.6123 1.9301 0.5262 0.7257 
3.1201 -0.6170 1.9401 0.5451 0.6874 
3.1101 -0.6172 1.9301 0.5083 0.6570 
3.1101 -0.6172 1.9301 0.5083 0.6570 
3.1201 -0.6170 1.9401 0.5451 0.6874 
3.1101 -0.6071 1.9601 0.6405 0.6507 
3.1501 -0.6035 1.9201 0.5205 0.8032 
3.1401 -0.6158 1.9401 0.5520 0.7542 
3.1301 -0.6123 1.9301 0.5262 0.7257 
3.1101 -0.6071 1.9601 0.6405 0.6507 
3.1201 -0.6170 1.9401 0.5451 0.6874 
3.1301 -0.6078 1.9501 0.6090 0.7193 
3.1201 -0.6170 1.9401 0.5451 0.6874 
3.1401 -0.6158 1.9401 0.5520 0.7542 
3.1301 -0.6078 1.9501 0.6090 0.7193 
3.1503 -0.5999 1.9501 0.6375 0.7897 
3.1301 -0.6078 1.9501 0.6090 0.7193 
3.1401 -0.6158 1.9401 0.5520 0.7542 
3.1601 -0.6065 1.9101 0.4752 0.8433 
3.1601 -0.6135 1.9001 0.4152 0.8456 
3.1701 -0.6008 1.9001 0.4555 0.8902 
3.1801 -0.6068 1.9101 0.4774 0.9153 
3.1901 -0.6116 1.8901 0.3854 0.9645 
3.1901 -0.6056 1.9201 0.5205 0.9443 
3.1901 -0.6056 1.9201 0.5205 0.9443 
3.1901 -0.6116 1.8901 0.3854 0.9645 
3.2001 -0.6130 1.9001 0.4228 0.9912 
3.2001 -0.6180 1.9101 0.4466 0.9781 
3.1901 -0.6056 1.9201 0.5205 0.9443 
3.2001 -0.6130 1.9001 0.4228 0.9912 
3.1601 -0.6140 1.9201 0.4896 0.8331 
3.1501 -0.6035 1.9201 0.5205 0.8032 
3.1601 -0.6065 1.9101 0.4752 0.8433 
3.1701 -0.6008 1.9001 0.4555 0.8902 
3.1701 -0.5999 1.9301 0.5716 0.8699 
3.1601 -0.6140 1.9201 0.4896 0.8331 
3.1701 -0.6008 1.9001 0.4555 0.8902 
3.1601 -0.6140 1.9201 0.4896 0.8331 
3.1601 -0.6065 1.9101 0.4752 0.8433 
3.1701 -0.6008 1.9001 0.4555 0.8902 
3.1801 -0.6068 1.9101 0.4774 0.9153 
3.1701 -0.5999 1.9301 0.5716 0.8699 
3.2001 -0.6180 1.9101 0.4466 0.9781 
3.2001 -0.5938 1.9201 0.5604 0.9903 
3.1901 -0.6056 1.9201 0.5205 0.9443 
3.1601 -0.6140 1.9201 0.4896 0.8331 
3.1701 -0.5999 1.9301 0.5716 0.8699 
3.1501 -0.6035 1.9201 0.5205 0.8032 
3.1801 -0.6068 1.9101 0.4774 0.9153 
3.1701 -0.6050 1.9401 0.5905 0.8604 
3.1701 -0.5999 1.9301 0.5716 0.8699 
3.1901 -0.5925 1.9301 0.5994 0.9463 
3.1701 -0.6050 1.9401 0.5905 0.8604 
3.1901 -0.6056 1.9201 0.5205 0.9443 
3.1701 -0.6050 1.9401 0.5905 0.8604 
3.1801 -0.6068 1.9101 0.4774 0.9153 
3.1901 -0.6056 1.9201 0.5205 0.9443 
3.1401 -0.6158 1.9401 0.5520 0.7542 
3.1501 -0.6035 1.9201 0.5205 0.8032 
3.1601 -0.6093 1.9401 0.5753 0.8241 
3.1601 -0.6093 1.9401 0.5753 0.8241 
3.1501 -0.6035 1.9201 0.5205 0.8032 
3.1701 -0.5999 1.9301 0.5716 0.8699 
3.1701 -0.5999 1.9301 0.5716 0.8699 
3.1701 -0.6050 1.9401 0.5905 0.8604 
3.1601 -0.6093 1.9401 0.5753 0.8241 
3.1901 -0.5999 1.9401 0.6102 0.9329 
3.1901 -0.5999 1.9401 0.6102 0.9329 
3.1901 -0.5999 1.9401 0.6102 0.9329 
3.1901 -0.5999 1.9401 0.6102 0.9329 
3.1901 -0.5999 1.9401 0.6102 0.9329 
3.1901 -0.5999 1.9401 0.6102 0.9329 
3.1503 -0.5999 1.9501 0.6375 0.7897 
3.1401 -0.6158 1.9401 0.5520 0.7542 
3.1601 -0.6093 1.9401 0.5753 0.8241 
3.1701 -0.5983 1.9501 0.6462 0.8580 
3.1601 -0.6093 1.9401 0.5753 0.8241 
3.1701 -0.6050 1.9401 0.5905 0.8604 
3.1901 -0.5999 1.9401 0.6102 0.9329 
3.1901 -0.6060 1.9501 0.6243 0.9211 
3.1801 -0.5981 1.9501 0.6486 0.8924 
3.1901 -0.5999 1.9401 0.6102 0.9329 
3.1901 -0.6060 1.9501 0.6243 0.9211 
3.1901 -0.5999 1.9401 0.6102 0.9329 
3.2001 -0.5999 1.9424 0.6199 0.9658 
3.1901 -0.5999 1.9401 0.6102 0.9329 
3.1901 -0.5999 1.9401 0.6102 0.9329 
3.2001 -0.5999 1.9424 0.6199 0.9658 
3.1901 -0.6060 1.9501 0.6243 0.9211 
3.1901 -0.5999 1.9401 0.6102 0.9329 
3.1101 -0.6071 1.9601 0.6405 0.6507 
3.0901 -0.6085 1.9601 0.6328 0.5858 
3.1001 -0.6152 1.9401 0.5474 0.6216 
3.1201 -0.6169 1.9601 0.6118 0.6814 
3.1101 -0.6071 1.9601 0.6405 0.6507 
3.1301 -0.6078 1.9501 0.6090 0.7193 
3.1301 -0.6018 1.9601 0.6609 0.7173 
3.1201 -0.6169 1.9601 0.6118 0.6814 
3.1301 -0.6078 1.9501 0.6090 0.7193 
3.1503 -0.5999 1.9501 0.6375 0.7897 
3.1301 -0.6018 1.9601 0.6609 0.7173 
3.1301 -0.6078 1.9501 0.6090 0.7193 
3.1503 -0.5999 1.9501 0.6375 0.7897 
3.1601 -0.6087 1.9601 0.6435 0.8135 
3.1301 -0.6018 1.9601 0.6609 0.7173 
3.1101 -0.6071 1.9601 0.6405 0.6507 
3.1101 -0.6033 1.9801 0.7148 0.6463 
3.0901 -0.6085 1.9601 0.6328 0.5858 
3.1101 -0.6071 1.9601 0.6405 0.6507 
3.1201 -0.6169 1.9601 0.6118 0.6814 
3.1301 -0.5965 1.9701 0.7097 0.7150 
3.1101 -0.6071 1.9601 0.6405 0.6507 
3.1301 -0.5965 1.9701 0.7097 0.7150 
3.1101 -0.6033 1.9801 0.7148 0.6463 
3.1301 -0.6018 1.9601 0.6609 0.7173 
3.1301 -0.5965 1.9701 0.7097 0.7150 
3.1201 -0.6169 1.9601 0.6118 0.6814 
3.1601 -0.6087 1.9601 0.6435 0.8135 
3.1501 -0.6028 1.9701 0.6927 0.7784 
3.1301 -0.6018 1.9601 0.6609 0.7173 
3.1301 -0.6018 1.9601 0.6609 0.7173 
3.1501 -0.6028 1.9701 0.6927 0.7784 
3.1301 -0.5965 1.9701 0.7097 0.7150 
3.1301 -0.5965 1.9701 0.7097 0.7150 
3.1501 -0.6028 1.9701 0.6927 0.7784 
3.1301 -0.5986 1.9901 0.7633 0.7076 
3.1301 -0.5986 1.9901 0.7633 0.7076 
3.1201 -0.6070 1.9901 0.7343 0.6746 
3.1101 -0.6033 1.9801 0.7148 0.6463 
3.1201 -0.6070 1.9901 0.7343 0.6746 
3.0901 -0.5955 1.9801 0.7372 0.5830 
3.1101 -0.6033 1.9801 0.7148 0.6463 
3.1501 -0.5991 1.9901 0.7653 0.7708 
3.1301 -0.5986 1.9901 0.7633 0.7076 
3.1501 -0.6028 1.9701 0.6927 0.7784 
3.1501 -0.5925 1.9801 0.7576 0.7777 
3.1501 -0.5991 1.9901 0.7653 0.7708 
3.1501 -0.6028 1.9701 0.6927 0.7784 
3.0901 -0.5955 1.9801 0.7372 0.5830 
3.1101 -0.5994 2.0001 0.7863 0.6422 
3.1001 -0.6072 2.0001 0.7594 0.6109 
3.1201 -0.6070 1.9901 0.7343 0.6746 
3.1101 -0.5994 2.0001 0.7863 0.6422 
3.0901 -0.5955 1.9801 0.7372 0.5830 
3.1503 -0.5999 1.9501 0.6375 0.7897 
3.1601 -0.6093 1.9401 0.5753 0.8241 
3.1601 -0.6087 1.9601 0.6435 0.8135 
3.1601 -0.6087 1.9601 0.6435 0.8135 
3.1601 -0.6093 1.9401 0.5753 0.8241 
3.1701 -0.5983 1.9501 0.6462 0.8580 
3.1801 -0.5981 1.9501 0.6486 0.8924 
3.1901 -0.6060 1.9501 0.6243 0.9211 
3.1901 -0.5991 1.9601 0.6798 0.9187 
3.1901 -0.5991 1.9601 0.6798 0.9187 
3.1901 -0.6060 1.9501 0.6243 0.9211 
3.2001 -0.5999 1.9424 0.6199 0.9658 
3.1901 -0.5991 1.9601 0.6798 0.9187 
3.2001 -0.5999 1.9424 0.6199 0.9658 
3.2001 -0.6165 1.9601 0.6256 0.9398 
3.2001 -0.6165 1.9601 0.6256 0.9398 
3.2001 -0.6195 1.9701 0.6481 0.9307 
3.1901 -0.5902 1.9701 0.7417 0.9175 
3.1701 -0.5963 1.9701 0.7175 0.8471 
3.1501 -0.6028 1.9701 0.6927 0.7784 
3.1601 -0.6087 1.9601 0.6435 0.8135 
3.1901 -0.5991 1.9601 0.6798 0.9187 
3.2001 -0.6165 1.9601 0.6256 0.9398 
3.1901 -0.5902 1.9701 0.7417 0.9175 
3.1701 -0.5963 1.9701 0.7175 0.8471 
3.1501 -0.5925 1.9801 0.7576 0.7777 
3.1501 -0.6028 1.9701 0.6927 0.7784 
3.2001 -0.5964 1.9801 0.7530 0.9393 
3.1901 -0.5902 1.9701 0.7417 0.9175 
3.2001 -0.6195 1.9701 0.6481 0.9307 
3.1501 -0.5925 1.9801 0.7576 0.7777 
3.1601 -0.6089 1.9901 0.7351 0.7986 
3.1501 -0.5991 1.9901 0.7653 0.7708 
3.1501 -0.5925 1.9801 0.7576 0.7777 
3.1701 -0.6039 2.0001 0.7818 0.8269 
3.1601 -0.6089 1.9901 0.7351 0.7986 
3.1801 -0.5907 1.9701 0.7382 0.8836 
3.1701 -0.6039 2.0001 0.7818 0.8269 
3.1701 -0.5963 1.9701 0.7175 0.8471 
3.2001 -0.5999 2.0001 0.8000 0.9230 
3.1901 -0.5997 1.9901 0.7700 0.8979 
3.2001 -0.5964 1.9801 0.7530 0.9393 
3.1501 -0.5991 1.9901 0.7653 0.7708 
3.1601 -0.6089 1.9901 0.7351 0.7986 
3.1501 -0.5986 2.0001 0.7958 0.7667 
3.2001 -0.5999 1.9424 0.6199 0.9658 
3.2101 -0.5950 1.9501 0.6641 0.9981 
3.2001 -0.6165 1.9601 0.6256 0.9398 
3.2087 -0.6099 1.9701 0.6795 0.9650 
3.2001 -0.6195 1.9701 0.6481 0.9307 
3.2001 -0.6165 1.9601 0.6256 0.9398 
3.2087 -0.6099 1.9701 0.6795 0.9650 
3.2001 -0.5964 1.9801 0.7530 0.9393 
3.2001 -0.6195 1.9701 0.6481 0.9307 
3.2001 -0.5964 1.9801 0.7530 0.9393 
3.2101 -0.5918 1.9901 0.8004 0.9678 
3.2001 -0.5999 2.0001 0.8000 0.9230 
3.2101 -0.5918 1.9901 0.8004 0.9678 
3.2201 -0.6085 1.9901 0.7464 0.9873 
3.2201 -0.5958 2.0001 0.8174 0.9892 
3.1901 -0.6056 1.9201 0.5205 0.9443 
3.2001 -0.5938 1.9201 0.5604 0.9903 
3.1901 -0.5925 1.9301 0.5994 0.9463 
3.1901 -0.5999 1.9401 0.6102 0.9329 
3.1901 -0.5999 1.9401 0.6102 0.9329 
3.1901 -0.5925 1.9301 0.5994 0.9463 
3.1901 -0.5999 1.9401 0.6102 0.9329 
3.1901 -0.5999 1.9401 0.6102 0.9329 
3.1901 -0.5925 1.9301 0.5994 0.9463 
3.1901 -0.5999 1.9401 0.6102 0.9329 
3.1901 -0.5925 1.9301 0.5994 0.9463 
3.2001 -0.5999 1.9424 0.6199 0.9658 
3.1701 -0.5983 1.9501 0.6462 0.8580 
3.1701 -0.6050 1.9401 0.5905 0.8604 
3.1901 -0.5925 1.9301 0.5994 0.9463 
3.1701 -0.5983 1.9501 0.6462 0.8580 
3.1901 -0.5925 1.9301 0.5994 0.9463 
3.1801 -0.5981 1.9501 0.6486 0.8924 
3.1801 -0.5981 1.9501 0.6486 0.8924 
3.1901 -0.5925 1.9301 0.5994 0.9463 
3.1901 -0.5999 1.9401 0.6102 0.9329 
3.1301 -0.5965 1.9701 0.7097 0.7150 
3.1301 -0.5986 1.9901 0.7633 0.7076 
3.1101 -0.6033 1.9801 0.7148 0.6463 
3.1301 -0.5986 1.9901 0.7633 0.7076 
3.1101 -0.5994 2.0001 0.7863 0.6422 
3.1201 -0.6070 1.9901 0.7343 0.6746 
3.1301 -0.5986 1.9901 0.7633 0.7076 
3.1501 -0.5991 1.9901 0.7653 0.7708 
3.1501 -0.5986 2.0001 0.7958 0.7667 
3.1101 -0.5994 2.0001 0.7863 0.6422 
3.1301 -0.5986 1.9901 0.7633 0.7076 
3.1301 -0.5745 2.0001 0.8759 0.7100 
3.1501 -0.5986 2.0001 0.7958 0.7667 
3.1301 -0.5745 2.0001 0.8759 0.7100 
3.1301 -0.5986 1.9901 0.7633 0.7076 
3.1801 -0.5981 1.9501 0.6486 0.8924 
3.1801 -0.5907 1.9701 0.7382 0.8836 
3.1601 -0.6087 1.9601 0.6435 0.8135 
3.1801 -0.5981 1.9501 0.6486 0.8924 
3.1601 -0.6087 1.9601 0.6435 0.8135 
3.1701 -0.5983 1.9501 0.6462 0.8580 
3.1801 -0.5907 1.9701 0.7382 0.8836 
3.1801 -0.5981 1.9501 0.6486 0.8924 
3.1901 -0.5991 1.9601 0.6798 0.9187 
3.1801 -0.5907 1.9701 0.7382 0.8836 
3.1701 -0.5963 1.9701 0.7175 0.8471 
3.1601 -0.6087 1.9601 0.6435 0.8135 
3.1901 -0.5991 1.9601 0.6798 0.9187 
3.1901 -0.5902 1.9701 0.7417 0.9175 
3.1801 -0.5907 1.9701 0.7382 0.8836 
3.1701 -0.5963 1.9701 0.7175 0.8471 
3.1701 -0.6039 2.0001 0.7818 0.8269 
3.1501 -0.5925 1.9801 0.7576 0.7777 
3.1901 -0.5997 1.9901 0.7700 0.8979 
3.1701 -0.6039 2.0001 0.7818 0.8269 
3.1801 -0.5907 1.9701 0.7382 0.8836 
3.2001 -0.5964 1.9801 0.7530 0.9393 
3.1901 -0.5997 1.9901 0.7700 0.8979 
3.1901 -0.5902 1.9701 0.7417 0.9175 
3.1901 -0.5902 1.9701 0.7417 0.9175 
3.1901 -0.5997 1.9901 0.7700 0.8979 
3.1801 -0.5907 1.9701 0.7382 0.8836 
3.1901 -0.5997 1.9901 0.7700 0.8979 
3.2001 -0.5999 2.0001 0.8000 0.9230 
3.1701 -0.6039 2.0001 0.7818 0.8269 
3.2087 -0.6099 1.9701 0.6795 0.9650 
3.2101 -0.5918 1.9901 0.8004 0.9678 
3.2001 -0.5964 1.9801 0.7530 0.9393 
3.2001 -0.6086 2.0201 0.8265 0.9048 
3.2001 -0.6018 2.0401 0.9004 0.8965 
3.1926 -0.5899 2.0101 0.8606 0.8989 
3.1201 -0.6018 2.0701 0.9590 0.6558 
3.1101 -0.6119 2.0701 0.9249 0.6273 
3.1001 -0.6002 2.0601 0.9372 0.6018 
3.1201 -0.6018 2.0701 0.9590 0.6558 
3.1001 -0.6002 2.0601 0.9372 0.6018 
3.1201 -0.5999 2.0559 0.9317 0.6592 
3.1001 -0.6002 2.0601 0.9372 0.6018 
3.1101 -0.6119 2.0701 0.9249 0.6273 
3.1001 -0.5966 2.0801 0.9952 0.5991 
3.1201 -0.6018 2.0701 0.9590 0.6558 
3.1001 -0.5966 2.0801 0.9952 0.5991 
3.1101 -0.6119 2.0701 0.9249 0.6273 
3.1401 -0.5972 2.0601 0.9541 0.7154 
3.1401 -0.6072 2.0701 0.9448 0.7102 
3.1201 -0.6036 2.0901 0.9977 0.6513 
3.2001 -0.6018 2.0401 0.9004 0.8965 
3.1901 -0.6001 2.0701 0.9764 0.8522 
3.1801 -0.6079 2.0601 0.9258 0.8254 
3.2127 -0.5999 2.0501 0.9336 0.9285 
3.2001 -0.6055 2.0701 0.9605 0.8777 
3.2001 -0.6018 2.0401 0.9004 0.8965 
3.2001 -0.6018 2.0401 0.9004 0.8965 
3.2001 -0.6055 2.0701 0.9605 0.8777 
3.1901 -0.6001 2.0701 0.9764 0.8522 
3.1601 -0.5995 2.0801 0.9959 0.7642 
3.1401 -0.6072 2.0701 0.9448 0.7102 
3.1501 -0.5923 2.0501 0.9482 0.7489 
3.1601 -0.5864 2.0501 0.9704 0.7803 
3.1801 -0.6079 2.0601 0.9258 0.8254 
3.1601 -0.5995 2.0801 0.9959 0.7642 
3.1801 -0.6088 2.0801 0.9689 0.8160 
3.1901 -0.6001 2.0701 0.9764 0.8522 
3.2001 -0.6055 2.0701 0.9605 0.8777 
3.1801 -0.6088 2.0801 0.9689 0.8160 
3.1801 -0.6071 2.0901 0.9966 0.8123 
3.1701 -0.6052 2.0901 1.0010 0.7859 
3.1001 -0.6072 2.0001 0.7594 0.6109 
3.1101 -0.5994 2.0001 0.7863 0.6422 
3.1001 -0.5849 2.0201 0.8884 0.6085 
3.1101 -0.5994 2.0001 0.7863 0.6422 
3.1301 -0.5745 2.0001 0.8759 0.7100 
3.1201 -0.5857 2.0101 0.8620 0.6726 
3.1301 -0.5745 2.0001 0.8759 0.7100 
3.1301 -0.5927 2.0101 0.8399 0.7024 
3.1201 -0.5857 2.0101 0.8620 0.6726 
3.1001 -0.5849 2.0201 0.8884 0.6085 
3.1101 -0.5994 2.0001 0.7863 0.6422 
3.1101 -0.5900 2.0201 0.8726 0.6388 
3.1101 -0.5900 2.0201 0.8726 0.6388 
3.1101 -0.5994 2.0001 0.7863 0.6422 
3.1201 -0.5857 2.0101 0.8620 0.6726 
3.1301 -0.5745 2.0001 0.8759 0.7100 
3.1401 -0.5915 2.0201 0.8729 0.7302 
3.1301 -0.5927 2.0101 0.8399 0.7024 
3.1301 -0.5745 2.0001 0.8759 0.7100 
3.1501 -0.5986 2.0001 0.7958 0.7667 
3.1401 -0.5915 2.0201 0.8729 0.7302 
3.1201 -0.5857 2.0101 0.8620 0.6726 
3.1101 -0.5942 2.0401 0.9100 0.6343 
3.1101 -0.5900 2.0201 0.8726 0.6388 
3.1201 -0.5857 2.0101 0.8620 0.6726 
3.1301 -0.5927 2.0101 0.8399 0.7024 
3.1101 -0.5942 2.0401 0.9100 0.6343 
3.1101 -0.5900 2.0201 0.8726 0.6388 
3.1101 -0.5942 2.0401 0.9100 0.6343 
3.0801 -0.5914 2.0401 0.9142 0.5464 
3.1301 -0.5927 2.0101 0.8399 0.7024 
3.1401 -0.5943 2.0401 0.9149 0.7225 
3.1101 -0.5942 2.0401 0.9100 0.6343 
3.1401 -0.5915 2.0201 0.8729 0.7302 
3.1501 -0.5923 2.0501 0.9482 0.7489 
3.1301 -0.5927 2.0101 0.8399 0.7024 
3.1301 -0.5927 2.0101 0.8399 0.7024 
3.1501 -0.5923 2.0501 0.9482 0.7489 
3.1401 -0.5943 2.0401 0.9149 0.7225 
3.1101 -0.5899 2.0501 0.9493 0.6327 
3.1101 -0.5942 2.0401 0.9100 0.6343 
3.1101 -0.5899 2.0501 0.9493 0.6327 
3.1101 -0.5899 2.0501 0.9493 0.6327 
3.1001 -0.5931 2.0501 0.9367 0.6035 
3.1101 -0.5942 2.0401 0.9100 0.6343 
3.1001 -0.5931 2.0501 0.9367 0.6035 
3.0801 -0.5914 2.0401 0.9142 0.5464 
3.1101 -0.5942 2.0401 0.9100 0.6343 
3.1101 -0.5899 2.0501 0.9493 0.6327 
3.1201 -0.5947 2.0501 0.9349 0.6612 
3.1101 -0.5899 2.0501 0.9493 0.6327 
3.1101 -0.5899 2.0501 0.9493 0.6327 
3.1101 -0.5942 2.0401 0.9100 0.6343 
3.1201 -0.5947 2.0501 0.9349 0.6612 
3.1401 -0.5943 2.0401 0.9149 0.7225 
3.1201 -0.5999 2.0559 0.9317 0.6592 
3.1101 -0.5942 2.0401 0.9100 0.6343 
3.1101 -0.5942 2.0401 0.9100 0.6343 
3.1201 -0.5999 2.0559 0.9317 0.6592 
3.1201 -0.5947 2.0501 0.9349 0.6612 
3.1101 -0.5899 2.0501 0.9493 0.6327 
3.1101 -0.5899 2.0501 0.9493 0.6327 
3.1101 -0.5899 2.0501 0.9493 0.6327 
3.1101 -0.5899 2.0501 0.9493 0.6327 
3.1101 -0.5899 2.0501 0.9493 0.6327 
3.1101 -0.5899 2.0501 0.9493 0.6327 
3.1601 -0.6089 1.9901 0.7351 0.7986 
3.1701 -0.6039 2.0001 0.7818 0.8269 
3.1701 -0.5911 2.0201 0.8796 0.8225 
3.1501 -0.5986 2.0001 0.7958 0.7667 
3.1601 -0.6089 1.9901 0.7351 0.7986 
3.1701 -0.5911 2.0201 0.8796 0.8225 
3.2001 -0.5999 2.0001 0.8000 0.9230 
3.1926 -0.5899 2.0101 0.8606 0.8989 
3.1701 -0.6039 2.0001 0.7818 0.8269 
3.1701 -0.6039 2.0001 0.7818 0.8269 
3.1926 -0.5899 2.0101 0.8606 0.8989 
3.1701 -0.5911 2.0201 0.8796 0.8225 
3.1501 -0.5986 2.0001 0.7958 0.7667 
3.1701 -0.5911 2.0201 0.8796 0.8225 
3.1401 -0.5915 2.0201 0.8729 0.7302 
3.1701 -0.5911 2.0201 0.8796 0.8225 
3.1926 -0.5899 2.0101 0.8606 0.8989 
3.1801 -0.5947 2.0201 0.8690 0.8515 
3.1601 -0.5985 2.0401 0.9045 0.7802 
3.1701 -0.5911 2.0201 0.8796 0.8225 
3.1801 -0.5947 2.0201 0.8690 0.8515 
3.1801 -0.5947 2.0201 0.8690 0.8515 
3.1926 -0.5899 2.0101 0.8606 0.8989 
3.1901 -0.5962 2.0301 0.8918 0.8756 
3.2001 -0.6018 2.0401 0.9004 0.8965 
3.1901 -0.5962 2.0301 0.8918 0.8756 
3.1926 -0.5899 2.0101 0.8606 0.8989 
3.1801 -0.5947 2.0201 0.8690 0.8515 
3.1801 -0.5812 2.0301 0.9421 0.8527 
3.1601 -0.5985 2.0401 0.9045 0.7802 
3.1801 -0.5812 2.0301 0.9421 0.8527 
3.1801 -0.5947 2.0201 0.8690 0.8515 
3.1901 -0.5962 2.0301 0.8918 0.8756 
3.1701 -0.5911 2.0201 0.8796 0.8225 
3.1601 -0.5985 2.0401 0.9045 0.7802 
3.1401 -0.5915 2.0201 0.8729 0.7302 
3.1401 -0.5915 2.0201 0.8729 0.7302 
3.1601 -0.5985 2.0401 0.9045 0.7802 
3.1501 -0.5923 2.0501 0.9482 0.7489 
3.1901 -0.5962 2.0301 0.8918 0.8756 
3.1701 -0.5897 2.0401 0.9360 0.8133 
3.1801 -0.5812 2.0301 0.9421 0.8527 
3.1901 -0.5962 2.0301 0.8918 0.8756 
3.1801 -0.5903 2.0501 0.9602 0.8378 
3.1701 -0.5897 2.0401 0.9360 0.8133 
3.1801 -0.5903 2.0501 0.9602 0.8378 
3.1901 -0.5962 2.0301 0.8918 0.8756 
3.2001 -0.6018 2.0401 0.9004 0.8965 
3.1701 -0.5897 2.0401 0.9360 0.8133 
3.1601 -0.5985 2.0401 0.9045 0.7802 
3.1801 -0.5812 2.0301 0.9421 0.8527 
3.1501 -0.5923 2.0501 0.9482 0.7489 
3.1601 -0.5985 2.0401 0.9045 0.7802 
3.1601 -0.5864 2.0501 0.9704 0.7803 
3.1701 -0.5897 2.0401 0.9360 0.8133 
3.1601 -0.5864 2.0501 0.9704 0.7803 
3.1601 -0.5985 2.0401 0.9045 0.7802 
3.1601 -0.5864 2.0501 0.9704 0.7803 
3.1701 -0.5897 2.0401 0.9360 0.8133 
3.1801 -0.5903 2.0501 0.9602 0.8378 
3.1001 -0.5931 2.0501 0.9367 0.6035 
3.1101 -0.5899 2.0501 0.9493 0.6327 
3.1101 -0.5899 2.0501 0.9493 0.6327 
3.1001 -0.5931 2.0501 0.9367 0.6035 
3.1101 -0.5899 2.0501 0.9493 0.6327 
3.1001 -0.6002 2.0601 0.9372 0.6018 
3.1101 -0.5899 2.0501 0.9493 0.6327 
3.1201 -0.5947 2.0501 0.9349 0.6612 
3.1201 -0.5999 2.0559 0.9317 0.6592 
3.1101 -0.5899 2.0501 0.9493 0.6327 
3.1201 -0.5999 2.0559 0.9317 0.6592 
3.1101 -0.5899 2.0501 0.9493 0.6327 
3.1101 -0.5899 2.0501 0.9493 0.6327 
3.1201 -0.5999 2.0559 0.9317 0.6592 
3.1001 -0.6002 2.0601 0.9372 0.6018 
3.1401 -0.5943 2.0401 0.9149 0.7225 
3.1401 -0.5972 2.0601 0.9541 0.7154 
3.1201 -0.5999 2.0559 0.9317 0.6592 
3.1501 -0.5923 2.0501 0.9482 0.7489 
3.1401 -0.5972 2.0601 0.9541 0.7154 
3.1401 -0.5943 2.0401 0.9149 0.7225 
3.1101 -0.5899 2.0501 0.9493 0.6327 
3.1101 -0.5899 2.0501 0.9493 0.6327 
3.1101 -0.5899 2.0501 0.9493 0.6327 
3.1101 -0.5899 2.0501 0.9493 0.6327 
3.1101 -0.5899 2.0501 0.9493 0.6327 
3.1101 -0.5899 2.0501 0.9493 0.6327 
3.1201 -0.5999 2.0559 0.9317 0.6592 
3.1401 -0.5972 2.0601 0.9541 0.7154 
3.1201 -0.6018 2.0701 0.9590 0.6558 
3.1401 -0.5972 2.0601 0.9541 0.7154 
3.1501 -0.5923 2.0501 0.9482 0.7489 
3.1401 -0.6072 2.0701 0.9448 0.7102 
3.1601 -0.5864 2.0501 0.9704 0.7803 
3.1801 -0.5903 2.0501 0.9602 0.8378 
3.1801 -0.6079 2.0601 0.9258 0.8254 
3.1801 -0.5903 2.0501 0.9602 0.8378 
3.2001 -0.6018 2.0401 0.9004 0.8965 
3.1801 -0.6079 2.0601 0.9258 0.8254 
3.1601 -0.5864 2.0501 0.9704 0.7803 
3.1601 -0.5995 2.0801 0.9959 0.7642 
3.1501 -0.5923 2.0501 0.9482 0.7489 
3.2001 -0.5999 2.0001 0.8000 0.9230 
3.2101 -0.5918 1.9901 0.8004 0.9678 
3.2101 -0.5904 2.0101 0.8620 0.9539 
3.2101 -0.5918 1.9901 0.8004 0.9678 
3.2201 -0.5958 2.0001 0.8174 0.9892 
3.2101 -0.5904 2.0101 0.8620 0.9539 
3.1926 -0.5899 2.0101 0.8606 0.8989 
3.2001 -0.5999 2.0001 0.8000 0.9230 
3.2101 -0.5904 2.0101 0.8620 0.9539 
3.2101 -0.5904 2.0101 0.8620 0.9539 
3.2001 -0.6086 2.0201 0.8265 0.9048 
3.1926 -0.5899 2.0101 0.8606 0.8989 
3.2201 -0.5958 2.0001 0.8174 0.9892 
3.2301 -0.6024 2.0301 0.8781 0.9922 
3.2101 -0.5904 2.0101 0.8620 0.9539 
3.2101 -0.5904 2.0101 0.8620 0.9539 
3.2101 -0.5912 2.0301 0.9126 0.9393 
3.2001 -0.6018 2.0401 0.9004 0.8965 
3.2001 -0.6086 2.0201 0.8265 0.9048 
3.2101 -0.5904 2.0101 0.8620 0.9539 
3.2001 -0.6018 2.0401 0.9004 0.8965 
3.2101 -0.5904 2.0101 0.8620 0.9539 
3.2301 -0.6024 2.0301 0.8781 0.9922 
3.2101 -0.5912 2.0301 0.9126 0.9393 
3.2301 -0.6024 2.0301 0.8781 0.9922 
3.2301 -0.5939 2.0501 0.9568 0.9836 
3.2101 -0.5912 2.0301 0.9126 0.9393 
3.2101 -0.5912 2.0301 0.9126 0.9393 
3.2127 -0.5999 2.0501 0.9336 0.9285 
3.2001 -0.6018 2.0401 0.9004 0.8965 
3.2201 -0.5899 2.0501 0.9689 0.9567 
3.2201 -0.5899 2.0501 0.9689 0.9567 
3.2127 -0.5999 2.0501 0.9336 0.9285 
3.2201 -0.5899 2.0501 0.9689 0.9567 
3.2127 -0.5999 2.0501 0.9336 0.9285 
3.2101 -0.5912 2.0301 0.9126 0.9393 
3.2201 -0.5899 2.0501 0.9689 0.9567 
3.2301 -0.5939 2.0501 0.9568 0.9836 
3.2201 -0.5899 2.0501 0.9689 0.9567 
3.2201 -0.5899 2.0501 0.9689 0.9567 
3.2101 -0.5912 2.0301 0.9126 0.9393 
3.2301 -0.5939 2.0501 0.9568 0.9836 
3.2201 -0.5899 2.0501 0.9689 0.9567 
3.2201 -0.5899 2.0501 0.9689 0.9567 
3.2201 -0.5899 2.0501 0.9689 0.9567 
3.2201 -0.5899 2.0501 0.9689 0.9567 
3.2201 -0.5899 2.0501 0.9689 0.9567 
3.2201 -0.5899 2.0501 0.9689 0.9567 
3.2201 -0.5899 2.0501 0.9689 0.9567 
3.2301 -0.6023 2.0601 0.9526 0.9708 
3.2127 -0.5999 2.0501 0.9336 0.9285 
3.2201 -0.5899 2.0501 0.9689 0.9567 
3.2127 -0.5999 2.0501 0.9336 0.9285 
3.2201 -0.5899 2.0501 0.9689 0.9567 
3.2301 -0.5939 2.0501 0.9568 0.9836 
3.2301 -0.6023 2.0601 0.9526 0.9708 
3.2201 -0.5899 2.0501 0.9689 0.9567 
3.2301 -0.5939 2.0501 0.9568 0.9836 
3.2201 -0.5899 2.0501 0.9689 0.9567 
3.2201 -0.5899 2.0501 0.9689 0.9567 
3.2201 -0.5899 2.0501 0.9689 0.9567 
3.2201 -0.5899 2.0501 0.9689 0.9567 
3.2201 -0.5899 2.0501 0.9689 0.9567 
3.2201 -0.5899 2.0501 0.9689 0.9567 
3.2201 -0.5899 2.0501 0.9689 0.9567 
3.2201 -0.5899 2.0501 0.9689 0.9567 
