NUMPOLLIES 572.000000 

4.1901 -0.5883 2.0501 0.9677 0.8454 
4.2201 -0.5871 2.0501 0.9773 0.9353 
4.1901 -0.5989 2.0601 0.9558 0.8356 
4.2201 -0.5871 2.0501 0.9773 0.9353 
4.2101 -0.5958 2.0601 0.9696 0.8947 
4.1901 -0.5989 2.0601 0.9558 0.8356 
4.2301 -0.5913 2.0301 0.9143 0.9767 
4.2401 -0.5973 2.0601 0.9699 0.9807 
4.2201 -0.5871 2.0501 0.9773 0.9353 
4.1901 -0.5883 2.0501 0.9677 0.8454 
4.2301 -0.5913 2.0301 0.9143 0.9767 
4.2201 -0.5871 2.0501 0.9773 0.9353 
4.2301 -0.5913 2.0301 0.9143 0.9767 
4.2101 -0.5933 2.0201 0.8778 0.9208 
4.2201 -0.5944 2.0201 0.8757 0.9510 
4.2101 -0.5933 2.0201 0.8778 0.9208 
4.2301 -0.5913 2.0301 0.9143 0.9767 
4.1901 -0.5883 2.0501 0.9677 0.8454 
4.2001 -0.5922 2.0201 0.8797 0.8905 
4.2101 -0.5933 2.0201 0.8778 0.9208 
4.1901 -0.5883 2.0501 0.9677 0.8454 
4.1901 -0.5896 2.0001 0.8318 0.8727 
4.2201 -0.5863 2.0001 0.8489 0.9716 
4.2101 -0.5933 2.0201 0.8778 0.9208 
4.2101 -0.5933 2.0201 0.8778 0.9208 
4.2001 -0.5922 2.0201 0.8797 0.8905 
4.1901 -0.5896 2.0001 0.8318 0.8727 
4.1501 -0.5843 2.0601 0.9982 0.7249 
4.1601 -0.5937 2.0601 0.9679 0.7513 
4.1436 -0.5899 2.0701 1.0011 0.7018 
4.1901 -0.5989 2.0601 0.9558 0.8356 
4.1801 -0.5936 2.0601 0.9717 0.8090 
4.1901 -0.5883 2.0501 0.9677 0.8454 
4.1901 -0.5883 2.0501 0.9677 0.8454 
4.1801 -0.5936 2.0601 0.9717 0.8090 
4.1601 -0.5937 2.0601 0.9679 0.7513 
4.1501 -0.5843 2.0601 0.9982 0.7249 
4.1436 -0.5899 2.0701 1.0011 0.7018 
4.1301 -0.5940 2.0501 0.9376 0.6677 
4.1001 -0.5929 2.0301 0.8860 0.5835 
4.1201 -0.5961 2.0601 0.9528 0.6366 
4.0901 -0.5931 2.0501 0.9336 0.5522 
4.1801 -0.5928 2.0401 0.9259 0.8186 
4.1901 -0.5883 2.0501 0.9677 0.8454 
4.1701 -0.5954 2.0301 0.8897 0.7923 
4.1601 -0.5937 2.0601 0.9679 0.7513 
4.1701 -0.5954 2.0301 0.8897 0.7923 
4.1901 -0.5883 2.0501 0.9677 0.8454 
4.1701 -0.5954 2.0301 0.8897 0.7923 
4.1601 -0.5937 2.0601 0.9679 0.7513 
4.1401 -0.5909 2.0401 0.9253 0.7003 
4.1601 -0.5881 2.0301 0.9128 0.7646 
4.1701 -0.5954 2.0301 0.8897 0.7923 
4.1601 -0.5899 2.0330 0.9141 0.7629 
4.1501 -0.5899 2.0301 0.9049 0.7338 
4.1501 -0.5899 2.0301 0.9049 0.7338 
4.1601 -0.5899 2.0330 0.9141 0.7629 
4.1501 -0.5899 2.0301 0.9049 0.7338 
4.1601 -0.5881 2.0301 0.9128 0.7646 
4.1601 -0.5899 2.0330 0.9141 0.7629 
4.2001 -0.5922 2.0201 0.8797 0.8905 
4.1901 -0.5883 2.0501 0.9677 0.8454 
4.1801 -0.5928 2.0401 0.9259 0.8186 
4.1801 -0.5928 2.0401 0.9259 0.8186 
4.1701 -0.5954 2.0301 0.8897 0.7923 
4.1801 -0.5903 2.0201 0.8827 0.8297 
4.1701 -0.5954 2.0301 0.8897 0.7923 
4.1401 -0.5909 2.0401 0.9253 0.7003 
4.1601 -0.5899 2.0330 0.9141 0.7629 
4.1601 -0.5899 2.0330 0.9141 0.7629 
4.1401 -0.5909 2.0401 0.9253 0.7003 
4.1501 -0.5899 2.0301 0.9049 0.7338 
4.1501 -0.5899 2.0301 0.9049 0.7338 
4.1501 -0.5899 2.0301 0.9049 0.7338 
4.1601 -0.5881 2.0301 0.9128 0.7646 
4.1801 -0.5903 2.0201 0.8827 0.8297 
4.2001 -0.5922 2.0201 0.8797 0.8905 
4.1801 -0.5928 2.0401 0.9259 0.8186 
4.1701 -0.5954 2.0301 0.8897 0.7923 
4.1701 -0.5870 2.0101 0.8653 0.8050 
4.1801 -0.5903 2.0201 0.8827 0.8297 
4.1601 -0.5881 2.0301 0.9128 0.7646 
4.1501 -0.5899 2.0301 0.9049 0.7338 
4.1701 -0.5954 2.0301 0.8897 0.7923 
4.1701 -0.5954 2.0301 0.8897 0.7923 
4.1501 -0.5899 2.0301 0.9049 0.7338 
4.1501 -0.5901 2.0201 0.8782 0.7374 
4.1801 -0.5899 2.0101 0.8570 0.8351 
4.1801 -0.5899 2.0101 0.8570 0.8351 
4.1801 -0.5899 2.0101 0.8570 0.8351 
4.1701 -0.5870 2.0101 0.8653 0.8050 
4.1801 -0.5899 2.0101 0.8570 0.8351 
4.1801 -0.5899 2.0101 0.8570 0.8351 
4.1801 -0.5899 2.0101 0.8570 0.8351 
4.2001 -0.5922 2.0201 0.8797 0.8905 
4.1801 -0.5903 2.0201 0.8827 0.8297 
4.1801 -0.5899 2.0101 0.8570 0.8351 
4.1801 -0.5903 2.0201 0.8827 0.8297 
4.1801 -0.5899 2.0101 0.8570 0.8351 
4.1801 -0.5903 2.0201 0.8827 0.8297 
4.1701 -0.5870 2.0101 0.8653 0.8050 
4.1801 -0.5899 2.0101 0.8570 0.8351 
4.1701 -0.5870 2.0101 0.8653 0.8050 
4.1701 -0.5954 2.0301 0.8897 0.7923 
4.1501 -0.5911 2.0101 0.8475 0.7408 
4.1701 -0.5954 2.0301 0.8897 0.7923 
4.1501 -0.5901 2.0201 0.8782 0.7374 
4.1501 -0.5911 2.0101 0.8475 0.7408 
4.1801 -0.5899 2.0101 0.8570 0.8351 
4.1801 -0.5899 2.0101 0.8570 0.8351 
4.1901 -0.5896 2.0001 0.8318 0.8727 
4.1901 -0.5896 2.0001 0.8318 0.8727 
4.2001 -0.5922 2.0201 0.8797 0.8905 
4.1801 -0.5899 2.0101 0.8570 0.8351 
4.1801 -0.5899 2.0101 0.8570 0.8351 
4.1701 -0.5870 2.0101 0.8653 0.8050 
4.1901 -0.5896 2.0001 0.8318 0.8727 
4.1701 -0.5870 2.0101 0.8653 0.8050 
4.1501 -0.5911 2.0101 0.8475 0.7408 
4.1601 -0.6012 2.0001 0.7876 0.7728 
4.1901 -0.5896 2.0001 0.8318 0.8727 
4.1701 -0.5870 2.0101 0.8653 0.8050 
4.1601 -0.6012 2.0001 0.7876 0.7728 
4.1401 -0.5909 2.0401 0.9253 0.7003 
4.1501 -0.5843 2.0601 0.9982 0.7249 
4.1301 -0.5940 2.0501 0.9376 0.6677 
4.1401 -0.5909 2.0401 0.9253 0.7003 
4.1601 -0.5937 2.0601 0.9679 0.7513 
4.1501 -0.5843 2.0601 0.9982 0.7249 
4.1401 -0.5909 2.0401 0.9253 0.7003 
4.1301 -0.5940 2.0501 0.9376 0.6677 
4.1201 -0.5961 2.0601 0.9528 0.6366 
4.1401 -0.5909 2.0401 0.9253 0.7003 
4.1201 -0.5961 2.0601 0.9528 0.6366 
4.1001 -0.5929 2.0301 0.8860 0.5835 
4.1501 -0.5899 2.0301 0.9049 0.7338 
4.1501 -0.5899 2.0301 0.9049 0.7338 
4.1501 -0.5899 2.0301 0.9049 0.7338 
4.1501 -0.5899 2.0301 0.9049 0.7338 
4.1401 -0.5909 2.0401 0.9253 0.7003 
4.1401 -0.5971 2.0301 0.8790 0.7021 
4.1501 -0.5899 2.0301 0.9049 0.7338 
4.1401 -0.5971 2.0301 0.8790 0.7021 
4.1501 -0.5899 2.0301 0.9049 0.7338 
4.1401 -0.5971 2.0301 0.8790 0.7021 
4.1401 -0.5909 2.0401 0.9253 0.7003 
4.1248 -0.5899 2.0201 0.8742 0.6598 
4.1248 -0.5899 2.0201 0.8742 0.6598 
4.1401 -0.5909 2.0401 0.9253 0.7003 
4.1001 -0.5929 2.0301 0.8860 0.5835 
4.1501 -0.5899 2.0301 0.9049 0.7338 
4.1501 -0.5899 2.0301 0.9049 0.7338 
4.1501 -0.5899 2.0301 0.9049 0.7338 
4.1501 -0.5899 2.0301 0.9049 0.7338 
4.1401 -0.5971 2.0301 0.8790 0.7021 
4.1501 -0.5901 2.0201 0.8782 0.7374 
4.1501 -0.5899 2.0301 0.9049 0.7338 
4.1501 -0.5901 2.0201 0.8782 0.7374 
4.1501 -0.5899 2.0301 0.9049 0.7338 
4.1248 -0.5899 2.0201 0.8742 0.6598 
4.1501 -0.5901 2.0201 0.8782 0.7374 
4.1401 -0.5971 2.0301 0.8790 0.7021 
4.1301 -0.5927 2.0101 0.8386 0.6784 
4.1248 -0.5899 2.0201 0.8742 0.6598 
4.1001 -0.5929 2.0301 0.8860 0.5835 
4.1001 -0.5887 2.0201 0.8740 0.5847 
4.1301 -0.5927 2.0101 0.8386 0.6784 
4.1001 -0.5929 2.0301 0.8860 0.5835 
4.1301 -0.5927 2.0101 0.8386 0.6784 
4.1501 -0.5901 2.0201 0.8782 0.7374 
4.1248 -0.5899 2.0201 0.8742 0.6598 
4.1301 -0.5980 1.9901 0.7641 0.6832 
4.1501 -0.5911 2.0101 0.8475 0.7408 
4.1501 -0.5901 2.0201 0.8782 0.7374 
4.1301 -0.5980 1.9901 0.7641 0.6832 
4.1501 -0.5901 2.0201 0.8782 0.7374 
4.1301 -0.5927 2.0101 0.8386 0.6784 
4.1101 -0.5940 1.9901 0.7738 0.6204 
4.1301 -0.5927 2.0101 0.8386 0.6784 
4.1001 -0.5887 2.0201 0.8740 0.5847 
4.0701 -0.5997 2.0601 0.9328 0.4960 
4.0701 -0.5914 2.0701 0.9833 0.4948 
4.0601 -0.5909 2.0601 0.9598 0.4663 
4.0701 -0.5997 2.0601 0.9328 0.4960 
4.0701 -0.5971 2.0401 0.8924 0.4954 
4.0901 -0.5931 2.0501 0.9336 0.5522 
4.0701 -0.5997 2.0601 0.9328 0.4960 
4.0601 -0.5909 2.0601 0.9598 0.4663 
4.0301 -0.5952 2.0501 0.9166 0.3816 
4.0601 -0.5909 2.0601 0.9598 0.4663 
4.0501 -0.5989 2.0801 0.9780 0.4419 
4.0301 -0.5952 2.0501 0.9166 0.3816 
4.0301 -0.5952 2.0501 0.9166 0.3816 
4.0501 -0.5989 2.0801 0.9780 0.4419 
4.0301 -0.5900 2.0601 0.9577 0.3816 
4.0301 -0.5900 2.0601 0.9577 0.3816 
4.0201 -0.5968 2.0801 0.9796 0.3604 
4.0001 -0.5886 2.0501 0.9333 0.2941 
4.0301 -0.5952 2.0501 0.9166 0.3816 
4.0301 -0.5900 2.0601 0.9577 0.3816 
4.0001 -0.5886 2.0501 0.9333 0.2941 
4.1001 -0.5929 2.0301 0.8860 0.5835 
4.0901 -0.5931 2.0501 0.9336 0.5522 
4.0901 -0.5996 2.0401 0.8876 0.5534 
4.0701 -0.5971 2.0401 0.8924 0.4954 
4.0701 -0.5997 2.0601 0.9328 0.4960 
4.0601 -0.5919 2.0401 0.9078 0.4654 
4.0401 -0.5986 2.0301 0.8570 0.4082 
4.0701 -0.5997 2.0601 0.9328 0.4960 
4.0301 -0.5952 2.0501 0.9166 0.3816 
4.0601 -0.5919 2.0401 0.9078 0.4654 
4.0701 -0.5997 2.0601 0.9328 0.4960 
4.0401 -0.5986 2.0301 0.8570 0.4082 
4.0801 -0.5938 2.0201 0.8533 0.5245 
4.1001 -0.5929 2.0301 0.8860 0.5835 
4.0901 -0.5996 2.0401 0.8876 0.5534 
4.0801 -0.5938 2.0201 0.8533 0.5245 
4.0901 -0.5996 2.0401 0.8876 0.5534 
4.0901 -0.5931 2.0501 0.9336 0.5522 
4.0601 -0.5918 2.0201 0.8566 0.4642 
4.0901 -0.5931 2.0501 0.9336 0.5522 
4.0701 -0.5971 2.0401 0.8924 0.4954 
4.0801 -0.5938 2.0201 0.8533 0.5245 
4.0901 -0.5931 2.0501 0.9336 0.5522 
4.0601 -0.5918 2.0201 0.8566 0.4642 
4.1001 -0.5887 2.0201 0.8740 0.5847 
4.1001 -0.5929 2.0301 0.8860 0.5835 
4.0801 -0.5938 2.0201 0.8533 0.5245 
4.0401 -0.5937 2.0201 0.8468 0.4051 
4.0701 -0.5971 2.0401 0.8924 0.4954 
4.0601 -0.5919 2.0401 0.9078 0.4654 
4.0601 -0.5918 2.0201 0.8566 0.4642 
4.0701 -0.5971 2.0401 0.8924 0.4954 
4.0401 -0.5937 2.0201 0.8468 0.4051 
4.0801 -0.5938 2.0201 0.8533 0.5245 
4.0901 -0.5999 2.0101 0.8078 0.5558 
4.1101 -0.5940 1.9901 0.7738 0.6204 
4.0801 -0.5938 2.0201 0.8533 0.5245 
4.1101 -0.5940 1.9901 0.7738 0.6204 
4.1001 -0.5887 2.0201 0.8740 0.5847 
4.0701 -0.5959 2.0001 0.7895 0.4947 
4.0801 -0.5938 2.0201 0.8533 0.5245 
4.0601 -0.5918 2.0201 0.8566 0.4642 
4.0901 -0.5999 2.0101 0.8078 0.5558 
4.0801 -0.5938 2.0201 0.8533 0.5245 
4.0701 -0.5959 2.0001 0.7895 0.4947 
4.0901 -0.5881 2.0001 0.8191 0.5559 
4.1101 -0.5940 1.9901 0.7738 0.6204 
4.0901 -0.5999 2.0101 0.8078 0.5558 
4.0901 -0.5881 2.0001 0.8191 0.5559 
4.0901 -0.5999 2.0101 0.8078 0.5558 
4.0701 -0.5959 2.0001 0.7895 0.4947 
4.0401 -0.5982 2.0001 0.7770 0.4036 
4.0701 -0.5959 2.0001 0.7895 0.4947 
4.0601 -0.5918 2.0201 0.8566 0.4642 
4.0001 -0.5886 2.0501 0.9333 0.2941 
4.0101 -0.5997 2.0401 0.8738 0.3249 
4.0301 -0.5952 2.0501 0.9166 0.3816 
4.0101 -0.5997 2.0401 0.8738 0.3249 
4.0201 -0.5910 2.0401 0.9038 0.3495 
4.0301 -0.5952 2.0501 0.9166 0.3816 
4.0101 -0.5997 2.0401 0.8738 0.3249 
4.0001 -0.5886 2.0501 0.9333 0.2941 
4.0001 -0.5932 2.0401 0.8931 0.2934 
4.0201 -0.5910 2.0401 0.9038 0.3495 
4.0101 -0.5997 2.0401 0.8738 0.3249 
4.0001 -0.5932 2.0401 0.8931 0.2934 
4.0401 -0.5937 2.0201 0.8468 0.4051 
4.0601 -0.5919 2.0401 0.9078 0.4654 
4.0401 -0.5986 2.0301 0.8570 0.4082 
4.0201 -0.5917 2.0201 0.8498 0.3451 
4.0401 -0.5986 2.0301 0.8570 0.4082 
4.0301 -0.5952 2.0501 0.9166 0.3816 
4.0401 -0.5937 2.0201 0.8468 0.4051 
4.0401 -0.5986 2.0301 0.8570 0.4082 
4.0201 -0.5917 2.0201 0.8498 0.3451 
4.0201 -0.5917 2.0201 0.8498 0.3451 
4.0301 -0.5952 2.0501 0.9166 0.3816 
4.0201 -0.5910 2.0401 0.9038 0.3495 
3.9901 -0.5983 2.0201 0.8232 0.2609 
4.0201 -0.5910 2.0401 0.9038 0.3495 
4.0001 -0.5932 2.0401 0.8931 0.2934 
4.0201 -0.5917 2.0201 0.8498 0.3451 
4.0201 -0.5910 2.0401 0.9038 0.3495 
3.9901 -0.5983 2.0201 0.8232 0.2609 
4.0001 -0.5911 2.0101 0.8213 0.2825 
4.0201 -0.5917 2.0201 0.8498 0.3451 
3.9901 -0.5983 2.0201 0.8232 0.2609 
4.0401 -0.5982 2.0001 0.7770 0.4036 
4.0601 -0.5918 2.0201 0.8566 0.4642 
4.0401 -0.5937 2.0201 0.8468 0.4051 
4.0401 -0.5982 2.0001 0.7770 0.4036 
4.0401 -0.5937 2.0201 0.8468 0.4051 
4.0301 -0.5909 2.0001 0.7991 0.3703 
4.0201 -0.5967 2.0001 0.7785 0.3424 
4.0401 -0.5937 2.0201 0.8468 0.4051 
4.0201 -0.5917 2.0201 0.8498 0.3451 
4.0301 -0.5909 2.0001 0.7991 0.3703 
4.0401 -0.5937 2.0201 0.8468 0.4051 
4.0201 -0.5967 2.0001 0.7785 0.3424 
4.0101 -0.5994 2.0001 0.7681 0.3136 
4.0201 -0.5917 2.0201 0.8498 0.3451 
4.0001 -0.5911 2.0101 0.8213 0.2825 
4.0201 -0.5967 2.0001 0.7785 0.3424 
4.0201 -0.5917 2.0201 0.8498 0.3451 
4.0101 -0.5994 2.0001 0.7681 0.3136 
3.9501 -0.5952 2.0901 0.9954 0.1789 
3.9701 -0.5947 2.0901 1.0001 0.2300 
3.9401 -0.5982 2.0901 0.9839 0.1558 
3.9601 -0.6022 2.0901 0.9748 0.2087 
3.9701 -0.5947 2.0901 1.0001 0.2300 
3.9501 -0.5952 2.0901 0.9954 0.1789 
3.9701 -0.5947 2.0901 1.0001 0.2300 
3.9801 -0.5993 2.0801 0.9652 0.2551 
3.9901 -0.5970 2.0901 0.9960 0.2834 
3.9601 -0.6022 2.0901 0.9748 0.2087 
3.9601 -0.5938 2.0801 0.9793 0.1995 
3.9701 -0.5947 2.0901 1.0001 0.2300 
3.9601 -0.5938 2.0801 0.9793 0.1995 
3.9601 -0.6022 2.0901 0.9748 0.2087 
3.9501 -0.5952 2.0901 0.9954 0.1789 
3.9801 -0.5993 2.0801 0.9652 0.2551 
3.9801 -0.5944 2.0601 0.9346 0.2453 
3.9901 -0.5970 2.0901 0.9960 0.2834 
3.9801 -0.5944 2.0601 0.9346 0.2453 
3.9801 -0.5993 2.0801 0.9652 0.2551 
3.9701 -0.5947 2.0901 1.0001 0.2300 
3.9801 -0.5944 2.0601 0.9346 0.2453 
3.9701 -0.5947 2.0901 1.0001 0.2300 
3.9601 -0.5938 2.0801 0.9793 0.1995 
3.9801 -0.5944 2.0601 0.9346 0.2453 
3.9601 -0.5938 2.0801 0.9793 0.1995 
3.9501 -0.5880 2.0601 0.9507 0.1603 
4.0001 -0.5886 2.0501 0.9333 0.2941 
3.9801 -0.5944 2.0601 0.9346 0.2453 
3.9901 -0.5937 2.0501 0.9146 0.2688 
3.9501 -0.5880 2.0601 0.9507 0.1603 
3.9601 -0.5965 2.0501 0.9005 0.1883 
3.9801 -0.5944 2.0601 0.9346 0.2453 
3.9201 -0.5959 2.0801 0.9660 0.1012 
3.9201 -0.6006 2.1001 0.9947 0.1142 
3.8901 -0.5976 2.0901 0.9778 0.0547 
3.9201 -0.5959 2.0801 0.9660 0.1012 
3.9501 -0.5952 2.0901 0.9954 0.1789 
3.9401 -0.5982 2.0901 0.9839 0.1558 
3.9001 -0.5941 2.0801 0.9684 0.0614 
3.9201 -0.5959 2.0801 0.9660 0.1012 
3.8901 -0.5976 2.0901 0.9778 0.0547 
3.9201 -0.5912 2.0601 0.9349 0.0880 
3.9601 -0.5938 2.0801 0.9793 0.1995 
3.9501 -0.5952 2.0901 0.9954 0.1789 
3.9201 -0.5912 2.0601 0.9349 0.0880 
3.9501 -0.5952 2.0901 0.9954 0.1789 
3.9201 -0.5959 2.0801 0.9660 0.1012 
3.9601 -0.5938 2.0801 0.9793 0.1995 
3.9201 -0.5912 2.0601 0.9349 0.0880 
3.9301 -0.5992 2.0501 0.8870 0.1122 
3.9501 -0.5880 2.0601 0.9507 0.1603 
3.9601 -0.5938 2.0801 0.9793 0.1995 
3.9301 -0.5992 2.0501 0.8870 0.1122 
3.9201 -0.5912 2.0601 0.9349 0.0880 
3.9201 -0.5959 2.0801 0.9660 0.1012 
3.9001 -0.5932 2.0601 0.9252 0.0554 
3.9501 -0.5880 2.0601 0.9507 0.1603 
3.9401 -0.6028 2.0501 0.8773 0.1400 
3.9601 -0.5965 2.0501 0.9005 0.1883 
3.9501 -0.5880 2.0601 0.9507 0.1603 
3.9301 -0.5992 2.0501 0.8870 0.1122 
3.9401 -0.6028 2.0501 0.8773 0.1400 
3.9901 -0.5937 2.0501 0.9146 0.2688 
4.0001 -0.5932 2.0401 0.8931 0.2934 
4.0001 -0.5886 2.0501 0.9333 0.2941 
3.9801 -0.5925 2.0301 0.8668 0.2325 
3.9901 -0.5937 2.0501 0.9146 0.2688 
3.9801 -0.5944 2.0601 0.9346 0.2453 
3.9501 -0.5906 2.0301 0.8677 0.1473 
3.9801 -0.5944 2.0601 0.9346 0.2453 
3.9601 -0.5965 2.0501 0.9005 0.1883 
3.9801 -0.5925 2.0301 0.8668 0.2325 
3.9801 -0.5944 2.0601 0.9346 0.2453 
3.9501 -0.5906 2.0301 0.8677 0.1473 
4.0001 -0.5932 2.0401 0.8931 0.2934 
3.9901 -0.5937 2.0501 0.9146 0.2688 
3.9801 -0.5925 2.0301 0.8668 0.2325 
3.9901 -0.5983 2.0201 0.8232 0.2609 
4.0001 -0.5932 2.0401 0.8931 0.2934 
3.9801 -0.5925 2.0301 0.8668 0.2325 
3.9801 -0.5925 2.0301 0.8668 0.2325 
3.9501 -0.5906 2.0301 0.8677 0.1473 
3.9601 -0.6000 2.0201 0.8127 0.1768 
4.0001 -0.5911 2.0101 0.8213 0.2825 
3.9901 -0.5983 2.0201 0.8232 0.2609 
3.9901 -0.5967 2.0101 0.8013 0.2562 
3.9601 -0.5926 2.0001 0.7816 0.1613 
3.9901 -0.5983 2.0201 0.8232 0.2609 
3.9801 -0.5925 2.0301 0.8668 0.2325 
3.9901 -0.5967 2.0101 0.8013 0.2562 
3.9901 -0.5983 2.0201 0.8232 0.2609 
3.9601 -0.5926 2.0001 0.7816 0.1613 
3.9801 -0.5925 2.0301 0.8668 0.2325 
3.9601 -0.6000 2.0201 0.8127 0.1768 
3.9601 -0.5926 2.0001 0.7816 0.1613 
3.9801 -0.5930 1.9901 0.7550 0.2157 
4.0001 -0.5911 2.0101 0.8213 0.2825 
3.9901 -0.5967 2.0101 0.8013 0.2562 
4.0101 -0.5994 2.0001 0.7681 0.3136 
4.0001 -0.5911 2.0101 0.8213 0.2825 
3.9801 -0.5930 1.9901 0.7550 0.2157 
3.9401 -0.5964 1.9901 0.7373 0.1031 
3.9601 -0.6000 2.0201 0.8127 0.1768 
3.9401 -0.5923 2.0001 0.7792 0.1055 
3.9601 -0.5926 2.0001 0.7816 0.1613 
3.9601 -0.6000 2.0201 0.8127 0.1768 
3.9401 -0.5964 1.9901 0.7373 0.1031 
3.9401 -0.6028 2.0501 0.8773 0.1400 
3.9401 -0.5990 2.0301 0.8389 0.1270 
3.9601 -0.5965 2.0501 0.9005 0.1883 
3.9501 -0.5906 2.0301 0.8677 0.1473 
3.9601 -0.5965 2.0501 0.9005 0.1883 
3.9401 -0.5990 2.0301 0.8389 0.1270 
3.9601 -0.6000 2.0201 0.8127 0.1768 
3.9501 -0.5906 2.0301 0.8677 0.1473 
3.9401 -0.5990 2.0301 0.8389 0.1270 
3.9401 -0.5923 2.0001 0.7792 0.1055 
3.9601 -0.6000 2.0201 0.8127 0.1768 
3.9401 -0.5990 2.0301 0.8389 0.1270 
3.9301 -0.5997 2.0101 0.7817 0.0916 
3.9401 -0.5990 2.0301 0.8389 0.1270 
3.9201 -0.5926 2.0201 0.8300 0.0696 
3.9401 -0.5923 2.0001 0.7792 0.1055 
3.9401 -0.5990 2.0301 0.8389 0.1270 
3.9301 -0.5997 2.0101 0.7817 0.0916 
3.9101 -0.5998 2.0101 0.7783 0.0551 
3.9301 -0.5997 2.0101 0.7817 0.0916 
3.9201 -0.5926 2.0201 0.8300 0.0696 
3.9301 -0.5997 2.0101 0.7817 0.0916 
3.9301 -0.5899 1.9901 0.7566 0.0737 
3.9401 -0.5923 2.0001 0.7792 0.1055 
3.9301 -0.5899 1.9901 0.7566 0.0737 
3.9301 -0.5997 2.0101 0.7817 0.0916 
3.9201 -0.5941 2.0001 0.7701 0.0620 
3.9301 -0.5997 2.0101 0.7817 0.0916 
3.9101 -0.5998 2.0101 0.7783 0.0551 
3.9201 -0.5941 2.0001 0.7701 0.0620 
3.9401 -0.5982 2.0901 0.9839 0.1558 
3.9201 -0.6006 2.1001 0.9947 0.1142 
3.9201 -0.5959 2.0801 0.9660 0.1012 
3.9401 -0.5990 2.0301 0.8389 0.1270 
3.9401 -0.6028 2.0501 0.8773 0.1400 
3.9301 -0.5992 2.0501 0.8870 0.1122 
4.2201 -0.5955 1.9901 0.7883 0.9723 
4.2201 -0.5863 2.0001 0.8489 0.9716 
4.2001 -0.5904 1.9801 0.7722 0.9178 
4.2201 -0.5899 1.9801 0.7776 0.9846 
4.2201 -0.5899 1.9801 0.7776 0.9846 
4.2201 -0.5899 1.9801 0.7776 0.9846 
4.2101 -0.5833 1.9801 0.7992 0.9563 
4.2201 -0.5899 1.9801 0.7776 0.9846 
4.2201 -0.5899 1.9801 0.7776 0.9846 
4.2201 -0.5955 1.9901 0.7883 0.9723 
4.2001 -0.5904 1.9801 0.7722 0.9178 
4.2101 -0.5833 1.9801 0.7992 0.9563 
4.2201 -0.5899 1.9801 0.7776 0.9846 
4.2201 -0.5955 1.9901 0.7883 0.9723 
4.2201 -0.5899 1.9801 0.7776 0.9846 
4.2201 -0.5899 1.9801 0.7776 0.9846 
4.2201 -0.5955 1.9901 0.7883 0.9723 
4.2101 -0.5833 1.9801 0.7992 0.9563 
4.2001 -0.5904 1.9801 0.7722 0.9178 
4.1901 -0.5925 1.9701 0.7325 0.8900 
4.2101 -0.5833 1.9801 0.7992 0.9563 
4.2001 -0.5900 1.9601 0.7109 0.9326 
4.2101 -0.5833 1.9801 0.7992 0.9563 
4.1901 -0.5925 1.9701 0.7325 0.8900 
4.2001 -0.5900 1.9601 0.7109 0.9326 
4.2201 -0.5903 1.9601 0.7136 1.0012 
4.2101 -0.5833 1.9801 0.7992 0.9563 
4.2201 -0.5903 1.9601 0.7136 1.0012 
4.2001 -0.5900 1.9601 0.7109 0.9326 
4.2101 -0.5980 1.9501 0.6525 0.9688 
4.2001 -0.5900 1.9601 0.7109 0.9326 
4.2001 -0.6046 1.9401 0.5953 0.9372 
4.2101 -0.5980 1.9501 0.6525 0.9688 
4.2101 -0.5980 1.9501 0.6525 0.9688 
4.2001 -0.5934 1.9301 0.5969 0.9537 
4.2101 -0.5985 1.9301 0.5817 0.9853 
4.2201 -0.5863 2.0001 0.8489 0.9716 
4.1901 -0.5896 2.0001 0.8318 0.8727 
4.2001 -0.5904 1.9801 0.7722 0.9178 
4.1601 -0.6012 2.0001 0.7876 0.7728 
4.1601 -0.5930 1.9901 0.7860 0.7802 
4.1901 -0.5896 2.0001 0.8318 0.8727 
4.1601 -0.5930 1.9901 0.7860 0.7802 
4.1601 -0.6012 2.0001 0.7876 0.7728 
4.1501 -0.5911 2.0101 0.8475 0.7408 
4.1901 -0.5896 2.0001 0.8318 0.8727 
4.1801 -0.5972 1.9701 0.7147 0.8539 
4.2001 -0.5904 1.9801 0.7722 0.9178 
4.1801 -0.5972 1.9701 0.7147 0.8539 
4.1901 -0.5896 2.0001 0.8318 0.8727 
4.1601 -0.5930 1.9901 0.7860 0.7802 
4.1801 -0.5972 1.9701 0.7147 0.8539 
4.1901 -0.5925 1.9701 0.7325 0.8900 
4.2001 -0.5904 1.9801 0.7722 0.9178 
4.1501 -0.5958 1.9801 0.7451 0.7513 
4.1501 -0.5855 1.9701 0.7493 0.7590 
4.1701 -0.5849 1.9501 0.6902 0.8385 
4.1801 -0.5901 1.9601 0.7070 0.8640 
4.1901 -0.5925 1.9701 0.7325 0.8900 
4.1801 -0.5972 1.9701 0.7147 0.8539 
4.1801 -0.5901 1.9601 0.7070 0.8640 
4.2001 -0.5900 1.9601 0.7109 0.9326 
4.1901 -0.5925 1.9701 0.7325 0.8900 
4.1701 -0.5849 1.9501 0.6902 0.8385 
4.1801 -0.5972 1.9701 0.7147 0.8539 
4.1601 -0.5930 1.9901 0.7860 0.7802 
4.1801 -0.5901 1.9601 0.7070 0.8640 
4.1801 -0.5972 1.9701 0.7147 0.8539 
4.1701 -0.5849 1.9501 0.6902 0.8385 
4.1701 -0.5849 1.9501 0.6902 0.8385 
4.1601 -0.5930 1.9901 0.7860 0.7802 
4.1501 -0.5958 1.9801 0.7451 0.7513 
4.1701 -0.5849 1.9501 0.6902 0.8385 
4.1501 -0.5855 1.9701 0.7493 0.7590 
4.1363 -0.5999 1.9601 0.6667 0.7124 
4.2001 -0.6046 1.9401 0.5953 0.9372 
4.2001 -0.5900 1.9601 0.7109 0.9326 
4.1901 -0.5950 1.9501 0.6591 0.9020 
4.1363 -0.5999 1.9601 0.6667 0.7124 
4.1401 -0.5946 1.9401 0.6179 0.7347 
4.1701 -0.5980 1.9401 0.6119 0.8375 
4.1701 -0.5849 1.9501 0.6902 0.8385 
4.1363 -0.5999 1.9601 0.6667 0.7124 
4.1701 -0.5980 1.9401 0.6119 0.8375 
4.1101 -0.5940 1.9901 0.7738 0.6204 
4.1301 -0.5980 1.9901 0.7641 0.6832 
4.1301 -0.5927 2.0101 0.8386 0.6784 
4.1501 -0.5958 1.9801 0.7451 0.7513 
4.1601 -0.5930 1.9901 0.7860 0.7802 
4.1501 -0.5911 2.0101 0.8475 0.7408 
4.1301 -0.5980 1.9901 0.7641 0.6832 
4.1501 -0.5958 1.9801 0.7451 0.7513 
4.1501 -0.5911 2.0101 0.8475 0.7408 
4.1301 -0.5980 1.9901 0.7641 0.6832 
4.1301 -0.5941 1.9701 0.7164 0.6900 
4.1501 -0.5958 1.9801 0.7451 0.7513 
4.1201 -0.5943 1.9801 0.7448 0.6546 
4.1301 -0.5980 1.9901 0.7641 0.6832 
4.1101 -0.5940 1.9901 0.7738 0.6204 
4.1501 -0.5855 1.9701 0.7493 0.7590 
4.1501 -0.5958 1.9801 0.7451 0.7513 
4.1301 -0.5941 1.9701 0.7164 0.6900 
4.1301 -0.5941 1.9701 0.7164 0.6900 
4.1201 -0.5943 1.9801 0.7448 0.6546 
4.1201 -0.5908 1.9601 0.6941 0.6603 
4.1201 -0.5943 1.9801 0.7448 0.6546 
4.1101 -0.5949 1.9701 0.7106 0.6243 
4.1201 -0.5908 1.9601 0.6941 0.6603 
4.1101 -0.5949 1.9701 0.7106 0.6243 
4.1001 -0.5957 1.9801 0.7369 0.5901 
4.1001 -0.5888 1.9701 0.7293 0.5917 
4.1363 -0.5999 1.9601 0.6667 0.7124 
4.1501 -0.5855 1.9701 0.7493 0.7590 
4.1301 -0.5941 1.9701 0.7164 0.6900 
4.1363 -0.5999 1.9601 0.6667 0.7124 
4.1301 -0.5941 1.9701 0.7164 0.6900 
4.1201 -0.5908 1.9601 0.6941 0.6603 
4.1004 -0.5999 1.9601 0.6606 0.5940 
4.1101 -0.5949 1.9701 0.7106 0.6243 
4.1001 -0.5888 1.9701 0.7293 0.5917 
4.1201 -0.5908 1.9601 0.6941 0.6603 
4.1401 -0.5946 1.9401 0.6179 0.7347 
4.1363 -0.5999 1.9601 0.6667 0.7124 
4.1201 -0.5908 1.9601 0.6941 0.6603 
4.1201 -0.5999 1.9478 0.6234 0.6623 
4.1401 -0.5946 1.9401 0.6179 0.7347 
4.1101 -0.5999 1.9501 0.6294 0.6281 
4.1201 -0.5908 1.9601 0.6941 0.6603 
4.1101 -0.5949 1.9701 0.7106 0.6243 
4.1101 -0.5999 1.9501 0.6294 0.6281 
4.1201 -0.5908 1.9601 0.6941 0.6603 
4.1101 -0.5999 1.9501 0.6294 0.6281 
4.1101 -0.5949 1.9701 0.7106 0.6243 
4.0901 -0.5995 1.9501 0.6274 0.5612 
4.1101 -0.5999 1.9501 0.6294 0.6281 
4.1004 -0.5999 1.9601 0.6606 0.5940 
4.0901 -0.5995 1.9501 0.6274 0.5612 
4.1101 -0.5949 1.9701 0.7106 0.6243 
4.1801 -0.5901 1.9601 0.7070 0.8640 
4.1801 -0.6037 1.9401 0.5950 0.8689 
4.1901 -0.5950 1.9501 0.6591 0.9020 
4.1701 -0.5980 1.9401 0.6119 0.8375 
4.1801 -0.5901 1.9601 0.7070 0.8640 
4.1701 -0.5849 1.9501 0.6902 0.8385 
4.1701 -0.6031 1.9301 0.5600 0.8407 
4.1701 -0.5980 1.9401 0.6119 0.8375 
4.1401 -0.5946 1.9401 0.6179 0.7347 
4.2001 -0.5934 1.9301 0.5969 0.9537 
4.1901 -0.5950 1.9501 0.6591 0.9020 
4.1801 -0.6037 1.9401 0.5950 0.8689 
4.2001 -0.5934 1.9301 0.5969 0.9537 
4.1801 -0.5956 1.9201 0.5497 0.8875 
4.1801 -0.5935 1.9101 0.5184 0.8962 
4.2001 -0.5934 1.9301 0.5969 0.9537 
4.1701 -0.6031 1.9301 0.5600 0.8407 
4.1801 -0.5956 1.9201 0.5497 0.8875 
4.1501 -0.6019 1.9201 0.5241 0.7763 
4.1801 -0.5956 1.9201 0.5497 0.8875 
4.1701 -0.6031 1.9301 0.5600 0.8407 
4.2001 -0.6039 1.9101 0.4882 0.9619 
4.2001 -0.5934 1.9301 0.5969 0.9537 
4.1801 -0.5935 1.9101 0.5184 0.8962 
4.1501 -0.5997 1.9101 0.4935 0.7823 
4.1801 -0.5956 1.9201 0.5497 0.8875 
4.1501 -0.6019 1.9201 0.5241 0.7763 
4.1801 -0.5935 1.9101 0.5184 0.8962 
4.1801 -0.5956 1.9201 0.5497 0.8875 
4.1501 -0.5997 1.9101 0.4935 0.7823 
4.1501 -0.5759 1.9001 0.5335 0.7990 
4.1601 -0.5883 1.9001 0.4927 0.8310 
4.1501 -0.5997 1.9101 0.4935 0.7823 
4.2001 -0.6039 1.9101 0.4882 0.9619 
4.1801 -0.5935 1.9101 0.5184 0.8962 
4.1801 -0.5905 1.9001 0.4891 0.9060 
4.2001 -0.5947 1.9001 0.4787 0.9788 
4.2001 -0.6039 1.9101 0.4882 0.9619 
4.1801 -0.5905 1.9001 0.4891 0.9060 
4.1801 -0.5935 1.9101 0.5184 0.8962 
4.1501 -0.5997 1.9101 0.4935 0.7823 
4.1801 -0.5905 1.9001 0.4891 0.9060 
4.1801 -0.5905 1.9001 0.4891 0.9060 
4.1501 -0.5997 1.9101 0.4935 0.7823 
4.1601 -0.5883 1.9001 0.4927 0.8310 
4.1201 -0.5999 1.9478 0.6234 0.6623 
4.1101 -0.5999 1.9501 0.6294 0.6281 
4.1101 -0.5953 1.9301 0.5750 0.6330 
4.1201 -0.5999 1.9478 0.6234 0.6623 
4.1101 -0.5999 1.9501 0.6294 0.6281 
4.1101 -0.5999 1.9501 0.6294 0.6281 
4.1101 -0.5953 1.9301 0.5750 0.6330 
4.1101 -0.5999 1.9501 0.6294 0.6281 
4.0901 -0.5995 1.9501 0.6274 0.5612 
4.1401 -0.5946 1.9401 0.6179 0.7347 
4.1501 -0.5957 1.9301 0.5807 0.7738 
4.1701 -0.6031 1.9301 0.5600 0.8407 
4.1301 -0.5999 1.9289 0.5592 0.7026 
4.1501 -0.5957 1.9301 0.5807 0.7738 
4.1401 -0.5946 1.9401 0.6179 0.7347 
4.1201 -0.5999 1.9478 0.6234 0.6623 
4.1301 -0.5999 1.9289 0.5592 0.7026 
4.1401 -0.5946 1.9401 0.6179 0.7347 
4.1101 -0.5953 1.9301 0.5750 0.6330 
4.1301 -0.5999 1.9289 0.5592 0.7026 
4.1201 -0.5999 1.9478 0.6234 0.6623 
4.1501 -0.6019 1.9201 0.5241 0.7763 
4.1501 -0.5957 1.9301 0.5807 0.7738 
4.1401 -0.5901 1.9201 0.5609 0.7448 
4.1501 -0.5957 1.9301 0.5807 0.7738 
4.1301 -0.5999 1.9289 0.5592 0.7026 
4.1401 -0.5901 1.9201 0.5609 0.7448 
4.1201 -0.5944 1.9101 0.5054 0.6745 
4.1401 -0.5901 1.9201 0.5609 0.7448 
4.1301 -0.5999 1.9289 0.5592 0.7026 
4.1001 -0.5935 1.9101 0.5049 0.6016 
4.1101 -0.5953 1.9301 0.5750 0.6330 
4.0901 -0.6061 1.9401 0.5725 0.5626 
4.1501 -0.5997 1.9101 0.4935 0.7823 
4.1401 -0.5901 1.9201 0.5609 0.7448 
4.1301 -0.6053 1.9101 0.4729 0.7082 
4.1501 -0.5997 1.9101 0.4935 0.7823 
4.1501 -0.6019 1.9201 0.5241 0.7763 
4.1401 -0.5901 1.9201 0.5609 0.7448 
4.1201 -0.5944 1.9101 0.5054 0.6745 
4.1301 -0.6053 1.9101 0.4729 0.7082 
4.1401 -0.5901 1.9201 0.5609 0.7448 
4.1001 -0.5935 1.9101 0.5049 0.6016 
4.1201 -0.5944 1.9101 0.5054 0.6745 
4.1101 -0.5953 1.9301 0.5750 0.6330 
4.1501 -0.5759 1.9001 0.5335 0.7990 
4.1501 -0.5997 1.9101 0.4935 0.7823 
4.1301 -0.6053 1.9101 0.4729 0.7082 
4.1501 -0.5759 1.9001 0.5335 0.7990 
4.1301 -0.6053 1.9101 0.4729 0.7082 
4.1301 -0.5908 1.9001 0.4794 0.7162 
4.1001 -0.5750 1.9001 0.5276 0.6043 
4.1201 -0.5962 1.9001 0.4605 0.6774 
4.1001 -0.5935 1.9101 0.5049 0.6016 
4.1301 -0.5908 1.9001 0.4794 0.7162 
4.1201 -0.5944 1.9101 0.5054 0.6745 
4.1201 -0.5962 1.9001 0.4605 0.6774 
4.1201 -0.5962 1.9001 0.4605 0.6774 
4.1201 -0.5944 1.9101 0.5054 0.6745 
4.1001 -0.5935 1.9101 0.5049 0.6016 
4.2101 -0.5980 1.9501 0.6525 0.9688 
4.2001 -0.6046 1.9401 0.5953 0.9372 
4.2001 -0.5934 1.9301 0.5969 0.9537 
4.1901 -0.5950 1.9501 0.6591 0.9020 
4.2001 -0.5900 1.9601 0.7109 0.9326 
4.1801 -0.5901 1.9601 0.7070 0.8640 
4.1201 -0.5943 1.9801 0.7448 0.6546 
4.1301 -0.5941 1.9701 0.7164 0.6900 
4.1301 -0.5980 1.9901 0.7641 0.6832 
4.1001 -0.5957 1.9801 0.7369 0.5901 
4.1201 -0.5943 1.9801 0.7448 0.6546 
4.1101 -0.5940 1.9901 0.7738 0.6204 
4.1101 -0.5949 1.9701 0.7106 0.6243 
4.1201 -0.5943 1.9801 0.7448 0.6546 
4.1001 -0.5957 1.9801 0.7369 0.5901 
4.1101 -0.5999 1.9501 0.6294 0.6281 
4.1201 -0.5999 1.9478 0.6234 0.6623 
4.1201 -0.5908 1.9601 0.6941 0.6603 
4.1701 -0.5980 1.9401 0.6119 0.8375 
4.1801 -0.6037 1.9401 0.5950 0.8689 
4.1801 -0.5901 1.9601 0.7070 0.8640 
4.2001 -0.5934 1.9301 0.5969 0.9537 
4.2001 -0.6046 1.9401 0.5953 0.9372 
4.1901 -0.5950 1.9501 0.6591 0.9020 
4.1801 -0.6037 1.9401 0.5950 0.8689 
4.1701 -0.6031 1.9301 0.5600 0.8407 
4.2001 -0.5934 1.9301 0.5969 0.9537 
4.1701 -0.6031 1.9301 0.5600 0.8407 
4.1801 -0.6037 1.9401 0.5950 0.8689 
4.1701 -0.5980 1.9401 0.6119 0.8375 
4.1501 -0.6019 1.9201 0.5241 0.7763 
4.1701 -0.6031 1.9301 0.5600 0.8407 
4.1501 -0.5957 1.9301 0.5807 0.7738 
4.1201 -0.5944 1.9101 0.5054 0.6745 
4.1301 -0.5999 1.9289 0.5592 0.7026 
4.1101 -0.5953 1.9301 0.5750 0.6330 
4.1301 -0.5908 1.9001 0.4794 0.7162 
4.1301 -0.6053 1.9101 0.4729 0.7082 
4.1201 -0.5944 1.9101 0.5054 0.6745 
4.1801 -0.5905 1.9001 0.4891 0.9060 
4.1701 -0.5894 1.8801 0.4075 0.8834 
4.1701 -0.5899 1.8697 0.3601 0.8912 
4.1601 -0.5883 1.9001 0.4927 0.8310 
4.1701 -0.5894 1.8801 0.4075 0.8834 
4.1801 -0.5905 1.9001 0.4891 0.9060 
4.1501 -0.5759 1.9001 0.5335 0.7990 
4.1546 -0.5999 1.8801 0.3720 0.8159 
4.1601 -0.5883 1.9001 0.4927 0.8310 
4.1801 -0.5905 1.9001 0.4891 0.9060 
4.1701 -0.5899 1.8697 0.3601 0.8912 
4.1901 -0.5970 1.8901 0.4288 0.9474 
4.1801 -0.5905 1.9001 0.4891 0.9060 
4.1901 -0.5970 1.8901 0.4288 0.9474 
4.2001 -0.5947 1.9001 0.4787 0.9788 
4.1701 -0.5894 1.8801 0.4075 0.8834 
4.1601 -0.5883 1.9001 0.4927 0.8310 
4.1546 -0.5999 1.8801 0.3720 0.8159 
4.1901 -0.5772 1.8801 0.4515 0.9745 
4.1901 -0.5970 1.8901 0.4288 0.9474 
4.1701 -0.5899 1.8697 0.3601 0.8912 
4.1901 -0.5772 1.8801 0.4515 0.9745 
4.1701 -0.5899 1.8697 0.3601 0.8912 
4.1901 -0.5832 1.8701 0.3867 0.9787 
4.1701 -0.5894 1.8801 0.4075 0.8834 
4.1601 -0.5811 1.8701 0.3885 0.8562 
4.1701 -0.5899 1.8697 0.3601 0.8912 
4.1701 -0.5894 1.8801 0.4075 0.8834 
4.1546 -0.5999 1.8801 0.3720 0.8159 
4.1601 -0.5811 1.8701 0.3885 0.8562 
4.1801 -0.5875 1.8601 0.3253 0.9428 
4.1901 -0.5832 1.8701 0.3867 0.9787 
4.1701 -0.5899 1.8697 0.3601 0.8912 
4.1601 -0.5811 1.8701 0.3885 0.8562 
4.1701 -0.5970 1.8601 0.2946 0.8937 
4.1701 -0.5899 1.8697 0.3601 0.8912 
4.1401 -0.5852 1.8601 0.3258 0.7776 
4.1701 -0.5970 1.8601 0.2946 0.8937 
4.1601 -0.5811 1.8701 0.3885 0.8562 
4.1801 -0.5875 1.8601 0.3253 0.9428 
4.1901 -0.6026 1.8601 0.2810 0.9699 
4.1901 -0.5832 1.8701 0.3867 0.9787 
4.1801 -0.5875 1.8601 0.3253 0.9428 
4.1701 -0.5899 1.8697 0.3601 0.8912 
4.1701 -0.5970 1.8601 0.2946 0.8937 
4.1401 -0.5852 1.8601 0.3258 0.7776 
4.1501 -0.5792 1.8501 0.2986 0.8299 
4.1701 -0.5970 1.8601 0.2946 0.8937 
4.1501 -0.5759 1.9001 0.5335 0.7990 
4.1301 -0.5908 1.9001 0.4794 0.7162 
4.1301 -0.5867 1.8901 0.4519 0.7217 
4.1201 -0.5962 1.9001 0.4605 0.6774 
4.1001 -0.5750 1.9001 0.5276 0.6043 
4.1101 -0.5899 1.8940 0.4543 0.6428 
4.1301 -0.5908 1.9001 0.4794 0.7162 
4.1201 -0.5962 1.9001 0.4605 0.6774 
4.1301 -0.5867 1.8901 0.4519 0.7217 
4.1501 -0.5759 1.9001 0.5335 0.7990 
4.1301 -0.5982 1.8801 0.3734 0.7224 
4.1546 -0.5999 1.8801 0.3720 0.8159 
4.1301 -0.5982 1.8801 0.3734 0.7224 
4.1501 -0.5759 1.9001 0.5335 0.7990 
4.1301 -0.5867 1.8901 0.4519 0.7217 
4.1201 -0.5962 1.9001 0.4605 0.6774 
4.1101 -0.5899 1.8940 0.4543 0.6428 
4.1101 -0.5891 1.8701 0.3545 0.6498 
4.1301 -0.5867 1.8901 0.4519 0.7217 
4.1201 -0.5962 1.9001 0.4605 0.6774 
4.1101 -0.5891 1.8701 0.3545 0.6498 
4.1101 -0.5891 1.8701 0.3545 0.6498 
4.1101 -0.5899 1.8940 0.4543 0.6428 
4.0901 -0.5951 1.8801 0.3766 0.5691 
4.1546 -0.5999 1.8801 0.3720 0.8159 
4.1301 -0.5982 1.8801 0.3734 0.7224 
4.1401 -0.5771 1.8701 0.3983 0.7757 
4.1601 -0.5811 1.8701 0.3885 0.8562 
4.1546 -0.5999 1.8801 0.3720 0.8159 
4.1401 -0.5771 1.8701 0.3983 0.7757 
4.1301 -0.6032 1.8701 0.3149 0.7251 
4.1401 -0.5771 1.8701 0.3983 0.7757 
4.1301 -0.5982 1.8801 0.3734 0.7224 
4.1301 -0.5982 1.8801 0.3734 0.7224 
4.1301 -0.5867 1.8901 0.4519 0.7217 
4.1301 -0.6032 1.8701 0.3149 0.7251 
4.1301 -0.5867 1.8901 0.4519 0.7217 
4.1101 -0.5891 1.8701 0.3545 0.6498 
4.1301 -0.6032 1.8701 0.3149 0.7251 
4.1101 -0.5891 1.8701 0.3545 0.6498 
4.0901 -0.5951 1.8801 0.3766 0.5691 
4.1001 -0.5997 1.8701 0.3207 0.6093 
4.1401 -0.5852 1.8601 0.3258 0.7776 
4.1401 -0.5771 1.8701 0.3983 0.7757 
4.1301 -0.5758 1.8601 0.3547 0.7398 
4.1401 -0.5852 1.8601 0.3258 0.7776 
4.1601 -0.5811 1.8701 0.3885 0.8562 
4.1401 -0.5771 1.8701 0.3983 0.7757 
4.1101 -0.5891 1.8701 0.3545 0.6498 
4.1301 -0.5758 1.8601 0.3547 0.7398 
4.1301 -0.6032 1.8701 0.3149 0.7251 
4.1301 -0.6032 1.8701 0.3149 0.7251 
4.1301 -0.5758 1.8601 0.3547 0.7398 
4.1401 -0.5771 1.8701 0.3983 0.7757 
4.1401 -0.5852 1.8601 0.3258 0.7776 
4.1301 -0.5758 1.8601 0.3547 0.7398 
4.1501 -0.5792 1.8501 0.2986 0.8299 
4.1501 -0.5792 1.8501 0.2986 0.8299 
4.1301 -0.5758 1.8601 0.3547 0.7398 
4.1301 -0.5799 1.8470 0.2782 0.7450 
4.1079 -0.5799 1.8501 0.2896 0.6482 
4.1301 -0.5758 1.8601 0.3547 0.7398 
4.1101 -0.5891 1.8701 0.3545 0.6498 
4.1301 -0.5799 1.8470 0.2782 0.7450 
4.1301 -0.5758 1.8601 0.3547 0.7398 
4.1079 -0.5799 1.8501 0.2896 0.6482 
4.1079 -0.5799 1.8501 0.2896 0.6482 
4.1101 -0.5891 1.8701 0.3545 0.6498 
4.1001 -0.5997 1.8701 0.3207 0.6093 
4.1901 -0.5937 1.8401 0.2123 0.9992 
4.1501 -0.5792 1.8501 0.2986 0.8299 
4.1501 -0.5926 1.8401 0.2095 0.8286 
4.1301 -0.5942 1.8301 0.1541 0.7481 
4.1901 -0.5937 1.8401 0.2123 0.9992 
4.1501 -0.5926 1.8401 0.2095 0.8286 
4.1801 -0.5964 1.8301 0.1552 0.9636 
4.1901 -0.5937 1.8401 0.2123 0.9992 
4.1301 -0.5942 1.8301 0.1541 0.7481 
4.1301 -0.5807 1.8201 0.1403 0.7600 
4.1801 -0.5790 1.8201 0.1517 0.9932 
4.1301 -0.5942 1.8301 0.1541 0.7481 
4.1801 -0.5964 1.8301 0.1552 0.9636 
4.1301 -0.5942 1.8301 0.1541 0.7481 
4.1801 -0.5790 1.8201 0.1517 0.9932 
4.1801 -0.5918 1.8101 0.0819 0.9901 
4.1801 -0.5790 1.8201 0.1517 0.9932 
4.1701 -0.5809 1.8101 0.0988 0.9552 
4.1501 -0.5825 1.8101 0.0938 0.8591 
4.1701 -0.5809 1.8101 0.0988 0.9552 
4.1801 -0.5790 1.8201 0.1517 0.9932 
4.1301 -0.5807 1.8201 0.1403 0.7600 
4.1501 -0.5825 1.8101 0.0938 0.8591 
4.1801 -0.5790 1.8201 0.1517 0.9932 
4.1301 -0.5799 1.8470 0.2782 0.7450 
4.1079 -0.5799 1.8501 0.2896 0.6482 
4.1001 -0.5963 1.8401 0.1922 0.6164 
4.1501 -0.5792 1.8501 0.2986 0.8299 
4.1301 -0.5942 1.8301 0.1541 0.7481 
4.1501 -0.5926 1.8401 0.2095 0.8286 
4.1301 -0.5799 1.8470 0.2782 0.7450 
4.1301 -0.5942 1.8301 0.1541 0.7481 
4.1501 -0.5792 1.8501 0.2986 0.8299 
4.1301 -0.5942 1.8301 0.1541 0.7481 
4.1301 -0.5799 1.8470 0.2782 0.7450 
4.1201 -0.5832 1.8301 0.1821 0.7085 
4.1301 -0.5799 1.8470 0.2782 0.7450 
4.1001 -0.5963 1.8401 0.1922 0.6164 
4.1201 -0.5832 1.8301 0.1821 0.7085 
4.1001 -0.5837 1.8301 0.1781 0.6200 
4.1201 -0.5832 1.8301 0.1821 0.7085 
4.1001 -0.5963 1.8401 0.1922 0.6164 
4.1301 -0.5942 1.8301 0.1541 0.7481 
4.1201 -0.5832 1.8301 0.1821 0.7085 
4.1301 -0.5807 1.8201 0.1403 0.7600 
4.1301 -0.5807 1.8201 0.1403 0.7600 
4.1201 -0.5832 1.8301 0.1821 0.7085 
4.1001 -0.5837 1.8301 0.1781 0.6200 
4.1301 -0.5807 1.8201 0.1403 0.7600 
4.1201 -0.5939 1.8101 0.0766 0.7144 
4.1501 -0.5825 1.8101 0.0938 0.8591 
4.1201 -0.5939 1.8101 0.0766 0.7144 
4.1301 -0.5807 1.8201 0.1403 0.7600 
4.1101 -0.5817 1.8101 0.0917 0.6723 
4.1101 -0.5817 1.8101 0.0917 0.6723 
4.1301 -0.5807 1.8201 0.1403 0.7600 
4.1001 -0.5837 1.8301 0.1781 0.6200 
4.1307 -0.5799 1.8001 0.0734 0.7761 
4.1501 -0.5825 1.8101 0.0938 0.8591 
4.1201 -0.5939 1.8101 0.0766 0.7144 
4.1307 -0.5799 1.8001 0.0734 0.7761 
4.1201 -0.5939 1.8101 0.0766 0.7144 
4.1201 -0.5799 1.8005 0.0734 0.7247 
4.1201 -0.5939 1.8101 0.0766 0.7144 
4.1101 -0.5817 1.8101 0.0917 0.6723 
4.1201 -0.5799 1.8005 0.0734 0.7247 
4.1001 -0.5957 1.9801 0.7369 0.5901 
4.1101 -0.5940 1.9901 0.7738 0.6204 
4.0901 -0.5881 2.0001 0.8191 0.5559 
4.0701 -0.5959 2.0001 0.7895 0.4947 
4.0801 -0.5905 1.9901 0.7805 0.5252 
4.0901 -0.5881 2.0001 0.8191 0.5559 
4.0801 -0.5905 1.9901 0.7805 0.5252 
4.0701 -0.5959 2.0001 0.7895 0.4947 
4.0601 -0.5891 1.9901 0.7816 0.4617 
4.0701 -0.5959 2.0001 0.7895 0.4947 
4.0401 -0.5982 2.0001 0.7770 0.4036 
4.0601 -0.5891 1.9901 0.7816 0.4617 
4.0801 -0.5989 1.9801 0.7230 0.5266 
4.0901 -0.5881 2.0001 0.8191 0.5559 
4.0801 -0.5905 1.9901 0.7805 0.5252 
4.0801 -0.5989 1.9801 0.7230 0.5266 
4.1001 -0.5957 1.9801 0.7369 0.5901 
4.0901 -0.5881 2.0001 0.8191 0.5559 
4.0801 -0.5989 1.9801 0.7230 0.5266 
4.0801 -0.5905 1.9901 0.7805 0.5252 
4.0701 -0.5900 1.9801 0.7506 0.4933 
4.0601 -0.5891 1.9901 0.7816 0.4617 
4.0701 -0.5900 1.9801 0.7506 0.4933 
4.0801 -0.5905 1.9901 0.7805 0.5252 
4.0601 -0.5891 1.9901 0.7816 0.4617 
4.0301 -0.5997 1.9701 0.6813 0.3675 
4.0701 -0.5900 1.9801 0.7506 0.4933 
4.1001 -0.5957 1.9801 0.7369 0.5901 
4.0801 -0.5989 1.9801 0.7230 0.5266 
4.0901 -0.5969 1.9701 0.7004 0.5591 
4.1001 -0.5888 1.9701 0.7293 0.5917 
4.1001 -0.5957 1.9801 0.7369 0.5901 
4.0901 -0.5969 1.9701 0.7004 0.5591 
4.0701 -0.5984 1.9701 0.6921 0.4947 
4.0801 -0.5989 1.9801 0.7230 0.5266 
4.0701 -0.5900 1.9801 0.7506 0.4933 
4.0901 -0.5969 1.9701 0.7004 0.5591 
4.0801 -0.5989 1.9801 0.7230 0.5266 
4.0701 -0.5984 1.9701 0.6921 0.4947 
4.0701 -0.5984 1.9701 0.6921 0.4947 
4.0701 -0.5900 1.9801 0.7506 0.4933 
4.0301 -0.5997 1.9701 0.6813 0.3675 
4.1004 -0.5999 1.9601 0.6606 0.5940 
4.1001 -0.5888 1.9701 0.7293 0.5917 
4.0901 -0.5969 1.9701 0.7004 0.5591 
4.0701 -0.5999 1.9582 0.6492 0.4949 
4.1004 -0.5999 1.9601 0.6606 0.5940 
4.0901 -0.5969 1.9701 0.7004 0.5591 
4.0701 -0.5999 1.9582 0.6492 0.4949 
4.0901 -0.5969 1.9701 0.7004 0.5591 
4.0701 -0.5984 1.9701 0.6921 0.4947 
4.1004 -0.5999 1.9601 0.6606 0.5940 
4.0801 -0.5999 1.9501 0.6244 0.5280 
4.0901 -0.5995 1.9501 0.6274 0.5612 
4.0701 -0.5999 1.9582 0.6492 0.4949 
4.0801 -0.5999 1.9501 0.6244 0.5280 
4.0801 -0.5999 1.9501 0.6244 0.5280 
4.0201 -0.5966 1.9801 0.7202 0.3371 
4.0401 -0.5982 2.0001 0.7770 0.4036 
4.0301 -0.5909 2.0001 0.7991 0.3703 
4.0201 -0.5966 1.9801 0.7202 0.3371 
4.0301 -0.5909 2.0001 0.7991 0.3703 
4.0201 -0.5967 2.0001 0.7785 0.3424 
4.0201 -0.5967 2.0001 0.7785 0.3424 
4.0101 -0.5994 2.0001 0.7681 0.3136 
3.9801 -0.5930 1.9901 0.7550 0.2157 
4.0301 -0.5997 1.9701 0.6813 0.3675 
4.0601 -0.5891 1.9901 0.7816 0.4617 
4.0401 -0.5982 2.0001 0.7770 0.4036 
4.0301 -0.5997 1.9701 0.6813 0.3675 
4.0401 -0.5982 2.0001 0.7770 0.4036 
4.0201 -0.5966 1.9801 0.7202 0.3371 
4.0101 -0.5942 1.9701 0.6956 0.3014 
4.0201 -0.5967 2.0001 0.7785 0.3424 
3.9801 -0.5930 1.9901 0.7550 0.2157 
4.0101 -0.5942 1.9701 0.6956 0.3014 
4.0201 -0.5966 1.9801 0.7202 0.3371 
4.0201 -0.5967 2.0001 0.7785 0.3424 
4.0201 -0.6043 1.9601 0.6333 0.3354 
4.0201 -0.5966 1.9801 0.7202 0.3371 
4.0101 -0.5942 1.9701 0.6956 0.3014 
4.0001 -0.5987 1.9501 0.6150 0.2647 
4.0101 -0.5942 1.9701 0.6956 0.3014 
3.9901 -0.6030 1.9701 0.6642 0.2442 
4.0201 -0.5999 1.9511 0.6179 0.3306 
4.0201 -0.6043 1.9601 0.6333 0.3354 
4.0101 -0.5942 1.9701 0.6956 0.3014 
4.0101 -0.5942 1.9701 0.6956 0.3014 
4.0001 -0.5987 1.9501 0.6150 0.2647 
4.0201 -0.5999 1.9511 0.6179 0.3306 
4.0901 -0.6061 1.9401 0.5725 0.5626 
4.1101 -0.5953 1.9301 0.5750 0.6330 
4.0901 -0.5995 1.9501 0.6274 0.5612 
4.0801 -0.5999 1.9501 0.6244 0.5280 
4.0801 -0.5999 1.9501 0.6244 0.5280 
4.0901 -0.5995 1.9501 0.6274 0.5612 
4.0801 -0.5999 1.9501 0.6244 0.5280 
4.0901 -0.6061 1.9401 0.5725 0.5626 
4.0901 -0.5995 1.9501 0.6274 0.5612 
4.0801 -0.5999 1.9501 0.6244 0.5280 
4.0801 -0.5999 1.9501 0.6244 0.5280 
4.0801 -0.5999 1.9501 0.6244 0.5280 
4.0801 -0.6034 1.9401 0.5793 0.5288 
4.0501 -0.6044 1.9601 0.6379 0.4313 
4.0601 -0.5940 1.9401 0.6061 0.4594 
4.0501 -0.5987 1.9301 0.5542 0.4256 
4.0601 -0.5940 1.9401 0.6061 0.4594 
4.0501 -0.6044 1.9601 0.6379 0.4313 
4.0601 -0.5820 1.9201 0.5743 0.4543 
4.0801 -0.6045 1.9301 0.5409 0.5294 
4.0501 -0.5987 1.9301 0.5542 0.4256 
4.0701 -0.5923 1.9201 0.5417 0.4928 
4.0801 -0.6045 1.9301 0.5409 0.5294 
4.0601 -0.5820 1.9201 0.5743 0.4543 
4.0501 -0.5937 1.9201 0.5337 0.4224 
4.0601 -0.5820 1.9201 0.5743 0.4543 
4.0501 -0.5987 1.9301 0.5542 0.4256 
4.0601 -0.5820 1.9201 0.5743 0.4543 
4.0601 -0.5953 1.9101 0.4925 0.4573 
4.0701 -0.5923 1.9201 0.5417 0.4928 
4.0601 -0.5953 1.9101 0.4925 0.4573 
4.0601 -0.5820 1.9201 0.5743 0.4543 
4.0501 -0.5937 1.9201 0.5337 0.4224 
4.0801 -0.6045 1.9301 0.5409 0.5294 
4.0901 -0.5909 1.9001 0.4723 0.5663 
4.1001 -0.5935 1.9101 0.5049 0.6016 
4.0901 -0.5909 1.9001 0.4723 0.5663 
4.0701 -0.5923 1.9201 0.5417 0.4928 
4.0601 -0.5953 1.9101 0.4925 0.4573 
4.0801 -0.6045 1.9301 0.5409 0.5294 
4.0701 -0.5923 1.9201 0.5417 0.4928 
4.0901 -0.5909 1.9001 0.4723 0.5663 
4.1001 -0.5750 1.9001 0.5276 0.6043 
4.1001 -0.5935 1.9101 0.5049 0.6016 
4.0901 -0.5909 1.9001 0.4723 0.5663 
4.0701 -0.5782 1.9001 0.5112 0.4892 
4.0901 -0.5909 1.9001 0.4723 0.5663 
4.0601 -0.5953 1.9101 0.4925 0.4573 
4.0501 -0.5897 1.9001 0.4696 0.4179 
4.0701 -0.5782 1.9001 0.5112 0.4892 
4.0601 -0.5953 1.9101 0.4925 0.4573 
4.0501 -0.5987 1.9301 0.5542 0.4256 
4.0501 -0.6044 1.9601 0.6379 0.4313 
4.0401 -0.5960 1.9401 0.5965 0.3923 
4.0001 -0.5939 1.9401 0.5963 0.2574 
4.0201 -0.5999 1.9511 0.6179 0.3306 
4.0001 -0.5987 1.9501 0.6150 0.2647 
4.0301 -0.5925 1.9401 0.6060 0.3570 
4.0301 -0.6003 1.9301 0.5458 0.3582 
4.0401 -0.5960 1.9401 0.5965 0.3923 
4.0001 -0.5939 1.9401 0.5963 0.2574 
4.0101 -0.6050 1.9301 0.5282 0.2937 
4.0201 -0.5999 1.9511 0.6179 0.3306 
4.0401 -0.6059 1.9301 0.5302 0.3944 
4.0501 -0.5937 1.9201 0.5337 0.4224 
4.0501 -0.5987 1.9301 0.5542 0.4256 
4.0101 -0.5931 1.9201 0.5290 0.2825 
4.0301 -0.6003 1.9201 0.5097 0.3556 
4.0301 -0.6003 1.9301 0.5458 0.3582 
4.0101 -0.6050 1.9301 0.5282 0.2937 
4.0101 -0.5931 1.9201 0.5290 0.2825 
4.0301 -0.6003 1.9301 0.5458 0.3582 
4.0101 -0.5931 1.9201 0.5290 0.2825 
4.0101 -0.6050 1.9301 0.5282 0.2937 
3.9901 -0.6042 1.9101 0.4539 0.2175 
4.0501 -0.5937 1.9201 0.5337 0.4224 
4.0401 -0.5916 1.9101 0.5011 0.3842 
4.0601 -0.5953 1.9101 0.4925 0.4573 
4.0401 -0.6059 1.9301 0.5302 0.3944 
4.0401 -0.5916 1.9101 0.5011 0.3842 
4.0501 -0.5937 1.9201 0.5337 0.4224 
4.0101 -0.5931 1.9201 0.5290 0.2825 
4.0201 -0.6067 1.9101 0.4513 0.3216 
4.0301 -0.6003 1.9201 0.5097 0.3556 
4.0101 -0.5966 1.9101 0.4804 0.2807 
4.0201 -0.6067 1.9101 0.4513 0.3216 
4.0101 -0.5931 1.9201 0.5290 0.2825 
4.0501 -0.5897 1.9001 0.4696 0.4179 
4.0601 -0.5953 1.9101 0.4925 0.4573 
4.0401 -0.5916 1.9101 0.5011 0.3842 
4.0301 -0.5989 1.9001 0.4376 0.3494 
4.0101 -0.5966 1.9101 0.4804 0.2807 
4.0101 -0.5880 1.9001 0.4685 0.2706 
4.0101 -0.5966 1.9101 0.4804 0.2807 
4.0101 -0.5931 1.9201 0.5290 0.2825 
4.0101 -0.5880 1.9001 0.4685 0.2706 
3.9601 -0.5999 1.9801 0.6997 0.1564 
3.9901 -0.5967 2.0101 0.8013 0.2562 
3.9601 -0.5926 2.0001 0.7816 0.1613 
3.9801 -0.5930 1.9901 0.7550 0.2157 
3.9901 -0.5967 2.0101 0.8013 0.2562 
3.9601 -0.5999 1.9801 0.6997 0.1564 
3.9401 -0.5964 1.9901 0.7373 0.1031 
3.9601 -0.5999 1.9801 0.6997 0.1564 
3.9601 -0.5926 2.0001 0.7816 0.1613 
4.0101 -0.5942 1.9701 0.6956 0.3014 
3.9801 -0.5930 1.9901 0.7550 0.2157 
3.9901 -0.6030 1.9701 0.6642 0.2442 
3.9701 -0.6003 1.9801 0.7001 0.1863 
3.9801 -0.5930 1.9901 0.7550 0.2157 
3.9601 -0.5999 1.9801 0.6997 0.1564 
3.9601 -0.5999 1.9801 0.6997 0.1564 
3.9601 -0.5999 1.9801 0.6997 0.1564 
3.9501 -0.5936 1.9801 0.7182 0.1225 
3.9601 -0.5999 1.9801 0.6997 0.1564 
3.9401 -0.5964 1.9901 0.7373 0.1031 
3.9501 -0.5936 1.9801 0.7182 0.1225 
3.9801 -0.5930 1.9901 0.7550 0.2157 
3.9801 -0.6027 1.9601 0.6319 0.2086 
3.9901 -0.6030 1.9701 0.6642 0.2442 
3.9801 -0.6027 1.9601 0.6319 0.2086 
3.9801 -0.5930 1.9901 0.7550 0.2157 
3.9701 -0.6003 1.9801 0.7001 0.1863 
3.9601 -0.5942 1.9701 0.6871 0.1464 
3.9665 -0.5999 1.9701 0.6701 0.1702 
3.9601 -0.5999 1.9801 0.6997 0.1564 
3.9601 -0.5999 1.9801 0.6997 0.1564 
3.9501 -0.5936 1.9801 0.7182 0.1225 
3.9601 -0.5942 1.9701 0.6871 0.1464 
3.9601 -0.5999 1.9801 0.6997 0.1564 
3.9601 -0.5999 1.9801 0.6997 0.1564 
3.9601 -0.5942 1.9701 0.6871 0.1464 
3.9901 -0.5956 1.9601 0.6560 0.2349 
4.0001 -0.5987 1.9501 0.6150 0.2647 
3.9901 -0.6030 1.9701 0.6642 0.2442 
3.9601 -0.5942 1.9701 0.6871 0.1464 
3.9601 -0.6035 1.9601 0.6262 0.1484 
3.9665 -0.5999 1.9701 0.6701 0.1702 
3.9701 -0.5990 1.9501 0.6092 0.1696 
3.9901 -0.5956 1.9601 0.6560 0.2349 
3.9801 -0.6027 1.9601 0.6319 0.2086 
3.9401 -0.5944 1.9401 0.5849 0.0732 
3.9701 -0.5990 1.9501 0.6092 0.1696 
3.9601 -0.6035 1.9601 0.6262 0.1484 
3.9401 -0.5923 2.0001 0.7792 0.1055 
3.9301 -0.5899 1.9901 0.7566 0.0737 
3.9401 -0.5964 1.9901 0.7373 0.1031 
3.9601 -0.5942 1.9701 0.6871 0.1464 
3.9501 -0.5936 1.9801 0.7182 0.1225 
3.9401 -0.5964 1.9901 0.7373 0.1031 
3.9901 -0.6037 1.9201 0.4928 0.2221 
4.0001 -0.5939 1.9401 0.5963 0.2574 
4.0001 -0.5987 1.9501 0.6150 0.2647 
3.9901 -0.5956 1.9601 0.6560 0.2349 
3.9801 -0.6069 1.9301 0.5176 0.1969 
4.0001 -0.5987 1.9501 0.6150 0.2647 
3.9801 -0.6069 1.9301 0.5176 0.1969 
3.9901 -0.6037 1.9201 0.4928 0.2221 
4.0001 -0.5987 1.9501 0.6150 0.2647 
3.9701 -0.5990 1.9501 0.6092 0.1696 
3.9801 -0.6069 1.9301 0.5176 0.1969 
3.9901 -0.5956 1.9601 0.6560 0.2349 
3.9601 -0.5992 1.9301 0.5379 0.1271 
3.9801 -0.6069 1.9301 0.5176 0.1969 
3.9701 -0.5990 1.9501 0.6092 0.1696 
3.9701 -0.5990 1.9501 0.6092 0.1696 
3.9401 -0.5944 1.9401 0.5849 0.0732 
3.9601 -0.5992 1.9301 0.5379 0.1271 
3.9701 -0.6018 1.9201 0.4956 0.1548 
3.9901 -0.6037 1.9201 0.4928 0.2221 
3.9801 -0.6069 1.9301 0.5176 0.1969 
3.9801 -0.6069 1.9301 0.5176 0.1969 
3.9601 -0.5992 1.9301 0.5379 0.1271 
3.9701 -0.6018 1.9201 0.4956 0.1548 
3.9601 -0.5992 1.9301 0.5379 0.1271 
3.9601 -0.5959 1.9101 0.4744 0.1114 
3.9701 -0.6018 1.9201 0.4956 0.1548 
3.9601 -0.5992 1.9301 0.5379 0.1271 
3.9401 -0.5999 1.9101 0.4592 0.0620 
3.9601 -0.5959 1.9101 0.4744 0.1114 
3.9601 -0.5992 1.9301 0.5379 0.1271 
3.9501 -0.6060 1.9301 0.5157 0.1034 
3.9401 -0.5999 1.9101 0.4592 0.0620 
3.9701 -0.6018 1.9201 0.4956 0.1548 
3.9801 -0.6025 1.9101 0.4576 0.1824 
3.9901 -0.6037 1.9201 0.4928 0.2221 
3.9501 -0.5818 1.9001 0.4783 0.0648 
3.9701 -0.5811 1.9001 0.4840 0.1228 
3.9601 -0.5959 1.9101 0.4744 0.1114 
3.9401 -0.5999 1.9101 0.4592 0.0620 
3.9501 -0.5818 1.9001 0.4783 0.0648 
3.9601 -0.5959 1.9101 0.4744 0.1114 
4.0101 -0.5931 1.9201 0.5290 0.2825 
3.9901 -0.6042 1.9101 0.4539 0.2175 
4.0101 -0.5880 1.9001 0.4685 0.2706 
3.9601 -0.5959 1.9101 0.4744 0.1114 
3.9701 -0.5811 1.9001 0.4840 0.1228 
3.9801 -0.6025 1.9101 0.4576 0.1824 
3.9301 -0.6029 1.9201 0.4858 0.0538 
3.9401 -0.5944 1.9401 0.5849 0.0732 
3.9301 -0.6032 1.9501 0.5896 0.0636 
3.9301 -0.6029 1.9201 0.4858 0.0538 
3.9501 -0.6060 1.9301 0.5157 0.1034 
3.9401 -0.5944 1.9401 0.5849 0.0732 
3.9401 -0.5999 1.9101 0.4592 0.0620 
3.9501 -0.6060 1.9301 0.5157 0.1034 
3.9421 -0.5999 1.9201 0.4969 0.0710 
3.9501 -0.5818 1.9001 0.4783 0.0648 
3.9401 -0.5999 1.9101 0.4592 0.0620 
3.9401 -0.5918 1.9001 0.4450 0.0545 
3.9401 -0.5918 1.9001 0.4450 0.0545 
3.9401 -0.5999 1.9101 0.4592 0.0620 
3.9401 -0.5999 1.9101 0.4592 0.0620 
4.0701 -0.5999 1.9582 0.6492 0.4949 
4.0701 -0.5984 1.9701 0.6921 0.4947 
4.0501 -0.6044 1.9601 0.6379 0.4313 
4.0701 -0.5984 1.9701 0.6921 0.4947 
4.0301 -0.5997 1.9701 0.6813 0.3675 
4.0501 -0.6044 1.9601 0.6379 0.4313 
4.1004 -0.5999 1.9601 0.6606 0.5940 
4.0701 -0.5999 1.9582 0.6492 0.4949 
4.0801 -0.5999 1.9501 0.6244 0.5280 
4.0801 -0.5999 1.9501 0.6244 0.5280 
4.0701 -0.5999 1.9582 0.6492 0.4949 
4.0801 -0.6034 1.9401 0.5793 0.5288 
4.0701 -0.5999 1.9582 0.6492 0.4949 
4.0501 -0.6044 1.9601 0.6379 0.4313 
4.0801 -0.6034 1.9401 0.5793 0.5288 
4.0301 -0.5997 1.9701 0.6813 0.3675 
4.0201 -0.5966 1.9801 0.7202 0.3371 
4.0201 -0.6043 1.9601 0.6333 0.3354 
4.0501 -0.6044 1.9601 0.6379 0.4313 
4.0301 -0.5997 1.9701 0.6813 0.3675 
4.0401 -0.5960 1.9401 0.5965 0.3923 
4.0401 -0.5960 1.9401 0.5965 0.3923 
4.0301 -0.5997 1.9701 0.6813 0.3675 
4.0201 -0.5999 1.9511 0.6179 0.3306 
4.0201 -0.5999 1.9511 0.6179 0.3306 
4.0301 -0.5997 1.9701 0.6813 0.3675 
4.0201 -0.6043 1.9601 0.6333 0.3354 
4.0901 -0.6061 1.9401 0.5725 0.5626 
4.0801 -0.5999 1.9501 0.6244 0.5280 
4.0801 -0.6034 1.9401 0.5793 0.5288 
4.0801 -0.5999 1.9501 0.6244 0.5280 
4.0801 -0.6034 1.9401 0.5793 0.5288 
4.0801 -0.5999 1.9501 0.6244 0.5280 
4.0801 -0.6045 1.9301 0.5409 0.5294 
4.0901 -0.6061 1.9401 0.5725 0.5626 
4.0801 -0.6034 1.9401 0.5793 0.5288 
4.0501 -0.5987 1.9301 0.5542 0.4256 
4.0801 -0.6045 1.9301 0.5409 0.5294 
4.0801 -0.6034 1.9401 0.5793 0.5288 
4.0501 -0.5987 1.9301 0.5542 0.4256 
4.0801 -0.6034 1.9401 0.5793 0.5288 
4.0601 -0.5940 1.9401 0.6061 0.4594 
4.1001 -0.5935 1.9101 0.5049 0.6016 
4.0901 -0.6061 1.9401 0.5725 0.5626 
4.0801 -0.6045 1.9301 0.5409 0.5294 
4.0401 -0.5960 1.9401 0.5965 0.3923 
4.0201 -0.5999 1.9511 0.6179 0.3306 
4.0301 -0.5925 1.9401 0.6060 0.3570 
4.0501 -0.5987 1.9301 0.5542 0.4256 
4.0401 -0.5960 1.9401 0.5965 0.3923 
4.0401 -0.6059 1.9301 0.5302 0.3944 
4.0401 -0.5960 1.9401 0.5965 0.3923 
4.0301 -0.6003 1.9301 0.5458 0.3582 
4.0401 -0.6059 1.9301 0.5302 0.3944 
4.0301 -0.5925 1.9401 0.6060 0.3570 
4.0201 -0.5999 1.9511 0.6179 0.3306 
4.0301 -0.6003 1.9301 0.5458 0.3582 
4.0101 -0.6050 1.9301 0.5282 0.2937 
4.0301 -0.6003 1.9301 0.5458 0.3582 
4.0201 -0.5999 1.9511 0.6179 0.3306 
4.0301 -0.6003 1.9201 0.5097 0.3556 
4.0401 -0.6059 1.9301 0.5302 0.3944 
4.0301 -0.6003 1.9301 0.5458 0.3582 
4.0401 -0.6059 1.9301 0.5302 0.3944 
4.0301 -0.6003 1.9201 0.5097 0.3556 
4.0401 -0.5916 1.9101 0.5011 0.3842 
4.0401 -0.5916 1.9101 0.5011 0.3842 
4.0301 -0.6003 1.9201 0.5097 0.3556 
4.0301 -0.5989 1.9001 0.4376 0.3494 
4.0301 -0.6003 1.9201 0.5097 0.3556 
4.0201 -0.6067 1.9101 0.4513 0.3216 
4.0301 -0.5989 1.9001 0.4376 0.3494 
4.0301 -0.5989 1.9001 0.4376 0.3494 
4.0201 -0.6067 1.9101 0.4513 0.3216 
4.0101 -0.5966 1.9101 0.4804 0.2807 
3.9701 -0.6003 1.9801 0.7001 0.1863 
3.9601 -0.5999 1.9801 0.6997 0.1564 
3.9601 -0.5999 1.9801 0.6997 0.1564 
3.9601 -0.5999 1.9801 0.6997 0.1564 
3.9601 -0.5999 1.9801 0.6997 0.1564 
3.9601 -0.5999 1.9801 0.6997 0.1564 
3.9701 -0.6003 1.9801 0.7001 0.1863 
3.9665 -0.5999 1.9701 0.6701 0.1702 
3.9801 -0.6027 1.9601 0.6319 0.2086 
3.9665 -0.5999 1.9701 0.6701 0.1702 
3.9701 -0.6003 1.9801 0.7001 0.1863 
3.9601 -0.5999 1.9801 0.6997 0.1564 
3.9665 -0.5999 1.9701 0.6701 0.1702 
3.9601 -0.5999 1.9801 0.6997 0.1564 
3.9601 -0.5999 1.9801 0.6997 0.1564 
3.9601 -0.5999 1.9801 0.6997 0.1564 
3.9601 -0.5999 1.9801 0.6997 0.1564 
3.9601 -0.5999 1.9801 0.6997 0.1564 
3.9901 -0.6030 1.9701 0.6642 0.2442 
3.9801 -0.6027 1.9601 0.6319 0.2086 
3.9901 -0.5956 1.9601 0.6560 0.2349 
3.9601 -0.6035 1.9601 0.6262 0.1484 
3.9801 -0.6027 1.9601 0.6319 0.2086 
3.9665 -0.5999 1.9701 0.6701 0.1702 
3.9801 -0.6027 1.9601 0.6319 0.2086 
3.9601 -0.6035 1.9601 0.6262 0.1484 
3.9701 -0.5990 1.9501 0.6092 0.1696 
3.9401 -0.5964 1.9901 0.7373 0.1031 
3.9401 -0.6066 1.9701 0.6450 0.1001 
3.9601 -0.5942 1.9701 0.6871 0.1464 
3.9301 -0.5899 1.9901 0.7566 0.0737 
3.9401 -0.6066 1.9701 0.6450 0.1001 
3.9401 -0.5964 1.9901 0.7373 0.1031 
3.9601 -0.6035 1.9601 0.6262 0.1484 
3.9601 -0.5942 1.9701 0.6871 0.1464 
3.9401 -0.6066 1.9701 0.6450 0.1001 
3.9601 -0.6035 1.9601 0.6262 0.1484 
3.9401 -0.6066 1.9701 0.6450 0.1001 
3.9301 -0.6032 1.9501 0.5896 0.0636 
3.9401 -0.5944 1.9401 0.5849 0.0732 
3.9601 -0.6035 1.9601 0.6262 0.1484 
3.9301 -0.6032 1.9501 0.5896 0.0636 
4.0001 -0.5939 1.9401 0.5963 0.2574 
3.9901 -0.6037 1.9201 0.4928 0.2221 
4.0101 -0.6050 1.9301 0.5282 0.2937 
3.9601 -0.5992 1.9301 0.5379 0.1271 
3.9401 -0.5944 1.9401 0.5849 0.0732 
3.9501 -0.6060 1.9301 0.5157 0.1034 
3.9901 -0.6042 1.9101 0.4539 0.2175 
4.0101 -0.6050 1.9301 0.5282 0.2937 
3.9901 -0.6037 1.9201 0.4928 0.2221 
3.9801 -0.6025 1.9101 0.4576 0.1824 
3.9901 -0.6042 1.9101 0.4539 0.2175 
3.9901 -0.6037 1.9201 0.4928 0.2221 
3.9801 -0.6025 1.9101 0.4576 0.1824 
3.9701 -0.6018 1.9201 0.4956 0.1548 
3.9601 -0.5959 1.9101 0.4744 0.1114 
3.9301 -0.6029 1.9201 0.4858 0.0538 
3.9421 -0.5999 1.9201 0.4969 0.0710 
3.9501 -0.6060 1.9301 0.5157 0.1034 
3.9421 -0.5999 1.9201 0.4969 0.0710 
3.9401 -0.5999 1.9101 0.4592 0.0620 
3.9401 -0.5999 1.9101 0.4592 0.0620 
3.9401 -0.5999 1.9101 0.4592 0.0620 
3.9421 -0.5999 1.9201 0.4969 0.0710 
3.9301 -0.6029 1.9201 0.4858 0.0538 
3.9401 -0.5999 1.9101 0.4592 0.0620 
3.9401 -0.5999 1.9101 0.4592 0.0620 
3.9301 -0.6029 1.9201 0.4858 0.0538 
3.9401 -0.5999 1.9101 0.4592 0.0620 
3.9401 -0.5999 1.9101 0.4592 0.0620 
3.9401 -0.5999 1.9101 0.4592 0.0620 
3.9401 -0.5999 1.9101 0.4592 0.0620 
3.9401 -0.5999 1.9101 0.4592 0.0620 
3.9401 -0.5999 1.9101 0.4592 0.0620 
4.1001 -0.5750 1.9001 0.5276 0.6043 
4.0901 -0.5909 1.9001 0.4723 0.5663 
4.0901 -0.5890 1.8901 0.4379 0.5675 
4.1101 -0.5899 1.8940 0.4543 0.6428 
4.1001 -0.5750 1.9001 0.5276 0.6043 
4.0901 -0.5890 1.8901 0.4379 0.5675 
4.0901 -0.5909 1.9001 0.4723 0.5663 
4.0701 -0.5782 1.9001 0.5112 0.4892 
4.0701 -0.6047 1.8901 0.3863 0.4948 
4.0701 -0.5782 1.9001 0.5112 0.4892 
4.0501 -0.5897 1.9001 0.4696 0.4179 
4.0701 -0.6047 1.8901 0.3863 0.4948 
4.0901 -0.5890 1.8901 0.4379 0.5675 
4.0901 -0.5909 1.9001 0.4723 0.5663 
4.0701 -0.6047 1.8901 0.3863 0.4948 
4.0501 -0.5947 1.8901 0.4134 0.4181 
4.0701 -0.6047 1.8901 0.3863 0.4948 
4.0501 -0.5897 1.9001 0.4696 0.4179 
4.0901 -0.5890 1.8901 0.4379 0.5675 
4.0901 -0.5951 1.8801 0.3766 0.5691 
4.1101 -0.5899 1.8940 0.4543 0.6428 
4.0901 -0.5890 1.8901 0.4379 0.5675 
4.0701 -0.5917 1.8701 0.3402 0.4916 
4.0901 -0.5951 1.8801 0.3766 0.5691 
4.0901 -0.5890 1.8901 0.4379 0.5675 
4.0701 -0.6047 1.8901 0.3863 0.4948 
4.0701 -0.5917 1.8701 0.3402 0.4916 
4.0601 -0.5920 1.8801 0.3812 0.4536 
4.0701 -0.5917 1.8701 0.3402 0.4916 
4.0701 -0.6047 1.8901 0.3863 0.4948 
4.0601 -0.5920 1.8801 0.3812 0.4536 
4.0501 -0.5803 1.8701 0.3724 0.4086 
4.0601 -0.5822 1.8601 0.3222 0.4482 
4.0701 -0.5917 1.8701 0.3402 0.4916 
4.0601 -0.5920 1.8801 0.3812 0.4536 
4.0601 -0.5822 1.8601 0.3222 0.4482 
4.0401 -0.5803 1.8601 0.3249 0.3659 
4.0601 -0.5822 1.8601 0.3222 0.4482 
4.0501 -0.5803 1.8701 0.3724 0.4086 
4.0901 -0.5961 1.8501 0.2387 0.5733 
4.0901 -0.5951 1.8801 0.3766 0.5691 
4.0701 -0.5917 1.8701 0.3402 0.4916 
4.0701 -0.5917 1.8701 0.3402 0.4916 
4.0601 -0.5822 1.8601 0.3222 0.4482 
4.0701 -0.5955 1.8601 0.2838 0.4923 
4.0901 -0.5961 1.8501 0.2387 0.5733 
4.1001 -0.5997 1.8701 0.3207 0.6093 
4.0901 -0.5951 1.8801 0.3766 0.5691 
4.0701 -0.5917 1.8701 0.3402 0.4916 
4.0701 -0.5955 1.8601 0.2838 0.4923 
4.0901 -0.5961 1.8501 0.2387 0.5733 
4.1079 -0.5799 1.8501 0.2896 0.6482 
4.1001 -0.5997 1.8701 0.3207 0.6093 
4.0901 -0.5961 1.8501 0.2387 0.5733 
4.0701 -0.5806 1.8501 0.2814 0.4884 
4.0901 -0.5961 1.8501 0.2387 0.5733 
4.0701 -0.5955 1.8601 0.2838 0.4923 
4.0701 -0.5955 1.8601 0.2838 0.4923 
4.0601 -0.5822 1.8601 0.3222 0.4482 
4.0701 -0.5806 1.8501 0.2814 0.4884 
4.0501 -0.5831 1.8501 0.2707 0.4058 
4.0601 -0.5822 1.8601 0.3222 0.4482 
4.0401 -0.5803 1.8601 0.3249 0.3659 
4.0701 -0.5806 1.8501 0.2814 0.4884 
4.0601 -0.5822 1.8601 0.3222 0.4482 
4.0601 -0.5822 1.8401 0.2259 0.4458 
4.0501 -0.5831 1.8501 0.2707 0.4058 
4.0601 -0.5822 1.8401 0.2259 0.4458 
4.0601 -0.5822 1.8601 0.3222 0.4482 
4.0301 -0.5999 1.8800 0.3522 0.3440 
4.0401 -0.5945 1.8901 0.4123 0.3810 
4.0301 -0.5989 1.9001 0.4376 0.3494 
4.0401 -0.5916 1.9101 0.5011 0.3842 
4.0401 -0.5945 1.8901 0.4123 0.3810 
4.0501 -0.5947 1.8901 0.4134 0.4181 
4.0501 -0.5897 1.9001 0.4696 0.4179 
4.0401 -0.5916 1.9101 0.5011 0.3842 
4.0501 -0.5947 1.8901 0.4134 0.4181 
4.0401 -0.5945 1.8901 0.4123 0.3810 
4.0401 -0.5916 1.9101 0.5011 0.3842 
4.0301 -0.5989 1.9001 0.4376 0.3494 
4.0301 -0.5989 1.9001 0.4376 0.3494 
4.0201 -0.5973 1.8901 0.4007 0.3091 
4.0301 -0.5999 1.8800 0.3522 0.3440 
4.0101 -0.5927 1.8901 0.4130 0.2695 
4.0201 -0.5973 1.8901 0.4007 0.3091 
4.0301 -0.5989 1.9001 0.4376 0.3494 
4.0101 -0.5880 1.9001 0.4685 0.2706 
4.0101 -0.5927 1.8901 0.4130 0.2695 
4.0301 -0.5989 1.9001 0.4376 0.3494 
4.0101 -0.5880 1.9001 0.4685 0.2706 
3.9901 -0.5989 1.8801 0.3495 0.1968 
4.0101 -0.5927 1.8901 0.4130 0.2695 
4.0301 -0.5999 1.8800 0.3522 0.3440 
4.0501 -0.5947 1.8901 0.4134 0.4181 
4.0401 -0.5945 1.8901 0.4123 0.3810 
4.0301 -0.5999 1.8800 0.3522 0.3440 
4.0201 -0.5973 1.8901 0.4007 0.3091 
4.0101 -0.5927 1.8901 0.4130 0.2695 
4.0101 -0.5927 1.8901 0.4130 0.2695 
3.9901 -0.5989 1.8801 0.3495 0.1968 
4.0001 -0.5833 1.8801 0.3989 0.2199 
4.0501 -0.5947 1.8901 0.4134 0.4181 
4.0301 -0.5847 1.8701 0.3553 0.3318 
4.0601 -0.5920 1.8801 0.3812 0.4536 
4.0301 -0.5847 1.8701 0.3553 0.3318 
4.0501 -0.5803 1.8701 0.3724 0.4086 
4.0601 -0.5920 1.8801 0.3812 0.4536 
4.0301 -0.5847 1.8701 0.3553 0.3318 
4.0101 -0.5927 1.8901 0.4130 0.2695 
4.0101 -0.5802 1.8601 0.3204 0.2450 
4.0301 -0.5999 1.8800 0.3522 0.3440 
4.0101 -0.5927 1.8901 0.4130 0.2695 
4.0301 -0.5847 1.8701 0.3553 0.3318 
4.0101 -0.5802 1.8601 0.3204 0.2450 
4.0101 -0.5927 1.8901 0.4130 0.2695 
4.0001 -0.5833 1.8801 0.3989 0.2199 
4.0301 -0.5999 1.8800 0.3522 0.3440 
4.0301 -0.5847 1.8701 0.3553 0.3318 
4.0501 -0.5947 1.8901 0.4134 0.4181 
4.0501 -0.5803 1.8701 0.3724 0.4086 
4.0301 -0.5847 1.8701 0.3553 0.3318 
4.0401 -0.5803 1.8601 0.3249 0.3659 
4.0401 -0.5803 1.8601 0.3249 0.3659 
4.0301 -0.5847 1.8701 0.3553 0.3318 
4.0101 -0.5802 1.8601 0.3204 0.2450 
4.0401 -0.5803 1.8601 0.3249 0.3659 
4.0401 -0.5977 1.8401 0.1804 0.3698 
4.0501 -0.5831 1.8501 0.2707 0.4058 
4.0301 -0.5826 1.8501 0.2691 0.3230 
4.0401 -0.5977 1.8401 0.1804 0.3698 
4.0401 -0.5803 1.8601 0.3249 0.3659 
4.0001 -0.5885 1.8301 0.1516 0.1943 
4.0401 -0.5803 1.8601 0.3249 0.3659 
4.0101 -0.5802 1.8601 0.3204 0.2450 
4.0301 -0.5826 1.8501 0.2691 0.3230 
4.0401 -0.5803 1.8601 0.3249 0.3659 
4.0001 -0.5885 1.8301 0.1516 0.1943 
4.1001 -0.5963 1.8401 0.1922 0.6164 
4.1079 -0.5799 1.8501 0.2896 0.6482 
4.0901 -0.5961 1.8501 0.2387 0.5733 
4.0901 -0.5961 1.8501 0.2387 0.5733 
4.0701 -0.5806 1.8501 0.2814 0.4884 
4.0801 -0.5836 1.8401 0.2250 0.5315 
4.0601 -0.5822 1.8401 0.2259 0.4458 
4.0501 -0.5831 1.8501 0.2707 0.4058 
4.0601 -0.5838 1.8301 0.1721 0.4451 
4.0801 -0.5836 1.8401 0.2250 0.5315 
4.0701 -0.5806 1.8501 0.2814 0.4884 
4.0601 -0.5822 1.8401 0.2259 0.4458 
4.0801 -0.5836 1.8401 0.2250 0.5315 
4.0901 -0.5812 1.8201 0.1338 0.5777 
4.0901 -0.5971 1.8301 0.1419 0.5764 
4.0801 -0.5836 1.8401 0.2250 0.5315 
4.0601 -0.5838 1.8301 0.1721 0.4451 
4.0901 -0.5812 1.8201 0.1338 0.5777 
4.0801 -0.5836 1.8401 0.2250 0.5315 
4.0601 -0.5822 1.8401 0.2259 0.4458 
4.0601 -0.5838 1.8301 0.1721 0.4451 
4.1001 -0.5963 1.8401 0.1922 0.6164 
4.0901 -0.5961 1.8501 0.2387 0.5733 
4.0901 -0.5971 1.8301 0.1419 0.5764 
4.1001 -0.5837 1.8301 0.1781 0.6200 
4.1001 -0.5963 1.8401 0.1922 0.6164 
4.0901 -0.5971 1.8301 0.1419 0.5764 
4.0901 -0.5971 1.8301 0.1419 0.5764 
4.0901 -0.5961 1.8501 0.2387 0.5733 
4.0801 -0.5836 1.8401 0.2250 0.5315 
4.0501 -0.5848 1.8201 0.1204 0.4000 
4.0901 -0.5812 1.8201 0.1338 0.5777 
4.0601 -0.5838 1.8301 0.1721 0.4451 
4.1001 -0.5837 1.8301 0.1781 0.6200 
4.0901 -0.5971 1.8301 0.1419 0.5764 
4.0901 -0.5812 1.8201 0.1338 0.5777 
4.0601 -0.5838 1.8301 0.1721 0.4451 
4.0501 -0.5971 1.8301 0.1370 0.4082 
4.0501 -0.5848 1.8201 0.1204 0.4000 
4.0701 -0.5837 1.8101 0.0851 0.4879 
4.0901 -0.5812 1.8201 0.1338 0.5777 
4.0501 -0.5848 1.8201 0.1204 0.4000 
4.0701 -0.5837 1.8101 0.0851 0.4879 
4.0501 -0.5848 1.8201 0.1204 0.4000 
4.0501 -0.5972 1.8101 0.0735 0.4039 
4.0401 -0.5870 1.8101 0.0792 0.3540 
4.0701 -0.5837 1.8101 0.0851 0.4879 
4.0501 -0.5972 1.8101 0.0735 0.4039 
4.0401 -0.5977 1.8401 0.1804 0.3698 
4.0601 -0.5838 1.8301 0.1721 0.4451 
4.0501 -0.5831 1.8501 0.2707 0.4058 
4.0001 -0.5885 1.8301 0.1516 0.1943 
4.0101 -0.5802 1.8601 0.3204 0.2450 
4.0001 -0.5838 1.8501 0.2606 0.2026 
4.0001 -0.5885 1.8301 0.1516 0.1943 
4.0201 -0.5906 1.8301 0.1489 0.2789 
4.0301 -0.5826 1.8501 0.2691 0.3230 
4.0401 -0.5977 1.8401 0.1804 0.3698 
4.0501 -0.5971 1.8301 0.1370 0.4082 
4.0601 -0.5838 1.8301 0.1721 0.4451 
4.0201 -0.5906 1.8301 0.1489 0.2789 
4.0501 -0.5971 1.8301 0.1370 0.4082 
4.0401 -0.5977 1.8401 0.1804 0.3698 
4.0201 -0.5906 1.8301 0.1489 0.2789 
4.0401 -0.5977 1.8401 0.1804 0.3698 
4.0301 -0.5826 1.8501 0.2691 0.3230 
4.0201 -0.5906 1.8301 0.1489 0.2789 
4.0101 -0.5893 1.8201 0.1062 0.2303 
4.0301 -0.5862 1.8201 0.1148 0.3134 
4.0501 -0.5971 1.8301 0.1370 0.4082 
4.0201 -0.5906 1.8301 0.1489 0.2789 
4.0501 -0.5848 1.8201 0.1204 0.4000 
4.0501 -0.5848 1.8201 0.1204 0.4000 
4.0201 -0.5906 1.8301 0.1489 0.2789 
4.0301 -0.5862 1.8201 0.1148 0.3134 
4.0101 -0.5893 1.8201 0.1062 0.2303 
4.0201 -0.5906 1.8301 0.1489 0.2789 
4.0001 -0.5885 1.8301 0.1516 0.1943 
4.0401 -0.5870 1.8101 0.0792 0.3540 
4.0501 -0.5848 1.8201 0.1204 0.4000 
4.0301 -0.5862 1.8201 0.1148 0.3134 
3.9901 -0.5886 1.8101 0.0756 0.1388 
4.0101 -0.5893 1.8201 0.1062 0.2303 
4.0001 -0.5885 1.8301 0.1516 0.1943 
4.0401 -0.5870 1.8101 0.0792 0.3540 
4.0501 -0.5972 1.8101 0.0735 0.4039 
4.0501 -0.5848 1.8201 0.1204 0.4000 
3.9801 -0.5871 1.8901 0.4257 0.1564 
3.9701 -0.5811 1.9001 0.4840 0.1228 
3.9701 -0.5899 1.8901 0.4153 0.1246 
3.9801 -0.5871 1.8901 0.4257 0.1564 
3.9801 -0.6025 1.9101 0.4576 0.1824 
3.9701 -0.5811 1.9001 0.4840 0.1228 
3.9701 -0.5899 1.8901 0.4153 0.1246 
3.9701 -0.5811 1.9001 0.4840 0.1228 
3.9501 -0.5818 1.9001 0.4783 0.0648 
3.9701 -0.5899 1.8901 0.4153 0.1246 
3.9701 -0.5899 1.8901 0.4153 0.1246 
3.9701 -0.5811 1.9001 0.4840 0.1228 
3.9801 -0.5871 1.8901 0.4257 0.1564 
4.0101 -0.5880 1.9001 0.4685 0.2706 
3.9901 -0.6042 1.9101 0.4539 0.2175 
3.9901 -0.5989 1.8801 0.3495 0.1968 
4.0101 -0.5880 1.9001 0.4685 0.2706 
3.9801 -0.5871 1.8901 0.4257 0.1564 
3.9801 -0.5871 1.8901 0.4257 0.1564 
3.9901 -0.6042 1.9101 0.4539 0.2175 
3.9801 -0.6025 1.9101 0.4576 0.1824 
3.9701 -0.5899 1.8901 0.4153 0.1246 
3.9501 -0.5818 1.9001 0.4783 0.0648 
3.9501 -0.6015 1.8801 0.3359 0.0690 
3.9701 -0.5899 1.8901 0.4153 0.1246 
3.9701 -0.5899 1.8901 0.4153 0.1246 
3.9801 -0.5871 1.8901 0.4257 0.1564 
3.9701 -0.5899 1.8901 0.4153 0.1246 
3.9701 -0.5899 1.8901 0.4153 0.1246 
3.9701 -0.5899 1.8901 0.4153 0.1246 
3.9801 -0.5871 1.8901 0.4257 0.1564 
3.9701 -0.5899 1.8901 0.4153 0.1246 
3.9901 -0.5989 1.8801 0.3495 0.1968 
3.9901 -0.5989 1.8801 0.3495 0.1968 
3.9701 -0.5899 1.8901 0.4153 0.1246 
3.9701 -0.5924 1.8801 0.3658 0.1203 
3.9701 -0.5899 1.8901 0.4153 0.1246 
3.9601 -0.5927 1.8801 0.3633 0.0883 
3.9701 -0.5924 1.8801 0.3658 0.1203 
3.9701 -0.5899 1.8901 0.4153 0.1246 
3.9701 -0.5924 1.8801 0.3658 0.1203 
3.9701 -0.5899 1.8901 0.4153 0.1246 
3.9601 -0.5927 1.8801 0.3633 0.0883 
3.9701 -0.5899 1.8901 0.4153 0.1246 
3.9501 -0.6015 1.8801 0.3359 0.0690 
4.0001 -0.5833 1.8801 0.3989 0.2199 
3.9901 -0.5899 1.8743 0.3515 0.1852 
3.9801 -0.5899 1.8701 0.3314 0.1459 
3.9701 -0.5853 1.8701 0.3439 0.1059 
3.9801 -0.5899 1.8701 0.3314 0.1459 
3.9701 -0.5924 1.8801 0.3658 0.1203 
3.9601 -0.5927 1.8801 0.3633 0.0883 
3.9701 -0.5853 1.8701 0.3439 0.1059 
3.9701 -0.5924 1.8801 0.3658 0.1203 
4.0001 -0.5833 1.8801 0.3989 0.2199 
3.9901 -0.5989 1.8801 0.3495 0.1968 
3.9901 -0.5899 1.8743 0.3515 0.1852 
3.9901 -0.5899 1.8743 0.3515 0.1852 
3.9901 -0.5989 1.8801 0.3495 0.1968 
3.9801 -0.5899 1.8701 0.3314 0.1459 
3.9901 -0.5899 1.8743 0.3515 0.1852 
3.9801 -0.5899 1.8701 0.3314 0.1459 
3.9801 -0.5899 1.8701 0.3314 0.1459 
3.9801 -0.5899 1.8701 0.3314 0.1459 
3.9901 -0.5989 1.8801 0.3495 0.1968 
3.9701 -0.5924 1.8801 0.3658 0.1203 
3.9801 -0.5899 1.8701 0.3314 0.1459 
3.9801 -0.5899 1.8701 0.3314 0.1459 
3.9701 -0.5924 1.8801 0.3658 0.1203 
4.0101 -0.5802 1.8601 0.3204 0.2450 
4.0001 -0.5833 1.8801 0.3989 0.2199 
3.9801 -0.5838 1.8601 0.3047 0.1325 
3.9801 -0.5899 1.8701 0.3314 0.1459 
3.9801 -0.5838 1.8601 0.3047 0.1325 
4.0001 -0.5833 1.8801 0.3989 0.2199 
3.9801 -0.5899 1.8701 0.3314 0.1459 
3.9801 -0.5899 1.8701 0.3314 0.1459 
3.9801 -0.5838 1.8601 0.3047 0.1325 
3.9801 -0.5899 1.8701 0.3314 0.1459 
3.9701 -0.5853 1.8701 0.3439 0.1059 
3.9801 -0.5838 1.8601 0.3047 0.1325 
3.9801 -0.5899 1.8701 0.3314 0.1459 
3.9801 -0.5899 1.8701 0.3314 0.1459 
3.9701 -0.5853 1.8701 0.3439 0.1059 
3.9601 -0.5855 1.8601 0.2962 0.0686 
3.9701 -0.5853 1.8701 0.3439 0.1059 
3.9601 -0.5927 1.8801 0.3633 0.0883 
3.9801 -0.5838 1.8601 0.3047 0.1325 
3.9701 -0.5853 1.8701 0.3439 0.1059 
3.9601 -0.5855 1.8601 0.2962 0.0686 
3.9801 -0.5899 1.8701 0.3314 0.1459 
3.9801 -0.5899 1.8701 0.3314 0.1459 
3.9801 -0.5899 1.8701 0.3314 0.1459 
3.9801 -0.5899 1.8701 0.3314 0.1459 
3.9801 -0.5899 1.8701 0.3314 0.1459 
3.9801 -0.5899 1.8701 0.3314 0.1459 
4.0001 -0.5838 1.8501 0.2606 0.2026 
4.0101 -0.5802 1.8601 0.3204 0.2450 
3.9801 -0.5838 1.8601 0.3047 0.1325 
4.0001 -0.5838 1.8501 0.2606 0.2026 
3.9801 -0.5838 1.8601 0.3047 0.1325 
3.9701 -0.5877 1.8401 0.1973 0.0865 
3.9501 -0.6015 1.8801 0.3359 0.0690 
3.9501 -0.5818 1.9001 0.4783 0.0648 
3.9401 -0.5918 1.9001 0.4450 0.0545 
4.0001 -0.5838 1.8501 0.2606 0.2026 
3.9701 -0.5877 1.8401 0.1973 0.0865 
3.9801 -0.5894 1.8201 0.1029 0.1082 
4.0001 -0.5885 1.8301 0.1516 0.1943 
4.0001 -0.5838 1.8501 0.2606 0.2026 
3.9801 -0.5894 1.8201 0.1029 0.1082 
3.9801 -0.5894 1.8201 0.1029 0.1082 
3.9901 -0.5886 1.8101 0.0756 0.1388 
4.0001 -0.5885 1.8301 0.1516 0.1943 
4.0601 -0.5920 1.8801 0.3812 0.4536 
4.0701 -0.6047 1.8901 0.3863 0.4948 
4.0501 -0.5947 1.8901 0.4134 0.4181 
3.9001 -0.5941 2.0801 0.9684 0.0614 
3.8901 -0.5976 2.0901 0.9778 0.0547 
3.8901 -0.5901 2.0801 0.9795 0.0527 
3.9001 -0.5932 2.0601 0.9252 0.0554 
3.9201 -0.5959 2.0801 0.9660 0.1012 
3.9001 -0.5941 2.0801 0.9684 0.0614 
