NUMPOLLIES 769.000000 

3.0401 0.1001 2.1734 0.1169 0.2683 
3.0101 0.1001 2.1739 0.1102 0.1548 
3.0401 0.0901 2.1791 0.0781 0.2674 
3.0401 0.0901 2.1791 0.0781 0.2674 
3.0101 0.1001 2.1739 0.1102 0.1548 
3.0101 0.0901 2.1750 0.0804 0.1493 
3.0401 0.1001 2.1734 0.1169 0.2683 
3.0401 0.0901 2.1791 0.0781 0.2674 
3.0501 0.1001 2.1690 0.1305 0.3050 
3.0701 0.0901 2.1801 0.0795 0.3845 
3.0701 0.0901 2.1801 0.0795 0.3845 
3.0601 0.0901 2.1746 0.0868 0.3438 
3.1001 0.0901 2.1776 0.0865 0.5011 
3.0801 0.0901 2.1781 0.0834 0.4231 
3.0901 0.0801 2.1719 0.0749 0.4627 
3.0501 0.1001 2.1690 0.1305 0.3050 
3.0601 0.0901 2.1746 0.0868 0.3438 
3.0701 0.1001 2.1739 0.1211 0.3839 
3.0701 0.0901 2.1801 0.0795 0.3845 
3.0701 0.0901 2.1801 0.0795 0.3845 
3.0701 0.1001 2.1739 0.1211 0.3839 
3.0701 0.0901 2.1801 0.0795 0.3845 
3.0701 0.1001 2.1739 0.1211 0.3839 
3.0601 0.0901 2.1746 0.0868 0.3438 
3.0701 0.0901 2.1801 0.0795 0.3845 
3.0701 0.0901 2.1801 0.0795 0.3845 
3.0801 0.0901 2.1781 0.0834 0.4231 
3.0701 0.0901 2.1801 0.0795 0.3845 
3.0801 0.0901 2.1781 0.0834 0.4231 
3.0701 0.1001 2.1739 0.1211 0.3839 
3.0701 0.1001 2.1739 0.1211 0.3839 
3.0801 0.0901 2.1781 0.0834 0.4231 
3.0801 0.1001 2.1712 0.1300 0.4219 
3.0801 0.1001 2.1712 0.1300 0.4219 
3.0801 0.0901 2.1781 0.0834 0.4231 
3.1001 0.0901 2.1776 0.0865 0.5011 
3.0701 0.0901 2.1801 0.0795 0.3845 
3.0701 0.0901 2.1801 0.0795 0.3845 
3.0701 0.0901 2.1801 0.0795 0.3845 
3.0701 0.0901 2.1801 0.0795 0.3845 
3.0701 0.0901 2.1801 0.0795 0.3845 
3.0701 0.0901 2.1801 0.0795 0.3845 
3.0701 0.0901 2.1801 0.0795 0.3845 
3.0701 0.0901 2.1801 0.0795 0.3845 
3.0701 0.0901 2.1801 0.0795 0.3845 
3.0701 0.0901 2.1801 0.0795 0.3845 
3.0701 0.0901 2.1801 0.0795 0.3845 
3.0701 0.0901 2.1801 0.0795 0.3845 
3.0101 0.0901 2.1750 0.0804 0.1493 
2.9801 0.1301 2.1763 0.2072 0.0761 
2.9901 0.1001 2.1756 0.1028 0.0860 
3.0001 0.1301 2.1750 0.2149 0.1380 
2.9701 0.1601 2.1772 0.3085 0.0684 
2.9801 0.1301 2.1763 0.2072 0.0761 
3.0001 0.1301 2.1750 0.2149 0.1380 
2.9901 0.1801 2.1779 0.3744 0.1358 
2.9701 0.1601 2.1772 0.3085 0.0684 
3.0201 0.1901 2.1762 0.4150 0.2327 
2.9601 0.2101 2.1800 0.4520 0.0723 
2.9901 0.1801 2.1779 0.3744 0.1358 
3.0101 0.1001 2.1739 0.1102 0.1548 
2.9801 0.1301 2.1763 0.2072 0.0761 
3.0101 0.0901 2.1750 0.0804 0.1493 
3.0301 0.1201 2.1784 0.1735 0.2409 
2.9801 0.1301 2.1763 0.2072 0.0761 
3.0101 0.1001 2.1739 0.1102 0.1548 
3.0401 0.1001 2.1734 0.1169 0.2683 
3.0301 0.1201 2.1784 0.1735 0.2409 
3.0101 0.1001 2.1739 0.1102 0.1548 
3.0401 0.1001 2.1734 0.1169 0.2683 
3.0301 0.1301 2.1741 0.2236 0.2428 
3.0301 0.1201 2.1784 0.1735 0.2409 
3.0301 0.1301 2.1741 0.2236 0.2428 
3.0001 0.1301 2.1750 0.2149 0.1380 
3.0301 0.1201 2.1784 0.1735 0.2409 
3.0301 0.1201 2.1784 0.1735 0.2409 
3.0001 0.1301 2.1750 0.2149 0.1380 
2.9801 0.1301 2.1763 0.2072 0.0761 
3.0701 0.1001 2.1739 0.1211 0.3839 
3.0401 0.1001 2.1734 0.1169 0.2683 
3.0501 0.1001 2.1690 0.1305 0.3050 
3.0701 0.1001 2.1739 0.1211 0.3839 
3.0801 0.1001 2.1712 0.1300 0.4219 
3.0401 0.1001 2.1734 0.1169 0.2683 
3.1001 0.1101 2.1714 0.1707 0.4972 
3.0701 0.1201 2.1719 0.2012 0.3850 
3.0801 0.1001 2.1712 0.1300 0.4219 
3.0501 0.1401 2.1739 0.2642 0.3166 
3.0301 0.1301 2.1741 0.2236 0.2428 
3.0801 0.1001 2.1712 0.1300 0.4219 
3.0801 0.1001 2.1712 0.1300 0.4219 
3.0301 0.1301 2.1741 0.2236 0.2428 
3.0401 0.1001 2.1734 0.1169 0.2683 
3.0701 0.1201 2.1719 0.2012 0.3850 
3.0501 0.1401 2.1739 0.2642 0.3166 
3.0801 0.1001 2.1712 0.1300 0.4219 
3.1001 0.1301 2.1721 0.2432 0.4937 
3.0501 0.1401 2.1739 0.2642 0.3166 
3.0701 0.1201 2.1719 0.2012 0.3850 
3.1001 0.1301 2.1721 0.2432 0.4937 
3.0701 0.1401 2.1753 0.2634 0.3872 
3.0501 0.1401 2.1739 0.2642 0.3166 
3.0701 0.1601 2.1720 0.3425 0.3878 
3.0701 0.1401 2.1753 0.2634 0.3872 
3.1001 0.1301 2.1721 0.2432 0.4937 
3.0701 0.1701 2.1735 0.3701 0.3887 
3.0701 0.1601 2.1720 0.3425 0.3878 
3.1001 0.1301 2.1721 0.2432 0.4937 
3.1001 0.1501 2.1727 0.3120 0.4906 
3.0701 0.1701 2.1735 0.3701 0.3887 
3.1001 0.1301 2.1721 0.2432 0.4937 
3.0301 0.1301 2.1741 0.2236 0.2428 
2.9901 0.1801 2.1779 0.3744 0.1358 
3.0001 0.1301 2.1750 0.2149 0.1380 
3.0201 0.1757 2.1801 0.3583 0.2291 
2.9901 0.1801 2.1779 0.3744 0.1358 
3.0301 0.1301 2.1741 0.2236 0.2428 
3.0301 0.1801 2.1770 0.3836 0.2614 
3.0201 0.1757 2.1801 0.3583 0.2291 
3.0501 0.1401 2.1739 0.2642 0.3166 
3.0501 0.1401 2.1739 0.2642 0.3166 
3.0201 0.1757 2.1801 0.3583 0.2291 
3.0301 0.1301 2.1741 0.2236 0.2428 
3.0701 0.1601 2.1720 0.3425 0.3878 
3.0301 0.1801 2.1770 0.3836 0.2614 
3.0501 0.1401 2.1739 0.2642 0.3166 
3.0201 0.1757 2.1801 0.3583 0.2291 
3.0101 0.1801 2.1801 0.3706 0.1991 
3.0101 0.1801 2.1801 0.3706 0.1991 
3.0201 0.1757 2.1801 0.3583 0.2291 
3.0101 0.1801 2.1801 0.3706 0.1991 
2.9901 0.1801 2.1779 0.3744 0.1358 
3.0101 0.1801 2.1801 0.3706 0.1991 
3.0201 0.1901 2.1762 0.4150 0.2327 
2.9901 0.1801 2.1779 0.3744 0.1358 
3.0101 0.1801 2.1801 0.3706 0.1991 
3.0201 0.1757 2.1801 0.3583 0.2291 
3.0201 0.1901 2.1762 0.4150 0.2327 
3.0101 0.1801 2.1801 0.3706 0.1991 
3.0201 0.1901 2.1762 0.4150 0.2327 
3.0101 0.1801 2.1801 0.3706 0.1991 
3.0201 0.1757 2.1801 0.3583 0.2291 
3.0301 0.1801 2.1770 0.3836 0.2614 
3.0201 0.1901 2.1762 0.4150 0.2327 
3.0201 0.1901 2.1762 0.4150 0.2327 
3.0301 0.1801 2.1770 0.3836 0.2614 
3.0301 0.2001 2.1757 0.4476 0.2669 
3.0701 0.1601 2.1720 0.3425 0.3878 
3.0301 0.2001 2.1757 0.4476 0.2669 
3.0301 0.1801 2.1770 0.3836 0.2614 
3.0701 0.1901 2.1734 0.4317 0.3899 
3.0301 0.2001 2.1757 0.4476 0.2669 
3.0701 0.1601 2.1720 0.3425 0.3878 
3.0601 0.2101 2.1757 0.4800 0.3610 
3.0301 0.2001 2.1757 0.4476 0.2669 
3.0701 0.1901 2.1734 0.4317 0.3899 
3.0701 0.1401 2.1753 0.2634 0.3872 
3.0701 0.1601 2.1720 0.3425 0.3878 
3.0501 0.1401 2.1739 0.2642 0.3166 
3.0701 0.1701 2.1735 0.3701 0.3887 
3.0701 0.1901 2.1734 0.4317 0.3899 
3.0701 0.1601 2.1720 0.3425 0.3878 
3.1001 0.1801 2.1749 0.4015 0.4863 
3.0701 0.1901 2.1734 0.4317 0.3899 
3.1001 0.1501 2.1727 0.3120 0.4906 
3.1001 0.1501 2.1727 0.3120 0.4906 
3.0701 0.1901 2.1734 0.4317 0.3899 
3.0701 0.1701 2.1735 0.3701 0.3887 
3.1101 0.1801 2.1806 0.3849 0.5184 
3.1001 0.1801 2.1749 0.4015 0.4863 
3.1001 0.1501 2.1727 0.3120 0.4906 
3.1001 0.1801 2.1749 0.4015 0.4863 
3.0701 0.2001 2.1727 0.4631 0.3903 
3.0701 0.1901 2.1734 0.4317 0.3899 
3.1201 0.1901 2.1725 0.4425 0.5482 
3.0701 0.2001 2.1727 0.4631 0.3903 
3.1001 0.1801 2.1749 0.4015 0.4863 
2.9501 0.2101 2.1801 0.4501 0.0558 
2.9501 0.2101 2.1801 0.4501 0.0558 
2.9501 0.2201 2.1799 0.4785 0.0586 
2.9501 0.2101 2.1801 0.4501 0.0558 
2.9501 0.2101 2.1801 0.4501 0.0558 
2.9501 0.2101 2.1801 0.4501 0.0558 
2.9501 0.2101 2.1801 0.4501 0.0558 
2.9501 0.2101 2.1801 0.4501 0.0558 
2.9501 0.2101 2.1801 0.4501 0.0558 
2.9501 0.2101 2.1801 0.4501 0.0558 
2.9501 0.2101 2.1801 0.4501 0.0558 
2.9501 0.2001 2.1793 0.4238 0.0537 
2.9501 0.2101 2.1801 0.4501 0.0558 
2.9501 0.2001 2.1793 0.4238 0.0537 
2.9601 0.2101 2.1800 0.4520 0.0723 
2.9501 0.2101 2.1801 0.4501 0.0558 
2.9501 0.2101 2.1801 0.4501 0.0558 
2.9601 0.2101 2.1800 0.4520 0.0723 
2.9501 0.2101 2.1801 0.4501 0.0558 
2.9601 0.2101 2.1800 0.4520 0.0723 
2.9501 0.2201 2.1799 0.4785 0.0586 
2.9901 0.2301 2.1773 0.5187 0.1601 
2.9501 0.2201 2.1799 0.4785 0.0586 
2.9601 0.2101 2.1800 0.4520 0.0723 
3.0201 0.1901 2.1762 0.4150 0.2327 
2.9901 0.2301 2.1773 0.5187 0.1601 
2.9601 0.2101 2.1800 0.4520 0.0723 
2.9901 0.2301 2.1773 0.5187 0.1601 
2.9701 0.2601 2.1796 0.5834 0.1212 
2.9501 0.2201 2.1799 0.4785 0.0586 
3.0001 0.2501 2.1787 0.5660 0.1971 
2.9701 0.2601 2.1796 0.5834 0.1212 
2.9901 0.2301 2.1773 0.5187 0.1601 
2.9501 0.2101 2.1801 0.4501 0.0558 
2.9501 0.2101 2.1801 0.4501 0.0558 
2.9501 0.2101 2.1801 0.4501 0.0558 
2.9501 0.2101 2.1801 0.4501 0.0558 
2.9501 0.2101 2.1801 0.4501 0.0558 
2.9501 0.2101 2.1801 0.4501 0.0558 
2.9801 0.2701 2.1801 0.6061 0.1519 
2.9701 0.2701 2.1806 0.6033 0.1264 
2.9701 0.2601 2.1796 0.5834 0.1212 
2.9801 0.2701 2.1801 0.6061 0.1519 
2.9701 0.2601 2.1796 0.5834 0.1212 
2.9801 0.2701 2.1801 0.6061 0.1519 
2.9801 0.2701 2.1801 0.6061 0.1519 
2.9701 0.2601 2.1796 0.5834 0.1212 
2.9901 0.2682 2.1801 0.6029 0.1776 
2.9901 0.2682 2.1801 0.6029 0.1776 
2.9801 0.2701 2.1801 0.6061 0.1519 
2.9801 0.2701 2.1801 0.6061 0.1519 
2.9801 0.2701 2.1801 0.6061 0.1519 
2.9801 0.2701 2.1801 0.6061 0.1519 
2.9801 0.2701 2.1801 0.6061 0.1519 
2.9801 0.2701 2.1801 0.6061 0.1519 
2.9801 0.2701 2.1801 0.6061 0.1519 
2.9801 0.2701 2.1801 0.6061 0.1519 
2.9801 0.3001 2.1801 0.6711 0.1643 
2.9801 0.3001 2.1801 0.6711 0.1643 
2.9801 0.3001 2.1801 0.6711 0.1643 
2.9801 0.3001 2.1801 0.6711 0.1643 
2.9801 0.3001 2.1801 0.6711 0.1643 
2.9801 0.3001 2.1801 0.6711 0.1643 
2.9301 0.2701 2.1807 0.5984 0.0528 
2.9501 0.2201 2.1799 0.4785 0.0586 
2.9701 0.2601 2.1796 0.5834 0.1212 
2.9901 0.2682 2.1801 0.6029 0.1776 
2.9701 0.2601 2.1796 0.5834 0.1212 
3.0001 0.2501 2.1787 0.5660 0.1971 
2.9701 0.2601 2.1796 0.5834 0.1212 
2.9601 0.2901 2.1821 0.6420 0.1117 
2.9301 0.2701 2.1807 0.5984 0.0528 
2.9701 0.2701 2.1806 0.6033 0.1264 
2.9601 0.2901 2.1821 0.6420 0.1117 
2.9701 0.2601 2.1796 0.5834 0.1212 
2.9801 0.2801 2.1804 0.6274 0.1564 
2.9601 0.2901 2.1821 0.6420 0.1117 
2.9701 0.2701 2.1806 0.6033 0.1264 
2.9801 0.2701 2.1801 0.6061 0.1519 
2.9701 0.2701 2.1806 0.6033 0.1264 
2.9801 0.2701 2.1801 0.6061 0.1519 
2.9801 0.2701 2.1801 0.6061 0.1519 
2.9801 0.2801 2.1804 0.6274 0.1564 
2.9701 0.2701 2.1806 0.6033 0.1264 
2.9801 0.2701 2.1801 0.6061 0.1519 
2.9801 0.2801 2.1804 0.6274 0.1564 
2.9801 0.2701 2.1801 0.6061 0.1519 
2.9801 0.2701 2.1801 0.6061 0.1519 
2.9901 0.2682 2.1801 0.6029 0.1776 
2.9801 0.2801 2.1804 0.6274 0.1564 
2.9701 0.2901 2.1906 0.6178 0.1401 
2.9601 0.2901 2.1821 0.6420 0.1117 
2.9801 0.2801 2.1804 0.6274 0.1564 
3.0001 0.2901 2.1808 0.6504 0.2121 
2.9701 0.2901 2.1906 0.6178 0.1401 
2.9801 0.2801 2.1804 0.6274 0.1564 
2.9701 0.3001 2.1822 0.6639 0.1404 
2.9401 0.3201 2.1828 0.6991 0.0816 
2.9601 0.2901 2.1821 0.6420 0.1117 
2.9601 0.2901 2.1821 0.6420 0.1117 
2.9701 0.2901 2.1906 0.6178 0.1401 
2.9701 0.3001 2.1822 0.6639 0.1404 
2.9801 0.3001 2.1801 0.6711 0.1643 
2.9701 0.3001 2.1822 0.6639 0.1404 
2.9701 0.2901 2.1906 0.6178 0.1401 
2.9801 0.3001 2.1801 0.6711 0.1643 
2.9801 0.3001 2.1801 0.6711 0.1643 
2.9701 0.3001 2.1822 0.6639 0.1404 
2.9801 0.3001 2.1801 0.6711 0.1643 
2.9901 0.3001 2.1804 0.6712 0.1898 
2.9801 0.3001 2.1801 0.6711 0.1643 
2.9801 0.3001 2.1801 0.6711 0.1643 
2.9701 0.2901 2.1906 0.6178 0.1401 
2.9901 0.3001 2.1804 0.6712 0.1898 
2.9701 0.2901 2.1906 0.6178 0.1401 
3.0001 0.2901 2.1808 0.6504 0.2121 
2.9901 0.3001 2.1804 0.6712 0.1898 
3.0001 0.2501 2.1787 0.5660 0.1971 
2.9901 0.2301 2.1773 0.5187 0.1601 
3.0301 0.2001 2.1757 0.4476 0.2669 
3.0301 0.2001 2.1757 0.4476 0.2669 
2.9901 0.2301 2.1773 0.5187 0.1601 
3.0201 0.1901 2.1762 0.4150 0.2327 
3.0301 0.2301 2.1762 0.5276 0.2753 
3.0001 0.2501 2.1787 0.5660 0.1971 
3.0301 0.2001 2.1757 0.4476 0.2669 
3.0601 0.2101 2.1757 0.4800 0.3610 
3.0301 0.2301 2.1762 0.5276 0.2753 
3.0301 0.2001 2.1757 0.4476 0.2669 
2.9901 0.2682 2.1801 0.6029 0.1776 
3.0001 0.2501 2.1787 0.5660 0.1971 
3.0301 0.2301 2.1762 0.5276 0.2753 
3.0501 0.2601 2.1762 0.6034 0.3382 
2.9901 0.2682 2.1801 0.6029 0.1776 
3.0301 0.2301 2.1762 0.5276 0.2753 
3.0701 0.2001 2.1727 0.4631 0.3903 
3.0601 0.2101 2.1757 0.4800 0.3610 
3.0701 0.1901 2.1734 0.4317 0.3899 
3.1201 0.1901 2.1725 0.4425 0.5482 
3.1201 0.2001 2.1739 0.4667 0.5457 
3.0701 0.2001 2.1727 0.4631 0.3903 
3.0801 0.2301 2.1763 0.5339 0.4218 
3.0601 0.2101 2.1757 0.4800 0.3610 
3.0701 0.2001 2.1727 0.4631 0.3903 
3.0901 0.2201 2.1743 0.5155 0.4515 
3.0801 0.2301 2.1763 0.5339 0.4218 
3.1201 0.2001 2.1739 0.4667 0.5457 
3.1201 0.2001 2.1739 0.4667 0.5457 
3.0801 0.2301 2.1763 0.5339 0.4218 
3.0701 0.2001 2.1727 0.4631 0.3903 
3.0501 0.2601 2.1762 0.6034 0.3382 
3.0301 0.2301 2.1762 0.5276 0.2753 
3.0601 0.2101 2.1757 0.4800 0.3610 
3.0801 0.2301 2.1763 0.5339 0.4218 
3.0501 0.2601 2.1762 0.6034 0.3382 
3.0601 0.2101 2.1757 0.4800 0.3610 
3.1401 0.2301 2.1731 0.5521 0.5973 
3.0801 0.2801 2.1761 0.6520 0.4215 
3.0801 0.2301 2.1763 0.5339 0.4218 
3.0201 0.2901 2.1795 0.6565 0.2639 
2.9801 0.2801 2.1804 0.6274 0.1564 
2.9901 0.2682 2.1801 0.6029 0.1776 
3.0301 0.2801 2.1792 0.6370 0.2880 
3.0201 0.2901 2.1795 0.6565 0.2639 
3.0501 0.2601 2.1762 0.6034 0.3382 
3.0501 0.2601 2.1762 0.6034 0.3382 
3.0201 0.2901 2.1795 0.6565 0.2639 
2.9901 0.2682 2.1801 0.6029 0.1776 
3.0001 0.2901 2.1808 0.6504 0.2121 
2.9801 0.2801 2.1804 0.6274 0.1564 
3.0201 0.2901 2.1795 0.6565 0.2639 
3.0301 0.2901 2.1801 0.6557 0.2904 
3.0301 0.2901 2.1801 0.6557 0.2904 
3.0201 0.2901 2.1795 0.6565 0.2639 
3.0301 0.2901 2.1801 0.6557 0.2904 
3.0201 0.2901 2.1795 0.6565 0.2639 
3.0301 0.2801 2.1792 0.6370 0.2880 
3.0301 0.2901 2.1801 0.6557 0.2904 
3.0301 0.2901 2.1801 0.6557 0.2904 
3.0301 0.2801 2.1792 0.6370 0.2880 
3.0301 0.2901 2.1801 0.6557 0.2904 
3.0301 0.2801 2.1792 0.6370 0.2880 
3.0401 0.2901 2.1781 0.6629 0.3162 
3.0201 0.2901 2.1795 0.6565 0.2639 
3.0101 0.3101 2.1787 0.6988 0.2431 
3.0001 0.2901 2.1808 0.6504 0.2121 
3.0301 0.2901 2.1801 0.6557 0.2904 
3.0301 0.2901 2.1801 0.6557 0.2904 
3.0301 0.3001 2.1786 0.6808 0.2920 
3.0301 0.2901 2.1801 0.6557 0.2904 
3.0301 0.3001 2.1786 0.6808 0.2920 
3.0201 0.2901 2.1795 0.6565 0.2639 
3.0301 0.2901 2.1801 0.6557 0.2904 
3.0301 0.2901 2.1801 0.6557 0.2904 
3.0401 0.2901 2.1781 0.6629 0.3162 
3.0301 0.2901 2.1801 0.6557 0.2904 
3.0401 0.2901 2.1781 0.6629 0.3162 
3.0301 0.3001 2.1786 0.6808 0.2920 
3.0401 0.3060 2.1801 0.6895 0.3192 
3.0301 0.3001 2.1786 0.6808 0.2920 
3.0401 0.2901 2.1781 0.6629 0.3162 
3.0301 0.2901 2.1801 0.6557 0.2904 
3.0301 0.2901 2.1801 0.6557 0.2904 
3.0301 0.2901 2.1801 0.6557 0.2904 
3.0301 0.2901 2.1801 0.6557 0.2904 
3.0301 0.2901 2.1801 0.6557 0.2904 
3.0301 0.2901 2.1801 0.6557 0.2904 
3.0301 0.2901 2.1801 0.6557 0.2904 
3.0301 0.2901 2.1801 0.6557 0.2904 
3.0301 0.2901 2.1801 0.6557 0.2904 
3.0301 0.2901 2.1801 0.6557 0.2904 
3.0301 0.2901 2.1801 0.6557 0.2904 
3.0301 0.2901 2.1801 0.6557 0.2904 
3.0801 0.2801 2.1761 0.6520 0.4215 
3.0501 0.2601 2.1762 0.6034 0.3382 
3.0801 0.2301 2.1763 0.5339 0.4218 
3.0801 0.2801 2.1761 0.6520 0.4215 
3.0801 0.3001 2.1774 0.6900 0.4215 
3.0501 0.2601 2.1762 0.6034 0.3382 
3.0801 0.3001 2.1774 0.6900 0.4215 
3.0401 0.2901 2.1781 0.6629 0.3162 
3.0501 0.2601 2.1762 0.6034 0.3382 
3.0501 0.2601 2.1762 0.6034 0.3382 
3.0401 0.2901 2.1781 0.6629 0.3162 
3.0301 0.2801 2.1792 0.6370 0.2880 
3.1001 0.2901 2.1811 0.6604 0.4744 
3.0801 0.3001 2.1774 0.6900 0.4215 
3.0801 0.2801 2.1761 0.6520 0.4215 
3.0401 0.2901 2.1781 0.6629 0.3162 
3.0801 0.3001 2.1774 0.6900 0.4215 
3.0701 0.3001 2.1819 0.6752 0.3962 
3.0801 0.3001 2.1774 0.6900 0.4215 
3.1001 0.2901 2.1811 0.6604 0.4744 
3.1001 0.3001 2.1764 0.6950 0.4734 
3.0701 0.3001 2.1819 0.6752 0.3962 
3.0401 0.3060 2.1801 0.6895 0.3192 
3.0401 0.2901 2.1781 0.6629 0.3162 
2.9101 0.4401 2.1972 0.8566 0.0797 
2.8901 0.4401 2.1874 0.8813 0.0540 
2.9001 0.4101 2.1851 0.8444 0.0552 
2.8801 0.4601 2.1896 0.9022 0.0528 
2.9101 0.4401 2.1972 0.8566 0.0797 
2.9001 0.4601 2.1882 0.9073 0.0683 
2.8801 0.4601 2.1896 0.9022 0.0528 
2.8901 0.4687 2.2001 0.8871 0.0619 
2.8801 0.4701 2.2001 0.8883 0.0542 
2.8801 0.4601 2.1896 0.9022 0.0528 
2.9001 0.4601 2.1882 0.9073 0.0683 
2.8901 0.4687 2.2001 0.8871 0.0619 
2.8901 0.4687 2.2001 0.8871 0.0619 
2.9001 0.4601 2.1882 0.9073 0.0683 
2.8901 0.4701 2.2016 0.8853 0.0627 
2.8801 0.4701 2.2001 0.8883 0.0542 
2.8801 0.4701 2.2001 0.8883 0.0542 
2.8801 0.4801 2.1932 0.9191 0.0546 
2.8901 0.4701 2.2016 0.8853 0.0627 
2.8801 0.4801 2.1932 0.9191 0.0546 
2.8801 0.4701 2.2001 0.8883 0.0542 
2.8901 0.4701 2.2016 0.8853 0.0627 
2.9101 0.4801 2.1986 0.9073 0.0940 
2.8901 0.4901 2.1879 0.9462 0.0642 
2.9501 0.3501 2.1836 0.7538 0.1157 
2.9401 0.3201 2.1828 0.6991 0.0816 
2.9701 0.3001 2.1822 0.6639 0.1404 
2.9501 0.3501 2.1836 0.7538 0.1157 
2.9201 0.3501 2.1835 0.7513 0.0603 
2.9401 0.3201 2.1828 0.6991 0.0816 
2.9401 0.3201 2.1828 0.6991 0.0816 
2.9201 0.3501 2.1835 0.7513 0.0603 
2.9201 0.3301 2.1851 0.7096 0.0558 
2.9801 0.3001 2.1801 0.6711 0.1643 
2.9801 0.3001 2.1801 0.6711 0.1643 
2.9801 0.3001 2.1801 0.6711 0.1643 
2.9801 0.3001 2.1801 0.6711 0.1643 
2.9801 0.3001 2.1801 0.6711 0.1643 
2.9801 0.3001 2.1801 0.6711 0.1643 
2.9801 0.3001 2.1801 0.6711 0.1643 
2.9701 0.3001 2.1822 0.6639 0.1404 
2.9801 0.3001 2.1801 0.6711 0.1643 
2.9801 0.3001 2.1801 0.6711 0.1643 
2.9801 0.3101 2.1820 0.6858 0.1690 
2.9701 0.3001 2.1822 0.6639 0.1404 
2.9801 0.3001 2.1801 0.6711 0.1643 
2.9801 0.3101 2.1820 0.6858 0.1690 
2.9801 0.3001 2.1801 0.6711 0.1643 
2.9801 0.3001 2.1801 0.6711 0.1643 
2.9901 0.3001 2.1804 0.6712 0.1898 
2.9801 0.3101 2.1820 0.6858 0.1690 
3.0001 0.2901 2.1808 0.6504 0.2121 
2.9801 0.3101 2.1820 0.6858 0.1690 
2.9901 0.3001 2.1804 0.6712 0.1898 
2.9801 0.3101 2.1820 0.6858 0.1690 
2.9701 0.3201 2.1860 0.6928 0.1504 
2.9701 0.3001 2.1822 0.6639 0.1404 
3.0101 0.3201 2.1867 0.6946 0.2485 
2.9701 0.3201 2.1860 0.6928 0.1504 
2.9801 0.3101 2.1820 0.6858 0.1690 
2.9701 0.3201 2.1860 0.6928 0.1504 
2.9501 0.3501 2.1836 0.7538 0.1157 
2.9701 0.3001 2.1822 0.6639 0.1404 
3.0001 0.3301 2.1820 0.7266 0.2250 
2.9701 0.3201 2.1860 0.6928 0.1504 
3.0101 0.3201 2.1867 0.6946 0.2485 
3.0001 0.3301 2.1820 0.7266 0.2250 
2.9501 0.3501 2.1836 0.7538 0.1157 
2.9701 0.3201 2.1860 0.6928 0.1504 
3.0001 0.3301 2.1820 0.7266 0.2250 
2.9601 0.3601 2.1835 0.7725 0.1418 
2.9501 0.3501 2.1836 0.7538 0.1157 
3.0001 0.3401 2.1864 0.7325 0.2294 
2.9601 0.3601 2.1835 0.7725 0.1418 
3.0001 0.3301 2.1820 0.7266 0.2250 
2.9501 0.3501 2.1836 0.7538 0.1157 
2.9201 0.3901 2.1852 0.8143 0.0739 
2.9201 0.3501 2.1835 0.7513 0.0603 
2.9501 0.3901 2.1849 0.8178 0.1320 
2.9201 0.3901 2.1852 0.8143 0.0739 
2.9601 0.3601 2.1835 0.7725 0.1418 
2.9601 0.3601 2.1835 0.7725 0.1418 
2.9201 0.3901 2.1852 0.8143 0.0739 
2.9501 0.3501 2.1836 0.7538 0.1157 
2.9201 0.3901 2.1852 0.8143 0.0739 
2.9501 0.3901 2.1849 0.8178 0.1320 
2.9401 0.3901 2.1921 0.7969 0.1142 
2.9201 0.3901 2.1852 0.8143 0.0739 
2.9401 0.3901 2.1921 0.7969 0.1142 
2.9401 0.4001 2.1859 0.8298 0.1155 
2.9401 0.4001 2.1859 0.8298 0.1155 
2.9401 0.3901 2.1921 0.7969 0.1142 
2.9501 0.3901 2.1849 0.8178 0.1320 
2.9801 0.3701 2.1839 0.7902 0.1908 
2.9601 0.3601 2.1835 0.7725 0.1418 
3.0001 0.3401 2.1864 0.7325 0.2294 
2.9701 0.3901 2.1852 0.8184 0.1754 
2.9501 0.3901 2.1849 0.8178 0.1320 
2.9601 0.3601 2.1835 0.7725 0.1418 
2.9801 0.3701 2.1839 0.7902 0.1908 
2.9701 0.3901 2.1852 0.8184 0.1754 
2.9601 0.3601 2.1835 0.7725 0.1418 
2.9801 0.3801 2.1880 0.7954 0.1954 
2.9701 0.3901 2.1852 0.8184 0.1754 
2.9801 0.3701 2.1839 0.7902 0.1908 
2.9901 0.3901 2.1835 0.8249 0.2192 
2.9801 0.3801 2.1880 0.7954 0.1954 
2.9801 0.3701 2.1839 0.7902 0.1908 
3.0001 0.3801 2.1855 0.8041 0.2397 
2.9901 0.3901 2.1835 0.8249 0.2192 
2.9801 0.3701 2.1839 0.7902 0.1908 
2.9701 0.3901 2.1852 0.8184 0.1754 
2.9401 0.4001 2.1859 0.8298 0.1155 
2.9501 0.3901 2.1849 0.8178 0.1320 
2.9801 0.3801 2.1880 0.7954 0.1954 
2.9901 0.3901 2.1835 0.8249 0.2192 
2.9701 0.3901 2.1852 0.8184 0.1754 
3.0001 0.2901 2.1808 0.6504 0.2121 
3.0101 0.3101 2.1787 0.6988 0.2431 
2.9801 0.3101 2.1820 0.6858 0.1690 
3.0401 0.3101 2.1784 0.7026 0.3195 
3.0101 0.3101 2.1787 0.6988 0.2431 
3.0301 0.3001 2.1786 0.6808 0.2920 
3.0301 0.3001 2.1786 0.6808 0.2920 
3.0101 0.3101 2.1787 0.6988 0.2431 
3.0201 0.2901 2.1795 0.6565 0.2639 
3.0401 0.3060 2.1801 0.6895 0.3192 
3.0401 0.3101 2.1784 0.7026 0.3195 
3.0301 0.3001 2.1786 0.6808 0.2920 
3.0501 0.3101 2.1801 0.6987 0.3453 
3.0401 0.3101 2.1784 0.7026 0.3195 
3.0401 0.3060 2.1801 0.6895 0.3192 
3.0501 0.3101 2.1801 0.6987 0.3453 
3.0501 0.3101 2.1801 0.6987 0.3453 
3.0401 0.3060 2.1801 0.6895 0.3192 
3.0401 0.3101 2.1784 0.7026 0.3195 
3.0501 0.3101 2.1801 0.6987 0.3453 
3.0501 0.3101 2.1801 0.6987 0.3453 
3.0101 0.3101 2.1787 0.6988 0.2431 
3.0101 0.3201 2.1867 0.6946 0.2485 
2.9801 0.3101 2.1820 0.6858 0.1690 
3.0101 0.3201 2.1867 0.6946 0.2485 
3.0101 0.3101 2.1787 0.6988 0.2431 
3.0201 0.3201 2.1910 0.6833 0.2745 
3.0201 0.3201 2.1910 0.6833 0.2745 
3.0101 0.3101 2.1787 0.6988 0.2431 
3.0401 0.3101 2.1784 0.7026 0.3195 
3.0501 0.3301 2.1850 0.7226 0.3486 
3.0201 0.3201 2.1910 0.6833 0.2745 
3.0401 0.3101 2.1784 0.7026 0.3195 
3.0501 0.3101 2.1801 0.6987 0.3453 
3.0501 0.3301 2.1850 0.7226 0.3486 
3.0401 0.3101 2.1784 0.7026 0.3195 
3.0201 0.3201 2.1910 0.6833 0.2745 
3.0201 0.3301 2.1819 0.7288 0.2740 
3.0101 0.3201 2.1867 0.6946 0.2485 
3.0101 0.3201 2.1867 0.6946 0.2485 
3.0201 0.3301 2.1819 0.7288 0.2740 
3.0001 0.3301 2.1820 0.7266 0.2250 
3.0201 0.3301 2.1819 0.7288 0.2740 
3.0201 0.3201 2.1910 0.6833 0.2745 
3.0501 0.3301 2.1850 0.7226 0.3486 
3.0201 0.3301 2.1819 0.7288 0.2740 
3.0001 0.3401 2.1864 0.7325 0.2294 
3.0001 0.3301 2.1820 0.7266 0.2250 
3.0501 0.3301 2.1850 0.7226 0.3486 
3.0001 0.3401 2.1864 0.7325 0.2294 
3.0201 0.3301 2.1819 0.7288 0.2740 
3.0601 0.3101 2.1797 0.7008 0.3708 
3.0501 0.3101 2.1801 0.6987 0.3453 
3.0501 0.3101 2.1801 0.6987 0.3453 
3.0701 0.3001 2.1819 0.6752 0.3962 
3.0801 0.3001 2.1774 0.6900 0.4215 
3.0601 0.3112 2.1801 0.7018 0.3709 
3.0801 0.3201 2.1801 0.7211 0.4217 
3.0801 0.3001 2.1774 0.6900 0.4215 
3.1001 0.3001 2.1764 0.6950 0.4734 
3.1001 0.3001 2.1764 0.6950 0.4734 
3.1001 0.3201 2.1775 0.7307 0.4717 
3.0801 0.3201 2.1801 0.7211 0.4217 
3.0501 0.3101 2.1801 0.6987 0.3453 
3.0601 0.3101 2.1797 0.7008 0.3708 
3.0601 0.3112 2.1801 0.7018 0.3709 
3.0501 0.3101 2.1801 0.6987 0.3453 
3.0501 0.3101 2.1801 0.6987 0.3453 
3.0601 0.3112 2.1801 0.7018 0.3709 
3.0601 0.3112 2.1801 0.7018 0.3709 
3.0801 0.3001 2.1774 0.6900 0.4215 
3.0801 0.3201 2.1801 0.7211 0.4217 
3.0901 0.3301 2.1780 0.7471 0.4462 
3.1001 0.3201 2.1775 0.7307 0.4717 
3.1201 0.3401 2.1778 0.7685 0.5188 
3.0801 0.3201 2.1801 0.7211 0.4217 
3.0601 0.3401 2.1806 0.7549 0.3731 
3.0501 0.3301 2.1850 0.7226 0.3486 
3.0801 0.3201 2.1801 0.7211 0.4217 
3.0901 0.3301 2.1780 0.7471 0.4462 
3.0901 0.3401 2.1833 0.7498 0.4462 
3.0601 0.3401 2.1806 0.7549 0.3731 
3.0801 0.3201 2.1801 0.7211 0.4217 
3.0901 0.3401 2.1833 0.7498 0.4462 
3.0901 0.3301 2.1780 0.7471 0.4462 
3.1201 0.3401 2.1778 0.7685 0.5188 
3.0901 0.3401 2.1833 0.7498 0.4462 
3.0601 0.3501 2.1801 0.7741 0.3737 
3.0601 0.3501 2.1801 0.7741 0.3737 
3.0601 0.3501 2.1801 0.7741 0.3737 
3.0601 0.3501 2.1801 0.7741 0.3737 
3.0601 0.3501 2.1801 0.7741 0.3737 
3.0601 0.3501 2.1801 0.7741 0.3737 
3.0501 0.3101 2.1801 0.6987 0.3453 
3.0701 0.3001 2.1819 0.6752 0.3962 
3.0601 0.3101 2.1797 0.7008 0.3708 
3.0401 0.3060 2.1801 0.6895 0.3192 
3.0701 0.3001 2.1819 0.6752 0.3962 
3.0501 0.3101 2.1801 0.6987 0.3453 
3.0601 0.3101 2.1797 0.7008 0.3708 
3.0701 0.3001 2.1819 0.6752 0.3962 
3.0601 0.3112 2.1801 0.7018 0.3709 
3.0601 0.3112 2.1801 0.7018 0.3709 
3.0501 0.3301 2.1850 0.7226 0.3486 
3.0501 0.3101 2.1801 0.6987 0.3453 
3.0501 0.3301 2.1850 0.7226 0.3486 
3.0601 0.3112 2.1801 0.7018 0.3709 
3.0801 0.3201 2.1801 0.7211 0.4217 
3.0901 0.3301 2.1780 0.7471 0.4462 
3.0801 0.3201 2.1801 0.7211 0.4217 
3.1001 0.3201 2.1775 0.7307 0.4717 
3.0601 0.3401 2.1806 0.7549 0.3731 
3.0501 0.3501 2.1816 0.7687 0.3500 
3.0501 0.3301 2.1850 0.7226 0.3486 
3.0601 0.3501 2.1801 0.7741 0.3737 
3.0601 0.3401 2.1806 0.7549 0.3731 
3.0601 0.3501 2.1801 0.7741 0.3737 
3.0601 0.3501 2.1801 0.7741 0.3737 
3.0501 0.3501 2.1816 0.7687 0.3500 
3.0601 0.3401 2.1806 0.7549 0.3731 
3.0601 0.3501 2.1801 0.7741 0.3737 
3.0701 0.3501 2.1805 0.7737 0.3977 
3.0601 0.3501 2.1801 0.7741 0.3737 
3.0601 0.3501 2.1801 0.7741 0.3737 
3.0601 0.3401 2.1806 0.7549 0.3731 
3.0701 0.3501 2.1805 0.7737 0.3977 
3.0701 0.3501 2.1805 0.7737 0.3977 
3.0901 0.3401 2.1833 0.7498 0.4462 
3.0901 0.3501 2.1782 0.7822 0.4454 
3.0701 0.3501 2.1805 0.7737 0.3977 
3.0601 0.3401 2.1806 0.7549 0.3731 
3.0901 0.3401 2.1833 0.7498 0.4462 
3.0901 0.3501 2.1782 0.7822 0.4454 
3.0901 0.3401 2.1833 0.7498 0.4462 
3.1101 0.3601 2.1858 0.7795 0.4924 
3.0401 0.3701 2.1825 0.7995 0.3289 
2.9801 0.3701 2.1839 0.7902 0.1908 
3.0001 0.3401 2.1864 0.7325 0.2294 
3.0501 0.3301 2.1850 0.7226 0.3486 
3.0401 0.3701 2.1825 0.7995 0.3289 
3.0001 0.3401 2.1864 0.7325 0.2294 
3.0501 0.3501 2.1816 0.7687 0.3500 
3.0401 0.3701 2.1825 0.7995 0.3289 
3.0501 0.3301 2.1850 0.7226 0.3486 
3.0401 0.3701 2.1825 0.7995 0.3289 
3.0001 0.3801 2.1855 0.8041 0.2397 
2.9801 0.3701 2.1839 0.7902 0.1908 
3.0601 0.3601 2.1802 0.7909 0.3743 
3.0401 0.3701 2.1825 0.7995 0.3289 
3.0501 0.3501 2.1816 0.7687 0.3500 
3.0401 0.4101 2.1866 0.8512 0.3345 
3.0101 0.4001 2.1831 0.8432 0.2660 
3.0401 0.3701 2.1825 0.7995 0.3289 
3.0401 0.3701 2.1825 0.7995 0.3289 
3.0101 0.4001 2.1831 0.8432 0.2660 
3.0001 0.3801 2.1855 0.8041 0.2397 
3.0601 0.3601 2.1802 0.7909 0.3743 
3.0401 0.4101 2.1866 0.8512 0.3345 
3.0401 0.3701 2.1825 0.7995 0.3289 
3.0001 0.3801 2.1855 0.8041 0.2397 
3.0101 0.4001 2.1831 0.8432 0.2660 
2.9901 0.4101 2.1874 0.8451 0.2257 
3.0601 0.3501 2.1801 0.7741 0.3737 
3.0601 0.3501 2.1801 0.7741 0.3737 
3.0601 0.3501 2.1801 0.7741 0.3737 
3.0601 0.3501 2.1801 0.7741 0.3737 
3.0601 0.3501 2.1801 0.7741 0.3737 
3.0601 0.3501 2.1801 0.7741 0.3737 
3.0901 0.3701 2.1793 0.8129 0.4447 
3.0601 0.3601 2.1802 0.7909 0.3743 
3.0701 0.3501 2.1805 0.7737 0.3977 
3.1001 0.3801 2.1801 0.8277 0.4673 
3.0901 0.3801 2.1803 0.8264 0.4444 
3.0901 0.3701 2.1793 0.8129 0.4447 
3.1001 0.3801 2.1801 0.8277 0.4673 
3.0901 0.3701 2.1793 0.8129 0.4447 
3.1001 0.3801 2.1801 0.8277 0.4673 
3.1001 0.3801 2.1801 0.8277 0.4673 
3.1001 0.3801 2.1801 0.8277 0.4673 
3.1001 0.3801 2.1801 0.8277 0.4673 
3.0601 0.3501 2.1801 0.7741 0.3737 
3.0501 0.3501 2.1816 0.7687 0.3500 
3.0601 0.3501 2.1801 0.7741 0.3737 
3.0601 0.3501 2.1801 0.7741 0.3737 
3.0601 0.3601 2.1802 0.7909 0.3743 
3.0501 0.3501 2.1816 0.7687 0.3500 
3.0601 0.3501 2.1801 0.7741 0.3737 
3.0601 0.3601 2.1802 0.7909 0.3743 
3.0601 0.3501 2.1801 0.7741 0.3737 
3.0601 0.3501 2.1801 0.7741 0.3737 
3.0701 0.3501 2.1805 0.7737 0.3977 
3.0601 0.3601 2.1802 0.7909 0.3743 
3.0901 0.3701 2.1793 0.8129 0.4447 
3.0701 0.3501 2.1805 0.7737 0.3977 
3.0901 0.3501 2.1782 0.7822 0.4454 
3.0601 0.4001 2.1806 0.8543 0.3768 
3.0401 0.4101 2.1866 0.8512 0.3345 
3.0601 0.3601 2.1802 0.7909 0.3743 
3.0701 0.3901 2.1876 0.8200 0.3997 
3.0601 0.4001 2.1806 0.8543 0.3768 
3.0901 0.3701 2.1793 0.8129 0.4447 
3.0901 0.3701 2.1793 0.8129 0.4447 
3.0601 0.4001 2.1806 0.8543 0.3768 
3.0601 0.3601 2.1802 0.7909 0.3743 
3.0901 0.3801 2.1803 0.8264 0.4444 
3.0701 0.3901 2.1876 0.8200 0.3997 
3.0901 0.3701 2.1793 0.8129 0.4447 
3.1001 0.3801 2.1801 0.8277 0.4673 
3.0901 0.3801 2.1803 0.8264 0.4444 
3.1001 0.3801 2.1801 0.8277 0.4673 
3.1001 0.3801 2.1801 0.8277 0.4673 
3.1001 0.3901 2.1835 0.8338 0.4668 
3.0901 0.3801 2.1803 0.8264 0.4444 
3.1001 0.3901 2.1835 0.8338 0.4668 
3.0701 0.3901 2.1876 0.8200 0.3997 
3.0901 0.3801 2.1803 0.8264 0.4444 
3.0701 0.4101 2.1856 0.8563 0.4000 
3.0601 0.4001 2.1806 0.8543 0.3768 
3.0701 0.3901 2.1876 0.8200 0.3997 
3.1001 0.3901 2.1835 0.8338 0.4668 
3.0701 0.4101 2.1856 0.8563 0.4000 
3.0701 0.3901 2.1876 0.8200 0.3997 
2.9101 0.4301 2.1871 0.8692 0.0727 
2.9001 0.4101 2.1851 0.8444 0.0552 
2.9201 0.3901 2.1852 0.8143 0.0739 
2.9201 0.3901 2.1852 0.8143 0.0739 
2.9001 0.4101 2.1851 0.8444 0.0552 
2.9001 0.4001 2.1886 0.8193 0.0543 
2.9301 0.4101 2.1815 0.8567 0.0978 
2.9101 0.4301 2.1871 0.8692 0.0727 
2.9401 0.4001 2.1859 0.8298 0.1155 
2.9401 0.4001 2.1859 0.8298 0.1155 
2.9101 0.4301 2.1871 0.8692 0.0727 
2.9201 0.3901 2.1852 0.8143 0.0739 
2.9501 0.4101 2.1809 0.8600 0.1378 
2.9301 0.4101 2.1815 0.8567 0.0978 
2.9401 0.4001 2.1859 0.8298 0.1155 
2.9407 0.4301 2.1901 0.8634 0.1295 
2.9101 0.4301 2.1871 0.8692 0.0727 
2.9301 0.4101 2.1815 0.8567 0.0978 
2.9501 0.4101 2.1809 0.8600 0.1378 
2.9407 0.4301 2.1901 0.8634 0.1295 
2.9301 0.4101 2.1815 0.8567 0.0978 
2.9101 0.4301 2.1871 0.8692 0.0727 
2.9101 0.4401 2.1972 0.8566 0.0797 
2.9001 0.4101 2.1851 0.8444 0.0552 
2.9407 0.4301 2.1901 0.8634 0.1295 
2.9101 0.4401 2.1972 0.8566 0.0797 
2.9101 0.4301 2.1871 0.8692 0.0727 
2.9401 0.4401 2.1942 0.8667 0.1334 
2.9101 0.4401 2.1972 0.8566 0.0797 
2.9407 0.4301 2.1901 0.8634 0.1295 
2.9407 0.4301 2.1901 0.8634 0.1295 
2.9501 0.4401 2.2031 0.8444 0.1565 
2.9401 0.4401 2.1942 0.8667 0.1334 
2.9001 0.4601 2.1882 0.9073 0.0683 
2.9101 0.4401 2.1972 0.8566 0.0797 
2.9501 0.4501 2.1910 0.8898 0.1554 
2.9101 0.4401 2.1972 0.8566 0.0797 
2.9401 0.4401 2.1942 0.8667 0.1334 
2.9501 0.4501 2.1910 0.8898 0.1554 
2.9501 0.4401 2.2031 0.8444 0.1565 
2.9501 0.4501 2.1910 0.8898 0.1554 
2.9401 0.4401 2.1942 0.8667 0.1334 
2.9407 0.4301 2.1901 0.8634 0.1295 
2.9501 0.4101 2.1809 0.8600 0.1378 
2.9701 0.3901 2.1852 0.8184 0.1754 
2.9701 0.3901 2.1852 0.8184 0.1754 
2.9501 0.4101 2.1809 0.8600 0.1378 
2.9401 0.4001 2.1859 0.8298 0.1155 
2.9901 0.4101 2.1874 0.8451 0.2257 
2.9407 0.4301 2.1901 0.8634 0.1295 
2.9901 0.3901 2.1835 0.8249 0.2192 
2.9901 0.3901 2.1835 0.8249 0.2192 
2.9407 0.4301 2.1901 0.8634 0.1295 
2.9701 0.3901 2.1852 0.8184 0.1754 
3.0001 0.3801 2.1855 0.8041 0.2397 
2.9901 0.4101 2.1874 0.8451 0.2257 
2.9901 0.3901 2.1835 0.8249 0.2192 
2.9701 0.4201 2.1948 0.8384 0.1883 
2.9601 0.4301 2.1875 0.8720 0.1680 
2.9901 0.4101 2.1874 0.8451 0.2257 
2.9901 0.4101 2.1874 0.8451 0.2257 
2.9601 0.4301 2.1875 0.8720 0.1680 
2.9407 0.4301 2.1901 0.8634 0.1295 
2.9901 0.4201 2.1845 0.8677 0.2274 
2.9701 0.4201 2.1948 0.8384 0.1883 
2.9901 0.4101 2.1874 0.8451 0.2257 
2.9901 0.4101 2.1874 0.8451 0.2257 
3.0201 0.4101 2.1921 0.8346 0.2921 
2.9901 0.4201 2.1845 0.8677 0.2274 
2.9901 0.4201 2.1845 0.8677 0.2274 
3.0201 0.4301 2.1864 0.8794 0.2941 
2.9801 0.4401 2.1938 0.8707 0.2143 
2.9601 0.4301 2.1875 0.8720 0.1680 
2.9701 0.4501 2.1924 0.8877 0.1961 
2.9601 0.4401 2.1941 0.8684 0.1735 
2.9701 0.4501 2.1924 0.8877 0.1961 
2.9601 0.4301 2.1875 0.8720 0.1680 
2.9801 0.4401 2.1938 0.8707 0.2143 
2.9501 0.4401 2.2031 0.8444 0.1565 
2.9601 0.4301 2.1875 0.8720 0.1680 
2.9601 0.4401 2.1941 0.8684 0.1735 
2.9501 0.4401 2.2031 0.8444 0.1565 
2.9407 0.4301 2.1901 0.8634 0.1295 
2.9601 0.4301 2.1875 0.8720 0.1680 
2.9601 0.4301 2.1875 0.8720 0.1680 
2.9701 0.4201 2.1948 0.8384 0.1883 
2.9801 0.4401 2.1938 0.8707 0.2143 
2.9901 0.4201 2.1845 0.8677 0.2274 
2.9801 0.4401 2.1938 0.8707 0.2143 
2.9701 0.4201 2.1948 0.8384 0.1883 
2.9501 0.4401 2.2031 0.8444 0.1565 
2.9601 0.4401 2.1941 0.8684 0.1735 
2.9501 0.4501 2.1910 0.8898 0.1554 
3.0001 0.4501 2.1882 0.9009 0.2563 
2.9701 0.4501 2.1924 0.8877 0.1961 
2.9801 0.4401 2.1938 0.8707 0.2143 
2.9523 0.4801 2.1901 0.9320 0.1688 
2.9601 0.4801 2.1801 0.9586 0.1807 
2.9401 0.4901 2.1891 0.9464 0.1482 
2.9001 0.5001 2.1824 0.9734 0.0790 
2.8901 0.4901 2.1879 0.9462 0.0642 
2.9101 0.4801 2.1986 0.9073 0.0940 
2.9401 0.4901 2.1891 0.9464 0.1482 
2.9401 0.5001 2.1923 0.9503 0.1524 
2.9301 0.5001 2.1811 0.9786 0.1300 
2.9401 0.5001 2.1923 0.9503 0.1524 
2.9401 0.4901 2.1891 0.9464 0.1482 
2.9601 0.4801 2.1801 0.9586 0.1807 
2.9501 0.4501 2.1910 0.8898 0.1554 
2.9101 0.4701 2.1993 0.8926 0.0908 
2.9001 0.4601 2.1882 0.9073 0.0683 
2.9501 0.4501 2.1910 0.8898 0.1554 
2.9301 0.4601 2.1957 0.8897 0.1217 
2.9101 0.4701 2.1993 0.8926 0.0908 
2.9701 0.4501 2.1924 0.8877 0.1961 
2.9301 0.4601 2.1957 0.8897 0.1217 
2.9501 0.4501 2.1910 0.8898 0.1554 
2.9001 0.4601 2.1882 0.9073 0.0683 
2.9101 0.4701 2.1993 0.8926 0.0908 
2.8901 0.4701 2.2016 0.8853 0.0627 
2.9301 0.4601 2.1957 0.8897 0.1217 
2.9101 0.4801 2.1986 0.9073 0.0940 
2.9101 0.4701 2.1993 0.8926 0.0908 
2.9701 0.4501 2.1924 0.8877 0.1961 
2.9301 0.4801 2.1960 0.9152 0.1287 
2.9301 0.4601 2.1957 0.8897 0.1217 
2.8901 0.4701 2.2016 0.8853 0.0627 
2.9101 0.4701 2.1993 0.8926 0.0908 
2.9101 0.4801 2.1986 0.9073 0.0940 
2.9523 0.4801 2.1901 0.9320 0.1688 
2.9301 0.4801 2.1960 0.9152 0.1287 
2.9701 0.4501 2.1924 0.8877 0.1961 
2.9101 0.4801 2.1986 0.9073 0.0940 
2.9301 0.4601 2.1957 0.8897 0.1217 
2.9201 0.5001 2.1872 0.9622 0.1140 
2.9201 0.5001 2.1872 0.9622 0.1140 
2.9301 0.4801 2.1960 0.9152 0.1287 
2.9301 0.5001 2.1811 0.9786 0.1300 
2.9301 0.4601 2.1957 0.8897 0.1217 
2.9301 0.4801 2.1960 0.9152 0.1287 
2.9201 0.5001 2.1872 0.9622 0.1140 
2.9301 0.5001 2.1811 0.9786 0.1300 
2.9301 0.4801 2.1960 0.9152 0.1287 
2.9401 0.4901 2.1891 0.9464 0.1482 
2.9301 0.4801 2.1960 0.9152 0.1287 
2.9523 0.4801 2.1901 0.9320 0.1688 
2.9401 0.4901 2.1891 0.9464 0.1482 
2.9601 0.4801 2.1801 0.9586 0.1807 
2.9601 0.4801 2.1801 0.9586 0.1807 
2.9601 0.4801 2.1801 0.9586 0.1807 
2.9601 0.4801 2.1801 0.9586 0.1807 
2.9601 0.4801 2.1801 0.9586 0.1807 
2.9601 0.4801 2.1801 0.9586 0.1807 
2.9601 0.4801 2.1801 0.9586 0.1807 
2.9601 0.4801 2.1801 0.9586 0.1807 
2.9601 0.4801 2.1801 0.9586 0.1807 
2.9601 0.4801 2.1801 0.9586 0.1807 
2.9601 0.4801 2.1801 0.9586 0.1807 
2.9601 0.4801 2.1801 0.9586 0.1807 
3.0001 0.4701 2.1907 0.9208 0.2610 
2.9901 0.4601 2.1963 0.8923 0.2403 
3.0001 0.4501 2.1882 0.9009 0.2563 
2.9601 0.4801 2.1801 0.9586 0.1807 
2.9523 0.4801 2.1901 0.9320 0.1688 
2.9601 0.4728 2.1901 0.9231 0.1818 
2.9601 0.4801 2.1801 0.9586 0.1807 
2.9601 0.4801 2.1801 0.9586 0.1807 
2.9601 0.4728 2.1901 0.9231 0.1818 
2.9701 0.4801 2.1901 0.9331 0.2035 
2.9601 0.4801 2.1801 0.9586 0.1807 
2.9601 0.4801 2.1801 0.9586 0.1807 
2.9701 0.4801 2.1901 0.9331 0.2035 
2.9601 0.4801 2.1801 0.9586 0.1807 
2.9701 0.4801 2.1901 0.9331 0.2035 
2.9701 0.4801 2.1901 0.9331 0.2035 
2.9601 0.4801 2.1801 0.9586 0.1807 
2.9601 0.4728 2.1901 0.9231 0.1818 
2.9701 0.4801 2.1901 0.9331 0.2035 
2.9701 0.4801 2.1901 0.9331 0.2035 
2.9701 0.4801 2.1901 0.9331 0.2035 
2.9601 0.4801 2.1801 0.9586 0.1807 
2.9523 0.4801 2.1901 0.9320 0.1688 
2.9601 0.4801 2.1801 0.9586 0.1807 
2.9601 0.4801 2.1801 0.9586 0.1807 
2.9601 0.4901 2.1872 0.9526 0.1858 
2.9601 0.4801 2.1801 0.9586 0.1807 
2.9601 0.4801 2.1801 0.9586 0.1807 
2.9701 0.4801 2.1901 0.9331 0.2035 
2.9601 0.4901 2.1872 0.9526 0.1858 
2.9701 0.4801 2.1901 0.9331 0.2035 
2.9701 0.4901 2.1880 0.9512 0.2054 
2.9601 0.4901 2.1872 0.9526 0.1858 
2.9701 0.4801 2.1901 0.9331 0.2035 
2.9801 0.4801 2.1917 0.9298 0.2236 
2.9701 0.4901 2.1880 0.9512 0.2054 
2.9701 0.4801 2.1901 0.9331 0.2035 
2.9701 0.4801 2.1901 0.9331 0.2035 
2.9701 0.4901 2.1880 0.9512 0.2054 
2.9501 0.5101 2.1780 0.9997 0.1694 
2.9401 0.5001 2.1923 0.9503 0.1524 
2.9601 0.4901 2.1872 0.9526 0.1858 
2.9601 0.4901 2.1872 0.9526 0.1858 
2.9401 0.5001 2.1923 0.9503 0.1524 
2.9601 0.4801 2.1801 0.9586 0.1807 
2.9701 0.4901 2.1880 0.9512 0.2054 
2.9501 0.5101 2.1780 0.9997 0.1694 
2.9601 0.4901 2.1872 0.9526 0.1858 
2.9801 0.4801 2.1917 0.9298 0.2236 
2.9901 0.4801 2.1929 0.9272 0.2437 
2.9901 0.5101 2.1851 0.9837 0.2479 
3.0001 0.5001 2.1853 0.9721 0.2654 
2.9901 0.5101 2.1851 0.9837 0.2479 
2.9901 0.4801 2.1929 0.9272 0.2437 
2.9601 0.4401 2.1941 0.8684 0.1735 
2.9701 0.4501 2.1924 0.8877 0.1961 
2.9501 0.4501 2.1910 0.8898 0.1554 
2.9901 0.4601 2.1963 0.8923 0.2403 
2.9701 0.4501 2.1924 0.8877 0.1961 
3.0001 0.4501 2.1882 0.9009 0.2563 
3.0001 0.4701 2.1907 0.9208 0.2610 
2.9601 0.4728 2.1901 0.9231 0.1818 
2.9901 0.4601 2.1963 0.8923 0.2403 
2.9901 0.4601 2.1963 0.8923 0.2403 
2.9601 0.4728 2.1901 0.9231 0.1818 
2.9701 0.4501 2.1924 0.8877 0.1961 
2.9523 0.4801 2.1901 0.9320 0.1688 
2.9701 0.4501 2.1924 0.8877 0.1961 
2.9601 0.4728 2.1901 0.9231 0.1818 
2.9701 0.4801 2.1901 0.9331 0.2035 
2.9801 0.4801 2.1917 0.9298 0.2236 
2.9701 0.4801 2.1901 0.9331 0.2035 
2.9701 0.4801 2.1901 0.9331 0.2035 
2.9601 0.4728 2.1901 0.9231 0.1818 
2.9801 0.4801 2.1917 0.9298 0.2236 
2.9601 0.4728 2.1901 0.9231 0.1818 
3.0001 0.4701 2.1907 0.9208 0.2610 
2.9801 0.4801 2.1917 0.9298 0.2236 
2.9901 0.4801 2.1929 0.9272 0.2437 
2.9801 0.4801 2.1917 0.9298 0.2236 
3.0001 0.4701 2.1907 0.9208 0.2610 
2.9901 0.4101 2.1874 0.8451 0.2257 
3.0101 0.4001 2.1831 0.8432 0.2660 
3.0201 0.4101 2.1921 0.8346 0.2921 
3.0201 0.4101 2.1921 0.8346 0.2921 
3.0101 0.4001 2.1831 0.8432 0.2660 
3.0401 0.4101 2.1866 0.8512 0.3345 
3.0201 0.4101 2.1921 0.8346 0.2921 
3.0201 0.4301 2.1864 0.8794 0.2941 
2.9901 0.4201 2.1845 0.8677 0.2274 
3.0401 0.4101 2.1866 0.8512 0.3345 
3.0201 0.4301 2.1864 0.8794 0.2941 
3.0201 0.4101 2.1921 0.8346 0.2921 
3.0301 0.4501 2.1930 0.8904 0.3193 
3.0201 0.4301 2.1864 0.8794 0.2941 
3.0501 0.4201 2.1830 0.8765 0.3566 
3.0501 0.4201 2.1830 0.8765 0.3566 
3.0201 0.4301 2.1864 0.8794 0.2941 
3.0401 0.4101 2.1866 0.8512 0.3345 
3.0601 0.4501 2.1869 0.9085 0.3804 
3.0301 0.4501 2.1930 0.8904 0.3193 
3.0501 0.4201 2.1830 0.8765 0.3566 
3.0201 0.4301 2.1864 0.8794 0.2941 
3.0301 0.4501 2.1930 0.8904 0.3193 
3.0001 0.4501 2.1882 0.9009 0.2563 
3.0201 0.4301 2.1864 0.8794 0.2941 
3.0001 0.4501 2.1882 0.9009 0.2563 
2.9801 0.4401 2.1938 0.8707 0.2143 
3.0601 0.4501 2.1869 0.9085 0.3804 
3.0601 0.4301 2.1873 0.8799 0.3794 
3.0701 0.4501 2.1870 0.9090 0.4011 
3.0701 0.4101 2.1856 0.8563 0.4000 
3.0401 0.4101 2.1866 0.8512 0.3345 
3.0601 0.4001 2.1806 0.8543 0.3768 
3.0901 0.4101 2.1844 0.8609 0.4437 
3.0701 0.4101 2.1856 0.8563 0.4000 
3.1001 0.3901 2.1835 0.8338 0.4668 
3.0601 0.4301 2.1873 0.8799 0.3794 
3.0501 0.4201 2.1830 0.8765 0.3566 
3.0701 0.4101 2.1856 0.8563 0.4000 
3.0701 0.4101 2.1856 0.8563 0.4000 
3.0501 0.4201 2.1830 0.8765 0.3566 
3.0401 0.4101 2.1866 0.8512 0.3345 
3.0801 0.4301 2.1859 0.8850 0.4218 
3.0601 0.4301 2.1873 0.8799 0.3794 
3.0901 0.4101 2.1844 0.8609 0.4437 
3.0901 0.4101 2.1844 0.8609 0.4437 
3.0601 0.4301 2.1873 0.8799 0.3794 
3.0701 0.4101 2.1856 0.8563 0.4000 
3.1001 0.4301 2.1831 0.8942 0.4642 
3.0801 0.4301 2.1859 0.8850 0.4218 
3.0901 0.4101 2.1844 0.8609 0.4437 
3.0601 0.4501 2.1869 0.9085 0.3804 
3.0501 0.4201 2.1830 0.8765 0.3566 
3.0601 0.4301 2.1873 0.8799 0.3794 
3.0801 0.4301 2.1859 0.8850 0.4218 
3.0701 0.4501 2.1870 0.9090 0.4011 
3.0601 0.4301 2.1873 0.8799 0.3794 
3.0901 0.4501 2.1896 0.9034 0.4427 
3.0801 0.4301 2.1859 0.8850 0.4218 
3.1001 0.4301 2.1831 0.8942 0.4642 
3.0901 0.4601 2.1840 0.9315 0.4421 
3.0701 0.4501 2.1870 0.9090 0.4011 
3.0801 0.4301 2.1859 0.8850 0.4218 
3.0901 0.4501 2.1896 0.9034 0.4427 
3.0901 0.4601 2.1840 0.9315 0.4421 
3.0801 0.4301 2.1859 0.8850 0.4218 
3.0001 0.4501 2.1882 0.9009 0.2563 
3.0301 0.4501 2.1930 0.8904 0.3193 
3.0301 0.4701 2.1885 0.9286 0.3209 
3.0001 0.4501 2.1882 0.9009 0.2563 
3.0301 0.4701 2.1885 0.9286 0.3209 
3.0001 0.4701 2.1907 0.9208 0.2610 
3.0001 0.4701 2.1907 0.9208 0.2610 
3.0301 0.4701 2.1885 0.9286 0.3209 
3.0201 0.4701 2.1930 0.9161 0.3017 
3.0301 0.4701 2.1885 0.9286 0.3209 
3.0601 0.4501 2.1869 0.9085 0.3804 
3.0601 0.4801 2.1885 0.9431 0.3820 
3.0501 0.4801 2.1920 0.9335 0.3625 
3.0001 0.5001 2.1853 0.9721 0.2654 
3.0301 0.4701 2.1885 0.9286 0.3209 
3.0301 0.4701 2.1885 0.9286 0.3209 
3.0601 0.4801 2.1885 0.9431 0.3820 
3.0501 0.4801 2.1920 0.9335 0.3625 
2.9901 0.4801 2.1929 0.9272 0.2437 
3.0201 0.4701 2.1930 0.9161 0.3017 
3.0001 0.5001 2.1853 0.9721 0.2654 
3.0501 0.5001 2.1859 0.9737 0.3630 
3.0401 0.5001 2.1898 0.9631 0.3441 
3.0501 0.4801 2.1920 0.9335 0.3625 
3.0301 0.4501 2.1930 0.8904 0.3193 
3.0601 0.4501 2.1869 0.9085 0.3804 
3.0301 0.4701 2.1885 0.9286 0.3209 
2.9901 0.4801 2.1929 0.9272 0.2437 
3.0001 0.4701 2.1907 0.9208 0.2610 
3.0201 0.4701 2.1930 0.9161 0.3017 
3.0301 0.4701 2.1885 0.9286 0.3209 
3.0001 0.5001 2.1853 0.9721 0.2654 
3.0201 0.4701 2.1930 0.9161 0.3017 
3.0001 0.5001 2.1853 0.9721 0.2654 
3.0501 0.4801 2.1920 0.9335 0.3625 
3.0301 0.4901 2.1905 0.9485 0.3237 
3.0401 0.5001 2.1898 0.9631 0.3441 
3.0301 0.4901 2.1905 0.9485 0.3237 
3.0501 0.4801 2.1920 0.9335 0.3625 
3.0701 0.4601 2.1901 0.9140 0.4017 
3.0701 0.4601 2.1901 0.9140 0.4017 
3.0601 0.4601 2.1892 0.9157 0.3811 
3.0701 0.4601 2.1901 0.9140 0.4017 
3.0601 0.4601 2.1892 0.9157 0.3811 
3.0701 0.4501 2.1870 0.9090 0.4011 
3.0701 0.4501 2.1870 0.9090 0.4011 
3.0601 0.4601 2.1892 0.9157 0.3811 
3.0601 0.4501 2.1869 0.9085 0.3804 
3.0701 0.4601 2.1901 0.9140 0.4017 
3.0701 0.4601 2.1901 0.9140 0.4017 
3.0701 0.4501 2.1870 0.9090 0.4011 
3.0701 0.4601 2.1901 0.9140 0.4017 
3.0701 0.4501 2.1870 0.9090 0.4011 
3.0901 0.4601 2.1840 0.9315 0.4421 
3.1001 0.4601 2.1924 0.9101 0.4629 
3.0901 0.4601 2.1840 0.9315 0.4421 
3.1001 0.4501 2.1853 0.9154 0.4632 
3.1001 0.4501 2.1853 0.9154 0.4632 
3.0901 0.4601 2.1840 0.9315 0.4421 
3.0901 0.4501 2.1896 0.9034 0.4427 
3.0701 0.4701 2.1903 0.9264 0.4019 
3.0601 0.4801 2.1885 0.9431 0.3820 
3.0601 0.4601 2.1892 0.9157 0.3811 
3.0601 0.4601 2.1892 0.9157 0.3811 
3.0601 0.4801 2.1885 0.9431 0.3820 
3.0601 0.4501 2.1869 0.9085 0.3804 
3.0601 0.4601 2.1892 0.9157 0.3811 
3.0701 0.4601 2.1901 0.9140 0.4017 
3.0701 0.4701 2.1903 0.9264 0.4019 
3.0701 0.4601 2.1901 0.9140 0.4017 
3.0901 0.4601 2.1840 0.9315 0.4421 
3.0708 0.4701 2.1901 0.9271 0.4032 
3.1001 0.4601 2.1924 0.9101 0.4629 
3.1001 0.4701 2.1883 0.9336 0.4622 
3.0901 0.4601 2.1840 0.9315 0.4421 
3.0601 0.4801 2.1885 0.9431 0.3820 
3.0708 0.4701 2.1901 0.9271 0.4032 
3.0901 0.4601 2.1840 0.9315 0.4421 
3.0601 0.4801 2.1885 0.9431 0.3820 
3.0901 0.4601 2.1840 0.9315 0.4421 
3.1001 0.4701 2.1883 0.9336 0.4622 
3.0501 0.4801 2.1920 0.9335 0.3625 
3.0601 0.4801 2.1885 0.9431 0.3820 
3.0501 0.5001 2.1859 0.9737 0.3630 
3.0501 0.5001 2.1859 0.9737 0.3630 
3.0601 0.4801 2.1885 0.9431 0.3820 
3.0601 0.5001 2.1866 0.9725 0.3826 
3.0801 0.4901 2.1868 0.9610 0.4217 
3.0601 0.5001 2.1866 0.9725 0.3826 
3.1001 0.4701 2.1883 0.9336 0.4622 
3.1001 0.4701 2.1883 0.9336 0.4622 
3.0601 0.5001 2.1866 0.9725 0.3826 
3.0601 0.4801 2.1885 0.9431 0.3820 
3.0601 0.5001 2.1866 0.9725 0.3826 
3.0801 0.4901 2.1868 0.9610 0.4217 
3.0801 0.5001 2.1762 1.0005 0.4207 
3.0701 0.4601 2.1901 0.9140 0.4017 
3.0701 0.4601 2.1901 0.9140 0.4017 
3.0701 0.4601 2.1901 0.9140 0.4017 
3.0701 0.4601 2.1901 0.9140 0.4017 
3.0701 0.4601 2.1901 0.9140 0.4017 
3.0701 0.4601 2.1901 0.9140 0.4017 
3.0701 0.4701 2.1903 0.9264 0.4019 
3.0701 0.4601 2.1901 0.9140 0.4017 
3.0701 0.4601 2.1901 0.9140 0.4017 
3.0708 0.4701 2.1901 0.9271 0.4032 
3.0701 0.4601 2.1901 0.9140 0.4017 
3.0701 0.4601 2.1901 0.9140 0.4017 
3.0701 0.4701 2.1903 0.9264 0.4019 
3.0701 0.4601 2.1901 0.9140 0.4017 
3.0708 0.4701 2.1901 0.9271 0.4032 
3.0601 0.4801 2.1885 0.9431 0.3820 
3.0701 0.4701 2.1903 0.9264 0.4019 
3.0708 0.4701 2.1901 0.9271 0.4032 
3.3101 0.4901 2.1779 0.9985 0.8739 
3.2901 0.4901 2.1768 1.0001 0.8353 
3.3001 0.4701 2.1734 0.9858 0.8669 
3.3301 0.4401 2.1734 0.9502 0.9467 
3.3001 0.4701 2.1734 0.9858 0.8669 
3.2801 0.4801 2.1772 0.9864 0.8205 
3.3501 0.4501 2.1714 0.9697 0.9818 
3.3301 0.4401 2.1734 0.9502 0.9467 
3.3301 0.4301 2.1694 0.9479 0.9556 
3.3201 0.4301 2.1753 0.9310 0.9317 
3.2801 0.4801 2.1772 0.9864 0.8205 
3.3001 0.4301 2.1742 0.9326 0.8901 
3.3301 0.4401 2.1734 0.9502 0.9467 
3.2801 0.4801 2.1772 0.9864 0.8205 
3.3201 0.4301 2.1753 0.9310 0.9317 
3.3301 0.4401 2.1734 0.9502 0.9467 
3.3201 0.4301 2.1753 0.9310 0.9317 
3.3301 0.4301 2.1694 0.9479 0.9556 
3.3301 0.4301 2.1694 0.9479 0.9556 
3.3201 0.4301 2.1753 0.9310 0.9317 
3.3001 0.4301 2.1742 0.9326 0.8901 
3.3001 0.4301 2.1742 0.9326 0.8901 
3.3101 0.4001 2.1718 0.8983 0.9325 
3.3301 0.4201 2.1738 0.9223 0.9605 
3.3101 0.4001 2.1718 0.8983 0.9325 
3.3001 0.4301 2.1742 0.9326 0.8901 
3.2701 0.4201 2.1775 0.9078 0.8311 
3.3301 0.3901 2.1704 0.8890 0.9848 
3.3301 0.4201 2.1738 0.9223 0.9605 
3.3101 0.4001 2.1718 0.8983 0.9325 
3.3301 0.4301 2.1694 0.9479 0.9556 
3.3501 0.4301 2.1667 0.9568 0.9992 
3.3501 0.4501 2.1714 0.9697 0.9818 
3.3301 0.4301 2.1694 0.9479 0.9556 
3.3301 0.4201 2.1738 0.9223 0.9605 
3.3501 0.4301 2.1667 0.9568 0.9992 
3.3301 0.4301 2.1694 0.9479 0.9556 
3.3001 0.4301 2.1742 0.9326 0.8901 
3.3301 0.4201 2.1738 0.9223 0.9605 
3.3101 0.3601 2.1737 0.8313 0.9612 
3.3301 0.3901 2.1704 0.8890 0.9848 
3.3101 0.4001 2.1718 0.8983 0.9325 
3.3101 0.4001 2.1718 0.8983 0.9325 
3.3001 0.3801 2.1685 0.8771 0.9261 
3.3101 0.3601 2.1737 0.8313 0.9612 
3.3301 0.3801 2.1672 0.8831 0.9946 
3.3301 0.3901 2.1704 0.8890 0.9848 
3.3101 0.3601 2.1737 0.8313 0.9612 
3.3101 0.3401 2.1686 0.8131 0.9804 
3.3101 0.3601 2.1737 0.8313 0.9612 
3.3001 0.3501 2.1702 0.8241 0.9476 
3.2801 0.4801 2.1772 0.9864 0.8205 
3.2501 0.4901 2.1792 0.9912 0.7564 
3.2401 0.4801 2.1784 0.9810 0.7410 
3.3001 0.4701 2.1734 0.9858 0.8669 
3.2901 0.4901 2.1768 1.0001 0.8353 
3.2801 0.4801 2.1772 0.9864 0.8205 
3.2801 0.4801 2.1772 0.9864 0.8205 
3.2401 0.4801 2.1784 0.9810 0.7410 
3.2801 0.4401 2.1762 0.9391 0.8417 
3.2401 0.4801 2.1784 0.9810 0.7410 
3.2401 0.4601 2.1788 0.9552 0.7490 
3.2501 0.4401 2.1789 0.9296 0.7783 
3.2401 0.4901 2.1801 0.9884 0.7367 
3.2401 0.4901 2.1801 0.9884 0.7367 
3.2401 0.4901 2.1801 0.9884 0.7367 
3.2401 0.4901 2.1801 0.9884 0.7367 
3.2401 0.4901 2.1801 0.9884 0.7367 
3.2401 0.4901 2.1801 0.9884 0.7367 
3.2401 0.4901 2.1801 0.9884 0.7367 
3.2401 0.4901 2.1801 0.9884 0.7367 
3.2401 0.4901 2.1801 0.9884 0.7367 
3.2401 0.4901 2.1801 0.9884 0.7367 
3.2401 0.4901 2.1801 0.9884 0.7367 
3.2401 0.4901 2.1801 0.9884 0.7367 
3.2001 0.4901 2.1829 0.9788 0.6578 
3.1801 0.4801 2.1806 0.9713 0.6213 
3.2301 0.4419 2.1801 0.9275 0.7356 
3.2301 0.4419 2.1801 0.9275 0.7356 
3.1801 0.4801 2.1806 0.9713 0.6213 
3.2101 0.4501 2.1801 0.9369 0.6911 
3.2401 0.4901 2.1801 0.9884 0.7367 
3.2401 0.4901 2.1801 0.9884 0.7367 
3.2501 0.4901 2.1792 0.9912 0.7564 
3.2401 0.4901 2.1801 0.9884 0.7367 
3.2401 0.4801 2.1784 0.9810 0.7410 
3.2501 0.4901 2.1792 0.9912 0.7564 
3.2401 0.4901 2.1801 0.9884 0.7367 
3.2401 0.4901 2.1801 0.9884 0.7367 
3.2401 0.4801 2.1784 0.9810 0.7410 
3.2401 0.4901 2.1801 0.9884 0.7367 
3.2301 0.4901 2.1749 1.0012 0.7182 
3.2401 0.4801 2.1784 0.9810 0.7410 
3.2401 0.4901 2.1801 0.9884 0.7367 
3.2401 0.4901 2.1801 0.9884 0.7367 
3.2301 0.4901 2.1749 1.0012 0.7182 
3.2401 0.4601 2.1788 0.9552 0.7490 
3.2301 0.4901 2.1749 1.0012 0.7182 
3.2001 0.4901 2.1829 0.9788 0.6578 
3.2401 0.4801 2.1784 0.9810 0.7410 
3.2301 0.4901 2.1749 1.0012 0.7182 
3.2401 0.4601 2.1788 0.9552 0.7490 
3.2401 0.4601 2.1788 0.9552 0.7490 
3.2001 0.4901 2.1829 0.9788 0.6578 
3.2301 0.4419 2.1801 0.9275 0.7356 
3.3001 0.4301 2.1742 0.9326 0.8901 
3.2801 0.4801 2.1772 0.9864 0.8205 
3.2801 0.4401 2.1762 0.9391 0.8417 
3.2801 0.4401 2.1762 0.9391 0.8417 
3.2401 0.4801 2.1784 0.9810 0.7410 
3.2501 0.4401 2.1789 0.9296 0.7783 
3.2801 0.4401 2.1762 0.9391 0.8417 
3.2501 0.4401 2.1789 0.9296 0.7783 
3.2701 0.4201 2.1775 0.9078 0.8311 
3.2701 0.4201 2.1775 0.9078 0.8311 
3.2501 0.4401 2.1789 0.9296 0.7783 
3.2601 0.4101 2.1707 0.9119 0.8174 
3.3001 0.4301 2.1742 0.9326 0.8901 
3.2801 0.4401 2.1762 0.9391 0.8417 
3.2701 0.4201 2.1775 0.9078 0.8311 
3.3101 0.4001 2.1718 0.8983 0.9325 
3.2701 0.4201 2.1775 0.9078 0.8311 
3.2701 0.4001 2.1737 0.8897 0.8438 
3.2701 0.4201 2.1775 0.9078 0.8311 
3.2601 0.4101 2.1707 0.9119 0.8174 
3.2701 0.4001 2.1737 0.8897 0.8438 
3.2401 0.4401 2.1801 0.9258 0.7572 
3.2401 0.4401 2.1801 0.9258 0.7572 
3.2401 0.4401 2.1801 0.9258 0.7572 
3.2301 0.4401 2.1805 0.9239 0.7363 
3.2401 0.4401 2.1801 0.9258 0.7572 
3.2301 0.4419 2.1801 0.9275 0.7356 
3.2301 0.4419 2.1801 0.9275 0.7356 
3.2401 0.4401 2.1801 0.9258 0.7572 
3.2401 0.4401 2.1801 0.9258 0.7572 
3.2301 0.4419 2.1801 0.9275 0.7356 
3.2101 0.4501 2.1801 0.9369 0.6911 
3.2201 0.4301 2.1770 0.9194 0.7202 
3.2401 0.4401 2.1801 0.9258 0.7572 
3.2401 0.4401 2.1801 0.9258 0.7572 
3.2401 0.4401 2.1801 0.9258 0.7572 
3.2401 0.4401 2.1801 0.9258 0.7572 
3.2301 0.4401 2.1805 0.9239 0.7363 
3.2401 0.4401 2.1801 0.9258 0.7572 
3.2012 0.4301 2.1801 0.9095 0.6793 
3.2001 0.4201 2.1801 0.8955 0.6805 
3.2001 0.4201 2.1801 0.8955 0.6805 
3.2001 0.4201 2.1801 0.8955 0.6805 
3.2001 0.4201 2.1801 0.8955 0.6805 
3.2001 0.4201 2.1801 0.8955 0.6805 
3.2401 0.4401 2.1801 0.9258 0.7572 
3.2501 0.4401 2.1789 0.9296 0.7783 
3.2401 0.4601 2.1788 0.9552 0.7490 
3.2401 0.4401 2.1801 0.9258 0.7572 
3.2401 0.4401 2.1801 0.9258 0.7572 
3.2501 0.4401 2.1789 0.9296 0.7783 
3.2401 0.4401 2.1801 0.9258 0.7572 
3.2401 0.4601 2.1788 0.9552 0.7490 
3.2301 0.4419 2.1801 0.9275 0.7356 
3.2301 0.4401 2.1805 0.9239 0.7363 
3.2301 0.4419 2.1801 0.9275 0.7356 
3.2201 0.4301 2.1770 0.9194 0.7202 
3.2401 0.4401 2.1801 0.9258 0.7572 
3.2401 0.4301 2.1793 0.9145 0.7618 
3.2501 0.4401 2.1789 0.9296 0.7783 
3.2401 0.4401 2.1801 0.9258 0.7572 
3.2401 0.4401 2.1801 0.9258 0.7572 
3.2401 0.4301 2.1793 0.9145 0.7618 
3.2301 0.4401 2.1805 0.9239 0.7363 
3.2401 0.4301 2.1793 0.9145 0.7618 
3.2401 0.4401 2.1801 0.9258 0.7572 
3.2301 0.4401 2.1805 0.9239 0.7363 
3.2201 0.4301 2.1770 0.9194 0.7202 
3.2401 0.4301 2.1793 0.9145 0.7618 
3.2201 0.4301 2.1770 0.9194 0.7202 
3.2101 0.4501 2.1801 0.9369 0.6911 
3.2012 0.4301 2.1801 0.9095 0.6793 
3.2401 0.4301 2.1793 0.9145 0.7618 
3.2201 0.4301 2.1770 0.9194 0.7202 
3.2201 0.4101 2.1785 0.8871 0.7279 
3.2001 0.4201 2.1801 0.8955 0.6805 
3.2201 0.4301 2.1770 0.9194 0.7202 
3.2012 0.4301 2.1801 0.9095 0.6793 
3.2501 0.4401 2.1789 0.9296 0.7783 
3.2401 0.4301 2.1793 0.9145 0.7618 
3.2601 0.4101 2.1707 0.9119 0.8174 
3.2401 0.4301 2.1793 0.9145 0.7618 
3.2201 0.4101 2.1785 0.8871 0.7279 
3.2601 0.4101 2.1707 0.9119 0.8174 
3.2201 0.4301 2.1770 0.9194 0.7202 
3.2001 0.4101 2.1776 0.8881 0.6846 
3.2201 0.4101 2.1785 0.8871 0.7279 
3.2001 0.4201 2.1801 0.8955 0.6805 
3.2001 0.4101 2.1776 0.8881 0.6846 
3.2201 0.4301 2.1770 0.9194 0.7202 
3.2001 0.4201 2.1801 0.8955 0.6805 
3.2001 0.4201 2.1801 0.8955 0.6805 
3.2001 0.4101 2.1776 0.8881 0.6846 
3.2601 0.4101 2.1707 0.9119 0.8174 
3.2201 0.4101 2.1785 0.8871 0.7279 
3.2501 0.3901 2.1723 0.8773 0.8055 
3.2301 0.3901 2.1731 0.8736 0.7604 
3.2201 0.4101 2.1785 0.8871 0.7279 
3.2001 0.4101 2.1776 0.8881 0.6846 
3.1601 0.4901 2.1813 0.9804 0.5794 
3.1501 0.5021 2.1801 0.9970 0.5577 
3.1501 0.4801 2.1851 0.9578 0.5612 
3.2001 0.4901 2.1829 0.9788 0.6578 
3.1601 0.4901 2.1813 0.9804 0.5794 
3.1801 0.4801 2.1806 0.9713 0.6213 
3.2101 0.4501 2.1801 0.9369 0.6911 
3.1801 0.4801 2.1806 0.9713 0.6213 
3.1701 0.4501 2.1837 0.9245 0.6080 
3.1801 0.4801 2.1806 0.9713 0.6213 
3.1601 0.4701 2.1839 0.9491 0.5832 
3.1701 0.4501 2.1837 0.9245 0.6080 
3.1601 0.4901 2.1813 0.9804 0.5794 
3.1701 0.4801 2.1694 1.0005 0.6025 
3.1801 0.4801 2.1806 0.9713 0.6213 
3.1701 0.4801 2.1694 1.0005 0.6025 
3.1601 0.4901 2.1813 0.9804 0.5794 
3.1501 0.4801 2.1851 0.9578 0.5612 
3.1601 0.4701 2.1839 0.9491 0.5832 
3.1801 0.4801 2.1806 0.9713 0.6213 
3.1701 0.4801 2.1694 1.0005 0.6025 
3.1701 0.4801 2.1694 1.0005 0.6025 
3.1501 0.4801 2.1851 0.9578 0.5612 
3.1601 0.4701 2.1839 0.9491 0.5832 
3.1401 0.5001 2.1796 0.9954 0.5385 
3.1501 0.4801 2.1851 0.9578 0.5612 
3.1501 0.5021 2.1801 0.9970 0.5577 
3.1501 0.4801 2.1851 0.9578 0.5612 
3.1401 0.5001 2.1796 0.9954 0.5385 
3.1301 0.4701 2.1845 0.9457 0.5227 
3.1201 0.4901 2.1836 0.9718 0.5004 
3.0801 0.4901 2.1868 0.9610 0.4217 
3.1001 0.4701 2.1883 0.9336 0.4622 
3.1501 0.4801 2.1851 0.9578 0.5612 
3.1301 0.4701 2.1845 0.9457 0.5227 
3.1601 0.4701 2.1839 0.9491 0.5832 
3.1201 0.4901 2.1836 0.9718 0.5004 
3.1201 0.4501 2.1877 0.9106 0.5046 
3.1301 0.4701 2.1845 0.9457 0.5227 
3.1201 0.4501 2.1877 0.9106 0.5046 
3.1201 0.4901 2.1836 0.9718 0.5004 
3.1001 0.4701 2.1883 0.9336 0.4622 
3.1701 0.4501 2.1837 0.9245 0.6080 
3.1301 0.4701 2.1845 0.9457 0.5227 
3.1401 0.4501 2.1850 0.9190 0.5460 
3.1601 0.4701 2.1839 0.9491 0.5832 
3.1301 0.4701 2.1845 0.9457 0.5227 
3.1701 0.4501 2.1837 0.9245 0.6080 
3.1201 0.4501 2.1877 0.9106 0.5046 
3.1001 0.4701 2.1883 0.9336 0.4622 
3.1001 0.4501 2.1853 0.9154 0.4632 
3.1001 0.4601 2.1924 0.9101 0.4629 
3.1001 0.4501 2.1853 0.9154 0.4632 
3.1001 0.4701 2.1883 0.9336 0.4622 
3.1401 0.4501 2.1850 0.9190 0.5460 
3.1301 0.4701 2.1845 0.9457 0.5227 
3.1401 0.4201 2.1851 0.8775 0.5510 
3.1301 0.4701 2.1845 0.9457 0.5227 
3.1201 0.4501 2.1877 0.9106 0.5046 
3.1401 0.4201 2.1851 0.8775 0.5510 
3.2101 0.4501 2.1801 0.9369 0.6911 
3.1701 0.4501 2.1837 0.9245 0.6080 
3.2012 0.4301 2.1801 0.9095 0.6793 
3.1901 0.4301 2.1801 0.9087 0.6559 
3.1701 0.4501 2.1837 0.9245 0.6080 
3.1801 0.4101 2.1829 0.8720 0.6401 
3.2012 0.4301 2.1801 0.9095 0.6793 
3.1701 0.4501 2.1837 0.9245 0.6080 
3.1901 0.4301 2.1801 0.9087 0.6559 
3.1801 0.4101 2.1829 0.8720 0.6401 
3.1701 0.4501 2.1837 0.9245 0.6080 
3.1401 0.4501 2.1850 0.9190 0.5460 
3.2001 0.4201 2.1801 0.8955 0.6805 
3.2012 0.4301 2.1801 0.9095 0.6793 
3.1901 0.4301 2.1801 0.9087 0.6559 
3.2001 0.4201 2.1801 0.8955 0.6805 
3.2001 0.4201 2.1801 0.8955 0.6805 
3.1901 0.4301 2.1801 0.9087 0.6559 
3.1801 0.4101 2.1829 0.8720 0.6401 
3.1401 0.4501 2.1850 0.9190 0.5460 
3.1501 0.4101 2.1813 0.8741 0.5749 
3.1401 0.4501 2.1850 0.9190 0.5460 
3.1401 0.4201 2.1851 0.8775 0.5510 
3.1501 0.4101 2.1813 0.8741 0.5749 
3.2001 0.4201 2.1801 0.8955 0.6805 
3.2001 0.4201 2.1801 0.8955 0.6805 
3.2001 0.4201 2.1801 0.8955 0.6805 
3.1801 0.4101 2.1829 0.8720 0.6401 
3.1501 0.4101 2.1813 0.8741 0.5749 
3.1701 0.4001 2.1749 0.8787 0.6221 
3.1901 0.4301 2.1801 0.9087 0.6559 
3.1901 0.4201 2.1775 0.9019 0.6595 
3.2001 0.4201 2.1801 0.8955 0.6805 
3.1901 0.4201 2.1775 0.9019 0.6595 
3.1901 0.4301 2.1801 0.9087 0.6559 
3.1801 0.4101 2.1829 0.8720 0.6401 
3.2001 0.4201 2.1801 0.8955 0.6805 
3.1901 0.4201 2.1775 0.9019 0.6595 
3.2001 0.4101 2.1776 0.8881 0.6846 
3.2001 0.4201 2.1801 0.8955 0.6805 
3.2001 0.4201 2.1801 0.8955 0.6805 
3.1901 0.4201 2.1775 0.9019 0.6595 
3.2001 0.4101 2.1776 0.8881 0.6846 
3.1901 0.4201 2.1775 0.9019 0.6595 
3.1801 0.4101 2.1829 0.8720 0.6401 
3.2001 0.4101 2.1776 0.8881 0.6846 
3.1801 0.4101 2.1829 0.8720 0.6401 
3.1701 0.4001 2.1749 0.8787 0.6221 
3.1401 0.4201 2.1851 0.8775 0.5510 
3.1201 0.4501 2.1877 0.9106 0.5046 
3.1001 0.4501 2.1853 0.9154 0.4632 
3.1101 0.4201 2.1861 0.8726 0.4865 
3.1001 0.4501 2.1853 0.9154 0.4632 
3.0901 0.4501 2.1896 0.9034 0.4427 
3.1401 0.4201 2.1851 0.8775 0.5510 
3.1001 0.4501 2.1853 0.9154 0.4632 
3.1292 0.4101 2.1801 0.8758 0.5291 
3.1001 0.4501 2.1853 0.9154 0.4632 
3.1101 0.4201 2.1861 0.8726 0.4865 
3.1292 0.4101 2.1801 0.8758 0.5291 
3.1101 0.4201 2.1861 0.8726 0.4865 
3.0901 0.4501 2.1896 0.9034 0.4427 
3.1001 0.4301 2.1831 0.8942 0.4642 
3.1501 0.4101 2.1813 0.8741 0.5749 
3.1401 0.4201 2.1851 0.8775 0.5510 
3.1292 0.4101 2.1801 0.8758 0.5291 
3.1101 0.4201 2.1861 0.8726 0.4865 
3.1001 0.4301 2.1831 0.8942 0.4642 
3.0901 0.4101 2.1844 0.8609 0.4437 
3.2701 0.4001 2.1737 0.8897 0.8438 
3.2601 0.4101 2.1707 0.9119 0.8174 
3.2601 0.3801 2.1748 0.8557 0.8327 
3.2601 0.4101 2.1707 0.9119 0.8174 
3.2501 0.3901 2.1723 0.8773 0.8055 
3.2601 0.3801 2.1748 0.8557 0.8327 
3.3101 0.4001 2.1718 0.8983 0.9325 
3.2701 0.4001 2.1737 0.8897 0.8438 
3.2801 0.3801 2.1746 0.8579 0.8779 
3.3101 0.4001 2.1718 0.8983 0.9325 
3.2801 0.3801 2.1746 0.8579 0.8779 
3.3001 0.3801 2.1685 0.8771 0.9261 
3.2701 0.4001 2.1737 0.8897 0.8438 
3.2601 0.3801 2.1748 0.8557 0.8327 
3.2801 0.3801 2.1746 0.8579 0.8779 
3.3101 0.3601 2.1737 0.8313 0.9612 
3.3001 0.3801 2.1685 0.8771 0.9261 
3.3001 0.3501 2.1702 0.8241 0.9476 
3.3001 0.3801 2.1685 0.8771 0.9261 
3.2801 0.3801 2.1746 0.8579 0.8779 
3.3001 0.3501 2.1702 0.8241 0.9476 
3.3001 0.3501 2.1702 0.8241 0.9476 
3.2601 0.3801 2.1748 0.8557 0.8327 
3.2601 0.3601 2.1755 0.8219 0.8444 
3.2801 0.3801 2.1746 0.8579 0.8779 
3.2601 0.3801 2.1748 0.8557 0.8327 
3.3001 0.3501 2.1702 0.8241 0.9476 
3.2601 0.3801 2.1748 0.8557 0.8327 
3.2501 0.3601 2.1702 0.8364 0.8232 
3.2601 0.3601 2.1755 0.8219 0.8444 
3.2601 0.3601 2.1755 0.8219 0.8444 
3.2501 0.3601 2.1702 0.8364 0.8232 
3.2601 0.3501 2.1729 0.8128 0.8517 
3.2501 0.3901 2.1723 0.8773 0.8055 
3.2201 0.4101 2.1785 0.8871 0.7279 
3.2301 0.3901 2.1731 0.8736 0.7604 
3.2601 0.3801 2.1748 0.8557 0.8327 
3.2301 0.3901 2.1731 0.8736 0.7604 
3.2301 0.3801 2.1761 0.8497 0.7643 
3.2501 0.3901 2.1723 0.8773 0.8055 
3.2301 0.3901 2.1731 0.8736 0.7604 
3.2601 0.3801 2.1748 0.8557 0.8327 
3.2301 0.3801 2.1761 0.8497 0.7643 
3.2001 0.4101 2.1776 0.8881 0.6846 
3.2301 0.3601 2.1711 0.8322 0.7760 
3.2301 0.3901 2.1731 0.8736 0.7604 
3.2001 0.4101 2.1776 0.8881 0.6846 
3.2301 0.3801 2.1761 0.8497 0.7643 
3.2001 0.4101 2.1776 0.8881 0.6846 
3.2101 0.3901 2.1762 0.8631 0.7147 
3.2301 0.3601 2.1711 0.8322 0.7760 
3.2501 0.3601 2.1702 0.8364 0.8232 
3.2301 0.3801 2.1761 0.8497 0.7643 
3.2301 0.3601 2.1711 0.8322 0.7760 
3.2601 0.3801 2.1748 0.8557 0.8327 
3.2301 0.3801 2.1761 0.8497 0.7643 
3.2501 0.3601 2.1702 0.8364 0.8232 
3.2301 0.3601 2.1711 0.8322 0.7760 
3.2101 0.3901 2.1762 0.8631 0.7147 
3.2201 0.3701 2.1750 0.8363 0.7466 
3.2101 0.3901 2.1762 0.8631 0.7147 
3.1901 0.3801 2.1790 0.8383 0.6728 
3.2201 0.3701 2.1750 0.8363 0.7466 
3.2101 0.3501 2.1733 0.8074 0.7329 
3.1901 0.3801 2.1790 0.8383 0.6728 
3.1901 0.3601 2.1777 0.8095 0.6804 
3.2201 0.3701 2.1750 0.8363 0.7466 
3.1901 0.3801 2.1790 0.8383 0.6728 
3.2101 0.3501 2.1733 0.8074 0.7329 
3.2601 0.3501 2.1729 0.8128 0.8517 
3.2501 0.3601 2.1702 0.8364 0.8232 
3.2401 0.3501 2.1779 0.7964 0.8025 
3.2501 0.3601 2.1702 0.8364 0.8232 
3.2301 0.3601 2.1711 0.8322 0.7760 
3.2401 0.3501 2.1779 0.7964 0.8025 
3.2401 0.3501 2.1779 0.7964 0.8025 
3.2201 0.3701 2.1750 0.8363 0.7466 
3.2201 0.3401 2.1747 0.7870 0.7613 
3.2301 0.3601 2.1711 0.8322 0.7760 
3.2201 0.3701 2.1750 0.8363 0.7466 
3.2401 0.3501 2.1779 0.7964 0.8025 
3.2201 0.3701 2.1750 0.8363 0.7466 
3.2101 0.3501 2.1733 0.8074 0.7329 
3.2201 0.3401 2.1747 0.7870 0.7613 
3.3001 0.3501 2.1702 0.8241 0.9476 
3.2601 0.3601 2.1755 0.8219 0.8444 
3.2901 0.3401 2.1734 0.7971 0.9298 
3.2601 0.3601 2.1755 0.8219 0.8444 
3.2601 0.3501 2.1729 0.8128 0.8517 
3.2901 0.3401 2.1734 0.7971 0.9298 
3.2901 0.3401 2.1734 0.7971 0.9298 
3.2601 0.3501 2.1729 0.8128 0.8517 
3.2501 0.3301 2.1737 0.7748 0.8401 
3.2901 0.3401 2.1734 0.7971 0.9298 
3.2501 0.3301 2.1737 0.7748 0.8401 
3.2901 0.3101 2.1706 0.7513 0.9554 
3.2901 0.3101 2.1706 0.7513 0.9554 
3.2501 0.3301 2.1737 0.7748 0.8401 
3.2701 0.3001 2.1689 0.7352 0.9138 
3.2701 0.3001 2.1689 0.7352 0.9138 
3.2501 0.3301 2.1737 0.7748 0.8401 
3.2501 0.2901 2.1698 0.7108 0.8693 
3.2501 0.3301 2.1737 0.7748 0.8401 
3.2301 0.3201 2.1762 0.7473 0.7961 
3.2501 0.2901 2.1698 0.7108 0.8693 
3.2901 0.3401 2.1734 0.7971 0.9298 
3.3101 0.3401 2.1686 0.8131 0.9804 
3.3001 0.3501 2.1702 0.8241 0.9476 
3.2901 0.3401 2.1734 0.7971 0.9298 
3.2901 0.3101 2.1706 0.7513 0.9554 
3.3101 0.3401 2.1686 0.8131 0.9804 
3.2501 0.3301 2.1737 0.7748 0.8401 
3.2401 0.3501 2.1779 0.7964 0.8025 
3.2201 0.3401 2.1747 0.7870 0.7613 
3.2601 0.3501 2.1729 0.8128 0.8517 
3.2401 0.3501 2.1779 0.7964 0.8025 
3.2501 0.3301 2.1737 0.7748 0.8401 
3.2201 0.3401 2.1747 0.7870 0.7613 
3.2101 0.3501 2.1733 0.8074 0.7329 
3.1801 0.3501 2.1736 0.8039 0.6613 
3.2301 0.3201 2.1762 0.7473 0.7961 
3.2201 0.3401 2.1747 0.7870 0.7613 
3.2201 0.3101 2.1747 0.7321 0.7774 
3.2201 0.3401 2.1747 0.7870 0.7613 
3.1801 0.3501 2.1736 0.8039 0.6613 
3.2201 0.3101 2.1747 0.7321 0.7774 
3.1801 0.3501 2.1736 0.8039 0.6613 
3.1901 0.3301 2.1775 0.7579 0.6923 
3.2201 0.3101 2.1747 0.7321 0.7774 
3.2501 0.3301 2.1737 0.7748 0.8401 
3.2201 0.3401 2.1747 0.7870 0.7613 
3.2301 0.3201 2.1762 0.7473 0.7961 
3.2201 0.3101 2.1747 0.7321 0.7774 
3.1901 0.3301 2.1775 0.7579 0.6923 
3.2001 0.3101 2.1717 0.7390 0.7278 
3.2501 0.2901 2.1698 0.7108 0.8693 
3.2301 0.3201 2.1762 0.7473 0.7961 
3.2301 0.2801 2.1759 0.6692 0.8210 
3.2301 0.3201 2.1762 0.7473 0.7961 
3.2201 0.3101 2.1747 0.7321 0.7774 
3.2301 0.2801 2.1759 0.6692 0.8210 
3.2101 0.3901 2.1762 0.8631 0.7147 
3.1701 0.4001 2.1749 0.8787 0.6221 
3.1701 0.3801 2.1792 0.8359 0.6273 
3.2001 0.4101 2.1776 0.8881 0.6846 
3.1701 0.4001 2.1749 0.8787 0.6221 
3.2101 0.3901 2.1762 0.8631 0.7147 
3.1701 0.4001 2.1749 0.8787 0.6221 
3.1401 0.3901 2.1779 0.8527 0.5570 
3.1701 0.3801 2.1792 0.8359 0.6273 
3.1501 0.4101 2.1813 0.8741 0.5749 
3.1401 0.3901 2.1779 0.8527 0.5570 
3.1701 0.4001 2.1749 0.8787 0.6221 
3.2101 0.3901 2.1762 0.8631 0.7147 
3.1701 0.3801 2.1792 0.8359 0.6273 
3.1901 0.3801 2.1790 0.8383 0.6728 
3.1701 0.3801 2.1792 0.8359 0.6273 
3.1901 0.3601 2.1777 0.8095 0.6804 
3.1901 0.3801 2.1790 0.8383 0.6728 
3.1701 0.3801 2.1792 0.8359 0.6273 
3.1401 0.3901 2.1779 0.8527 0.5570 
3.1601 0.3701 2.1732 0.8363 0.6079 
3.1701 0.3501 2.1796 0.7856 0.6364 
3.1901 0.3601 2.1777 0.8095 0.6804 
3.1701 0.3801 2.1792 0.8359 0.6273 
3.1701 0.3501 2.1796 0.7856 0.6364 
3.1701 0.3801 2.1792 0.8359 0.6273 
3.1601 0.3701 2.1732 0.8363 0.6079 
3.1601 0.3701 2.1732 0.8363 0.6079 
3.1401 0.3901 2.1779 0.8527 0.5570 
3.1401 0.3501 2.1769 0.7907 0.5652 
3.2101 0.3501 2.1733 0.8074 0.7329 
3.1901 0.3601 2.1777 0.8095 0.6804 
3.1801 0.3501 2.1736 0.8039 0.6613 
3.1901 0.3601 2.1777 0.8095 0.6804 
3.1701 0.3501 2.1796 0.7856 0.6364 
3.1801 0.3501 2.1736 0.8039 0.6613 
3.1601 0.3701 2.1732 0.8363 0.6079 
3.1401 0.3501 2.1769 0.7907 0.5652 
3.1701 0.3501 2.1796 0.7856 0.6364 
3.1501 0.4101 2.1813 0.8741 0.5749 
3.1292 0.4101 2.1801 0.8758 0.5291 
3.1401 0.3901 2.1779 0.8527 0.5570 
3.1401 0.3901 2.1779 0.8527 0.5570 
3.1101 0.4201 2.1861 0.8726 0.4865 
3.1101 0.3709 2.1801 0.8136 0.4912 
3.1292 0.4101 2.1801 0.8758 0.5291 
3.1101 0.4201 2.1861 0.8726 0.4865 
3.1401 0.3901 2.1779 0.8527 0.5570 
3.1101 0.3709 2.1801 0.8136 0.4912 
3.0901 0.4101 2.1844 0.8609 0.4437 
3.1001 0.3901 2.1835 0.8338 0.4668 
3.1101 0.4201 2.1861 0.8726 0.4865 
3.0901 0.4101 2.1844 0.8609 0.4437 
3.1101 0.3709 2.1801 0.8136 0.4912 
3.1001 0.3801 2.1801 0.8277 0.4673 
3.1101 0.3709 2.1801 0.8136 0.4912 
3.1001 0.3901 2.1835 0.8338 0.4668 
3.1001 0.3801 2.1801 0.8277 0.4673 
3.1001 0.3901 2.1835 0.8338 0.4668 
3.1001 0.3801 2.1801 0.8277 0.4673 
3.1101 0.3601 2.1858 0.7795 0.4924 
3.1401 0.3601 2.1808 0.7962 0.5628 
3.1101 0.3709 2.1801 0.8136 0.4912 
3.1101 0.3709 2.1801 0.8136 0.4912 
3.0901 0.3501 2.1782 0.7822 0.4454 
3.1101 0.3601 2.1858 0.7795 0.4924 
3.1001 0.3801 2.1801 0.8277 0.4673 
3.1001 0.3801 2.1801 0.8277 0.4673 
3.1001 0.3801 2.1801 0.8277 0.4673 
3.1401 0.3901 2.1779 0.8527 0.5570 
3.1101 0.3709 2.1801 0.8136 0.4912 
3.1401 0.3601 2.1808 0.7962 0.5628 
3.1101 0.3709 2.1801 0.8136 0.4912 
3.1001 0.3801 2.1801 0.8277 0.4673 
3.0901 0.3701 2.1793 0.8129 0.4447 
3.1101 0.3709 2.1801 0.8136 0.4912 
3.1001 0.3801 2.1801 0.8277 0.4673 
3.1001 0.3801 2.1801 0.8277 0.4673 
3.1401 0.3601 2.1808 0.7962 0.5628 
3.1401 0.3501 2.1769 0.7907 0.5652 
3.1401 0.3901 2.1779 0.8527 0.5570 
3.0901 0.3501 2.1782 0.7822 0.4454 
3.1101 0.3709 2.1801 0.8136 0.4912 
3.0901 0.3701 2.1793 0.8129 0.4447 
3.1101 0.3601 2.1858 0.7795 0.4924 
3.1201 0.3401 2.1778 0.7685 0.5188 
3.1401 0.3601 2.1808 0.7962 0.5628 
3.1201 0.3401 2.1778 0.7685 0.5188 
3.1401 0.3501 2.1769 0.7907 0.5652 
3.1401 0.3601 2.1808 0.7962 0.5628 
3.1801 0.3501 2.1736 0.8039 0.6613 
3.1701 0.3501 2.1796 0.7856 0.6364 
3.1901 0.3301 2.1775 0.7579 0.6923 
3.1401 0.3501 2.1769 0.7907 0.5652 
3.1525 0.3401 2.1801 0.7649 0.5971 
3.1701 0.3501 2.1796 0.7856 0.6364 
3.1901 0.3301 2.1775 0.7579 0.6923 
3.1701 0.3501 2.1796 0.7856 0.6364 
3.1601 0.3301 2.1743 0.7646 0.6193 
3.1701 0.3501 2.1796 0.7856 0.6364 
3.1525 0.3401 2.1801 0.7649 0.5971 
3.1601 0.3301 2.1743 0.7646 0.6193 
3.1501 0.3201 2.1797 0.7293 0.5967 
3.1601 0.3301 2.1743 0.7646 0.6193 
3.1525 0.3401 2.1801 0.7649 0.5971 
3.1901 0.3301 2.1775 0.7579 0.6923 
3.1601 0.3301 2.1743 0.7646 0.6193 
3.1801 0.3201 2.1796 0.7324 0.6713 
3.1601 0.3301 2.1743 0.7646 0.6193 
3.1501 0.3201 2.1797 0.7293 0.5967 
3.1801 0.3201 2.1796 0.7324 0.6713 
3.2001 0.3101 2.1717 0.7390 0.7278 
3.1801 0.3201 2.1796 0.7324 0.6713 
3.1701 0.3101 2.1740 0.7293 0.6511 
3.1901 0.3301 2.1775 0.7579 0.6923 
3.1801 0.3201 2.1796 0.7324 0.6713 
3.2001 0.3101 2.1717 0.7390 0.7278 
3.1701 0.3101 2.1740 0.7293 0.6511 
3.1801 0.3201 2.1796 0.7324 0.6713 
3.1501 0.3101 2.1747 0.7251 0.6001 
3.1801 0.3201 2.1796 0.7324 0.6713 
3.1501 0.3201 2.1797 0.7293 0.5967 
3.1501 0.3101 2.1747 0.7251 0.6001 
3.1701 0.3101 2.1740 0.7293 0.6511 
3.1501 0.3101 2.1747 0.7251 0.6001 
3.1801 0.2901 2.1772 0.6806 0.6840 
3.1201 0.3401 2.1778 0.7685 0.5188 
3.1101 0.3601 2.1858 0.7795 0.4924 
3.0901 0.3401 2.1833 0.7498 0.4462 
3.1501 0.3201 2.1797 0.7293 0.5967 
3.1525 0.3401 2.1801 0.7649 0.5971 
3.1201 0.3401 2.1778 0.7685 0.5188 
3.1201 0.3101 2.1754 0.7198 0.5236 
3.1001 0.3201 2.1775 0.7307 0.4717 
3.1001 0.3001 2.1764 0.6950 0.4734 
3.1525 0.3401 2.1801 0.7649 0.5971 
3.1401 0.3501 2.1769 0.7907 0.5652 
3.1201 0.3401 2.1778 0.7685 0.5188 
3.1501 0.3101 2.1747 0.7251 0.6001 
3.1201 0.3401 2.1778 0.7685 0.5188 
3.1201 0.3201 2.1811 0.7222 0.5218 
3.1501 0.3201 2.1797 0.7293 0.5967 
3.1201 0.3401 2.1778 0.7685 0.5188 
3.1501 0.3101 2.1747 0.7251 0.6001 
3.1201 0.3201 2.1811 0.7222 0.5218 
3.1201 0.3401 2.1778 0.7685 0.5188 
3.1001 0.3201 2.1775 0.7307 0.4717 
3.1501 0.3101 2.1747 0.7251 0.6001 
3.1201 0.3201 2.1811 0.7222 0.5218 
3.1201 0.3101 2.1754 0.7198 0.5236 
3.1201 0.3201 2.1811 0.7222 0.5218 
3.1001 0.3201 2.1775 0.7307 0.4717 
3.1201 0.3101 2.1754 0.7198 0.5236 
2.8818 0.5101 2.1801 0.9900 0.0586 
2.8701 0.5001 2.1965 0.9353 0.0530 
2.8901 0.4901 2.1879 0.9462 0.0642 
2.8901 0.5101 2.1901 0.9649 0.0705 
2.8901 0.5101 2.1901 0.9649 0.0705 
2.8818 0.5101 2.1801 0.9900 0.0586 
2.9001 0.5001 2.1824 0.9734 0.0790 
2.9001 0.5101 2.1831 0.9833 0.0825 
2.8901 0.5101 2.1901 0.9649 0.0705 
2.8901 0.5101 2.1901 0.9649 0.0705 
2.9001 0.5101 2.1831 0.9833 0.0825 
2.8901 0.5101 2.1901 0.9649 0.0705 
2.8901 0.5145 2.1801 0.9957 0.0688 
2.8901 0.5101 2.1901 0.9649 0.0705 
2.8901 0.5101 2.1901 0.9649 0.0705 
2.8818 0.5101 2.1801 0.9900 0.0586 
2.8901 0.5101 2.1901 0.9649 0.0705 
2.8901 0.5145 2.1801 0.9957 0.0688 
2.9001 0.5101 2.1831 0.9833 0.0825 
2.8901 0.5101 2.1901 0.9649 0.0705 
2.8901 0.5101 2.1901 0.9649 0.0705 
2.9001 0.5101 2.1831 0.9833 0.0825 
2.8901 0.5145 2.1801 0.9957 0.0688 
2.8901 0.5101 2.1901 0.9649 0.0705 
2.8901 0.5101 2.1901 0.9649 0.0705 
2.8901 0.5101 2.1901 0.9649 0.0705 
2.8901 0.5101 2.1901 0.9649 0.0705 
2.8901 0.5101 2.1901 0.9649 0.0705 
2.8901 0.5101 2.1901 0.9649 0.0705 
2.8901 0.5101 2.1901 0.9649 0.0705 
2.8901 0.5101 2.1901 0.9649 0.0705 
2.8901 0.5101 2.1901 0.9649 0.0705 
2.8901 0.5101 2.1901 0.9649 0.0705 
2.8901 0.5101 2.1901 0.9649 0.0705 
2.8901 0.5101 2.1901 0.9649 0.0705 
2.8901 0.5101 2.1901 0.9649 0.0705 
3.2901 0.3101 2.1706 0.7513 0.9554 
3.2701 0.2901 2.1734 0.7018 0.9193 
3.3001 0.2901 2.1692 0.7177 0.9995 
3.2701 0.3001 2.1689 0.7352 0.9138 
3.2701 0.2901 2.1734 0.7018 0.9193 
3.2901 0.3101 2.1706 0.7513 0.9554 
3.2701 0.3001 2.1689 0.7352 0.9138 
3.2501 0.2901 2.1698 0.7108 0.8693 
3.2701 0.2901 2.1734 0.7018 0.9193 
3.3001 0.2901 2.1692 0.7177 0.9995 
3.2701 0.2901 2.1734 0.7018 0.9193 
3.2801 0.2701 2.1690 0.6748 0.9655 
3.2701 0.2901 2.1734 0.7018 0.9193 
3.2501 0.2901 2.1698 0.7108 0.8693 
3.2501 0.2801 2.1753 0.6733 0.8739 
3.2701 0.2901 2.1734 0.7018 0.9193 
3.2501 0.2801 2.1753 0.6733 0.8739 
3.2801 0.2701 2.1690 0.6748 0.9655 
3.2801 0.2701 2.1690 0.6748 0.9655 
3.2501 0.2801 2.1753 0.6733 0.8739 
3.2701 0.2601 2.1665 0.6597 0.9491 
3.2501 0.2801 2.1753 0.6733 0.8739 
3.2401 0.2501 2.1726 0.6143 0.8712 
3.2701 0.2601 2.1665 0.6597 0.9491 
3.2701 0.2601 2.1665 0.6597 0.9491 
3.2401 0.2501 2.1726 0.6143 0.8712 
3.2601 0.2401 2.1691 0.6046 0.9378 
3.2501 0.2901 2.1698 0.7108 0.8693 
3.2301 0.2801 2.1759 0.6692 0.8210 
3.2501 0.2801 2.1753 0.6733 0.8739 
3.2301 0.2801 2.1759 0.6692 0.8210 
3.2201 0.3101 2.1747 0.7321 0.7774 
3.2101 0.2801 2.1746 0.6711 0.7687 
3.2101 0.2801 2.1746 0.6711 0.7687 
3.2001 0.3101 2.1717 0.7390 0.7278 
3.2001 0.2801 2.1704 0.6830 0.7436 
3.2201 0.3101 2.1747 0.7321 0.7774 
3.2001 0.3101 2.1717 0.7390 0.7278 
3.2101 0.2801 2.1746 0.6711 0.7687 
3.2501 0.2801 2.1753 0.6733 0.8739 
3.2301 0.2801 2.1759 0.6692 0.8210 
3.2401 0.2701 2.1680 0.6734 0.8583 
3.2301 0.2801 2.1759 0.6692 0.8210 
3.2101 0.2801 2.1746 0.6711 0.7687 
3.2401 0.2701 2.1680 0.6734 0.8583 
3.2101 0.2801 2.1746 0.6711 0.7687 
3.2001 0.2801 2.1704 0.6830 0.7436 
3.2001 0.2701 2.1763 0.6433 0.7470 
3.2401 0.2501 2.1726 0.6143 0.8712 
3.2501 0.2801 2.1753 0.6733 0.8739 
3.2401 0.2701 2.1680 0.6734 0.8583 
3.2401 0.2701 2.1680 0.6734 0.8583 
3.2101 0.2501 2.1700 0.6191 0.7887 
3.2401 0.2501 2.1726 0.6143 0.8712 
3.2001 0.2701 2.1763 0.6433 0.7470 
3.1901 0.2601 2.1721 0.6329 0.7265 
3.2101 0.2801 2.1746 0.6711 0.7687 
3.2101 0.2501 2.1700 0.6191 0.7887 
3.2401 0.2701 2.1680 0.6734 0.8583 
3.2101 0.2801 2.1746 0.6711 0.7687 
3.1901 0.2601 2.1721 0.6329 0.7265 
3.2101 0.2501 2.1700 0.6191 0.7887 
3.2101 0.2801 2.1746 0.6711 0.7687 
3.2601 0.2401 2.1691 0.6046 0.9378 
3.2401 0.2501 2.1726 0.6143 0.8712 
3.2501 0.2301 2.1666 0.5872 0.9199 
3.2201 0.2101 2.1679 0.5278 0.8476 
3.2401 0.2501 2.1726 0.6143 0.8712 
3.2101 0.2501 2.1700 0.6191 0.7887 
3.2001 0.2001 2.1720 0.4843 0.7924 
3.2301 0.2001 2.1684 0.5004 0.8862 
3.2201 0.2101 2.1679 0.5278 0.8476 
3.2401 0.2501 2.1726 0.6143 0.8712 
3.2201 0.2101 2.1679 0.5278 0.8476 
3.2501 0.2301 2.1666 0.5872 0.9199 
3.2101 0.2501 2.1700 0.6191 0.7887 
3.2001 0.2201 2.1701 0.5440 0.7795 
3.2201 0.2101 2.1679 0.5278 0.8476 
3.2501 0.2301 2.1666 0.5872 0.9199 
3.2201 0.2101 2.1679 0.5278 0.8476 
3.2501 0.2001 2.1695 0.4996 0.9465 
3.2501 0.2001 2.1695 0.4996 0.9465 
3.2201 0.2101 2.1679 0.5278 0.8476 
3.2301 0.2001 2.1684 0.5004 0.8862 
3.2201 0.2101 2.1679 0.5278 0.8476 
3.2001 0.2201 2.1701 0.5440 0.7795 
3.2001 0.2001 2.1720 0.4843 0.7924 
3.2001 0.2801 2.1704 0.6830 0.7436 
3.1701 0.3101 2.1740 0.7293 0.6511 
3.1801 0.2901 2.1772 0.6806 0.6840 
3.2001 0.3101 2.1717 0.7390 0.7278 
3.1701 0.3101 2.1740 0.7293 0.6511 
3.2001 0.2801 2.1704 0.6830 0.7436 
3.1801 0.2901 2.1772 0.6806 0.6840 
3.1501 0.3101 2.1747 0.7251 0.6001 
3.1701 0.2901 2.1734 0.6912 0.6588 
3.2001 0.2801 2.1704 0.6830 0.7436 
3.1701 0.2901 2.1734 0.6912 0.6588 
3.1801 0.2701 2.1750 0.6449 0.6935 
3.1801 0.2901 2.1772 0.6806 0.6840 
3.1701 0.2901 2.1734 0.6912 0.6588 
3.2001 0.2801 2.1704 0.6830 0.7436 
3.1801 0.2701 2.1750 0.6449 0.6935 
3.1701 0.2901 2.1734 0.6912 0.6588 
3.1401 0.2801 2.1784 0.6518 0.5820 
3.2001 0.2701 2.1763 0.6433 0.7470 
3.2001 0.2801 2.1704 0.6830 0.7436 
3.1801 0.2701 2.1750 0.6449 0.6935 
3.1801 0.2701 2.1750 0.6449 0.6935 
3.1401 0.2801 2.1784 0.6518 0.5820 
3.1301 0.2701 2.1741 0.6422 0.5580 
3.2001 0.2701 2.1763 0.6433 0.7470 
3.1801 0.2701 2.1750 0.6449 0.6935 
3.1901 0.2601 2.1721 0.6329 0.7265 
3.1901 0.2601 2.1721 0.6329 0.7265 
3.1801 0.2701 2.1750 0.6449 0.6935 
3.1601 0.2501 2.1711 0.6096 0.6478 
3.1801 0.2701 2.1750 0.6449 0.6935 
3.1301 0.2701 2.1741 0.6422 0.5580 
3.1601 0.2501 2.1711 0.6096 0.6478 
3.1501 0.3101 2.1747 0.7251 0.6001 
3.1201 0.3101 2.1754 0.7198 0.5236 
3.1701 0.2901 2.1734 0.6912 0.6588 
3.1201 0.3101 2.1754 0.7198 0.5236 
3.1001 0.3001 2.1764 0.6950 0.4734 
3.1401 0.2801 2.1784 0.6518 0.5820 
3.1701 0.2901 2.1734 0.6912 0.6588 
3.1201 0.3101 2.1754 0.7198 0.5236 
3.1401 0.2801 2.1784 0.6518 0.5820 
3.1301 0.2701 2.1741 0.6422 0.5580 
3.1001 0.3001 2.1764 0.6950 0.4734 
3.0801 0.2801 2.1761 0.6520 0.4215 
3.1401 0.2801 2.1784 0.6518 0.5820 
3.1001 0.3001 2.1764 0.6950 0.4734 
3.1301 0.2701 2.1741 0.6422 0.5580 
3.1001 0.2901 2.1811 0.6604 0.4744 
3.0801 0.2801 2.1761 0.6520 0.4215 
3.1001 0.3001 2.1764 0.6950 0.4734 
3.1601 0.2501 2.1711 0.6096 0.6478 
3.0801 0.2801 2.1761 0.6520 0.4215 
3.1401 0.2301 2.1731 0.5521 0.5973 
3.1301 0.2701 2.1741 0.6422 0.5580 
3.0801 0.2801 2.1761 0.6520 0.4215 
3.1601 0.2501 2.1711 0.6096 0.6478 
3.1901 0.2601 2.1721 0.6329 0.7265 
3.1601 0.2501 2.1711 0.6096 0.6478 
3.1901 0.2101 2.1717 0.5112 0.7555 
3.2101 0.2501 2.1700 0.6191 0.7887 
3.1901 0.2601 2.1721 0.6329 0.7265 
3.2001 0.2201 2.1701 0.5440 0.7795 
3.1601 0.2501 2.1711 0.6096 0.6478 
3.1401 0.2301 2.1731 0.5521 0.5973 
3.1901 0.2101 2.1717 0.5112 0.7555 
3.1901 0.2601 2.1721 0.6329 0.7265 
3.1901 0.2101 2.1717 0.5112 0.7555 
3.2001 0.2201 2.1701 0.5440 0.7795 
3.1901 0.2101 2.1717 0.5112 0.7555 
3.1401 0.2301 2.1731 0.5521 0.5973 
3.1601 0.2101 2.1754 0.4952 0.6639 
3.2001 0.2201 2.1701 0.5440 0.7795 
3.1901 0.2101 2.1717 0.5112 0.7555 
3.2001 0.2001 2.1720 0.4843 0.7924 
3.1401 0.2301 2.1731 0.5521 0.5973 
3.0801 0.2301 2.1763 0.5339 0.4218 
3.0901 0.2201 2.1743 0.5155 0.4515 
3.1401 0.2301 2.1731 0.5521 0.5973 
3.0901 0.2201 2.1743 0.5155 0.4515 
3.1401 0.2001 2.1724 0.4743 0.6077 
3.1401 0.2001 2.1724 0.4743 0.6077 
3.0901 0.2201 2.1743 0.5155 0.4515 
3.1201 0.2001 2.1739 0.4667 0.5457 
3.2001 0.1701 2.1691 0.4058 0.8166 
3.2101 0.1501 2.1724 0.3322 0.8652 
3.2201 0.1701 2.1696 0.4071 0.8812 
3.2201 0.1701 2.1696 0.4071 0.8812 
3.2101 0.1501 2.1724 0.3322 0.8652 
3.2301 0.1401 2.1681 0.3158 0.9468 
3.2501 0.2001 2.1695 0.4996 0.9465 
3.2301 0.2001 2.1684 0.5004 0.8862 
3.2301 0.1901 2.1703 0.4661 0.8941 
3.2001 0.2001 2.1720 0.4843 0.7924 
3.2301 0.1901 2.1703 0.4661 0.8941 
3.2301 0.2001 2.1684 0.5004 0.8862 
3.2601 0.1801 2.1668 0.4530 1.0012 
3.2301 0.1901 2.1703 0.4661 0.8941 
3.2301 0.1801 2.1673 0.4469 0.9055 
3.2501 0.2001 2.1695 0.4996 0.9465 
3.2301 0.1901 2.1703 0.4661 0.8941 
3.2601 0.1801 2.1668 0.4530 1.0012 
3.2301 0.1801 2.1673 0.4469 0.9055 
3.2301 0.1901 2.1703 0.4661 0.8941 
3.2201 0.1701 2.1696 0.4071 0.8812 
3.2301 0.1901 2.1703 0.4661 0.8941 
3.2001 0.2001 2.1720 0.4843 0.7924 
3.2201 0.1701 2.1696 0.4071 0.8812 
3.2001 0.1901 2.1678 0.4699 0.8017 
3.2201 0.1701 2.1696 0.4071 0.8812 
3.2001 0.2001 2.1720 0.4843 0.7924 
3.2001 0.1701 2.1691 0.4058 0.8166 
3.2201 0.1701 2.1696 0.4071 0.8812 
3.2001 0.1901 2.1678 0.4699 0.8017 
3.2101 0.1501 2.1724 0.3322 0.8652 
3.2001 0.1401 2.1721 0.2973 0.8404 
3.2301 0.1401 2.1681 0.3158 0.9468 
3.2001 0.1201 2.1628 0.2557 0.8657 
3.2301 0.1401 2.1681 0.3158 0.9468 
3.2001 0.1401 2.1721 0.2973 0.8404 
3.2201 0.1201 2.1714 0.2315 0.9318 
3.2301 0.1401 2.1681 0.3158 0.9468 
3.2101 0.1101 2.1669 0.2064 0.9103 
3.2301 0.1401 2.1681 0.3158 0.9468 
3.2001 0.1201 2.1628 0.2557 0.8657 
3.2101 0.1101 2.1669 0.2064 0.9103 
3.2201 0.1201 2.1714 0.2315 0.9318 
3.2101 0.1101 2.1669 0.2064 0.9103 
3.2301 0.1001 2.1662 0.1744 0.9984 
3.2301 0.1001 2.1662 0.1744 0.9984 
3.2101 0.1101 2.1669 0.2064 0.9103 
3.2101 0.1001 2.1652 0.1736 0.9234 
3.2101 0.1101 2.1669 0.2064 0.9103 
3.2001 0.1001 2.1639 0.1757 0.8863 
3.2101 0.1001 2.1652 0.1736 0.9234 
3.1701 0.1801 2.1690 0.4318 0.7125 
3.1601 0.2101 2.1754 0.4952 0.6639 
3.1401 0.2301 2.1731 0.5521 0.5973 
3.1401 0.2001 2.1724 0.4743 0.6077 
3.1701 0.1801 2.1690 0.4318 0.7125 
3.1401 0.2301 2.1731 0.5521 0.5973 
3.1701 0.1701 2.1719 0.3916 0.7174 
3.2001 0.1701 2.1691 0.4058 0.8166 
3.1701 0.1801 2.1690 0.4318 0.7125 
3.1701 0.1701 2.1719 0.3916 0.7174 
3.1401 0.1801 2.1727 0.4151 0.6151 
3.1501 0.1601 2.1785 0.3350 0.6551 
3.2001 0.1401 2.1721 0.2973 0.8404 
3.2101 0.1501 2.1724 0.3322 0.8652 
3.2001 0.1701 2.1691 0.4058 0.8166 
3.1601 0.1501 2.1785 0.3039 0.6938 
3.2001 0.1401 2.1721 0.2973 0.8404 
3.1701 0.1701 2.1719 0.3916 0.7174 
3.1501 0.1601 2.1785 0.3350 0.6551 
3.1601 0.1501 2.1785 0.3039 0.6938 
3.1701 0.1701 2.1719 0.3916 0.7174 
3.1601 0.1501 2.1785 0.3039 0.6938 
3.1501 0.1601 2.1785 0.3350 0.6551 
3.1401 0.1501 2.1719 0.3216 0.6278 
3.2001 0.1901 2.1678 0.4699 0.8017 
3.1901 0.2101 2.1717 0.5112 0.7555 
3.1701 0.1801 2.1690 0.4318 0.7125 
3.2001 0.2001 2.1720 0.4843 0.7924 
3.1901 0.2101 2.1717 0.5112 0.7555 
3.2001 0.1901 2.1678 0.4699 0.8017 
3.1701 0.1801 2.1690 0.4318 0.7125 
3.1901 0.2101 2.1717 0.5112 0.7555 
3.1601 0.2101 2.1754 0.4952 0.6639 
3.2001 0.1901 2.1678 0.4699 0.8017 
3.1701 0.1801 2.1690 0.4318 0.7125 
3.2001 0.1701 2.1691 0.4058 0.8166 
3.1701 0.1801 2.1690 0.4318 0.7125 
3.1401 0.2001 2.1724 0.4743 0.6077 
3.1701 0.1701 2.1719 0.3916 0.7174 
3.2001 0.1401 2.1721 0.2973 0.8404 
3.2001 0.1701 2.1691 0.4058 0.8166 
3.1701 0.1701 2.1719 0.3916 0.7174 
3.1201 0.2001 2.1739 0.4667 0.5457 
3.1401 0.1801 2.1727 0.4151 0.6151 
3.1401 0.2001 2.1724 0.4743 0.6077 
3.1201 0.2001 2.1739 0.4667 0.5457 
3.1201 0.1901 2.1725 0.4425 0.5482 
3.1401 0.1801 2.1727 0.4151 0.6151 
3.1001 0.1801 2.1749 0.4015 0.4863 
3.1101 0.1801 2.1806 0.3849 0.5184 
3.1201 0.1901 2.1725 0.4425 0.5482 
3.1201 0.1901 2.1725 0.4425 0.5482 
3.1101 0.1801 2.1806 0.3849 0.5184 
3.1201 0.1601 2.1725 0.3494 0.5563 
3.1401 0.1501 2.1719 0.3216 0.6278 
3.1501 0.1601 2.1785 0.3350 0.6551 
3.1401 0.1801 2.1727 0.4151 0.6151 
3.1401 0.1801 2.1727 0.4151 0.6151 
3.1201 0.1901 2.1725 0.4425 0.5482 
3.1201 0.1601 2.1725 0.3494 0.5563 
3.1401 0.1801 2.1727 0.4151 0.6151 
3.1201 0.1601 2.1725 0.3494 0.5563 
3.1401 0.1501 2.1719 0.3216 0.6278 
3.1201 0.1601 2.1725 0.3494 0.5563 
3.1101 0.1801 2.1806 0.3849 0.5184 
3.1001 0.1501 2.1727 0.3120 0.4906 
3.1201 0.1601 2.1725 0.3494 0.5563 
3.1301 0.1401 2.1736 0.2799 0.5970 
3.1401 0.1501 2.1719 0.3216 0.6278 
3.1301 0.1401 2.1736 0.2799 0.5970 
3.1201 0.1601 2.1725 0.3494 0.5563 
3.1201 0.1501 2.1770 0.3016 0.5588 
3.1201 0.1601 2.1725 0.3494 0.5563 
3.1001 0.1501 2.1727 0.3120 0.4906 
3.1201 0.1501 2.1770 0.3016 0.5588 
3.1401 0.1801 2.1727 0.4151 0.6151 
3.1701 0.1701 2.1719 0.3916 0.7174 
3.1401 0.2001 2.1724 0.4743 0.6077 
3.1701 0.1401 2.1683 0.3043 0.7383 
3.2001 0.1401 2.1721 0.2973 0.8404 
3.1601 0.1501 2.1785 0.3039 0.6938 
3.1601 0.1501 2.1785 0.3039 0.6938 
3.1401 0.1501 2.1719 0.3216 0.6278 
3.1501 0.1401 2.1779 0.2696 0.6654 
3.1601 0.1501 2.1785 0.3039 0.6938 
3.1501 0.1401 2.1779 0.2696 0.6654 
3.1701 0.1401 2.1683 0.3043 0.7383 
3.2001 0.1401 2.1721 0.2973 0.8404 
3.1701 0.1401 2.1683 0.3043 0.7383 
3.1801 0.1301 2.1699 0.2652 0.7802 
3.1501 0.1401 2.1779 0.2696 0.6654 
3.1801 0.1301 2.1699 0.2652 0.7802 
3.1701 0.1401 2.1683 0.3043 0.7383 
3.1801 0.1301 2.1699 0.2652 0.7802 
3.1501 0.1401 2.1779 0.2696 0.6654 
3.1401 0.1201 2.1709 0.2179 0.6422 
3.2001 0.1201 2.1628 0.2557 0.8657 
3.1801 0.1101 2.1676 0.1984 0.7982 
3.2101 0.1101 2.1669 0.2064 0.9103 
3.1801 0.1301 2.1699 0.2652 0.7802 
3.2001 0.1201 2.1628 0.2557 0.8657 
3.2001 0.1401 2.1721 0.2973 0.8404 
3.1801 0.1301 2.1699 0.2652 0.7802 
3.1401 0.1201 2.1709 0.2179 0.6422 
3.2001 0.1201 2.1628 0.2557 0.8657 
3.2001 0.1201 2.1628 0.2557 0.8657 
3.1401 0.1201 2.1709 0.2179 0.6422 
3.1801 0.1101 2.1676 0.1984 0.7982 
3.2001 0.1001 2.1639 0.1757 0.8863 
3.1801 0.1101 2.1676 0.1984 0.7982 
3.1601 0.1001 2.1651 0.1637 0.7318 
3.2101 0.1101 2.1669 0.2064 0.9103 
3.1801 0.1101 2.1676 0.1984 0.7982 
3.2001 0.1001 2.1639 0.1757 0.8863 
3.1801 0.1101 2.1676 0.1984 0.7982 
3.1401 0.1201 2.1709 0.2179 0.6422 
3.1601 0.1001 2.1651 0.1637 0.7318 
3.1501 0.1401 2.1779 0.2696 0.6654 
3.1401 0.1501 2.1719 0.3216 0.6278 
3.1301 0.1401 2.1736 0.2799 0.5970 
3.1301 0.1401 2.1736 0.2799 0.5970 
3.1201 0.1501 2.1770 0.3016 0.5588 
3.1201 0.1401 2.1705 0.2879 0.5625 
3.1201 0.1501 2.1770 0.3016 0.5588 
3.1001 0.1501 2.1727 0.3120 0.4906 
3.1201 0.1401 2.1705 0.2879 0.5625 
3.1501 0.1401 2.1779 0.2696 0.6654 
3.1301 0.1401 2.1736 0.2799 0.5970 
3.1201 0.1401 2.1705 0.2879 0.5625 
3.1201 0.1401 2.1705 0.2879 0.5625 
3.1001 0.1501 2.1727 0.3120 0.4906 
3.1001 0.1301 2.1721 0.2432 0.4937 
3.1401 0.1201 2.1709 0.2179 0.6422 
3.1501 0.1401 2.1779 0.2696 0.6654 
3.1201 0.1401 2.1705 0.2879 0.5625 
3.1001 0.1301 2.1721 0.2432 0.4937 
3.1101 0.1201 2.1706 0.2130 0.5322 
3.1201 0.1401 2.1705 0.2879 0.5625 
3.1201 0.1101 2.1763 0.1600 0.5717 
3.1401 0.1201 2.1709 0.2179 0.6422 
3.1101 0.1201 2.1706 0.2130 0.5322 
3.1101 0.1201 2.1706 0.2130 0.5322 
3.1001 0.1101 2.1714 0.1707 0.4972 
3.1201 0.1101 2.1763 0.1600 0.5717 
3.1401 0.1201 2.1709 0.2179 0.6422 
3.1201 0.1401 2.1705 0.2879 0.5625 
3.1101 0.1201 2.1706 0.2130 0.5322 
3.1001 0.1301 2.1721 0.2432 0.4937 
3.0701 0.1201 2.1719 0.2012 0.3850 
3.1101 0.1201 2.1706 0.2130 0.5322 
3.1101 0.1201 2.1706 0.2130 0.5322 
3.0701 0.1201 2.1719 0.2012 0.3850 
3.1001 0.1101 2.1714 0.1707 0.4972 
3.1401 0.1201 2.1709 0.2179 0.6422 
3.1301 0.1001 2.1663 0.1542 0.6155 
3.1601 0.1001 2.1651 0.1637 0.7318 
3.1301 0.1001 2.1663 0.1542 0.6155 
3.1401 0.1201 2.1709 0.2179 0.6422 
3.1201 0.1101 2.1763 0.1600 0.5717 
3.2101 0.1001 2.1652 0.1736 0.9234 
3.2201 0.0901 2.1759 0.1084 0.9646 
3.2301 0.1001 2.1662 0.1744 0.9984 
3.2001 0.1001 2.1639 0.1757 0.8863 
3.2001 0.0801 2.1773 0.0774 0.8985 
3.2101 0.0801 2.1680 0.0934 0.9459 
3.2101 0.1001 2.1652 0.1736 0.9234 
3.2101 0.0901 2.1597 0.1515 0.9406 
3.2201 0.0901 2.1759 0.1084 0.9646 
3.2101 0.0901 2.1597 0.1515 0.9406 
3.2101 0.1001 2.1652 0.1736 0.9234 
3.2001 0.1001 2.1639 0.1757 0.8863 
3.2101 0.0901 2.1597 0.1515 0.9406 
3.2101 0.0801 2.1680 0.0934 0.9459 
3.2201 0.0901 2.1759 0.1084 0.9646 
3.2101 0.0801 2.1680 0.0934 0.9459 
3.2101 0.0901 2.1597 0.1515 0.9406 
3.2001 0.1001 2.1639 0.1757 0.8863 
3.1801 0.0801 2.1736 0.0800 0.8225 
3.2001 0.0801 2.1773 0.0774 0.8985 
3.2001 0.1001 2.1639 0.1757 0.8863 
3.2001 0.1001 2.1639 0.1757 0.8863 
3.1601 0.1001 2.1651 0.1637 0.7318 
3.1801 0.0801 2.1736 0.0800 0.8225 
3.1601 0.0801 2.1686 0.0853 0.7457 
3.1801 0.0801 2.1736 0.0800 0.8225 
3.1601 0.1001 2.1651 0.1637 0.7318 
3.1301 0.1001 2.1663 0.1542 0.6155 
3.1301 0.0901 2.1821 0.0828 0.6166 
3.1601 0.0801 2.1686 0.0853 0.7457 
3.1301 0.1001 2.1663 0.1542 0.6155 
3.1201 0.0901 2.1682 0.1100 0.5803 
3.1301 0.0901 2.1821 0.0828 0.6166 
3.1201 0.1101 2.1763 0.1600 0.5717 
3.1001 0.1101 2.1714 0.1707 0.4972 
3.1201 0.0901 2.1682 0.1100 0.5803 
3.1001 0.0901 2.1776 0.0865 0.5011 
3.1201 0.0901 2.1682 0.1100 0.5803 
3.1001 0.1101 2.1714 0.1707 0.4972 
3.0801 0.1001 2.1712 0.1300 0.4219 
3.1001 0.0901 2.1776 0.0865 0.5011 
3.1001 0.1101 2.1714 0.1707 0.4972 
3.1601 0.0801 2.1686 0.0853 0.7457 
3.1301 0.0901 2.1821 0.0828 0.6166 
3.1501 0.0801 2.1762 0.0751 0.7023 
3.1301 0.0901 2.1821 0.0828 0.6166 
3.1301 0.0801 2.1707 0.0790 0.6243 
3.1501 0.0801 2.1762 0.0751 0.7023 
3.1301 0.0901 2.1821 0.0828 0.6166 
3.1201 0.0901 2.1682 0.1100 0.5803 
3.1301 0.0801 2.1707 0.0790 0.6243 
3.1301 0.1001 2.1663 0.1542 0.6155 
3.1601 0.0801 2.1686 0.0853 0.7457 
3.1601 0.1001 2.1651 0.1637 0.7318 
3.1201 0.1101 2.1763 0.1600 0.5717 
3.1201 0.0901 2.1682 0.1100 0.5803 
3.1301 0.1001 2.1663 0.1542 0.6155 
2.9306 0.5101 2.1801 0.9930 0.1337 
2.9501 0.5101 2.1780 0.9997 0.1694 
2.9501 0.5201 2.1856 0.9916 0.1747 
2.9306 0.5101 2.1801 0.9930 0.1337 
2.9301 0.5001 2.1811 0.9786 0.1300 
2.9401 0.5001 2.1923 0.9503 0.1524 
2.9306 0.5101 2.1801 0.9930 0.1337 
2.9401 0.5001 2.1923 0.9503 0.1524 
2.9501 0.5101 2.1780 0.9997 0.1694 
2.9501 0.5101 2.1780 0.9997 0.1694 
2.9701 0.4901 2.1880 0.9512 0.2054 
2.9701 0.5101 2.1872 0.9771 0.2102 
2.9801 0.4801 2.1917 0.9298 0.2236 
2.9701 0.5101 2.1872 0.9771 0.2102 
2.9701 0.4901 2.1880 0.9512 0.2054 
2.9901 0.5101 2.1851 0.9837 0.2479 
2.9701 0.5101 2.1872 0.9771 0.2102 
2.9801 0.4801 2.1917 0.9298 0.2236 
2.8801 0.4701 2.2001 0.8883 0.0542 
2.8801 0.4701 2.2001 0.8883 0.0542 
2.8801 0.4701 2.2001 0.8883 0.0542 
2.8901 0.4687 2.2001 0.8871 0.0619 
2.8801 0.4701 2.2001 0.8883 0.0542 
2.8801 0.4701 2.2001 0.8883 0.0542 
2.8901 0.4701 2.2016 0.8853 0.0627 
2.8801 0.4701 2.2001 0.8883 0.0542 
2.8901 0.4687 2.2001 0.8871 0.0619 
2.8801 0.4701 2.2001 0.8883 0.0542 
2.8801 0.4701 2.2001 0.8883 0.0542 
2.8801 0.4701 2.2001 0.8883 0.0542 
2.8801 0.4701 2.2001 0.8883 0.0542 
2.8901 0.4701 2.2016 0.8853 0.0627 
2.8801 0.4701 2.2001 0.8883 0.0542 
