NUMPOLLIES   6.000000 

4.5001 0.9220 1.2201 0.0736 0.9624 
4.4901 0.9086 1.2301 0.0734 0.9583 
4.5101 0.9158 1.2101 0.0783 0.9745 
4.5001 0.9220 1.2201 0.0736 0.9624 
4.4801 0.9095 1.2201 0.0756 0.9413 
4.4901 0.9086 1.2301 0.0734 0.9583 
4.4401 0.9129 1.2201 0.0753 0.8873 
4.4801 0.9095 1.2201 0.0756 0.9413 
4.4301 0.9219 1.2001 0.0845 0.8656 
4.4101 0.9139 1.2301 0.0734 0.8501 
4.4301 0.9219 1.2001 0.0845 0.8656 
4.4001 0.9274 1.2101 0.0765 0.8275 
4.4301 0.9219 1.2001 0.0845 0.8656 
4.4101 0.9139 1.2301 0.0734 0.8501 
4.4401 0.9129 1.2201 0.0753 0.8873 
4.3701 0.9152 1.2201 0.0756 0.7942 
4.4101 0.9139 1.2301 0.0734 0.8501 
4.4001 0.9274 1.2101 0.0765 0.8275 
