NUMPOLLIES 348.000000 

4.1301 -0.2699 2.1542 0.9330 0.6603 
4.1401 -0.2899 2.1547 0.8255 0.7010 
4.1701 -0.2799 2.1541 0.8891 0.8172 
4.2001 -0.2799 2.1545 0.8975 0.9335 
4.1701 -0.2799 2.1541 0.8891 0.8172 
4.1801 -0.2899 2.1516 0.8371 0.8589 
4.1701 -0.2799 2.1541 0.8891 0.8172 
4.1401 -0.2899 2.1547 0.8255 0.7010 
4.1601 -0.2899 2.1546 0.8312 0.7783 
4.1801 -0.2899 2.1516 0.8371 0.8589 
4.1701 -0.2799 2.1541 0.8891 0.8172 
4.1901 -0.3099 2.1578 0.7324 0.8904 
4.1901 -0.3099 2.1578 0.7324 0.8904 
4.1701 -0.2799 2.1541 0.8891 0.8172 
4.1601 -0.2899 2.1546 0.8312 0.7783 
4.1601 -0.2999 2.1482 0.7763 0.7843 
4.1901 -0.3099 2.1578 0.7324 0.8904 
4.1601 -0.2899 2.1546 0.8312 0.7783 
4.1201 -0.2999 2.1605 0.7666 0.6231 
4.1401 -0.2999 2.1559 0.7715 0.7011 
4.1301 -0.2899 2.1509 0.8229 0.6643 
4.1101 -0.2999 2.1601 0.7638 0.5856 
4.1201 -0.2999 2.1605 0.7666 0.6231 
4.1101 -0.2999 2.1601 0.7638 0.5856 
4.1101 -0.2999 2.1601 0.7638 0.5856 
4.1101 -0.2999 2.1601 0.7638 0.5856 
4.1101 -0.2999 2.1601 0.7638 0.5856 
4.1201 -0.2799 2.1584 0.8739 0.6212 
4.1301 -0.2699 2.1542 0.9330 0.6603 
4.1201 -0.2599 2.1490 0.9891 0.6219 
4.1401 -0.2899 2.1547 0.8255 0.7010 
4.1301 -0.2699 2.1542 0.9330 0.6603 
4.1201 -0.2799 2.1584 0.8739 0.6212 
4.1401 -0.2899 2.1547 0.8255 0.7010 
4.1201 -0.2799 2.1584 0.8739 0.6212 
4.1301 -0.2899 2.1509 0.8229 0.6643 
4.1301 -0.2899 2.1509 0.8229 0.6643 
4.1201 -0.2799 2.1584 0.8739 0.6212 
4.1201 -0.2999 2.1605 0.7666 0.6231 
4.1201 -0.2999 2.1605 0.7666 0.6231 
4.1201 -0.2799 2.1584 0.8739 0.6212 
4.1101 -0.2899 2.1572 0.8170 0.5848 
4.1101 -0.2899 2.1572 0.8170 0.5848 
4.0801 -0.2699 2.1578 0.9174 0.4662 
4.1001 -0.2999 2.1582 0.7607 0.5482 
4.1201 -0.2799 2.1584 0.8739 0.6212 
4.0801 -0.2699 2.1578 0.9174 0.4662 
4.1101 -0.2899 2.1572 0.8170 0.5848 
4.1601 -0.2999 2.1482 0.7763 0.7843 
4.1401 -0.2899 2.1547 0.8255 0.7010 
4.1401 -0.2999 2.1559 0.7715 0.7011 
4.1601 -0.2899 2.1546 0.8312 0.7783 
4.1401 -0.2899 2.1547 0.8255 0.7010 
4.1601 -0.2999 2.1482 0.7763 0.7843 
4.1301 -0.2899 2.1509 0.8229 0.6643 
4.1401 -0.2999 2.1559 0.7715 0.7011 
4.1401 -0.2899 2.1547 0.8255 0.7010 
4.1201 -0.2999 2.1605 0.7666 0.6231 
4.1101 -0.2899 2.1572 0.8170 0.5848 
4.1101 -0.2999 2.1601 0.7638 0.5856 
4.1101 -0.2999 2.1601 0.7638 0.5856 
4.1101 -0.2899 2.1572 0.8170 0.5848 
4.1001 -0.2999 2.1582 0.7607 0.5482 
4.1101 -0.2999 2.1601 0.7638 0.5856 
4.1101 -0.2999 2.1601 0.7638 0.5856 
4.1101 -0.2899 2.1572 0.8170 0.5848 
4.0801 -0.2699 2.1578 0.9174 0.4662 
4.0601 -0.2699 2.1561 0.9122 0.3890 
4.0701 -0.2799 2.1554 0.8603 0.4297 
4.0701 -0.2799 2.1554 0.8603 0.4297 
4.0501 -0.2599 2.1481 0.9688 0.3439 
4.0501 -0.2799 2.1571 0.8544 0.3539 
4.0601 -0.2699 2.1561 0.9122 0.3890 
4.0501 -0.2599 2.1481 0.9688 0.3439 
4.0701 -0.2799 2.1554 0.8603 0.4297 
4.1001 -0.2999 2.1582 0.7607 0.5482 
4.0801 -0.2699 2.1578 0.9174 0.4662 
4.0701 -0.2799 2.1554 0.8603 0.4297 
4.0701 -0.2999 2.1581 0.7525 0.4350 
4.0701 -0.2799 2.1554 0.8603 0.4297 
4.0601 -0.2899 2.1522 0.8029 0.3929 
4.0501 -0.2799 2.1571 0.8544 0.3539 
4.0601 -0.2899 2.1522 0.8029 0.3929 
4.0701 -0.2799 2.1554 0.8603 0.4297 
4.0501 -0.2799 2.1571 0.8544 0.3539 
4.0501 -0.2899 2.1674 0.8006 0.3610 
4.0601 -0.2899 2.1522 0.8029 0.3929 
4.0701 -0.2999 2.1581 0.7525 0.4350 
4.1001 -0.2999 2.1582 0.7607 0.5482 
4.0701 -0.2799 2.1554 0.8603 0.4297 
4.0501 -0.2999 2.1593 0.7472 0.3603 
4.0701 -0.2999 2.1581 0.7525 0.4350 
4.0601 -0.2899 2.1522 0.8029 0.3929 
4.0501 -0.2899 2.1674 0.8006 0.3610 
4.0501 -0.2999 2.1593 0.7472 0.3603 
4.0601 -0.2899 2.1522 0.8029 0.3929 
4.0201 -0.2899 2.1592 0.7920 0.2455 
4.0501 -0.2899 2.1674 0.8006 0.3610 
4.0501 -0.2799 2.1571 0.8544 0.3539 
3.9901 -0.2699 2.1579 0.8918 0.1280 
3.9901 -0.2899 2.1617 0.7839 0.1393 
4.0101 -0.2799 2.1601 0.8428 0.2060 
4.0101 -0.2799 2.1601 0.8428 0.2060 
3.9901 -0.2899 2.1617 0.7839 0.1393 
4.0201 -0.2899 2.1592 0.7920 0.2455 
4.0501 -0.2899 2.1674 0.8006 0.3610 
4.0201 -0.2899 2.1592 0.7920 0.2455 
4.0501 -0.2999 2.1593 0.7472 0.3603 
4.0201 -0.2899 2.1592 0.7920 0.2455 
3.9901 -0.2899 2.1617 0.7839 0.1393 
4.0001 -0.2949 2.1601 0.7602 0.1749 
4.0101 -0.2599 2.1491 0.9564 0.1888 
4.0101 -0.2799 2.1601 0.8428 0.2060 
4.0301 -0.2599 2.1548 0.9596 0.2702 
4.0101 -0.2599 2.1491 0.9564 0.1888 
3.9901 -0.2699 2.1579 0.8918 0.1280 
4.0101 -0.2799 2.1601 0.8428 0.2060 
4.0501 -0.2599 2.1481 0.9688 0.3439 
4.0301 -0.2599 2.1548 0.9596 0.2702 
4.0501 -0.2799 2.1571 0.8544 0.3539 
4.0501 -0.2799 2.1571 0.8544 0.3539 
4.0301 -0.2599 2.1548 0.9596 0.2702 
4.0201 -0.2899 2.1592 0.7920 0.2455 
4.0301 -0.2599 2.1548 0.9596 0.2702 
4.0101 -0.2799 2.1601 0.8428 0.2060 
4.0201 -0.2899 2.1592 0.7920 0.2455 
4.0201 -0.2999 2.1518 0.7373 0.2431 
4.0201 -0.2899 2.1592 0.7920 0.2455 
4.0001 -0.3099 2.1522 0.6783 0.1726 
4.0201 -0.2899 2.1592 0.7920 0.2455 
4.0001 -0.2949 2.1601 0.7602 0.1749 
4.0001 -0.3099 2.1522 0.6783 0.1726 
3.9901 -0.2699 2.1579 0.8918 0.1280 
3.9601 -0.2699 2.1595 0.8829 0.0529 
3.9701 -0.2799 2.1589 0.8317 0.0698 
4.0001 -0.2949 2.1601 0.7602 0.1749 
3.9901 -0.2899 2.1617 0.7839 0.1393 
3.9901 -0.2999 2.1601 0.7309 0.1413 
4.0001 -0.2949 2.1601 0.7602 0.1749 
3.9901 -0.2999 2.1601 0.7309 0.1413 
3.9901 -0.2999 2.1601 0.7309 0.1413 
3.9901 -0.2899 2.1617 0.7839 0.1393 
3.9901 -0.2999 2.1601 0.7309 0.1413 
3.9901 -0.2999 2.1601 0.7309 0.1413 
4.0101 -0.2599 2.1491 0.9564 0.1888 
3.9701 -0.2499 2.1580 0.9965 0.0612 
3.9701 -0.2599 2.1511 0.9438 0.0586 
4.0101 -0.2599 2.1491 0.9564 0.1888 
3.9701 -0.2599 2.1511 0.9438 0.0586 
3.9901 -0.2699 2.1579 0.8918 0.1280 
3.9901 -0.2699 2.1579 0.8918 0.1280 
3.9701 -0.2599 2.1511 0.9438 0.0586 
3.9601 -0.2699 2.1595 0.8829 0.0529 
3.9701 -0.2799 2.1589 0.8317 0.0698 
3.9901 -0.2899 2.1617 0.7839 0.1393 
3.9901 -0.2699 2.1579 0.8918 0.1280 
3.9801 -0.2999 2.1562 0.7273 0.1032 
3.9901 -0.2899 2.1617 0.7839 0.1393 
3.9701 -0.2799 2.1589 0.8317 0.0698 
3.9801 -0.2999 2.1562 0.7273 0.1032 
3.9701 -0.2799 2.1589 0.8317 0.0698 
3.9601 -0.2899 2.1631 0.7758 0.0558 
4.0001 -0.3099 2.1522 0.6783 0.1726 
4.0001 -0.2949 2.1601 0.7602 0.1749 
3.9901 -0.2999 2.1601 0.7309 0.1413 
3.9901 -0.2999 2.1601 0.7309 0.1413 
3.9901 -0.2899 2.1617 0.7839 0.1393 
3.9801 -0.2999 2.1562 0.7273 0.1032 
3.9801 -0.2999 2.1562 0.7273 0.1032 
3.9601 -0.2899 2.1631 0.7758 0.0558 
3.9601 -0.2999 2.1525 0.7208 0.0532 
4.2001 -0.3599 2.1516 0.4718 0.9349 
4.1901 -0.3799 2.1450 0.3605 0.9047 
4.2101 -0.3799 2.1423 0.3621 0.9847 
4.2001 -0.2999 2.1531 0.7881 0.9348 
4.1901 -0.3099 2.1578 0.7324 0.8904 
4.2001 -0.3099 2.1456 0.7323 0.9446 
4.2001 -0.2999 2.1531 0.7881 0.9348 
4.1801 -0.2899 2.1516 0.8371 0.8589 
4.1901 -0.3099 2.1578 0.7324 0.8904 
4.1601 -0.2999 2.1482 0.7763 0.7843 
4.1401 -0.2999 2.1559 0.7715 0.7011 
4.1601 -0.3199 2.1479 0.6674 0.7855 
4.1601 -0.2999 2.1482 0.7763 0.7843 
4.1801 -0.3199 2.1493 0.6736 0.8617 
4.1901 -0.3099 2.1578 0.7324 0.8904 
4.1401 -0.2999 2.1559 0.7715 0.7011 
4.1401 -0.3199 2.1517 0.6636 0.7055 
4.1601 -0.3199 2.1479 0.6674 0.7855 
4.1501 -0.3299 2.1532 0.6144 0.7435 
4.1801 -0.3199 2.1493 0.6736 0.8617 
4.1601 -0.3199 2.1479 0.6674 0.7855 
4.1401 -0.3199 2.1517 0.6636 0.7055 
4.1501 -0.3299 2.1532 0.6144 0.7435 
4.1601 -0.3199 2.1479 0.6674 0.7855 
4.1801 -0.3399 2.1492 0.5675 0.8619 
4.2001 -0.3499 2.1585 0.5287 0.9264 
4.2001 -0.3199 2.1448 0.6774 0.9452 
4.1801 -0.3199 2.1493 0.6736 0.8617 
4.1501 -0.3299 2.1532 0.6144 0.7435 
4.1801 -0.3399 2.1492 0.5675 0.8619 
4.1801 -0.3499 2.1590 0.5239 0.8517 
4.2001 -0.3499 2.1585 0.5287 0.9264 
4.1801 -0.3399 2.1492 0.5675 0.8619 
4.1801 -0.3399 2.1492 0.5675 0.8619 
4.1701 -0.3499 2.1467 0.5105 0.8263 
4.1801 -0.3499 2.1590 0.5239 0.8517 
4.1601 -0.3399 2.1459 0.5596 0.7882 
4.1601 -0.3499 2.1542 0.5145 0.7816 
4.1701 -0.3499 2.1467 0.5105 0.8263 
4.1401 -0.2999 2.1559 0.7715 0.7011 
4.1201 -0.2999 2.1605 0.7666 0.6231 
4.1201 -0.3007 2.1601 0.7623 0.6233 
4.1201 -0.2999 2.1605 0.7666 0.6231 
4.1101 -0.2999 2.1601 0.7638 0.5856 
4.1201 -0.3007 2.1601 0.7623 0.6233 
4.1201 -0.3007 2.1601 0.7623 0.6233 
4.1101 -0.2999 2.1601 0.7638 0.5856 
4.1101 -0.2999 2.1601 0.7638 0.5856 
4.1101 -0.2999 2.1601 0.7638 0.5856 
4.1101 -0.2999 2.1601 0.7638 0.5856 
4.1101 -0.2999 2.1601 0.7638 0.5856 
4.1201 -0.3007 2.1601 0.7623 0.6233 
4.1101 -0.3099 2.1579 0.7105 0.5876 
4.1401 -0.2999 2.1559 0.7715 0.7011 
4.1101 -0.2999 2.1601 0.7638 0.5856 
4.1101 -0.3099 2.1579 0.7105 0.5876 
4.1201 -0.3007 2.1601 0.7623 0.6233 
4.1101 -0.3099 2.1579 0.7105 0.5876 
4.1001 -0.2999 2.1582 0.7607 0.5482 
4.1001 -0.3099 2.1504 0.7054 0.5510 
4.1101 -0.2999 2.1601 0.7638 0.5856 
4.1001 -0.2999 2.1582 0.7607 0.5482 
4.1101 -0.3099 2.1579 0.7105 0.5876 
4.1101 -0.2999 2.1601 0.7638 0.5856 
4.1101 -0.2999 2.1601 0.7638 0.5856 
4.1001 -0.2999 2.1582 0.7607 0.5482 
4.1401 -0.3199 2.1517 0.6636 0.7055 
4.1401 -0.2999 2.1559 0.7715 0.7011 
4.1101 -0.3099 2.1579 0.7105 0.5876 
4.1101 -0.3199 2.1585 0.6584 0.5890 
4.1001 -0.3099 2.1504 0.7054 0.5510 
4.1001 -0.3299 2.1455 0.5959 0.5552 
4.1101 -0.3099 2.1579 0.7105 0.5876 
4.1001 -0.3099 2.1504 0.7054 0.5510 
4.1101 -0.3199 2.1585 0.6584 0.5890 
4.1401 -0.3199 2.1517 0.6636 0.7055 
4.1101 -0.3099 2.1579 0.7105 0.5876 
4.1101 -0.3199 2.1585 0.6584 0.5890 
4.1301 -0.3899 2.1593 0.3160 0.6710 
4.1501 -0.3999 2.1536 0.2653 0.7479 
4.1601 -0.3899 2.1633 0.3288 0.7763 
4.2001 -0.3499 2.1585 0.5287 0.9264 
4.1801 -0.3499 2.1590 0.5239 0.8517 
4.1701 -0.3599 2.1428 0.4546 0.8304 
4.1701 -0.3499 2.1467 0.5105 0.8263 
4.1701 -0.3599 2.1428 0.4546 0.8304 
4.1801 -0.3499 2.1590 0.5239 0.8517 
4.1701 -0.3499 2.1467 0.5105 0.8263 
4.1601 -0.3499 2.1542 0.5145 0.7816 
4.1701 -0.3599 2.1428 0.4546 0.8304 
4.1701 -0.3599 2.1428 0.4546 0.8304 
4.1601 -0.3499 2.1542 0.5145 0.7816 
4.1601 -0.3699 2.1499 0.4090 0.7862 
4.1601 -0.3499 2.1542 0.5145 0.7816 
4.1501 -0.3599 2.1545 0.4616 0.7446 
4.1601 -0.3699 2.1499 0.4090 0.7862 
4.1901 -0.3799 2.1450 0.3605 0.9047 
4.1601 -0.3699 2.1499 0.4090 0.7862 
4.1601 -0.3899 2.1633 0.3288 0.7763 
4.1901 -0.3799 2.1450 0.3605 0.9047 
4.1601 -0.3899 2.1633 0.3288 0.7763 
4.1901 -0.3899 2.1505 0.3185 0.8981 
4.1601 -0.3699 2.1499 0.4090 0.7862 
4.1501 -0.3699 2.1450 0.4004 0.7522 
4.1601 -0.3899 2.1633 0.3288 0.7763 
4.1301 -0.3899 2.1593 0.3160 0.6710 
4.1601 -0.3899 2.1633 0.3288 0.7763 
4.1501 -0.3699 2.1450 0.4004 0.7522 
4.1601 -0.3899 2.1633 0.3288 0.7763 
4.1801 -0.3999 2.1484 0.2647 0.8632 
4.1901 -0.3899 2.1505 0.3185 0.8981 
4.1801 -0.3999 2.1484 0.2647 0.8632 
4.1601 -0.3899 2.1633 0.3288 0.7763 
4.1501 -0.3999 2.1536 0.2653 0.7479 
4.1101 -0.3799 2.1625 0.3628 0.5966 
4.1301 -0.3899 2.1593 0.3160 0.6710 
4.1101 -0.3599 2.1506 0.4471 0.5970 
4.1601 -0.3499 2.1542 0.5145 0.7816 
4.1401 -0.3499 2.1544 0.5094 0.7066 
4.1501 -0.3599 2.1545 0.4616 0.7446 
4.1501 -0.3599 2.1545 0.4616 0.7446 
4.1401 -0.3699 2.1555 0.4103 0.7076 
4.1501 -0.3699 2.1450 0.4004 0.7522 
4.1101 -0.3599 2.1506 0.4471 0.5970 
4.1401 -0.3699 2.1555 0.4103 0.7076 
4.1201 -0.3599 2.1448 0.4435 0.6368 
4.1201 -0.3599 2.1448 0.4435 0.6368 
4.1401 -0.3699 2.1555 0.4103 0.7076 
4.1501 -0.3599 2.1545 0.4616 0.7446 
4.1401 -0.3699 2.1555 0.4103 0.7076 
4.1301 -0.3799 2.1523 0.3546 0.6734 
4.1501 -0.3699 2.1450 0.4004 0.7522 
4.1101 -0.3599 2.1506 0.4471 0.5970 
4.1301 -0.3799 2.1523 0.3546 0.6734 
4.1401 -0.3699 2.1555 0.4103 0.7076 
4.1101 -0.3599 2.1506 0.4471 0.5970 
4.1301 -0.3899 2.1593 0.3160 0.6710 
4.1301 -0.3799 2.1523 0.3546 0.6734 
4.1101 -0.3599 2.1506 0.4471 0.5970 
4.1001 -0.3699 2.1568 0.4016 0.5601 
4.1101 -0.3799 2.1625 0.3628 0.5966 
4.1301 -0.3799 2.1523 0.3546 0.6734 
4.1301 -0.3899 2.1593 0.3160 0.6710 
4.1501 -0.3699 2.1450 0.4004 0.7522 
4.1001 -0.3999 2.1549 0.2552 0.5651 
4.1101 -0.3899 2.1527 0.3017 0.6007 
4.1101 -0.3799 2.1625 0.3628 0.5966 
4.1501 -0.3999 2.1536 0.2653 0.7479 
4.1301 -0.3899 2.1593 0.3160 0.6710 
4.1201 -0.3999 2.1549 0.2600 0.6378 
4.1301 -0.3899 2.1593 0.3160 0.6710 
4.1101 -0.3799 2.1625 0.3628 0.5966 
4.1201 -0.3999 2.1549 0.2600 0.6378 
4.1101 -0.3799 2.1625 0.3628 0.5966 
4.1101 -0.3899 2.1527 0.3017 0.6007 
4.1201 -0.3999 2.1549 0.2600 0.6378 
4.1001 -0.3999 2.1549 0.2552 0.5651 
4.1201 -0.3999 2.1549 0.2600 0.6378 
4.1101 -0.3899 2.1527 0.3017 0.6007 
4.2001 -0.3099 2.1456 0.7323 0.9446 
4.1901 -0.3199 2.1415 0.6731 0.9101 
4.2001 -0.3199 2.1448 0.6774 0.9452 
4.2001 -0.3099 2.1456 0.7323 0.9446 
4.1901 -0.3099 2.1578 0.7324 0.8904 
4.1901 -0.3199 2.1415 0.6731 0.9101 
4.1801 -0.3199 2.1493 0.6736 0.8617 
4.1901 -0.3199 2.1415 0.6731 0.9101 
4.1901 -0.3099 2.1578 0.7324 0.8904 
4.1801 -0.3199 2.1493 0.6736 0.8617 
4.1601 -0.2999 2.1482 0.7763 0.7843 
4.1601 -0.3199 2.1479 0.6674 0.7855 
4.2001 -0.3199 2.1448 0.6774 0.9452 
4.1901 -0.3199 2.1415 0.6731 0.9101 
4.1801 -0.3399 2.1492 0.5675 0.8619 
4.1801 -0.3199 2.1493 0.6736 0.8617 
4.1801 -0.3399 2.1492 0.5675 0.8619 
4.1901 -0.3199 2.1415 0.6731 0.9101 
4.1501 -0.3299 2.1532 0.6144 0.7435 
4.1601 -0.3399 2.1459 0.5596 0.7882 
4.1801 -0.3399 2.1492 0.5675 0.8619 
4.1701 -0.3499 2.1467 0.5105 0.8263 
4.1801 -0.3399 2.1492 0.5675 0.8619 
4.1601 -0.3399 2.1459 0.5596 0.7882 
4.1601 -0.3399 2.1459 0.5596 0.7882 
4.1401 -0.3199 2.1517 0.6636 0.7055 
4.1201 -0.3399 2.1468 0.5494 0.6335 
4.1501 -0.3299 2.1532 0.6144 0.7435 
4.1401 -0.3199 2.1517 0.6636 0.7055 
4.1601 -0.3399 2.1459 0.5596 0.7882 
4.1401 -0.3199 2.1517 0.6636 0.7055 
4.1101 -0.3199 2.1585 0.6584 0.5890 
4.1201 -0.3399 2.1468 0.5494 0.6335 
4.1101 -0.3199 2.1585 0.6584 0.5890 
4.1001 -0.3299 2.1455 0.5959 0.5552 
4.1201 -0.3399 2.1468 0.5494 0.6335 
4.1101 -0.3399 2.1544 0.5526 0.5930 
4.1201 -0.3399 2.1468 0.5494 0.6335 
4.1001 -0.3299 2.1455 0.5959 0.5552 
4.1601 -0.3499 2.1542 0.5145 0.7816 
4.1601 -0.3399 2.1459 0.5596 0.7882 
4.1401 -0.3499 2.1544 0.5094 0.7066 
4.1601 -0.3399 2.1459 0.5596 0.7882 
4.1201 -0.3399 2.1468 0.5494 0.6335 
4.1401 -0.3499 2.1544 0.5094 0.7066 
4.1401 -0.3499 2.1544 0.5094 0.7066 
4.1201 -0.3399 2.1468 0.5494 0.6335 
4.1201 -0.3599 2.1448 0.4435 0.6368 
4.1201 -0.3399 2.1468 0.5494 0.6335 
4.1101 -0.3499 2.1459 0.4936 0.5968 
4.1201 -0.3599 2.1448 0.4435 0.6368 
4.1101 -0.3399 2.1544 0.5526 0.5930 
4.1101 -0.3499 2.1459 0.4936 0.5968 
4.1201 -0.3399 2.1468 0.5494 0.6335 
4.2001 -0.3499 2.1585 0.5287 0.9264 
4.1701 -0.3599 2.1428 0.4546 0.8304 
4.2001 -0.3599 2.1516 0.4718 0.9349 
4.1901 -0.3799 2.1450 0.3605 0.9047 
4.2001 -0.3599 2.1516 0.4718 0.9349 
4.1701 -0.3599 2.1428 0.4546 0.8304 
4.1501 -0.3599 2.1545 0.4616 0.7446 
4.1501 -0.3699 2.1450 0.4004 0.7522 
4.1601 -0.3699 2.1499 0.4090 0.7862 
4.1601 -0.3699 2.1499 0.4090 0.7862 
4.1901 -0.3799 2.1450 0.3605 0.9047 
4.1701 -0.3599 2.1428 0.4546 0.8304 
4.2101 -0.3999 2.1582 0.2868 0.9617 
4.2101 -0.3799 2.1423 0.3621 0.9847 
4.1901 -0.3899 2.1505 0.3185 0.8981 
4.2101 -0.3799 2.1423 0.3621 0.9847 
4.1901 -0.3799 2.1450 0.3605 0.9047 
4.1901 -0.3899 2.1505 0.3185 0.8981 
4.1401 -0.3499 2.1544 0.5094 0.7066 
4.1201 -0.3599 2.1448 0.4435 0.6368 
4.1501 -0.3599 2.1545 0.4616 0.7446 
4.1101 -0.3599 2.1506 0.4471 0.5970 
4.1201 -0.3599 2.1448 0.4435 0.6368 
4.1101 -0.3499 2.1459 0.4936 0.5968 
4.2101 -0.3999 2.1582 0.2868 0.9617 
4.1901 -0.3899 2.1505 0.3185 0.8981 
4.2101 -0.4099 2.1433 0.2164 0.9816 
4.2101 -0.4099 2.1433 0.2164 0.9816 
4.1901 -0.3899 2.1505 0.3185 0.8981 
4.2001 -0.4199 2.1501 0.1798 0.9349 
4.2001 -0.4199 2.1501 0.1798 0.9349 
4.2001 -0.4299 2.1506 0.1379 0.9340 
4.2101 -0.4299 2.1501 0.1393 0.9711 
4.2101 -0.4399 2.1489 0.1000 0.9723 
4.2001 -0.4499 2.1501 0.0763 0.9340 
4.2101 -0.4499 2.1548 0.0807 0.9639 
4.2001 -0.4499 2.1501 0.0763 0.9340 
4.2101 -0.4499 2.1548 0.0807 0.9639 
4.2001 -0.4499 2.1501 0.0763 0.9340 
4.2101 -0.4099 2.1433 0.2164 0.9816 
4.2001 -0.4199 2.1501 0.1798 0.9349 
4.2101 -0.4299 2.1501 0.1393 0.9711 
4.2101 -0.4099 2.1433 0.2164 0.9816 
4.2101 -0.4299 2.1501 0.1393 0.9711 
4.2101 -0.4399 2.1489 0.1000 0.9723 
4.2001 -0.4199 2.1501 0.1798 0.9349 
4.2101 -0.4299 2.1501 0.1393 0.9711 
4.2001 -0.4199 2.1501 0.1798 0.9349 
4.2101 -0.4299 2.1501 0.1393 0.9711 
4.2001 -0.4399 2.1411 0.0880 0.9457 
4.2101 -0.4399 2.1489 0.1000 0.9723 
4.2101 -0.4299 2.1501 0.1393 0.9711 
4.2001 -0.4299 2.1506 0.1379 0.9340 
4.2001 -0.4399 2.1411 0.0880 0.9457 
4.2001 -0.4499 2.1501 0.0763 0.9340 
4.2101 -0.4399 2.1489 0.1000 0.9723 
4.2001 -0.4399 2.1411 0.0880 0.9457 
4.2001 -0.4499 2.1501 0.0763 0.9340 
4.2101 -0.4399 2.1489 0.1000 0.9723 
4.2001 -0.4499 2.1501 0.0763 0.9340 
4.2001 -0.4499 2.1501 0.0763 0.9340 
4.2001 -0.4499 2.1501 0.0763 0.9340 
4.2001 -0.4499 2.1501 0.0763 0.9340 
4.1501 -0.3999 2.1536 0.2653 0.7479 
4.1401 -0.4099 2.1540 0.2173 0.7119 
4.1701 -0.4099 2.1468 0.2126 0.8277 
4.1801 -0.3999 2.1484 0.2647 0.8632 
4.1801 -0.4399 2.1539 0.1022 0.8578 
4.1901 -0.4109 2.1501 0.2180 0.8983 
4.1801 -0.3999 2.1484 0.2647 0.8632 
4.1701 -0.4099 2.1468 0.2126 0.8277 
4.1801 -0.4399 2.1539 0.1022 0.8578 
4.1701 -0.4099 2.1468 0.2126 0.8277 
4.1401 -0.4099 2.1540 0.2173 0.7119 
4.1601 -0.4199 2.1418 0.1563 0.7953 
4.2001 -0.4199 2.1501 0.1798 0.9349 
4.1901 -0.4109 2.1501 0.2180 0.8983 
4.2001 -0.4299 2.1506 0.1379 0.9340 
4.2001 -0.4199 2.1501 0.1798 0.9349 
4.2001 -0.4299 2.1506 0.1379 0.9340 
4.2001 -0.4199 2.1501 0.1798 0.9349 
4.1901 -0.4109 2.1501 0.2180 0.8983 
4.1801 -0.4399 2.1539 0.1022 0.8578 
4.2001 -0.4299 2.1506 0.1379 0.9340 
4.1601 -0.4299 2.1590 0.1436 0.7815 
4.1501 -0.4399 2.1558 0.0999 0.7489 
4.1801 -0.4399 2.1539 0.1022 0.8578 
4.1601 -0.4299 2.1590 0.1436 0.7815 
4.1401 -0.4299 2.1548 0.1325 0.7131 
4.1501 -0.4399 2.1558 0.0999 0.7489 
4.1801 -0.4499 2.1503 0.0752 0.8615 
4.1501 -0.4399 2.1558 0.0999 0.7489 
4.1401 -0.4499 2.1528 0.0744 0.7159 
4.1801 -0.4399 2.1539 0.1022 0.8578 
4.1501 -0.4399 2.1558 0.0999 0.7489 
4.1801 -0.4499 2.1503 0.0752 0.8615 
4.1501 -0.3999 2.1536 0.2653 0.7479 
4.1201 -0.3999 2.1549 0.2600 0.6378 
4.1401 -0.4099 2.1540 0.2173 0.7119 
4.1401 -0.4099 2.1540 0.2173 0.7119 
4.1201 -0.3999 2.1549 0.2600 0.6378 
4.1201 -0.4199 2.1582 0.1752 0.6389 
4.1201 -0.4199 2.1582 0.1752 0.6389 
4.1201 -0.3999 2.1549 0.2600 0.6378 
4.1101 -0.4299 2.1525 0.1227 0.6062 
4.1101 -0.4299 2.1525 0.1227 0.6062 
4.1001 -0.3999 2.1549 0.2552 0.5651 
4.1001 -0.4199 2.1578 0.1702 0.5677 
4.1201 -0.3999 2.1549 0.2600 0.6378 
4.1001 -0.3999 2.1549 0.2552 0.5651 
4.1101 -0.4299 2.1525 0.1227 0.6062 
4.1201 -0.4199 2.1582 0.1752 0.6389 
4.1401 -0.4299 2.1548 0.1325 0.7131 
4.1601 -0.4199 2.1418 0.1563 0.7953 
4.1201 -0.4199 2.1582 0.1752 0.6389 
4.1101 -0.4299 2.1525 0.1227 0.6062 
4.1201 -0.4399 2.1581 0.0983 0.6412 
4.1501 -0.4399 2.1558 0.0999 0.7489 
4.1201 -0.4199 2.1582 0.1752 0.6389 
4.1201 -0.4399 2.1581 0.0983 0.6412 
4.1401 -0.4299 2.1548 0.1325 0.7131 
4.1201 -0.4199 2.1582 0.1752 0.6389 
4.1501 -0.4399 2.1558 0.0999 0.7489 
4.1201 -0.4399 2.1581 0.0983 0.6412 
4.1101 -0.4299 2.1525 0.1227 0.6062 
4.1101 -0.4499 2.1578 0.0752 0.6073 
4.1101 -0.4499 2.1578 0.0752 0.6073 
4.1101 -0.4299 2.1525 0.1227 0.6062 
4.0801 -0.4299 2.1518 0.1158 0.4983 
4.1501 -0.4399 2.1558 0.0999 0.7489 
4.1201 -0.4399 2.1581 0.0983 0.6412 
4.1401 -0.4499 2.1528 0.0744 0.7159 
4.1401 -0.4499 2.1528 0.0744 0.7159 
4.1201 -0.4399 2.1581 0.0983 0.6412 
4.1101 -0.4499 2.1578 0.0752 0.6073 
4.2001 -0.4199 2.1501 0.1798 0.9349 
4.1901 -0.3899 2.1505 0.3185 0.8981 
4.1901 -0.4109 2.1501 0.2180 0.8983 
4.1801 -0.3999 2.1484 0.2647 0.8632 
4.1901 -0.4109 2.1501 0.2180 0.8983 
4.1901 -0.3899 2.1505 0.3185 0.8981 
4.1501 -0.3999 2.1536 0.2653 0.7479 
4.1701 -0.4099 2.1468 0.2126 0.8277 
4.1801 -0.3999 2.1484 0.2647 0.8632 
4.1901 -0.4109 2.1501 0.2180 0.8983 
4.2001 -0.4199 2.1501 0.1798 0.9349 
4.2001 -0.4199 2.1501 0.1798 0.9349 
4.2001 -0.4199 2.1501 0.1798 0.9349 
4.2001 -0.4199 2.1501 0.1798 0.9349 
4.2001 -0.4199 2.1501 0.1798 0.9349 
4.1601 -0.4199 2.1418 0.1563 0.7953 
4.1801 -0.4399 2.1539 0.1022 0.8578 
4.1701 -0.4099 2.1468 0.2126 0.8277 
4.1601 -0.4299 2.1590 0.1436 0.7815 
4.1801 -0.4399 2.1539 0.1022 0.8578 
4.1601 -0.4199 2.1418 0.1563 0.7953 
4.1601 -0.4299 2.1590 0.1436 0.7815 
4.1601 -0.4199 2.1418 0.1563 0.7953 
4.1401 -0.4299 2.1548 0.1325 0.7131 
4.2001 -0.4399 2.1411 0.0880 0.9457 
4.2001 -0.4299 2.1506 0.1379 0.9340 
4.1939 -0.4399 2.1501 0.0991 0.9118 
4.2001 -0.4499 2.1501 0.0763 0.9340 
4.2001 -0.4499 2.1501 0.0763 0.9340 
4.1939 -0.4399 2.1501 0.0991 0.9118 
4.2001 -0.4499 2.1501 0.0763 0.9340 
4.2001 -0.4399 2.1411 0.0880 0.9457 
4.1939 -0.4399 2.1501 0.0991 0.9118 
4.1601 -0.4199 2.1418 0.1563 0.7953 
4.1401 -0.4099 2.1540 0.2173 0.7119 
4.1201 -0.4199 2.1582 0.1752 0.6389 
4.2001 -0.4499 2.1501 0.0763 0.9340 
4.2001 -0.4499 2.1501 0.0763 0.9340 
4.2001 -0.4499 2.1501 0.0763 0.9340 
4.0701 -0.2999 2.1581 0.7525 0.4350 
4.0801 -0.3199 2.1535 0.6479 0.4765 
4.1001 -0.2999 2.1582 0.7607 0.5482 
4.1001 -0.2999 2.1582 0.7607 0.5482 
4.0801 -0.3199 2.1535 0.6479 0.4765 
4.1001 -0.3099 2.1504 0.7054 0.5510 
4.0701 -0.2999 2.1581 0.7525 0.4350 
4.0801 -0.3099 2.1490 0.6994 0.4740 
4.0801 -0.3199 2.1535 0.6479 0.4765 
4.0801 -0.3099 2.1490 0.6994 0.4740 
4.0501 -0.2999 2.1593 0.7472 0.3603 
4.0577 -0.3099 2.1501 0.6935 0.3881 
4.0801 -0.3099 2.1490 0.6994 0.4740 
4.0701 -0.2999 2.1581 0.7525 0.4350 
4.0501 -0.2999 2.1593 0.7472 0.3603 
4.1001 -0.3099 2.1504 0.7054 0.5510 
4.0901 -0.3299 2.1498 0.5959 0.5164 
4.1001 -0.3299 2.1455 0.5959 0.5552 
4.1001 -0.3099 2.1504 0.7054 0.5510 
4.0801 -0.3199 2.1535 0.6479 0.4765 
4.0901 -0.3299 2.1498 0.5959 0.5164 
4.0801 -0.3099 2.1490 0.6994 0.4740 
4.0501 -0.3199 2.1635 0.6447 0.3673 
4.0801 -0.3199 2.1535 0.6479 0.4765 
4.0801 -0.3099 2.1490 0.6994 0.4740 
4.0577 -0.3099 2.1501 0.6935 0.3881 
4.0501 -0.3199 2.1635 0.6447 0.3673 
4.0801 -0.3199 2.1535 0.6479 0.4765 
4.0501 -0.3199 2.1635 0.6447 0.3673 
4.0601 -0.3299 2.1562 0.5920 0.4042 
4.0901 -0.3299 2.1498 0.5959 0.5164 
4.0801 -0.3199 2.1535 0.6479 0.4765 
4.0601 -0.3299 2.1562 0.5920 0.4042 
4.0701 -0.3399 2.1539 0.5415 0.4433 
4.1101 -0.3399 2.1544 0.5526 0.5930 
4.0901 -0.3299 2.1498 0.5959 0.5164 
4.0901 -0.3299 2.1498 0.5959 0.5164 
4.1101 -0.3399 2.1544 0.5526 0.5930 
4.1001 -0.3299 2.1455 0.5959 0.5552 
4.0601 -0.3299 2.1562 0.5920 0.4042 
4.0701 -0.3399 2.1539 0.5415 0.4433 
4.0901 -0.3299 2.1498 0.5959 0.5164 
4.0601 -0.3299 2.1562 0.5920 0.4042 
4.0501 -0.3199 2.1635 0.6447 0.3673 
4.0501 -0.3399 2.1525 0.5351 0.3682 
4.0701 -0.3399 2.1539 0.5415 0.4433 
4.0601 -0.3299 2.1562 0.5920 0.4042 
4.0501 -0.3399 2.1525 0.5351 0.3682 
4.1101 -0.3399 2.1544 0.5526 0.5930 
4.0701 -0.3399 2.1539 0.5415 0.4433 
4.1101 -0.3499 2.1459 0.4936 0.5968 
4.1101 -0.3499 2.1459 0.4936 0.5968 
4.0701 -0.3399 2.1539 0.5415 0.4433 
4.0901 -0.3599 2.1415 0.4316 0.5225 
4.0701 -0.3399 2.1539 0.5415 0.4433 
4.0501 -0.3399 2.1525 0.5351 0.3682 
4.0601 -0.3499 2.1614 0.4948 0.4104 
4.0301 -0.3199 2.1553 0.6353 0.2894 
4.0320 -0.3399 2.1501 0.5283 0.2994 
4.0501 -0.3199 2.1635 0.6447 0.3673 
4.0501 -0.2999 2.1593 0.7472 0.3603 
4.0201 -0.2899 2.1592 0.7920 0.2455 
4.0301 -0.3199 2.1553 0.6353 0.2894 
4.0201 -0.2899 2.1592 0.7920 0.2455 
4.0201 -0.2999 2.1518 0.7373 0.2431 
4.0301 -0.3199 2.1553 0.6353 0.2894 
4.0577 -0.3099 2.1501 0.6935 0.3881 
4.0501 -0.2999 2.1593 0.7472 0.3603 
4.0501 -0.3199 2.1635 0.6447 0.3673 
4.0301 -0.3199 2.1553 0.6353 0.2894 
4.0501 -0.3199 2.1635 0.6447 0.3673 
4.0501 -0.2999 2.1593 0.7472 0.3603 
4.0301 -0.3199 2.1553 0.6353 0.2894 
4.0201 -0.2999 2.1518 0.7373 0.2431 
4.0101 -0.3299 2.1551 0.5779 0.2188 
4.0201 -0.2999 2.1518 0.7373 0.2431 
4.0001 -0.3099 2.1522 0.6783 0.1726 
4.0101 -0.3299 2.1551 0.5779 0.2188 
4.0101 -0.3299 2.1551 0.5779 0.2188 
4.0001 -0.3099 2.1522 0.6783 0.1726 
3.9901 -0.3199 2.1594 0.6267 0.1477 
3.9901 -0.3399 2.1502 0.5171 0.1457 
4.0101 -0.3299 2.1551 0.5779 0.2188 
3.9901 -0.3199 2.1594 0.6267 0.1477 
4.0501 -0.3399 2.1525 0.5351 0.3682 
4.0320 -0.3399 2.1501 0.5283 0.2994 
4.0401 -0.3399 2.1448 0.5259 0.3268 
4.0501 -0.3399 2.1525 0.5351 0.3682 
4.0501 -0.3199 2.1635 0.6447 0.3673 
4.0320 -0.3399 2.1501 0.5283 0.2994 
4.0301 -0.3199 2.1553 0.6353 0.2894 
4.0101 -0.3299 2.1551 0.5779 0.2188 
4.0320 -0.3399 2.1501 0.5283 0.2994 
4.0101 -0.3299 2.1551 0.5779 0.2188 
3.9901 -0.3399 2.1502 0.5171 0.1457 
4.0320 -0.3399 2.1501 0.5283 0.2994 
4.0320 -0.3399 2.1501 0.5283 0.2994 
4.0301 -0.3599 2.1610 0.4375 0.3046 
4.0401 -0.3399 2.1448 0.5259 0.3268 
4.0301 -0.3599 2.1610 0.4375 0.3046 
4.0320 -0.3399 2.1501 0.5283 0.2994 
4.0101 -0.3499 2.1536 0.4745 0.2242 
3.9901 -0.3499 2.1528 0.4685 0.1519 
4.0101 -0.3499 2.1536 0.4745 0.2242 
4.0320 -0.3399 2.1501 0.5283 0.2994 
3.9901 -0.3499 2.1528 0.4685 0.1519 
4.0320 -0.3399 2.1501 0.5283 0.2994 
3.9901 -0.3399 2.1502 0.5171 0.1457 
4.0601 -0.3599 2.1519 0.4354 0.4102 
4.0701 -0.3499 2.1485 0.4854 0.4446 
4.0601 -0.3499 2.1614 0.4948 0.4104 
4.0601 -0.3599 2.1519 0.4354 0.4102 
4.0501 -0.3399 2.1525 0.5351 0.3682 
4.0301 -0.3599 2.1610 0.4375 0.3046 
4.0601 -0.3499 2.1614 0.4948 0.4104 
4.0501 -0.3399 2.1525 0.5351 0.3682 
4.0601 -0.3599 2.1519 0.4354 0.4102 
4.0701 -0.3699 2.1527 0.3890 0.4497 
4.0601 -0.3599 2.1519 0.4354 0.4102 
4.0601 -0.3699 2.1646 0.4007 0.4159 
4.0601 -0.3599 2.1519 0.4354 0.4102 
4.0301 -0.3599 2.1610 0.4375 0.3046 
4.0601 -0.3699 2.1646 0.4007 0.4159 
4.0901 -0.3899 2.1554 0.3007 0.5271 
4.1101 -0.3799 2.1625 0.3628 0.5966 
4.1001 -0.3699 2.1568 0.4016 0.5601 
4.1001 -0.3699 2.1568 0.4016 0.5601 
4.0701 -0.3699 2.1527 0.3890 0.4497 
4.0901 -0.3899 2.1554 0.3007 0.5271 
4.0701 -0.3699 2.1527 0.3890 0.4497 
4.0601 -0.3699 2.1646 0.4007 0.4159 
4.0701 -0.3799 2.1468 0.3318 0.4510 
4.0401 -0.3799 2.1480 0.3259 0.3398 
4.0701 -0.3799 2.1468 0.3318 0.4510 
4.0601 -0.3699 2.1646 0.4007 0.4159 
4.1101 -0.3799 2.1625 0.3628 0.5966 
4.0901 -0.3899 2.1554 0.3007 0.5271 
4.1001 -0.3999 2.1549 0.2552 0.5651 
4.0901 -0.3899 2.1554 0.3007 0.5271 
4.0701 -0.3699 2.1527 0.3890 0.4497 
4.0701 -0.3799 2.1468 0.3318 0.4510 
4.0701 -0.3799 2.1468 0.3318 0.4510 
4.0401 -0.3799 2.1480 0.3259 0.3398 
4.0501 -0.3899 2.1446 0.2746 0.3782 
4.0801 -0.4099 2.1580 0.2097 0.4947 
4.1001 -0.3999 2.1549 0.2552 0.5651 
4.0901 -0.3899 2.1554 0.3007 0.5271 
4.0701 -0.3799 2.1468 0.3318 0.4510 
4.0801 -0.4099 2.1580 0.2097 0.4947 
4.0901 -0.3899 2.1554 0.3007 0.5271 
4.0501 -0.3899 2.1446 0.2746 0.3782 
4.0601 -0.4099 2.1610 0.2100 0.4240 
4.0701 -0.3799 2.1468 0.3318 0.4510 
4.0301 -0.3599 2.1610 0.4375 0.3046 
4.0201 -0.3699 2.1624 0.3882 0.2728 
4.0601 -0.3699 2.1646 0.4007 0.4159 
4.0301 -0.3599 2.1610 0.4375 0.3046 
4.0101 -0.3599 2.1638 0.4354 0.2354 
4.0201 -0.3699 2.1624 0.3882 0.2728 
4.0001 -0.3699 2.1616 0.3821 0.2018 
4.0101 -0.3599 2.1638 0.4354 0.2354 
4.0101 -0.3499 2.1536 0.4745 0.2242 
4.0601 -0.3699 2.1646 0.4007 0.4159 
4.0201 -0.3699 2.1624 0.3882 0.2728 
4.0301 -0.3799 2.1557 0.3340 0.3073 
4.0201 -0.3699 2.1624 0.3882 0.2728 
4.0101 -0.3599 2.1638 0.4354 0.2354 
4.0101 -0.3899 2.1589 0.2862 0.2412 
4.0101 -0.3899 2.1589 0.2862 0.2412 
4.0101 -0.3599 2.1638 0.4354 0.2354 
4.0001 -0.3699 2.1616 0.3821 0.2018 
4.0101 -0.3999 2.1641 0.2479 0.2479 
4.0401 -0.3999 2.1598 0.2484 0.3505 
4.0101 -0.3899 2.1589 0.2862 0.2412 
4.0401 -0.3399 2.1448 0.5259 0.3268 
4.0301 -0.3599 2.1610 0.4375 0.3046 
4.0501 -0.3399 2.1525 0.5351 0.3682 
4.0301 -0.3599 2.1610 0.4375 0.3046 
4.0101 -0.3499 2.1536 0.4745 0.2242 
4.0101 -0.3599 2.1638 0.4354 0.2354 
4.0301 -0.3799 2.1557 0.3340 0.3073 
4.0401 -0.3799 2.1480 0.3259 0.3398 
4.0601 -0.3699 2.1646 0.4007 0.4159 
4.0201 -0.3799 2.1488 0.3219 0.2667 
4.0301 -0.3799 2.1557 0.3340 0.3073 
4.0201 -0.3699 2.1624 0.3882 0.2728 
4.0201 -0.3799 2.1488 0.3219 0.2667 
4.0201 -0.3699 2.1624 0.3882 0.2728 
4.0101 -0.3899 2.1589 0.2862 0.2412 
4.0101 -0.3899 2.1589 0.2862 0.2412 
4.0301 -0.3899 2.1510 0.2794 0.3076 
4.0301 -0.3799 2.1557 0.3340 0.3073 
4.0201 -0.3799 2.1488 0.3219 0.2667 
4.0101 -0.3899 2.1589 0.2862 0.2412 
4.0301 -0.3799 2.1557 0.3340 0.3073 
4.0301 -0.3799 2.1557 0.3340 0.3073 
4.0401 -0.3999 2.1598 0.2484 0.3505 
4.0601 -0.4099 2.1610 0.2100 0.4240 
4.0301 -0.3799 2.1557 0.3340 0.3073 
4.0601 -0.4099 2.1610 0.2100 0.4240 
4.0501 -0.3899 2.1446 0.2746 0.3782 
4.0301 -0.3899 2.1510 0.2794 0.3076 
4.0401 -0.3999 2.1598 0.2484 0.3505 
4.0301 -0.3799 2.1557 0.3340 0.3073 
4.0401 -0.3999 2.1598 0.2484 0.3505 
4.0301 -0.3899 2.1510 0.2794 0.3076 
4.0101 -0.3899 2.1589 0.2862 0.2412 
4.0001 -0.3999 2.1516 0.2259 0.2033 
4.0101 -0.3899 2.1589 0.2862 0.2412 
4.0001 -0.3699 2.1616 0.3821 0.2018 
4.0101 -0.3999 2.1641 0.2479 0.2479 
4.0101 -0.3899 2.1589 0.2862 0.2412 
4.0001 -0.3999 2.1516 0.2259 0.2033 
4.0701 -0.3499 2.1485 0.4854 0.4446 
4.0901 -0.3599 2.1415 0.4316 0.5225 
4.0701 -0.3399 2.1539 0.5415 0.4433 
4.0601 -0.3499 2.1614 0.4948 0.4104 
4.0701 -0.3499 2.1485 0.4854 0.4446 
4.0701 -0.3399 2.1539 0.5415 0.4433 
4.1101 -0.3499 2.1459 0.4936 0.5968 
4.0901 -0.3599 2.1415 0.4316 0.5225 
4.1101 -0.3599 2.1506 0.4471 0.5970 
4.0901 -0.3599 2.1415 0.4316 0.5225 
4.0701 -0.3499 2.1485 0.4854 0.4446 
4.0601 -0.3599 2.1519 0.4354 0.4102 
4.1101 -0.3599 2.1506 0.4471 0.5970 
4.0901 -0.3599 2.1415 0.4316 0.5225 
4.1001 -0.3699 2.1568 0.4016 0.5601 
4.1001 -0.3699 2.1568 0.4016 0.5601 
4.0901 -0.3599 2.1415 0.4316 0.5225 
4.0701 -0.3699 2.1527 0.3890 0.4497 
4.0901 -0.3599 2.1415 0.4316 0.5225 
4.0601 -0.3599 2.1519 0.4354 0.4102 
4.0701 -0.3699 2.1527 0.3890 0.4497 
4.0401 -0.3799 2.1480 0.3259 0.3398 
4.0301 -0.3799 2.1557 0.3340 0.3073 
4.0501 -0.3899 2.1446 0.2746 0.3782 
3.9901 -0.2999 2.1601 0.7309 0.1413 
3.9901 -0.2999 2.1601 0.7309 0.1413 
3.9901 -0.2999 2.1601 0.7309 0.1413 
3.9901 -0.2999 2.1601 0.7309 0.1413 
3.9901 -0.2999 2.1601 0.7309 0.1413 
3.9901 -0.2999 2.1601 0.7309 0.1413 
3.9901 -0.2999 2.1601 0.7309 0.1413 
3.9901 -0.3099 2.1557 0.6770 0.1404 
4.0001 -0.3099 2.1522 0.6783 0.1726 
3.9901 -0.2999 2.1601 0.7309 0.1413 
3.9901 -0.2999 2.1601 0.7309 0.1413 
3.9901 -0.3099 2.1557 0.6770 0.1404 
3.9901 -0.3099 2.1557 0.6770 0.1404 
3.9801 -0.2999 2.1562 0.7273 0.1032 
3.9901 -0.3199 2.1594 0.6267 0.1477 
3.9901 -0.2999 2.1601 0.7309 0.1413 
3.9801 -0.2999 2.1562 0.7273 0.1032 
3.9901 -0.3099 2.1557 0.6770 0.1404 
3.9901 -0.2999 2.1601 0.7309 0.1413 
3.9901 -0.2999 2.1601 0.7309 0.1413 
3.9801 -0.2999 2.1562 0.7273 0.1032 
3.9801 -0.2999 2.1562 0.7273 0.1032 
3.9601 -0.2999 2.1525 0.7208 0.0532 
3.9901 -0.3199 2.1594 0.6267 0.1477 
4.0001 -0.3099 2.1522 0.6783 0.1726 
3.9901 -0.3099 2.1557 0.6770 0.1404 
3.9901 -0.3199 2.1594 0.6267 0.1477 
3.9901 -0.3199 2.1594 0.6267 0.1477 
3.9601 -0.2999 2.1525 0.7208 0.0532 
3.9901 -0.3399 2.1502 0.5171 0.1457 
3.9601 -0.2999 2.1525 0.7208 0.0532 
3.9601 -0.3099 2.1578 0.6697 0.0563 
3.9901 -0.3399 2.1502 0.5171 0.1457 
3.9601 -0.3399 2.1624 0.5197 0.0656 
3.9901 -0.3399 2.1502 0.5171 0.1457 
3.9601 -0.3099 2.1578 0.6697 0.0563 
3.9601 -0.3499 2.1567 0.4646 0.0637 
3.9901 -0.3399 2.1502 0.5171 0.1457 
3.9601 -0.3399 2.1624 0.5197 0.0656 
3.9801 -0.3599 2.1585 0.4221 0.1269 
3.9901 -0.3499 2.1528 0.4685 0.1519 
3.9901 -0.3399 2.1502 0.5171 0.1457 
3.9601 -0.3499 2.1567 0.4646 0.0637 
3.9801 -0.3599 2.1585 0.4221 0.1269 
3.9901 -0.3399 2.1502 0.5171 0.1457 
3.9601 -0.3499 2.1567 0.4646 0.0637 
3.9601 -0.3399 2.1624 0.5197 0.0656 
3.9501 -0.3699 2.1535 0.3594 0.0528 
4.0001 -0.3699 2.1616 0.3821 0.2018 
3.9801 -0.3599 2.1585 0.4221 0.1269 
3.9801 -0.3799 2.1675 0.3374 0.1427 
4.0001 -0.3699 2.1616 0.3821 0.2018 
3.9801 -0.3799 2.1675 0.3374 0.1427 
4.0001 -0.3999 2.1516 0.2259 0.2033 
4.0001 -0.3999 2.1516 0.2259 0.2033 
3.9801 -0.3799 2.1675 0.3374 0.1427 
3.9801 -0.3999 2.1517 0.2213 0.1341 
3.9801 -0.3599 2.1585 0.4221 0.1269 
3.9601 -0.3499 2.1567 0.4646 0.0637 
3.9601 -0.3699 2.1536 0.3622 0.0663 
4.0001 -0.3699 2.1616 0.3821 0.2018 
4.0101 -0.3499 2.1536 0.4745 0.2242 
3.9801 -0.3599 2.1585 0.4221 0.1269 
4.0101 -0.3499 2.1536 0.4745 0.2242 
3.9901 -0.3499 2.1528 0.4685 0.1519 
3.9801 -0.3599 2.1585 0.4221 0.1269 
3.9801 -0.3599 2.1585 0.4221 0.1269 
3.9601 -0.3699 2.1536 0.3622 0.0663 
3.9801 -0.3799 2.1675 0.3374 0.1427 
3.9601 -0.3499 2.1567 0.4646 0.0637 
3.9501 -0.3699 2.1535 0.3594 0.0528 
3.9601 -0.3699 2.1536 0.3622 0.0663 
3.9601 -0.3999 2.1588 0.2280 0.0794 
3.9601 -0.3699 2.1536 0.3622 0.0663 
3.9501 -0.3699 2.1535 0.3594 0.0528 
3.9501 -0.3899 2.1526 0.2620 0.0538 
3.9601 -0.3999 2.1588 0.2280 0.0794 
3.9501 -0.3699 2.1535 0.3594 0.0528 
3.9801 -0.3999 2.1517 0.2213 0.1341 
3.9801 -0.3799 2.1675 0.3374 0.1427 
3.9601 -0.3699 2.1536 0.3622 0.0663 
3.9601 -0.3699 2.1536 0.3622 0.0663 
3.9601 -0.3999 2.1588 0.2280 0.0794 
3.9801 -0.3999 2.1517 0.2213 0.1341 
4.0001 -0.3999 2.1516 0.2259 0.2033 
3.9801 -0.3999 2.1517 0.2213 0.1341 
3.9901 -0.4099 2.1594 0.1913 0.1787 
3.9601 -0.3999 2.1588 0.2280 0.0794 
3.9501 -0.3899 2.1526 0.2620 0.0538 
3.9501 -0.3999 2.1601 0.2277 0.0585 
4.0801 -0.4299 2.1518 0.1158 0.4983 
4.0601 -0.4399 2.1614 0.0934 0.4307 
4.0801 -0.4499 2.1580 0.0740 0.5021 
4.1001 -0.3999 2.1549 0.2552 0.5651 
4.0801 -0.4099 2.1580 0.2097 0.4947 
4.0901 -0.4099 2.1508 0.2003 0.5309 
4.0801 -0.4099 2.1580 0.2097 0.4947 
4.0701 -0.3799 2.1468 0.3318 0.4510 
4.0701 -0.4099 2.1537 0.2005 0.4585 
4.0601 -0.4099 2.1610 0.2100 0.4240 
4.0701 -0.4099 2.1537 0.2005 0.4585 
4.0701 -0.3799 2.1468 0.3318 0.4510 
4.1001 -0.3999 2.1549 0.2552 0.5651 
4.0901 -0.4099 2.1508 0.2003 0.5309 
4.1001 -0.4199 2.1578 0.1702 0.5677 
4.1001 -0.4199 2.1578 0.1702 0.5677 
4.0801 -0.4099 2.1580 0.2097 0.4947 
4.0701 -0.4099 2.1537 0.2005 0.4585 
4.0901 -0.4099 2.1508 0.2003 0.5309 
4.0801 -0.4099 2.1580 0.2097 0.4947 
4.1001 -0.4199 2.1578 0.1702 0.5677 
4.0701 -0.4299 2.1460 0.1050 0.4617 
4.0701 -0.4099 2.1537 0.2005 0.4585 
4.0601 -0.4099 2.1610 0.2100 0.4240 
4.0701 -0.4299 2.1460 0.1050 0.4617 
4.0801 -0.4299 2.1518 0.1158 0.4983 
4.0701 -0.4099 2.1537 0.2005 0.4585 
4.0701 -0.4299 2.1460 0.1050 0.4617 
4.0601 -0.4099 2.1610 0.2100 0.4240 
4.0401 -0.3999 2.1598 0.2484 0.3505 
4.0401 -0.4199 2.1618 0.1637 0.3565 
4.0701 -0.4299 2.1460 0.1050 0.4617 
4.0401 -0.3999 2.1598 0.2484 0.3505 
4.1101 -0.4299 2.1525 0.1227 0.6062 
4.1001 -0.4199 2.1578 0.1702 0.5677 
4.0801 -0.4299 2.1518 0.1158 0.4983 
4.1001 -0.4199 2.1578 0.1702 0.5677 
4.0701 -0.4099 2.1537 0.2005 0.4585 
4.0801 -0.4299 2.1518 0.1158 0.4983 
4.0701 -0.4299 2.1460 0.1050 0.4617 
4.0401 -0.4199 2.1618 0.1637 0.3565 
4.0401 -0.4299 2.1597 0.1207 0.3582 
4.0701 -0.4299 2.1460 0.1050 0.4617 
4.0401 -0.4299 2.1597 0.1207 0.3582 
4.0601 -0.4399 2.1614 0.0934 0.4307 
4.0701 -0.4299 2.1460 0.1050 0.4617 
4.0601 -0.4399 2.1614 0.0934 0.4307 
4.0801 -0.4299 2.1518 0.1158 0.4983 
4.0501 -0.4399 2.1596 0.0898 0.3954 
4.0601 -0.4399 2.1614 0.0934 0.4307 
4.0401 -0.4299 2.1597 0.1207 0.3582 
4.0801 -0.4299 2.1518 0.1158 0.4983 
4.0901 -0.4399 2.1510 0.0850 0.5361 
4.1101 -0.4499 2.1578 0.0752 0.6073 
4.0801 -0.4299 2.1518 0.1158 0.4983 
4.0801 -0.4499 2.1580 0.0740 0.5021 
4.0901 -0.4399 2.1510 0.0850 0.5361 
4.0201 -0.4099 2.1532 0.1880 0.2787 
4.0101 -0.4299 2.1624 0.1192 0.2558 
4.0401 -0.4299 2.1597 0.1207 0.3582 
4.0401 -0.4299 2.1597 0.1207 0.3582 
4.0101 -0.4399 2.1518 0.0776 0.2515 
4.0501 -0.4399 2.1596 0.0898 0.3954 
4.0101 -0.3999 2.1641 0.2479 0.2479 
4.0201 -0.4099 2.1532 0.1880 0.2787 
4.0401 -0.3999 2.1598 0.2484 0.3505 
4.0101 -0.4099 2.1576 0.1929 0.2464 
4.0201 -0.4099 2.1532 0.1880 0.2787 
4.0101 -0.3999 2.1641 0.2479 0.2479 
4.0101 -0.3999 2.1641 0.2479 0.2479 
4.0001 -0.3999 2.1516 0.2259 0.2033 
4.0101 -0.4099 2.1576 0.1929 0.2464 
4.0401 -0.4299 2.1597 0.1207 0.3582 
4.0401 -0.4199 2.1618 0.1637 0.3565 
4.0401 -0.3999 2.1598 0.2484 0.3505 
4.0201 -0.4099 2.1532 0.1880 0.2787 
4.0401 -0.4299 2.1597 0.1207 0.3582 
4.0401 -0.3999 2.1598 0.2484 0.3505 
4.0001 -0.4299 2.1580 0.1105 0.2182 
4.0201 -0.4099 2.1532 0.1880 0.2787 
4.0101 -0.4099 2.1576 0.1929 0.2464 
4.0201 -0.4099 2.1532 0.1880 0.2787 
4.0001 -0.4299 2.1580 0.1105 0.2182 
4.0101 -0.4299 2.1624 0.1192 0.2558 
4.0101 -0.4299 2.1624 0.1192 0.2558 
4.0101 -0.4399 2.1518 0.0776 0.2515 
4.0401 -0.4299 2.1597 0.1207 0.3582 
4.0101 -0.4399 2.1518 0.0776 0.2515 
4.0001 -0.4299 2.1580 0.1105 0.2182 
4.0001 -0.4399 2.1580 0.0819 0.2214 
4.0101 -0.4299 2.1624 0.1192 0.2558 
4.0001 -0.4299 2.1580 0.1105 0.2182 
4.0101 -0.4399 2.1518 0.0776 0.2515 
3.9701 -0.4099 2.1672 0.1995 0.1204 
3.9901 -0.4099 2.1594 0.1913 0.1787 
3.9801 -0.3999 2.1517 0.2213 0.1341 
3.9501 -0.4099 2.1662 0.1934 0.0646 
3.9701 -0.4099 2.1672 0.1995 0.1204 
3.9601 -0.3999 2.1588 0.2280 0.0794 
3.9601 -0.3999 2.1588 0.2280 0.0794 
3.9701 -0.4099 2.1672 0.1995 0.1204 
3.9801 -0.3999 2.1517 0.2213 0.1341 
3.9501 -0.3999 2.1601 0.2277 0.0585 
3.9501 -0.4099 2.1662 0.1934 0.0646 
3.9601 -0.3999 2.1588 0.2280 0.0794 
3.9901 -0.4099 2.1594 0.1913 0.1787 
3.9701 -0.4099 2.1672 0.1995 0.1204 
3.9701 -0.4199 2.1597 0.1453 0.1164 
3.9701 -0.4099 2.1672 0.1995 0.1204 
3.9501 -0.4099 2.1662 0.1934 0.0646 
3.9701 -0.4199 2.1597 0.1453 0.1164 
4.0101 -0.4099 2.1576 0.1929 0.2464 
4.0001 -0.3999 2.1516 0.2259 0.2033 
3.9901 -0.4099 2.1594 0.1913 0.1787 
3.9601 -0.3999 2.1588 0.2280 0.0794 
3.9501 -0.3999 2.1601 0.2277 0.0585 
3.9501 -0.3999 2.1601 0.2277 0.0585 
4.0001 -0.4299 2.1580 0.1105 0.2182 
3.9901 -0.4099 2.1594 0.1913 0.1787 
3.9701 -0.4199 2.1597 0.1453 0.1164 
4.0001 -0.4299 2.1580 0.1105 0.2182 
4.0101 -0.4099 2.1576 0.1929 0.2464 
3.9901 -0.4099 2.1594 0.1913 0.1787 
3.9501 -0.4099 2.1662 0.1934 0.0646 
3.9601 -0.4199 2.1530 0.1321 0.0800 
3.9701 -0.4199 2.1597 0.1453 0.1164 
4.0001 -0.4299 2.1580 0.1105 0.2182 
3.9701 -0.4199 2.1597 0.1453 0.1164 
3.9501 -0.4299 2.1601 0.1049 0.0648 
3.9701 -0.4199 2.1597 0.1453 0.1164 
3.9601 -0.4199 2.1530 0.1321 0.0800 
3.9501 -0.4299 2.1601 0.1049 0.0648 
4.0001 -0.4399 2.1580 0.0819 0.2214 
4.0001 -0.4299 2.1580 0.1105 0.2182 
3.9801 -0.4399 2.1547 0.0773 0.1509 
3.9501 -0.4299 2.1601 0.1049 0.0648 
3.9501 -0.4399 2.1569 0.0766 0.0648 
4.0001 -0.4299 2.1580 0.1105 0.2182 
3.9501 -0.4399 2.1569 0.0766 0.0648 
3.9801 -0.4399 2.1547 0.0773 0.1509 
4.0001 -0.4299 2.1580 0.1105 0.2182 
3.9501 -0.3999 2.1601 0.2277 0.0585 
3.9501 -0.4099 2.1662 0.1934 0.0646 
3.9501 -0.3999 2.1601 0.2277 0.0585 
3.9501 -0.4299 2.1601 0.1049 0.0648 
3.9401 -0.4299 2.1673 0.1138 0.0542 
3.9401 -0.4399 2.1601 0.0780 0.0532 
3.9501 -0.3999 2.1601 0.2277 0.0585 
3.9501 -0.3999 2.1601 0.2277 0.0585 
3.9501 -0.3999 2.1601 0.2277 0.0585 
3.9401 -0.4399 2.1601 0.0780 0.0532 
3.9401 -0.4399 2.1601 0.0780 0.0532 
3.9501 -0.4299 2.1601 0.1049 0.0648 
3.9401 -0.4399 2.1601 0.0780 0.0532 
3.9501 -0.4399 2.1569 0.0766 0.0648 
3.9501 -0.4299 2.1601 0.1049 0.0648 
3.9401 -0.4399 2.1601 0.0780 0.0532 
3.9401 -0.4399 2.1601 0.0780 0.0532 
3.9401 -0.4399 2.1601 0.0780 0.0532 
