NUMPOLLIES 760.000000 

5.4001 -0.5745 2.0401 0.9946 0.9003 
5.4301 -0.5951 2.0501 0.9522 0.9712 
5.4001 -0.5874 2.0501 0.9731 0.8869 
5.4301 -0.5815 2.0401 0.9750 0.9883 
5.4301 -0.5951 2.0501 0.9522 0.9712 
5.4001 -0.5745 2.0401 0.9946 0.9003 
5.4301 -0.5815 2.0401 0.9750 0.9883 
5.4001 -0.5745 2.0401 0.9946 0.9003 
5.4101 -0.5789 2.0301 0.9553 0.9353 
5.4101 -0.5789 2.0301 0.9553 0.9353 
5.4001 -0.5745 2.0401 0.9946 0.9003 
5.3901 -0.5932 2.0301 0.9016 0.8653 
5.3901 -0.5932 2.0301 0.9016 0.8653 
5.3901 -0.5753 2.0201 0.9385 0.8809 
5.4201 -0.5948 2.0201 0.8750 0.9626 
5.4101 -0.5789 2.0301 0.9553 0.9353 
5.3901 -0.5932 2.0301 0.9016 0.8653 
5.4201 -0.5948 2.0201 0.8750 0.9626 
5.4001 -0.5681 2.0101 0.9402 0.9244 
5.4201 -0.5733 2.0101 0.9246 0.9863 
5.3901 -0.5753 2.0201 0.9385 0.8809 
5.4201 -0.5948 2.0201 0.8750 0.9626 
5.3901 -0.5753 2.0201 0.9385 0.8809 
5.4201 -0.5733 2.0101 0.9246 0.9863 
5.4201 -0.5733 2.0101 0.9246 0.9863 
5.4001 -0.5681 2.0101 0.9402 0.9244 
5.4001 -0.5989 2.0001 0.8027 0.9113 
5.4101 -0.5895 2.0001 0.8365 0.9493 
5.4201 -0.5733 2.0101 0.9246 0.9863 
5.4001 -0.5989 2.0001 0.8027 0.9113 
5.3490 -0.5899 2.0501 0.9555 0.7348 
5.3601 -0.5829 2.0401 0.9571 0.7740 
5.3601 -0.5999 2.0502 0.9241 0.7643 
5.3801 -0.5709 2.0301 0.9787 0.8456 
5.3801 -0.5740 2.0401 0.9927 0.8387 
5.3701 -0.5643 2.0301 1.0015 0.8170 
5.3701 -0.5643 2.0301 1.0015 0.8170 
5.3601 -0.5829 2.0401 0.9571 0.7740 
5.3601 -0.5712 2.0201 0.9478 0.7871 
5.3501 -0.5744 2.0301 0.9601 0.7501 
5.3601 -0.5712 2.0201 0.9478 0.7871 
5.3601 -0.5829 2.0401 0.9571 0.7740 
5.3901 -0.5932 2.0301 0.9016 0.8653 
5.3801 -0.5709 2.0301 0.9787 0.8456 
5.3901 -0.5753 2.0201 0.9385 0.8809 
5.3701 -0.5860 2.0201 0.8964 0.8125 
5.3901 -0.5753 2.0201 0.9385 0.8809 
5.3801 -0.5709 2.0301 0.9787 0.8456 
5.3801 -0.5709 2.0301 0.9787 0.8456 
5.3701 -0.5643 2.0301 1.0015 0.8170 
5.3701 -0.5860 2.0201 0.8964 0.8125 
5.3660 -0.5799 2.0201 0.9173 0.8022 
5.3701 -0.5643 2.0301 1.0015 0.8170 
5.3601 -0.5712 2.0201 0.9478 0.7871 
5.3660 -0.5799 2.0201 0.9173 0.8022 
5.3701 -0.5860 2.0201 0.8964 0.8125 
5.3701 -0.5643 2.0301 1.0015 0.8170 
5.3601 -0.5712 2.0201 0.9478 0.7871 
5.3501 -0.5744 2.0301 0.9601 0.7501 
5.3501 -0.5867 2.0101 0.8633 0.7542 
5.3701 -0.5799 2.0101 0.8910 0.8203 
5.3701 -0.5799 2.0101 0.8910 0.8203 
5.3701 -0.5799 2.0101 0.8910 0.8203 
5.3660 -0.5799 2.0201 0.9173 0.8022 
5.3601 -0.5712 2.0201 0.9478 0.7871 
5.3701 -0.5799 2.0101 0.8910 0.8203 
5.3701 -0.5799 2.0101 0.8910 0.8203 
5.3660 -0.5799 2.0201 0.9173 0.8022 
5.3701 -0.5799 2.0101 0.8910 0.8203 
5.3601 -0.5799 2.0146 0.9014 0.7863 
5.3701 -0.5799 2.0101 0.8910 0.8203 
5.3601 -0.5712 2.0201 0.9478 0.7871 
5.3601 -0.5799 2.0146 0.9014 0.7863 
5.3701 -0.5799 2.0101 0.8910 0.8203 
5.3701 -0.5799 2.0101 0.8910 0.8203 
5.4001 -0.5681 2.0101 0.9402 0.9244 
5.3901 -0.5753 2.0201 0.9385 0.8809 
5.3801 -0.5822 2.0101 0.8845 0.8511 
5.3901 -0.5753 2.0201 0.9385 0.8809 
5.3701 -0.5860 2.0201 0.8964 0.8125 
5.3801 -0.5822 2.0101 0.8845 0.8511 
5.3701 -0.5799 2.0101 0.8910 0.8203 
5.3801 -0.5822 2.0101 0.8845 0.8511 
5.3701 -0.5860 2.0201 0.8964 0.8125 
5.3701 -0.5799 2.0101 0.8910 0.8203 
5.3701 -0.5860 2.0201 0.8964 0.8125 
5.3701 -0.5799 2.0101 0.8910 0.8203 
5.3701 -0.5799 2.0101 0.8910 0.8203 
5.3601 -0.5799 2.0146 0.9014 0.7863 
5.3501 -0.5867 2.0101 0.8633 0.7542 
5.3701 -0.5799 2.0101 0.8910 0.8203 
5.3701 -0.5860 2.0201 0.8964 0.8125 
5.3660 -0.5799 2.0201 0.9173 0.8022 
5.3601 -0.5799 2.0146 0.9014 0.7863 
5.3601 -0.5712 2.0201 0.9478 0.7871 
5.3501 -0.5867 2.0101 0.8633 0.7542 
5.3701 -0.5799 2.0101 0.8910 0.8203 
5.3701 -0.5799 2.0101 0.8910 0.8203 
5.3701 -0.5799 2.0101 0.8910 0.8203 
5.3701 -0.5799 2.0101 0.8910 0.8203 
5.3701 -0.5799 2.0101 0.8910 0.8203 
5.3701 -0.5799 2.0101 0.8910 0.8203 
5.3901 -0.5874 2.0001 0.8404 0.8863 
5.4001 -0.5681 2.0101 0.9402 0.9244 
5.3801 -0.5822 2.0101 0.8845 0.8511 
5.3901 -0.5874 2.0001 0.8404 0.8863 
5.4001 -0.5989 2.0001 0.8027 0.9113 
5.4001 -0.5681 2.0101 0.9402 0.9244 
5.3901 -0.5874 2.0001 0.8404 0.8863 
5.3801 -0.5822 2.0101 0.8845 0.8511 
5.3701 -0.5826 1.9901 0.8247 0.8297 
5.3701 -0.5876 2.0001 0.8361 0.8220 
5.3701 -0.5826 1.9901 0.8247 0.8297 
5.3801 -0.5822 2.0101 0.8845 0.8511 
5.3701 -0.5799 2.0101 0.8910 0.8203 
5.3701 -0.5876 2.0001 0.8361 0.8220 
5.3801 -0.5822 2.0101 0.8845 0.8511 
5.3701 -0.5799 2.0101 0.8910 0.8203 
5.3801 -0.5822 2.0101 0.8845 0.8511 
5.3701 -0.5799 2.0101 0.8910 0.8203 
5.3701 -0.5799 2.0101 0.8910 0.8203 
5.3501 -0.5867 2.0101 0.8633 0.7542 
5.3701 -0.5876 2.0001 0.8361 0.8220 
5.3701 -0.5799 2.0101 0.8910 0.8203 
5.3701 -0.5876 2.0001 0.8361 0.8220 
5.3701 -0.5799 2.0101 0.8910 0.8203 
5.3101 -0.5687 2.0401 0.9988 0.6245 
5.3101 -0.5827 2.0601 0.9974 0.6199 
5.3001 -0.5699 2.0360 0.9822 0.5944 
5.3401 -0.5773 2.0501 0.9978 0.7116 
5.3401 -0.5902 2.0401 0.9281 0.7119 
5.3601 -0.5829 2.0401 0.9571 0.7740 
5.3490 -0.5899 2.0501 0.9555 0.7348 
5.3401 -0.5773 2.0501 0.9978 0.7116 
5.3601 -0.5829 2.0401 0.9571 0.7740 
5.3401 -0.5773 2.0501 0.9978 0.7116 
5.3301 -0.5739 2.0401 0.9834 0.6851 
5.3401 -0.5902 2.0401 0.9281 0.7119 
5.3301 -0.5664 2.0301 0.9857 0.6895 
5.3501 -0.5744 2.0301 0.9601 0.7501 
5.3301 -0.5739 2.0401 0.9834 0.6851 
5.3301 -0.5664 2.0301 0.9857 0.6895 
5.3101 -0.5687 2.0401 0.9988 0.6245 
5.3201 -0.5912 2.0301 0.8959 0.6548 
5.3401 -0.5902 2.0401 0.9281 0.7119 
5.3501 -0.5744 2.0301 0.9601 0.7501 
5.3601 -0.5829 2.0401 0.9571 0.7740 
5.3401 -0.5902 2.0401 0.9281 0.7119 
5.3301 -0.5739 2.0401 0.9834 0.6851 
5.3501 -0.5744 2.0301 0.9601 0.7501 
5.3301 -0.5771 2.0101 0.8935 0.6935 
5.3401 -0.5776 2.0201 0.9208 0.7217 
5.3501 -0.5744 2.0301 0.9601 0.7501 
5.3301 -0.5664 2.0301 0.9857 0.6895 
5.3301 -0.5771 2.0101 0.8935 0.6935 
5.3501 -0.5744 2.0301 0.9601 0.7501 
5.3301 -0.5771 2.0101 0.8935 0.6935 
5.3301 -0.5664 2.0301 0.9857 0.6895 
5.3201 -0.5912 2.0301 0.8959 0.6548 
5.3401 -0.5776 2.0201 0.9208 0.7217 
5.3501 -0.5867 2.0101 0.8633 0.7542 
5.3501 -0.5744 2.0301 0.9601 0.7501 
5.3101 -0.5885 2.0201 0.8772 0.6270 
5.3201 -0.5912 2.0301 0.8959 0.6548 
5.3001 -0.5799 2.0246 0.9171 0.5959 
5.3401 -0.5740 2.0101 0.9069 0.7263 
5.3401 -0.5776 2.0201 0.9208 0.7217 
5.3301 -0.5771 2.0101 0.8935 0.6935 
5.3501 -0.5867 2.0101 0.8633 0.7542 
5.3401 -0.5776 2.0201 0.9208 0.7217 
5.3401 -0.5740 2.0101 0.9069 0.7263 
5.3301 -0.5771 2.0101 0.8935 0.6935 
5.3201 -0.5912 2.0301 0.8959 0.6548 
5.3201 -0.5954 2.0101 0.8286 0.6591 
5.3001 -0.5880 2.0101 0.8500 0.5979 
5.3201 -0.5954 2.0101 0.8286 0.6591 
5.3201 -0.5912 2.0301 0.8959 0.6548 
5.3101 -0.5885 2.0201 0.8772 0.6270 
5.3001 -0.5880 2.0101 0.8500 0.5979 
5.3201 -0.5912 2.0301 0.8959 0.6548 
5.3301 -0.5441 2.0001 0.9928 0.7043 
5.3501 -0.5764 2.0001 0.8722 0.7619 
5.3401 -0.5740 2.0101 0.9069 0.7263 
5.3401 -0.5740 2.0101 0.9069 0.7263 
5.3301 -0.5771 2.0101 0.8935 0.6935 
5.3301 -0.5441 2.0001 0.9928 0.7043 
5.3201 -0.5954 2.0101 0.8286 0.6591 
5.3301 -0.5441 2.0001 0.9928 0.7043 
5.3301 -0.5771 2.0101 0.8935 0.6935 
5.3301 -0.5441 2.0001 0.9928 0.7043 
5.3201 -0.5954 2.0101 0.8286 0.6591 
5.3101 -0.6032 2.0001 0.7731 0.6298 
5.3501 -0.5764 2.0001 0.8722 0.7619 
5.3501 -0.5867 2.0101 0.8633 0.7542 
5.3401 -0.5740 2.0101 0.9069 0.7263 
5.3201 -0.5954 2.0101 0.8286 0.6591 
5.3001 -0.5880 2.0101 0.8500 0.5979 
5.3101 -0.6032 2.0001 0.7731 0.6298 
5.1220 -0.5999 2.1001 0.9979 0.1272 
5.1101 -0.6070 2.1101 0.9949 0.1095 
5.1177 -0.5999 2.1001 0.9972 0.1171 
5.2701 -0.5827 2.0501 0.9663 0.5044 
5.2601 -0.5791 2.0601 1.0006 0.4749 
5.2673 -0.5899 2.0501 0.9412 0.4974 
5.2601 -0.5791 2.0601 1.0006 0.4749 
5.2501 -0.5863 2.0601 0.9742 0.4478 
5.2601 -0.6087 2.0501 0.8790 0.4802 
5.2301 -0.5899 2.0601 0.9587 0.3924 
5.2501 -0.5863 2.0601 0.9742 0.4478 
5.2401 -0.5945 2.0701 0.9685 0.4230 
5.2501 -0.5863 2.0601 0.9742 0.4478 
5.2301 -0.5899 2.0601 0.9587 0.3924 
5.2201 -0.5982 2.0601 0.9296 0.3675 
5.2801 -0.5957 2.0601 0.9481 0.5343 
5.2701 -0.5827 2.0501 0.9663 0.5044 
5.2701 -0.5803 2.0401 0.9498 0.5040 
5.2701 -0.5827 2.0501 0.9663 0.5044 
5.2601 -0.5899 2.0401 0.9152 0.4762 
5.2701 -0.5803 2.0401 0.9498 0.5040 
5.2673 -0.5899 2.0501 0.9412 0.4974 
5.2601 -0.5899 2.0401 0.9152 0.4762 
5.2701 -0.5827 2.0501 0.9663 0.5044 
5.2673 -0.5899 2.0501 0.9412 0.4974 
5.2601 -0.5899 2.0401 0.9152 0.4762 
5.2601 -0.5899 2.0401 0.9152 0.4762 
5.2601 -0.5899 2.0401 0.9152 0.4762 
5.2601 -0.5899 2.0401 0.9152 0.4762 
5.2601 -0.5899 2.0401 0.9152 0.4762 
5.2601 -0.6087 2.0501 0.8790 0.4802 
5.2601 -0.5899 2.0401 0.9152 0.4762 
5.2673 -0.5899 2.0501 0.9412 0.4974 
5.2501 -0.5907 2.0401 0.9109 0.4473 
5.2601 -0.5899 2.0401 0.9152 0.4762 
5.2601 -0.6087 2.0501 0.8790 0.4802 
5.2501 -0.5907 2.0401 0.9109 0.4473 
5.2601 -0.5899 2.0401 0.9152 0.4762 
5.2601 -0.5899 2.0401 0.9152 0.4762 
5.2701 -0.5803 2.0401 0.9498 0.5040 
5.2901 -0.5867 2.0301 0.9059 0.5649 
5.3001 -0.5699 2.0360 0.9822 0.5944 
5.2601 -0.5899 2.0401 0.9152 0.4762 
5.2701 -0.5916 2.0301 0.8858 0.5058 
5.2701 -0.5803 2.0401 0.9498 0.5040 
5.2601 -0.5899 2.0401 0.9152 0.4762 
5.2501 -0.5834 2.0301 0.9100 0.4445 
5.2601 -0.5899 2.0401 0.9152 0.4762 
5.2601 -0.5899 2.0401 0.9152 0.4762 
5.2501 -0.5907 2.0401 0.9109 0.4473 
5.2501 -0.5834 2.0301 0.9100 0.4445 
5.2701 -0.5803 2.0401 0.9498 0.5040 
5.2701 -0.5916 2.0301 0.8858 0.5058 
5.2901 -0.5867 2.0301 0.9059 0.5649 
5.2901 -0.5855 2.0201 0.8837 0.5659 
5.3001 -0.5799 2.0246 0.9171 0.5959 
5.2901 -0.5867 2.0301 0.9059 0.5649 
5.2901 -0.5855 2.0201 0.8837 0.5659 
5.3101 -0.5885 2.0201 0.8772 0.6270 
5.3001 -0.5799 2.0246 0.9171 0.5959 
5.2901 -0.5867 2.0301 0.9059 0.5649 
5.2701 -0.5844 2.0201 0.8841 0.5047 
5.2901 -0.5855 2.0201 0.8837 0.5659 
5.2601 -0.5899 2.0401 0.9152 0.4762 
5.2501 -0.5834 2.0301 0.9100 0.4445 
5.2501 -0.5899 2.0158 0.8502 0.4450 
5.2701 -0.5916 2.0301 0.8858 0.5058 
5.2701 -0.5844 2.0201 0.8841 0.5047 
5.2901 -0.5867 2.0301 0.9059 0.5649 
5.2701 -0.5916 2.0301 0.8858 0.5058 
5.2601 -0.5899 2.0401 0.9152 0.4762 
5.2601 -0.5999 2.0201 0.8305 0.4774 
5.2701 -0.5916 2.0301 0.8858 0.5058 
5.2601 -0.5999 2.0201 0.8305 0.4774 
5.2701 -0.5844 2.0201 0.8841 0.5047 
5.2601 -0.5999 2.0201 0.8305 0.4774 
5.2601 -0.5899 2.0401 0.9152 0.4762 
5.2501 -0.5899 2.0158 0.8502 0.4450 
5.2801 -0.5843 2.0101 0.8590 0.5357 
5.2901 -0.5855 2.0201 0.8837 0.5659 
5.2701 -0.5844 2.0201 0.8841 0.5047 
5.2701 -0.5844 2.0201 0.8841 0.5047 
5.2601 -0.5999 2.0201 0.8305 0.4774 
5.2801 -0.5843 2.0101 0.8590 0.5357 
5.2901 -0.5855 2.0201 0.8837 0.5659 
5.3001 -0.5880 2.0101 0.8500 0.5979 
5.3101 -0.5885 2.0201 0.8772 0.6270 
5.2801 -0.5843 2.0101 0.8590 0.5357 
5.2901 -0.5837 2.0001 0.8351 0.5679 
5.2901 -0.5855 2.0201 0.8837 0.5659 
5.2501 -0.5999 2.0101 0.8017 0.4471 
5.2501 -0.5899 2.0158 0.8502 0.4450 
5.2501 -0.5999 2.0101 0.8017 0.4471 
5.2501 -0.5999 2.0101 0.8017 0.4471 
5.2601 -0.5999 2.0201 0.8305 0.4774 
5.2501 -0.5899 2.0158 0.8502 0.4450 
5.3101 -0.6032 2.0001 0.7731 0.6298 
5.3001 -0.5880 2.0101 0.8500 0.5979 
5.2901 -0.5837 2.0001 0.8351 0.5679 
5.2801 -0.5843 2.0101 0.8590 0.5357 
5.2901 -0.6033 1.9901 0.7406 0.5696 
5.2901 -0.5837 2.0001 0.8351 0.5679 
5.2901 -0.6033 1.9901 0.7406 0.5696 
5.2801 -0.5843 2.0101 0.8590 0.5357 
5.2601 -0.5999 2.0201 0.8305 0.4774 
5.2201 -0.5697 2.0401 0.9782 0.3516 
5.2401 -0.5899 2.0429 0.9186 0.4184 
5.2501 -0.5863 2.0601 0.9742 0.4478 
5.2201 -0.5697 2.0401 0.9782 0.3516 
5.2301 -0.5699 2.0401 0.9794 0.3817 
5.2401 -0.5899 2.0429 0.9186 0.4184 
5.2201 -0.5982 2.0601 0.9296 0.3675 
5.2201 -0.5697 2.0401 0.9782 0.3516 
5.2501 -0.5863 2.0601 0.9742 0.4478 
5.2101 -0.5860 2.0401 0.9197 0.3296 
5.2201 -0.5697 2.0401 0.9782 0.3516 
5.2201 -0.5982 2.0601 0.9296 0.3675 
5.2101 -0.5860 2.0401 0.9197 0.3296 
5.2201 -0.5982 2.0601 0.9296 0.3675 
5.2101 -0.5843 2.0601 0.9741 0.3339 
5.2101 -0.5843 2.0601 0.9741 0.3339 
5.2001 -0.5996 2.0601 0.9219 0.3131 
5.2101 -0.5860 2.0401 0.9197 0.3296 
5.2401 -0.5899 2.0429 0.9186 0.4184 
5.2601 -0.6087 2.0501 0.8790 0.4802 
5.2501 -0.5863 2.0601 0.9742 0.4478 
5.2401 -0.5899 2.0429 0.9186 0.4184 
5.2501 -0.5907 2.0401 0.9109 0.4473 
5.2601 -0.6087 2.0501 0.8790 0.4802 
5.2301 -0.5699 2.0401 0.9794 0.3817 
5.2201 -0.5697 2.0401 0.9782 0.3516 
5.2201 -0.5885 2.0301 0.8874 0.3574 
5.2101 -0.5860 2.0401 0.9197 0.3296 
5.2201 -0.5885 2.0301 0.8874 0.3574 
5.2201 -0.5697 2.0401 0.9782 0.3516 
5.2501 -0.5834 2.0301 0.9100 0.4445 
5.2501 -0.5907 2.0401 0.9109 0.4473 
5.2401 -0.5918 2.0301 0.8800 0.4173 
5.2301 -0.5699 2.0401 0.9794 0.3817 
5.2401 -0.5918 2.0301 0.8800 0.4173 
5.2401 -0.5899 2.0429 0.9186 0.4184 
5.2501 -0.5907 2.0401 0.9109 0.4473 
5.2401 -0.5899 2.0429 0.9186 0.4184 
5.2401 -0.5918 2.0301 0.8800 0.4173 
5.2201 -0.5885 2.0301 0.8874 0.3574 
5.2101 -0.5860 2.0401 0.9197 0.3296 
5.2001 -0.6011 2.0301 0.8428 0.3053 
5.2401 -0.5999 2.0145 0.8121 0.4178 
5.2501 -0.5899 2.0158 0.8502 0.4450 
5.2401 -0.5918 2.0301 0.8800 0.4173 
5.2501 -0.5899 2.0158 0.8502 0.4450 
5.2501 -0.5834 2.0301 0.9100 0.4445 
5.2401 -0.5918 2.0301 0.8800 0.4173 
5.2101 -0.5805 2.0201 0.8867 0.3215 
5.2201 -0.5885 2.0301 0.8874 0.3574 
5.2001 -0.5921 2.0201 0.8459 0.2977 
5.2301 -0.5699 2.0401 0.9794 0.3817 
5.2201 -0.5885 2.0301 0.8874 0.3574 
5.2401 -0.5918 2.0301 0.8800 0.4173 
5.2401 -0.5918 2.0301 0.8800 0.4173 
5.2201 -0.5885 2.0301 0.8874 0.3574 
5.2301 -0.5976 2.0101 0.8057 0.3866 
5.2101 -0.5805 2.0201 0.8867 0.3215 
5.2301 -0.5976 2.0101 0.8057 0.3866 
5.2201 -0.5885 2.0301 0.8874 0.3574 
5.2001 -0.5921 2.0201 0.8459 0.2977 
5.2201 -0.5885 2.0301 0.8874 0.3574 
5.2001 -0.6011 2.0301 0.8428 0.3053 
5.2501 -0.5899 2.0158 0.8502 0.4450 
5.2401 -0.5999 2.0145 0.8121 0.4178 
5.2501 -0.5999 2.0101 0.8017 0.4471 
5.2301 -0.5976 2.0101 0.8057 0.3866 
5.2401 -0.5999 2.0145 0.8121 0.4178 
5.2401 -0.5918 2.0301 0.8800 0.4173 
5.2401 -0.5861 2.0001 0.8180 0.4113 
5.2501 -0.6009 2.0001 0.7706 0.4464 
5.2301 -0.5976 2.0101 0.8057 0.3866 
5.2101 -0.5805 2.0201 0.8867 0.3215 
5.2101 -0.5907 2.0001 0.7970 0.3208 
5.2301 -0.5976 2.0101 0.8057 0.3866 
5.2001 -0.5921 2.0201 0.8459 0.2977 
5.2101 -0.5907 2.0001 0.7970 0.3208 
5.2101 -0.5805 2.0201 0.8867 0.3215 
5.2101 -0.5907 2.0001 0.7970 0.3208 
5.2001 -0.5921 2.0201 0.8459 0.2977 
5.1901 -0.5983 2.0101 0.7967 0.2684 
5.1701 -0.5873 2.0601 0.9569 0.2242 
5.1901 -0.5829 2.0701 0.9984 0.2803 
5.1801 -0.5841 2.0701 0.9928 0.2535 
5.1601 -0.5781 2.0601 0.9862 0.1908 
5.1701 -0.5873 2.0601 0.9569 0.2242 
5.1601 -0.6033 2.0701 0.9269 0.2114 
5.1401 -0.5830 2.0601 0.9661 0.1405 
5.1601 -0.5781 2.0601 0.9862 0.1908 
5.1601 -0.6033 2.0701 0.9269 0.2114 
5.1601 -0.6033 2.0701 0.9269 0.2114 
5.1701 -0.5873 2.0601 0.9569 0.2242 
5.1801 -0.5841 2.0701 0.9928 0.2535 
5.1301 -0.5852 2.0701 0.9804 0.1216 
5.1401 -0.5830 2.0601 0.9661 0.1405 
5.1601 -0.6033 2.0701 0.9269 0.2114 
5.1801 -0.5872 2.0501 0.9350 0.2480 
5.1901 -0.5829 2.0701 0.9984 0.2803 
5.1701 -0.5873 2.0601 0.9569 0.2242 
5.1936 -0.5899 2.0601 0.9524 0.2905 
5.1901 -0.5829 2.0701 0.9984 0.2803 
5.1801 -0.5872 2.0501 0.9350 0.2480 
5.1601 -0.5831 2.0501 0.9454 0.1897 
5.1801 -0.5872 2.0501 0.9350 0.2480 
5.1701 -0.5873 2.0601 0.9569 0.2242 
5.1601 -0.5781 2.0601 0.9862 0.1908 
5.1601 -0.5831 2.0501 0.9454 0.1897 
5.1701 -0.5873 2.0601 0.9569 0.2242 
5.1601 -0.5781 2.0601 0.9862 0.1908 
5.1401 -0.5830 2.0601 0.9661 0.1405 
5.1601 -0.5831 2.0501 0.9454 0.1897 
5.1101 -0.5860 2.0801 0.9970 0.0809 
5.1001 -0.5941 2.0901 0.9912 0.0713 
5.0901 -0.5953 2.0801 0.9636 0.0551 
5.1401 -0.5830 2.0601 0.9661 0.1405 
5.1301 -0.5852 2.0701 0.9804 0.1216 
5.1201 -0.5888 2.0601 0.9434 0.0950 
5.1101 -0.6001 2.0601 0.9055 0.0809 
5.1201 -0.5888 2.0601 0.9434 0.0950 
5.1101 -0.5860 2.0801 0.9970 0.0809 
5.1101 -0.5860 2.0801 0.9970 0.0809 
5.1001 -0.5932 2.0501 0.9016 0.0567 
5.1101 -0.6001 2.0601 0.9055 0.0809 
5.1401 -0.5830 2.0601 0.9661 0.1405 
5.1201 -0.5888 2.0601 0.9434 0.0950 
5.1301 -0.5876 2.0501 0.9252 0.1131 
5.1101 -0.5997 2.0401 0.8578 0.0714 
5.1201 -0.5888 2.0601 0.9434 0.0950 
5.1101 -0.6001 2.0601 0.9055 0.0809 
5.1001 -0.5932 2.0501 0.9016 0.0567 
5.1101 -0.5997 2.0401 0.8578 0.0714 
5.1101 -0.6001 2.0601 0.9055 0.0809 
5.2101 -0.5860 2.0401 0.9197 0.3296 
5.2001 -0.5996 2.0601 0.9219 0.3131 
5.1901 -0.5944 2.0401 0.8882 0.2766 
5.1601 -0.5889 2.0401 0.9012 0.1891 
5.1801 -0.5872 2.0501 0.9350 0.2480 
5.1601 -0.5831 2.0501 0.9454 0.1897 
5.2001 -0.5996 2.0601 0.9219 0.3131 
5.1936 -0.5899 2.0601 0.9524 0.2905 
5.1901 -0.5944 2.0401 0.8882 0.2766 
5.1801 -0.5872 2.0501 0.9350 0.2480 
5.1901 -0.5944 2.0401 0.8882 0.2766 
5.1936 -0.5899 2.0601 0.9524 0.2905 
5.1601 -0.5889 2.0401 0.9012 0.1891 
5.1701 -0.5990 2.0301 0.8445 0.2194 
5.1801 -0.5872 2.0501 0.9350 0.2480 
5.1601 -0.5889 2.0401 0.9012 0.1891 
5.1501 -0.5841 2.0301 0.8902 0.1530 
5.1601 -0.5848 2.0301 0.8895 0.1815 
5.2001 -0.6011 2.0301 0.8428 0.3053 
5.1901 -0.5944 2.0401 0.8882 0.2766 
5.2001 -0.5921 2.0201 0.8459 0.2977 
5.2001 -0.6011 2.0301 0.8428 0.3053 
5.2101 -0.5860 2.0401 0.9197 0.3296 
5.1901 -0.5944 2.0401 0.8882 0.2766 
5.1701 -0.5990 2.0301 0.8445 0.2194 
5.1901 -0.5944 2.0401 0.8882 0.2766 
5.1801 -0.5872 2.0501 0.9350 0.2480 
5.2001 -0.5921 2.0201 0.8459 0.2977 
5.1901 -0.5944 2.0401 0.8882 0.2766 
5.1701 -0.5990 2.0301 0.8445 0.2194 
5.1601 -0.5848 2.0301 0.8895 0.1815 
5.1701 -0.5990 2.0301 0.8445 0.2194 
5.1601 -0.5889 2.0401 0.9012 0.1891 
5.1501 -0.5841 2.0301 0.8902 0.1530 
5.1701 -0.5990 2.0301 0.8445 0.2194 
5.1601 -0.5848 2.0301 0.8895 0.1815 
5.1801 -0.5867 2.0201 0.8605 0.2359 
5.2001 -0.5921 2.0201 0.8459 0.2977 
5.1701 -0.5990 2.0301 0.8445 0.2194 
5.1901 -0.5983 2.0101 0.7967 0.2684 
5.1801 -0.5867 2.0201 0.8605 0.2359 
5.1701 -0.5864 2.0101 0.8324 0.2020 
5.1701 -0.5864 2.0101 0.8324 0.2020 
5.1501 -0.5841 2.0301 0.8902 0.1530 
5.1501 -0.5780 2.0101 0.8577 0.1375 
5.1901 -0.5983 2.0101 0.7967 0.2684 
5.2001 -0.5921 2.0201 0.8459 0.2977 
5.1801 -0.5867 2.0201 0.8605 0.2359 
5.1701 -0.5864 2.0101 0.8324 0.2020 
5.1801 -0.5867 2.0201 0.8605 0.2359 
5.1701 -0.5990 2.0301 0.8445 0.2194 
5.1701 -0.5864 2.0101 0.8324 0.2020 
5.1701 -0.5990 2.0301 0.8445 0.2194 
5.1501 -0.5841 2.0301 0.8902 0.1530 
5.1801 -0.5806 2.0001 0.8260 0.2233 
5.1901 -0.5907 1.9901 0.7648 0.2563 
5.1901 -0.5983 2.0101 0.7967 0.2684 
5.1801 -0.5806 2.0001 0.8260 0.2233 
5.1701 -0.5864 2.0101 0.8324 0.2020 
5.1701 -0.5899 1.9994 0.7910 0.1995 
5.1901 -0.5983 2.0101 0.7967 0.2684 
5.1701 -0.5864 2.0101 0.8324 0.2020 
5.1801 -0.5806 2.0001 0.8260 0.2233 
5.1701 -0.5899 1.9994 0.7910 0.1995 
5.1701 -0.5864 2.0101 0.8324 0.2020 
5.1601 -0.5880 2.0001 0.7976 0.1689 
5.1601 -0.5880 2.0001 0.7976 0.1689 
5.1701 -0.5864 2.0101 0.8324 0.2020 
5.1501 -0.5780 2.0101 0.8577 0.1375 
5.2101 -0.5907 2.0001 0.7970 0.3208 
5.1901 -0.5983 2.0101 0.7967 0.2684 
5.1901 -0.5907 1.9901 0.7648 0.2563 
5.1601 -0.5880 2.0001 0.7976 0.1689 
5.1501 -0.5780 2.0101 0.8577 0.1375 
5.1501 -0.6047 2.0001 0.7422 0.1531 
5.1401 -0.5847 2.0401 0.9118 0.1315 
5.1601 -0.5831 2.0501 0.9454 0.1897 
5.1401 -0.5830 2.0601 0.9661 0.1405 
5.1401 -0.5847 2.0401 0.9118 0.1315 
5.1601 -0.5889 2.0401 0.9012 0.1891 
5.1601 -0.5831 2.0501 0.9454 0.1897 
5.1301 -0.5876 2.0501 0.9252 0.1131 
5.1401 -0.5847 2.0401 0.9118 0.1315 
5.1401 -0.5830 2.0601 0.9661 0.1405 
5.1201 -0.5888 2.0601 0.9434 0.0950 
5.1201 -0.5908 2.0401 0.8881 0.0863 
5.1301 -0.5876 2.0501 0.9252 0.1131 
5.1301 -0.5876 2.0501 0.9252 0.1131 
5.1201 -0.5908 2.0401 0.8881 0.0863 
5.1401 -0.5847 2.0401 0.9118 0.1315 
5.1201 -0.5888 2.0601 0.9434 0.0950 
5.1101 -0.5997 2.0401 0.8578 0.0714 
5.1201 -0.5908 2.0401 0.8881 0.0863 
5.1501 -0.5841 2.0301 0.8902 0.1530 
5.1401 -0.5847 2.0401 0.9118 0.1315 
5.1401 -0.5883 2.0201 0.8482 0.1236 
5.1401 -0.5847 2.0401 0.9118 0.1315 
5.1301 -0.5812 2.0301 0.8965 0.0975 
5.1401 -0.5883 2.0201 0.8482 0.1236 
5.1201 -0.5908 2.0401 0.8881 0.0863 
5.1301 -0.5812 2.0301 0.8965 0.0975 
5.1401 -0.5847 2.0401 0.9118 0.1315 
5.1501 -0.5841 2.0301 0.8902 0.1530 
5.1601 -0.5889 2.0401 0.9012 0.1891 
5.1401 -0.5847 2.0401 0.9118 0.1315 
5.1201 -0.5943 2.0101 0.7981 0.0737 
5.1301 -0.5812 2.0301 0.8965 0.0975 
5.1201 -0.5908 2.0401 0.8881 0.0863 
5.1101 -0.5772 2.0201 0.8802 0.0539 
5.1201 -0.5943 2.0101 0.7981 0.0737 
5.1201 -0.5908 2.0401 0.8881 0.0863 
5.1101 -0.5772 2.0201 0.8802 0.0539 
5.1201 -0.5908 2.0401 0.8881 0.0863 
5.1101 -0.5997 2.0401 0.8578 0.0714 
5.1501 -0.5780 2.0101 0.8577 0.1375 
5.1401 -0.5883 2.0201 0.8482 0.1236 
5.1401 -0.6077 2.0101 0.7589 0.1334 
5.1501 -0.5780 2.0101 0.8577 0.1375 
5.1501 -0.5841 2.0301 0.8902 0.1530 
5.1401 -0.5883 2.0201 0.8482 0.1236 
5.1301 -0.5978 2.0001 0.7604 0.0941 
5.1401 -0.5883 2.0201 0.8482 0.1236 
5.1301 -0.5812 2.0301 0.8965 0.0975 
5.1301 -0.5978 2.0001 0.7604 0.0941 
5.1401 -0.6077 2.0101 0.7589 0.1334 
5.1401 -0.5883 2.0201 0.8482 0.1236 
5.1201 -0.5943 2.0101 0.7981 0.0737 
5.1301 -0.5978 2.0001 0.7604 0.0941 
5.1301 -0.5812 2.0301 0.8965 0.0975 
5.1101 -0.5772 2.0201 0.8802 0.0539 
5.1101 -0.5880 2.0001 0.7890 0.0532 
5.1201 -0.5943 2.0101 0.7981 0.0737 
5.1401 -0.5893 2.0001 0.7896 0.1134 
5.1501 -0.6047 2.0001 0.7422 0.1531 
5.1501 -0.5780 2.0101 0.8577 0.1375 
5.1301 -0.5978 2.0001 0.7604 0.0941 
5.1401 -0.5893 2.0001 0.7896 0.1134 
5.1401 -0.6077 2.0101 0.7589 0.1334 
5.2673 -0.5899 2.0501 0.9412 0.4974 
5.2601 -0.5791 2.0601 1.0006 0.4749 
5.2601 -0.6087 2.0501 0.8790 0.4802 
5.3001 -0.5880 2.0101 0.8500 0.5979 
5.2901 -0.5855 2.0201 0.8837 0.5659 
5.2901 -0.5837 2.0001 0.8351 0.5679 
5.2501 -0.5999 2.0101 0.8017 0.4471 
5.2501 -0.5999 2.0101 0.8017 0.4471 
5.2501 -0.5999 2.0101 0.8017 0.4471 
5.2601 -0.5999 2.0201 0.8305 0.4774 
5.2601 -0.6016 2.0001 0.7698 0.4770 
5.2901 -0.6033 1.9901 0.7406 0.5696 
5.2501 -0.5999 2.0101 0.8017 0.4471 
5.2501 -0.6009 2.0001 0.7706 0.4464 
5.2601 -0.6016 2.0001 0.7698 0.4770 
5.2501 -0.5999 2.0101 0.8017 0.4471 
5.2501 -0.5999 2.0101 0.8017 0.4471 
5.2601 -0.6016 2.0001 0.7698 0.4770 
5.2501 -0.5999 2.0101 0.8017 0.4471 
5.2601 -0.6016 2.0001 0.7698 0.4770 
5.2601 -0.5999 2.0201 0.8305 0.4774 
5.2501 -0.5999 2.0101 0.8017 0.4471 
5.2401 -0.5999 2.0145 0.8121 0.4178 
5.2501 -0.5999 2.0101 0.8017 0.4471 
5.2501 -0.5999 2.0101 0.8017 0.4471 
5.2401 -0.5999 2.0145 0.8121 0.4178 
5.2501 -0.6009 2.0001 0.7706 0.4464 
5.2301 -0.5976 2.0101 0.8057 0.3866 
5.2501 -0.6009 2.0001 0.7706 0.4464 
5.2401 -0.5999 2.0145 0.8121 0.4178 
5.1401 -0.5893 2.0001 0.7896 0.1134 
5.1501 -0.5780 2.0101 0.8577 0.1375 
5.1401 -0.6077 2.0101 0.7589 0.1334 
5.0901 -0.5899 2.0701 0.9581 0.0529 
5.1101 -0.5860 2.0801 0.9970 0.0809 
5.0901 -0.5953 2.0801 0.9636 0.0551 
5.0901 -0.5899 2.0701 0.9581 0.0529 
5.1001 -0.5932 2.0501 0.9016 0.0567 
5.1101 -0.5860 2.0801 0.9970 0.0809 
5.4201 -0.5763 1.9901 0.8566 1.0003 
5.4101 -0.5895 2.0001 0.8365 0.9493 
5.4101 -0.5965 1.9901 0.7837 0.9517 
5.4001 -0.5773 1.9901 0.8493 0.9324 
5.4101 -0.5965 1.9901 0.7837 0.9517 
5.4101 -0.5895 2.0001 0.8365 0.9493 
5.4001 -0.5989 2.0001 0.8027 0.9113 
5.4001 -0.5773 1.9901 0.8493 0.9324 
5.4101 -0.5895 2.0001 0.8365 0.9493 
5.4101 -0.5965 1.9901 0.7837 0.9517 
5.4201 -0.5920 1.9801 0.7712 0.9958 
5.4201 -0.5763 1.9901 0.8566 1.0003 
5.4001 -0.5902 1.9801 0.7735 0.9307 
5.4101 -0.5965 1.9901 0.7837 0.9517 
5.4001 -0.5773 1.9901 0.8493 0.9324 
5.3801 -0.5761 1.9701 0.7894 0.8792 
5.4101 -0.5912 1.9701 0.7413 0.9711 
5.4001 -0.5902 1.9801 0.7735 0.9307 
5.4201 -0.5920 1.9801 0.7712 0.9958 
5.4101 -0.5965 1.9901 0.7837 0.9517 
5.4101 -0.5912 1.9701 0.7413 0.9711 
5.4101 -0.5912 1.9701 0.7413 0.9711 
5.4101 -0.5965 1.9901 0.7837 0.9517 
5.4001 -0.5902 1.9801 0.7735 0.9307 
5.3801 -0.5761 1.9701 0.7894 0.8792 
5.3901 -0.5936 1.9601 0.6976 0.9091 
5.4101 -0.5912 1.9701 0.7413 0.9711 
5.4101 -0.5912 1.9701 0.7413 0.9711 
5.3901 -0.5936 1.9601 0.6976 0.9091 
5.4101 -0.5883 1.9501 0.6861 0.9902 
5.3501 -0.5867 2.0101 0.8633 0.7542 
5.3501 -0.5764 2.0001 0.8722 0.7619 
5.3701 -0.5826 1.9901 0.8247 0.8297 
5.4001 -0.5773 1.9901 0.8493 0.9324 
5.4001 -0.5989 2.0001 0.8027 0.9113 
5.3901 -0.5874 2.0001 0.8404 0.8863 
5.4001 -0.5773 1.9901 0.8493 0.9324 
5.3901 -0.5874 2.0001 0.8404 0.8863 
5.3701 -0.5826 1.9901 0.8247 0.8297 
5.3701 -0.5826 1.9901 0.8247 0.8297 
5.3701 -0.5876 2.0001 0.8361 0.8220 
5.3501 -0.5867 2.0101 0.8633 0.7542 
5.3701 -0.5826 1.9901 0.8247 0.8297 
5.3801 -0.5943 1.9801 0.7562 0.8623 
5.4001 -0.5773 1.9901 0.8493 0.9324 
5.3501 -0.5853 1.9801 0.7818 0.7675 
5.3701 -0.5826 1.9901 0.8247 0.8297 
5.3501 -0.5764 2.0001 0.8722 0.7619 
5.3501 -0.5853 1.9801 0.7818 0.7675 
5.3601 -0.6026 1.9801 0.7250 0.7935 
5.3701 -0.5826 1.9901 0.8247 0.8297 
5.4001 -0.5902 1.9801 0.7735 0.9307 
5.4001 -0.5773 1.9901 0.8493 0.9324 
5.3801 -0.5943 1.9801 0.7562 0.8623 
5.3801 -0.5943 1.9801 0.7562 0.8623 
5.3701 -0.5826 1.9901 0.8247 0.8297 
5.3601 -0.6026 1.9801 0.7250 0.7935 
5.3801 -0.5943 1.9801 0.7562 0.8623 
5.3801 -0.5761 1.9701 0.7894 0.8792 
5.4001 -0.5902 1.9801 0.7735 0.9307 
5.3801 -0.5761 1.9701 0.7894 0.8792 
5.3801 -0.5943 1.9801 0.7562 0.8623 
5.3601 -0.5763 1.9701 0.7849 0.8100 
5.3601 -0.6026 1.9801 0.7250 0.7935 
5.3601 -0.5763 1.9701 0.7849 0.8100 
5.3801 -0.5943 1.9801 0.7562 0.8623 
5.3601 -0.6026 1.9801 0.7250 0.7935 
5.3501 -0.5853 1.9801 0.7818 0.7675 
5.3601 -0.5763 1.9701 0.7849 0.8100 
5.3601 -0.5763 1.9701 0.7849 0.8100 
5.3601 -0.5831 1.9601 0.7285 0.8122 
5.3801 -0.5761 1.9701 0.7894 0.8792 
5.3501 -0.5900 1.9501 0.6696 0.7798 
5.3601 -0.5831 1.9601 0.7285 0.8122 
5.3601 -0.5763 1.9701 0.7849 0.8100 
5.3801 -0.5871 1.9601 0.7182 0.8790 
5.3901 -0.5936 1.9601 0.6976 0.9091 
5.3801 -0.5761 1.9701 0.7894 0.8792 
5.3801 -0.5871 1.9601 0.7182 0.8790 
5.3801 -0.5761 1.9701 0.7894 0.8792 
5.3601 -0.5831 1.9601 0.7285 0.8122 
5.3801 -0.5871 1.9601 0.7182 0.8790 
5.3601 -0.5820 1.9501 0.6991 0.8183 
5.3901 -0.5940 1.9501 0.6633 0.9160 
5.3601 -0.5820 1.9501 0.6991 0.8183 
5.3801 -0.5871 1.9601 0.7182 0.8790 
5.3601 -0.5831 1.9601 0.7285 0.8122 
5.3501 -0.5900 1.9501 0.6696 0.7798 
5.3601 -0.5820 1.9501 0.6991 0.8183 
5.3601 -0.5831 1.9601 0.7285 0.8122 
5.3901 -0.5936 1.9601 0.6976 0.9091 
5.3901 -0.5940 1.9501 0.6633 0.9160 
5.4101 -0.5883 1.9501 0.6861 0.9902 
5.3901 -0.5940 1.9501 0.6633 0.9160 
5.3901 -0.5936 1.9601 0.6976 0.9091 
5.3801 -0.5871 1.9601 0.7182 0.8790 
5.3401 -0.5763 1.9901 0.8415 0.7332 
5.3501 -0.5764 2.0001 0.8722 0.7619 
5.3301 -0.5441 2.0001 0.9928 0.7043 
5.3401 -0.5763 1.9901 0.8415 0.7332 
5.3301 -0.5441 2.0001 0.9928 0.7043 
5.3201 -0.5846 1.9801 0.7787 0.6686 
5.3101 -0.6032 2.0001 0.7731 0.6298 
5.3201 -0.5846 1.9801 0.7787 0.6686 
5.3301 -0.5441 2.0001 0.9928 0.7043 
5.3201 -0.5846 1.9801 0.7787 0.6686 
5.3101 -0.6032 2.0001 0.7731 0.6298 
5.3101 -0.5937 1.9701 0.7152 0.6370 
5.3101 -0.6032 2.0001 0.7731 0.6298 
5.2901 -0.5837 2.0001 0.8351 0.5679 
5.3101 -0.5937 1.9701 0.7152 0.6370 
5.3401 -0.5856 1.9701 0.7480 0.7383 
5.3501 -0.5764 2.0001 0.8722 0.7619 
5.3401 -0.5763 1.9901 0.8415 0.7332 
5.3401 -0.5856 1.9701 0.7480 0.7383 
5.3501 -0.5853 1.9801 0.7818 0.7675 
5.3501 -0.5764 2.0001 0.8722 0.7619 
5.3401 -0.5763 1.9901 0.8415 0.7332 
5.3301 -0.5705 1.9801 0.8313 0.7049 
5.3401 -0.5856 1.9701 0.7480 0.7383 
5.3401 -0.5763 1.9901 0.8415 0.7332 
5.3201 -0.5846 1.9801 0.7787 0.6686 
5.3301 -0.5705 1.9801 0.8313 0.7049 
5.2901 -0.5837 2.0001 0.8351 0.5679 
5.2901 -0.6040 1.9801 0.7087 0.5707 
5.3101 -0.5937 1.9701 0.7152 0.6370 
5.3601 -0.5763 1.9701 0.7849 0.8100 
5.3501 -0.5853 1.9801 0.7818 0.7675 
5.3401 -0.5856 1.9701 0.7480 0.7383 
5.3301 -0.5705 1.9801 0.8313 0.7049 
5.3201 -0.5691 1.9701 0.8037 0.6742 
5.3401 -0.5856 1.9701 0.7480 0.7383 
5.3201 -0.5691 1.9701 0.8037 0.6742 
5.3301 -0.5705 1.9801 0.8313 0.7049 
5.3201 -0.5846 1.9801 0.7787 0.6686 
5.3201 -0.5846 1.9801 0.7787 0.6686 
5.3101 -0.5937 1.9701 0.7152 0.6370 
5.3201 -0.5691 1.9701 0.8037 0.6742 
5.3101 -0.5937 1.9701 0.7152 0.6370 
5.2901 -0.6040 1.9801 0.7087 0.5707 
5.3001 -0.5881 1.9701 0.7322 0.6044 
5.3301 -0.5591 1.9601 0.8116 0.7154 
5.3201 -0.5691 1.9701 0.8037 0.6742 
5.3101 -0.5680 1.9601 0.7738 0.6423 
5.3501 -0.5900 1.9501 0.6696 0.7798 
5.3601 -0.5763 1.9701 0.7849 0.8100 
5.3401 -0.5856 1.9701 0.7480 0.7383 
5.3201 -0.5691 1.9701 0.8037 0.6742 
5.3301 -0.5591 1.9601 0.8116 0.7154 
5.3401 -0.5856 1.9701 0.7480 0.7383 
5.3101 -0.5680 1.9601 0.7738 0.6423 
5.3001 -0.5881 1.9701 0.7322 0.6044 
5.3001 -0.5626 1.9601 0.7919 0.6073 
5.3401 -0.5856 1.9701 0.7480 0.7383 
5.3301 -0.5591 1.9601 0.8116 0.7154 
5.3401 -0.5925 1.9501 0.6594 0.7444 
5.3101 -0.5937 1.9701 0.7152 0.6370 
5.3101 -0.5680 1.9601 0.7738 0.6423 
5.3201 -0.5691 1.9701 0.8037 0.6742 
5.3001 -0.5881 1.9701 0.7322 0.6044 
5.3101 -0.5680 1.9601 0.7738 0.6423 
5.3101 -0.5937 1.9701 0.7152 0.6370 
5.3501 -0.5900 1.9501 0.6696 0.7798 
5.3401 -0.5856 1.9701 0.7480 0.7383 
5.3401 -0.5925 1.9501 0.6594 0.7444 
5.3301 -0.5941 1.9401 0.6183 0.7134 
5.3301 -0.5591 1.9601 0.8116 0.7154 
5.3201 -0.5843 1.9401 0.6499 0.6807 
5.3301 -0.5591 1.9601 0.8116 0.7154 
5.3101 -0.5680 1.9601 0.7738 0.6423 
5.3201 -0.5843 1.9401 0.6499 0.6807 
5.3001 -0.5626 1.9601 0.7919 0.6073 
5.2901 -0.5771 1.9501 0.7038 0.5735 
5.3101 -0.5680 1.9601 0.7738 0.6423 
5.3201 -0.5843 1.9401 0.6499 0.6807 
5.3101 -0.5680 1.9601 0.7738 0.6423 
5.3037 -0.5799 1.9501 0.6964 0.6208 
5.3101 -0.5680 1.9601 0.7738 0.6423 
5.2901 -0.5771 1.9501 0.7038 0.5735 
5.3037 -0.5799 1.9501 0.6964 0.6208 
5.3301 -0.5941 1.9401 0.6183 0.7134 
5.3401 -0.5925 1.9501 0.6594 0.7444 
5.3301 -0.5591 1.9601 0.8116 0.7154 
5.3185 -0.5699 1.9001 0.5497 0.6920 
5.3301 -0.5456 1.9001 0.6453 0.7474 
5.3501 -0.5472 1.9001 0.6429 0.8309 
5.3701 -0.5628 1.9401 0.7376 0.8721 
5.3901 -0.5815 1.9401 0.6723 0.9327 
5.3601 -0.5820 1.9501 0.6991 0.8183 
5.3701 -0.5628 1.9401 0.7376 0.8721 
5.3601 -0.5820 1.9501 0.6991 0.8183 
5.3601 -0.5636 1.9401 0.7326 0.8341 
5.3901 -0.5940 1.9501 0.6633 0.9160 
5.4001 -0.5663 1.9401 0.7301 0.9821 
5.4101 -0.5883 1.9501 0.6861 0.9902 
5.3901 -0.5815 1.9401 0.6723 0.9327 
5.4001 -0.5663 1.9401 0.7301 0.9821 
5.3901 -0.5940 1.9501 0.6633 0.9160 
5.3901 -0.5940 1.9501 0.6633 0.9160 
5.3601 -0.5820 1.9501 0.6991 0.8183 
5.3901 -0.5815 1.9401 0.6723 0.9327 
5.3601 -0.5640 1.9301 0.6954 0.8403 
5.3701 -0.5628 1.9401 0.7376 0.8721 
5.3601 -0.5636 1.9401 0.7326 0.8341 
5.4001 -0.5755 1.9301 0.6601 0.9830 
5.4001 -0.5663 1.9401 0.7301 0.9821 
5.3901 -0.5815 1.9401 0.6723 0.9327 
5.3901 -0.5815 1.9401 0.6723 0.9327 
5.3701 -0.5628 1.9401 0.7376 0.8721 
5.3701 -0.5799 1.9338 0.6521 0.8656 
5.3601 -0.5640 1.9301 0.6954 0.8403 
5.3701 -0.5899 1.9301 0.6041 0.8620 
5.3701 -0.5628 1.9401 0.7376 0.8721 
5.3701 -0.5628 1.9401 0.7376 0.8721 
5.3701 -0.5899 1.9301 0.6041 0.8620 
5.3701 -0.5799 1.9338 0.6521 0.8656 
5.3601 -0.5820 1.9501 0.6991 0.8183 
5.3601 -0.5640 1.9301 0.6954 0.8403 
5.3601 -0.5636 1.9401 0.7326 0.8341 
5.3901 -0.5941 1.9301 0.5934 0.9310 
5.4001 -0.5755 1.9301 0.6601 0.9830 
5.3901 -0.5815 1.9401 0.6723 0.9327 
5.3801 -0.5899 1.9301 0.6059 0.8980 
5.3901 -0.5941 1.9301 0.5934 0.9310 
5.3901 -0.5815 1.9401 0.6723 0.9327 
5.3901 -0.5815 1.9401 0.6723 0.9327 
5.3701 -0.5799 1.9338 0.6521 0.8656 
5.3701 -0.5899 1.9301 0.6041 0.8620 
5.3801 -0.5899 1.9301 0.6059 0.8980 
5.3901 -0.5815 1.9401 0.6723 0.9327 
5.3701 -0.5899 1.9301 0.6041 0.8620 
5.3801 -0.5899 1.9301 0.6059 0.8980 
5.3701 -0.5899 1.9301 0.6041 0.8620 
5.3701 -0.5899 1.9301 0.6041 0.8620 
5.3701 -0.5799 1.9338 0.6521 0.8656 
5.3701 -0.5899 1.9301 0.6041 0.8620 
5.3701 -0.5899 1.9301 0.6041 0.8620 
5.3701 -0.5899 1.9301 0.6041 0.8620 
5.3701 -0.5899 1.9301 0.6041 0.8620 
5.3701 -0.5899 1.9301 0.6041 0.8620 
5.3701 -0.5899 1.9301 0.6041 0.8620 
5.3701 -0.5899 1.9301 0.6041 0.8620 
5.3701 -0.5899 1.9301 0.6041 0.8620 
5.3701 -0.5861 1.9201 0.5805 0.8711 
5.3701 -0.5899 1.9301 0.6041 0.8620 
5.3601 -0.5640 1.9301 0.6954 0.8403 
5.3901 -0.5941 1.9301 0.5934 0.9310 
5.3801 -0.5899 1.9301 0.6059 0.8980 
5.3901 -0.5799 1.9176 0.5962 0.9526 
5.3801 -0.5899 1.9301 0.6059 0.8980 
5.3701 -0.5861 1.9201 0.5805 0.8711 
5.3901 -0.5799 1.9176 0.5962 0.9526 
5.3701 -0.5899 1.9301 0.6041 0.8620 
5.3701 -0.5861 1.9201 0.5805 0.8711 
5.3801 -0.5899 1.9301 0.6059 0.8980 
5.3701 -0.5899 1.9301 0.6041 0.8620 
5.3701 -0.5899 1.9301 0.6041 0.8620 
5.3701 -0.5861 1.9201 0.5805 0.8711 
5.3701 -0.5899 1.9301 0.6041 0.8620 
5.3701 -0.5861 1.9201 0.5805 0.8711 
5.3701 -0.5899 1.9301 0.6041 0.8620 
5.3701 -0.5861 1.9201 0.5805 0.8711 
5.3601 -0.5640 1.9301 0.6954 0.8403 
5.3501 -0.5908 1.9201 0.5610 0.7950 
5.3701 -0.5899 1.9301 0.6041 0.8620 
5.3701 -0.5899 1.9301 0.6041 0.8620 
5.3701 -0.5899 1.9301 0.6041 0.8620 
5.3701 -0.5899 1.9301 0.6041 0.8620 
5.3701 -0.5899 1.9301 0.6041 0.8620 
5.3701 -0.5899 1.9301 0.6041 0.8620 
5.3901 -0.5799 1.9176 0.5962 0.9526 
5.3701 -0.5861 1.9201 0.5805 0.8711 
5.3601 -0.5671 1.9101 0.6079 0.8520 
5.3901 -0.5685 1.9101 0.6083 0.9694 
5.3901 -0.5799 1.9176 0.5962 0.9526 
5.3601 -0.5671 1.9101 0.6079 0.8520 
5.3901 -0.5799 1.9176 0.5962 0.9526 
5.3901 -0.5685 1.9101 0.6083 0.9694 
5.4001 -0.5917 1.9101 0.5284 0.9868 
5.3501 -0.5807 1.9101 0.5572 0.8056 
5.3601 -0.5671 1.9101 0.6079 0.8520 
5.3701 -0.5861 1.9201 0.5805 0.8711 
5.3501 -0.5807 1.9101 0.5572 0.8056 
5.3701 -0.5861 1.9201 0.5805 0.8711 
5.3501 -0.5908 1.9201 0.5610 0.7950 
5.3901 -0.5465 1.9001 0.6541 1.0013 
5.3901 -0.5685 1.9101 0.6083 0.9694 
5.3801 -0.5643 1.9001 0.5820 0.9423 
5.3501 -0.5472 1.9001 0.6429 0.8309 
5.3701 -0.5579 1.8901 0.5624 0.9153 
5.3601 -0.5671 1.9101 0.6079 0.8520 
5.3601 -0.5671 1.9101 0.6079 0.8520 
5.3501 -0.5807 1.9101 0.5572 0.8056 
5.3501 -0.5472 1.9001 0.6429 0.8309 
5.3701 -0.5579 1.8901 0.5624 0.9153 
5.3901 -0.5685 1.9101 0.6083 0.9694 
5.3601 -0.5671 1.9101 0.6079 0.8520 
5.3801 -0.5643 1.9001 0.5820 0.9423 
5.3901 -0.5685 1.9101 0.6083 0.9694 
5.3701 -0.5579 1.8901 0.5624 0.9153 
5.4001 -0.5917 1.9101 0.5284 0.9868 
5.3901 -0.5685 1.9101 0.6083 0.9694 
5.3901 -0.5465 1.9001 0.6541 1.0013 
5.3101 -0.5699 1.9442 0.7134 0.6461 
5.3201 -0.5843 1.9401 0.6499 0.6807 
5.3037 -0.5799 1.9501 0.6964 0.6208 
5.3001 -0.5761 1.9401 0.6749 0.6105 
5.3101 -0.5699 1.9442 0.7134 0.6461 
5.3037 -0.5799 1.9501 0.6964 0.6208 
5.3501 -0.5900 1.9501 0.6696 0.7798 
5.3401 -0.5925 1.9501 0.6594 0.7444 
5.3401 -0.5982 1.9401 0.6066 0.7468 
5.3501 -0.5900 1.9501 0.6696 0.7798 
5.3401 -0.5982 1.9401 0.6066 0.7468 
5.3601 -0.5820 1.9501 0.6991 0.8183 
5.3301 -0.5941 1.9401 0.6183 0.7134 
5.3401 -0.5982 1.9401 0.6066 0.7468 
5.3401 -0.5925 1.9501 0.6594 0.7444 
5.3101 -0.5699 1.9442 0.7134 0.6461 
5.3101 -0.5740 1.9301 0.6487 0.6494 
5.3201 -0.5843 1.9401 0.6499 0.6807 
5.3101 -0.5740 1.9301 0.6487 0.6494 
5.3101 -0.5699 1.9442 0.7134 0.6461 
5.3001 -0.5761 1.9401 0.6749 0.6105 
5.3401 -0.5792 1.9301 0.6357 0.7582 
5.3601 -0.5640 1.9301 0.6954 0.8403 
5.3601 -0.5820 1.9501 0.6991 0.8183 
5.3101 -0.5740 1.9301 0.6487 0.6494 
5.3201 -0.5794 1.9301 0.6314 0.6851 
5.3201 -0.5843 1.9401 0.6499 0.6807 
5.3401 -0.5982 1.9401 0.6066 0.7468 
5.3401 -0.5792 1.9301 0.6357 0.7582 
5.3601 -0.5820 1.9501 0.6991 0.8183 
5.3301 -0.5941 1.9401 0.6183 0.7134 
5.3401 -0.5792 1.9301 0.6357 0.7582 
5.3401 -0.5982 1.9401 0.6066 0.7468 
5.3301 -0.5941 1.9401 0.6183 0.7134 
5.3201 -0.5843 1.9401 0.6499 0.6807 
5.3201 -0.5794 1.9301 0.6314 0.6851 
5.3401 -0.5799 1.9189 0.5920 0.7634 
5.3601 -0.5640 1.9301 0.6954 0.8403 
5.3401 -0.5792 1.9301 0.6357 0.7582 
5.3401 -0.5792 1.9301 0.6357 0.7582 
5.3301 -0.5766 1.9201 0.6061 0.7266 
5.3401 -0.5799 1.9189 0.5920 0.7634 
5.3401 -0.5799 1.9189 0.5920 0.7634 
5.3501 -0.5908 1.9201 0.5610 0.7950 
5.3601 -0.5640 1.9301 0.6954 0.8403 
5.3401 -0.5792 1.9301 0.6357 0.7582 
5.3301 -0.5941 1.9401 0.6183 0.7134 
5.3301 -0.5766 1.9201 0.6061 0.7266 
5.3301 -0.5766 1.9201 0.6061 0.7266 
5.3301 -0.5941 1.9401 0.6183 0.7134 
5.3201 -0.5794 1.9301 0.6314 0.6851 
5.3201 -0.5794 1.9301 0.6314 0.6851 
5.3101 -0.5740 1.9301 0.6487 0.6494 
5.3001 -0.5792 1.9201 0.5914 0.6145 
5.3001 -0.5792 1.9201 0.5914 0.6145 
5.3101 -0.5740 1.9301 0.6487 0.6494 
5.3001 -0.5761 1.9401 0.6749 0.6105 
5.3201 -0.5769 1.9101 0.5651 0.6928 
5.3301 -0.5766 1.9201 0.6061 0.7266 
5.3201 -0.5794 1.9301 0.6314 0.6851 
5.3401 -0.5799 1.9189 0.5920 0.7634 
5.3501 -0.5807 1.9101 0.5572 0.8056 
5.3501 -0.5908 1.9201 0.5610 0.7950 
5.3501 -0.5807 1.9101 0.5572 0.8056 
5.3401 -0.5799 1.9189 0.5920 0.7634 
5.3301 -0.5766 1.9201 0.6061 0.7266 
5.3001 -0.5792 1.9201 0.5914 0.6145 
5.3201 -0.5769 1.9101 0.5651 0.6928 
5.3201 -0.5794 1.9301 0.6314 0.6851 
5.3001 -0.5820 1.9101 0.5438 0.6165 
5.3201 -0.5769 1.9101 0.5651 0.6928 
5.3001 -0.5792 1.9201 0.5914 0.6145 
5.3501 -0.5472 1.9001 0.6429 0.8309 
5.3501 -0.5807 1.9101 0.5572 0.8056 
5.3185 -0.5699 1.9001 0.5497 0.6920 
5.3501 -0.5807 1.9101 0.5572 0.8056 
5.3301 -0.5799 1.9056 0.5389 0.7319 
5.3185 -0.5699 1.9001 0.5497 0.6920 
5.3201 -0.5769 1.9101 0.5651 0.6928 
5.3185 -0.5699 1.9001 0.5497 0.6920 
5.3301 -0.5799 1.9056 0.5389 0.7319 
5.3201 -0.5769 1.9101 0.5651 0.6928 
5.3101 -0.5894 1.9001 0.4814 0.6557 
5.3185 -0.5699 1.9001 0.5497 0.6920 
5.3001 -0.5820 1.9101 0.5438 0.6165 
5.3101 -0.5894 1.9001 0.4814 0.6557 
5.3201 -0.5769 1.9101 0.5651 0.6928 
5.3501 -0.5807 1.9101 0.5572 0.8056 
5.3301 -0.5766 1.9201 0.6061 0.7266 
5.3201 -0.5769 1.9101 0.5651 0.6928 
5.3501 -0.5807 1.9101 0.5572 0.8056 
5.3201 -0.5769 1.9101 0.5651 0.6928 
5.3301 -0.5799 1.9056 0.5389 0.7319 
5.3301 -0.5459 1.8901 0.6014 0.7526 
5.3501 -0.5472 1.9001 0.6429 0.8309 
5.3301 -0.5456 1.9001 0.6453 0.7474 
5.3301 -0.5459 1.8901 0.6014 0.7526 
5.3401 -0.5506 1.8901 0.5850 0.7932 
5.3501 -0.5472 1.9001 0.6429 0.8309 
5.3501 -0.5472 1.9001 0.6429 0.8309 
5.3501 -0.5697 1.8901 0.5147 0.8241 
5.3701 -0.5579 1.8901 0.5624 0.9153 
5.3601 -0.5455 1.8801 0.5653 0.8912 
5.3801 -0.5731 1.8701 0.4200 0.9628 
5.3701 -0.5579 1.8901 0.5624 0.9153 
5.3601 -0.5455 1.8801 0.5653 0.8912 
5.3701 -0.5579 1.8901 0.5624 0.9153 
5.3501 -0.5697 1.8901 0.5147 0.8241 
5.3501 -0.5697 1.8901 0.5147 0.8241 
5.3401 -0.5499 1.8801 0.5436 0.8001 
5.3601 -0.5455 1.8801 0.5653 0.8912 
5.3801 -0.5731 1.8701 0.4200 0.9628 
5.3801 -0.5643 1.9001 0.5820 0.9423 
5.3701 -0.5579 1.8901 0.5624 0.9153 
5.3801 -0.5731 1.8701 0.4200 0.9628 
5.3601 -0.5455 1.8801 0.5653 0.8912 
5.3601 -0.5740 1.8701 0.4132 0.8774 
5.3401 -0.5528 1.8701 0.4865 0.8052 
5.3601 -0.5740 1.8701 0.4132 0.8774 
5.3601 -0.5455 1.8801 0.5653 0.8912 
5.3601 -0.5667 1.8601 0.3916 0.8914 
5.3701 -0.5723 1.8601 0.3740 0.9303 
5.3601 -0.5740 1.8701 0.4132 0.8774 
5.3401 -0.5528 1.8701 0.4865 0.8052 
5.3601 -0.5667 1.8601 0.3916 0.8914 
5.3601 -0.5740 1.8701 0.4132 0.8774 
5.3701 -0.5723 1.8601 0.3740 0.9303 
5.3801 -0.5731 1.8701 0.4200 0.9628 
5.3601 -0.5740 1.8701 0.4132 0.8774 
5.3701 -0.5556 1.8501 0.3840 0.9565 
5.3701 -0.5723 1.8601 0.3740 0.9303 
5.3601 -0.5667 1.8601 0.3916 0.8914 
5.3601 -0.5734 1.8501 0.3199 0.8947 
5.3701 -0.5556 1.8501 0.3840 0.9565 
5.3601 -0.5667 1.8601 0.3916 0.8914 
5.3401 -0.5527 1.8501 0.3891 0.8196 
5.3601 -0.5734 1.8501 0.3199 0.8947 
5.3601 -0.5667 1.8601 0.3916 0.8914 
5.3501 -0.5697 1.8901 0.5147 0.8241 
5.3501 -0.5472 1.9001 0.6429 0.8309 
5.3401 -0.5506 1.8901 0.5850 0.7932 
5.3301 -0.5459 1.8901 0.6014 0.7526 
5.3301 -0.5456 1.9001 0.6453 0.7474 
5.3201 -0.5735 1.8901 0.4956 0.7014 
5.3201 -0.5699 1.8950 0.5289 0.7005 
5.3201 -0.5735 1.8901 0.4956 0.7014 
5.3301 -0.5456 1.9001 0.6453 0.7474 
5.3201 -0.5699 1.8950 0.5289 0.7005 
5.3301 -0.5456 1.9001 0.6453 0.7474 
5.3185 -0.5699 1.9001 0.5497 0.6920 
5.3201 -0.5699 1.8950 0.5289 0.7005 
5.3185 -0.5699 1.9001 0.5497 0.6920 
5.3101 -0.5699 1.8901 0.5066 0.6622 
5.3101 -0.5699 1.8901 0.5066 0.6622 
5.3201 -0.5699 1.8950 0.5289 0.7005 
5.3101 -0.5699 1.8901 0.5066 0.6622 
5.3185 -0.5699 1.9001 0.5497 0.6920 
5.3101 -0.5699 1.8901 0.5066 0.6622 
5.3101 -0.5699 1.8901 0.5066 0.6622 
5.3101 -0.5699 1.8901 0.5066 0.6622 
5.3101 -0.5699 1.8901 0.5066 0.6622 
5.3101 -0.5699 1.8901 0.5066 0.6622 
5.3201 -0.5699 1.8950 0.5289 0.7005 
5.3101 -0.5699 1.8901 0.5066 0.6622 
5.3201 -0.5735 1.8901 0.4956 0.7014 
5.3101 -0.5699 1.8901 0.5066 0.6622 
5.3185 -0.5699 1.9001 0.5497 0.6920 
5.3101 -0.5894 1.9001 0.4814 0.6557 
5.3001 -0.5748 1.8901 0.4875 0.6216 
5.3101 -0.5699 1.8901 0.5066 0.6622 
5.3101 -0.5894 1.9001 0.4814 0.6557 
5.3001 -0.5748 1.8901 0.4875 0.6216 
5.3101 -0.5699 1.8901 0.5066 0.6622 
5.3101 -0.5699 1.8901 0.5066 0.6622 
5.3401 -0.5499 1.8801 0.5436 0.8001 
5.3401 -0.5506 1.8901 0.5850 0.7932 
5.3301 -0.5459 1.8901 0.6014 0.7526 
5.3401 -0.5499 1.8801 0.5436 0.8001 
5.3501 -0.5697 1.8901 0.5147 0.8241 
5.3401 -0.5506 1.8901 0.5850 0.7932 
5.3401 -0.5499 1.8801 0.5436 0.8001 
5.3301 -0.5459 1.8901 0.6014 0.7526 
5.3301 -0.5711 1.8701 0.4179 0.7527 
5.3101 -0.5699 1.8901 0.5066 0.6622 
5.3101 -0.5699 1.8901 0.5066 0.6622 
5.3101 -0.5699 1.8901 0.5066 0.6622 
5.3101 -0.5699 1.8901 0.5066 0.6622 
5.3101 -0.5699 1.8901 0.5066 0.6622 
5.3101 -0.5699 1.8901 0.5066 0.6622 
5.3201 -0.5735 1.8901 0.4956 0.7014 
5.3301 -0.5711 1.8701 0.4179 0.7527 
5.3301 -0.5459 1.8901 0.6014 0.7526 
5.3101 -0.5699 1.8901 0.5066 0.6622 
5.3101 -0.5759 1.8801 0.4424 0.6644 
5.3201 -0.5735 1.8901 0.4956 0.7014 
5.3101 -0.5699 1.8901 0.5066 0.6622 
5.3201 -0.5735 1.8901 0.4956 0.7014 
5.3101 -0.5699 1.8901 0.5066 0.6622 
5.3101 -0.5699 1.8901 0.5066 0.6622 
5.3001 -0.5748 1.8901 0.4875 0.6216 
5.3101 -0.5759 1.8801 0.4424 0.6644 
5.3101 -0.5699 1.8901 0.5066 0.6622 
5.3101 -0.5759 1.8801 0.4424 0.6644 
5.3101 -0.5699 1.8901 0.5066 0.6622 
5.3401 -0.5499 1.8801 0.5436 0.8001 
5.3401 -0.5528 1.8701 0.4865 0.8052 
5.3601 -0.5455 1.8801 0.5653 0.8912 
5.3401 -0.5528 1.8701 0.4865 0.8052 
5.3401 -0.5499 1.8801 0.5436 0.8001 
5.3301 -0.5711 1.8701 0.4179 0.7527 
5.3201 -0.5565 1.8601 0.4209 0.7204 
5.3301 -0.5711 1.8701 0.4179 0.7527 
5.3201 -0.5735 1.8901 0.4956 0.7014 
5.3201 -0.5735 1.8901 0.4956 0.7014 
5.3101 -0.5759 1.8801 0.4424 0.6644 
5.3201 -0.5565 1.8601 0.4209 0.7204 
5.3601 -0.5667 1.8601 0.3916 0.8914 
5.3401 -0.5528 1.8701 0.4865 0.8052 
5.3379 -0.5699 1.8601 0.3765 0.7923 
5.3379 -0.5699 1.8601 0.3765 0.7923 
5.3401 -0.5528 1.8701 0.4865 0.8052 
5.3301 -0.5711 1.8701 0.4179 0.7527 
5.3301 -0.5711 1.8701 0.4179 0.7527 
5.3201 -0.5565 1.8601 0.4209 0.7204 
5.3301 -0.5731 1.8501 0.3159 0.7631 
5.3101 -0.5665 1.8601 0.3832 0.6735 
5.3201 -0.5565 1.8601 0.4209 0.7204 
5.3101 -0.5759 1.8801 0.4424 0.6644 
5.3101 -0.5759 1.8801 0.4424 0.6644 
5.3001 -0.5686 1.8701 0.4212 0.6273 
5.3101 -0.5665 1.8601 0.3832 0.6735 
5.3301 -0.5711 1.8701 0.4179 0.7527 
5.3301 -0.5731 1.8501 0.3159 0.7631 
5.3379 -0.5699 1.8601 0.3765 0.7923 
5.3601 -0.5667 1.8601 0.3916 0.8914 
5.3379 -0.5699 1.8601 0.3765 0.7923 
5.3401 -0.5527 1.8501 0.3891 0.8196 
5.3301 -0.5731 1.8501 0.3159 0.7631 
5.3201 -0.5565 1.8601 0.4209 0.7204 
5.3170 -0.5699 1.8501 0.3241 0.7067 
5.3101 -0.5665 1.8601 0.3832 0.6735 
5.3170 -0.5699 1.8501 0.3241 0.7067 
5.3201 -0.5565 1.8601 0.4209 0.7204 
5.3170 -0.5699 1.8501 0.3241 0.7067 
5.3101 -0.5665 1.8601 0.3832 0.6735 
5.3101 -0.5527 1.8401 0.3313 0.6852 
5.2901 -0.5688 1.8501 0.3232 0.5891 
5.3101 -0.5527 1.8401 0.3313 0.6852 
5.3101 -0.5665 1.8601 0.3832 0.6735 
5.3379 -0.5699 1.8601 0.3765 0.7923 
5.3301 -0.5731 1.8501 0.3159 0.7631 
5.3401 -0.5527 1.8501 0.3891 0.8196 
5.3601 -0.5552 1.8401 0.3313 0.9203 
5.3401 -0.5527 1.8501 0.3891 0.8196 
5.3501 -0.5557 1.8401 0.3279 0.8725 
5.3601 -0.5552 1.8401 0.3313 0.9203 
5.3601 -0.5734 1.8501 0.3199 0.8947 
5.3401 -0.5527 1.8501 0.3891 0.8196 
5.3601 -0.5734 1.8501 0.3199 0.8947 
5.3601 -0.5552 1.8401 0.3313 0.9203 
5.3701 -0.5556 1.8501 0.3840 0.9565 
5.3701 -0.5697 1.8301 0.2307 0.9633 
5.3501 -0.5557 1.8401 0.3279 0.8725 
5.3501 -0.5745 1.8301 0.2126 0.8661 
5.3601 -0.5552 1.8401 0.3313 0.9203 
5.3501 -0.5557 1.8401 0.3279 0.8725 
5.3701 -0.5697 1.8301 0.2307 0.9633 
5.3501 -0.5745 1.8301 0.2126 0.8661 
5.3401 -0.5672 1.8201 0.1800 0.8330 
5.3701 -0.5697 1.8301 0.2307 0.9633 
5.3301 -0.5731 1.8501 0.3159 0.7631 
5.3301 -0.5550 1.8401 0.3265 0.7785 
5.3401 -0.5527 1.8501 0.3891 0.8196 
5.3301 -0.5731 1.8501 0.3159 0.7631 
5.3170 -0.5699 1.8501 0.3241 0.7067 
5.3101 -0.5527 1.8401 0.3313 0.6852 
5.3301 -0.5550 1.8401 0.3265 0.7785 
5.3301 -0.5731 1.8501 0.3159 0.7631 
5.3101 -0.5527 1.8401 0.3313 0.6852 
5.2901 -0.5688 1.8501 0.3232 0.5891 
5.3001 -0.5550 1.8401 0.3209 0.6378 
5.3101 -0.5527 1.8401 0.3313 0.6852 
5.3501 -0.5557 1.8401 0.3279 0.8725 
5.3401 -0.5527 1.8501 0.3891 0.8196 
5.3301 -0.5550 1.8401 0.3265 0.7785 
5.3201 -0.5568 1.8301 0.2647 0.7363 
5.3301 -0.5550 1.8401 0.3265 0.7785 
5.3101 -0.5527 1.8401 0.3313 0.6852 
5.2901 -0.5618 1.8301 0.2430 0.5933 
5.3101 -0.5527 1.8401 0.3313 0.6852 
5.3001 -0.5550 1.8401 0.3209 0.6378 
5.3201 -0.5568 1.8301 0.2647 0.7363 
5.3101 -0.5527 1.8401 0.3313 0.6852 
5.2901 -0.5618 1.8301 0.2430 0.5933 
5.3301 -0.5556 1.8201 0.2148 0.7921 
5.3501 -0.5557 1.8401 0.3279 0.8725 
5.3301 -0.5550 1.8401 0.3265 0.7785 
5.3301 -0.5556 1.8201 0.2148 0.7921 
5.3401 -0.5672 1.8201 0.1800 0.8330 
5.3501 -0.5557 1.8401 0.3279 0.8725 
5.3201 -0.5568 1.8301 0.2647 0.7363 
5.3301 -0.5556 1.8201 0.2148 0.7921 
5.3301 -0.5550 1.8401 0.3265 0.7785 
5.3401 -0.5672 1.8201 0.1800 0.8330 
5.3501 -0.5745 1.8301 0.2126 0.8661 
5.3501 -0.5557 1.8401 0.3279 0.8725 
5.3301 -0.5556 1.8201 0.2148 0.7921 
5.3201 -0.5568 1.8301 0.2647 0.7363 
5.3201 -0.5743 1.8201 0.1565 0.7344 
5.3201 -0.5743 1.8201 0.1565 0.7344 
5.2901 -0.5618 1.8301 0.2430 0.5933 
5.3001 -0.5745 1.8201 0.1534 0.6415 
5.3201 -0.5568 1.8301 0.2647 0.7363 
5.2901 -0.5618 1.8301 0.2430 0.5933 
5.3201 -0.5743 1.8201 0.1565 0.7344 
5.3401 -0.5672 1.8201 0.1800 0.8330 
5.3301 -0.5556 1.8201 0.2148 0.7921 
5.3401 -0.5590 1.8101 0.1500 0.8477 
5.3401 -0.5590 1.8101 0.1500 0.8477 
5.3201 -0.5743 1.8201 0.1565 0.7344 
5.3101 -0.5564 1.8101 0.1528 0.6982 
5.3401 -0.5590 1.8101 0.1500 0.8477 
5.3301 -0.5556 1.8201 0.2148 0.7921 
5.3201 -0.5743 1.8201 0.1565 0.7344 
5.3101 -0.5564 1.8101 0.1528 0.6982 
5.3201 -0.5743 1.8201 0.1565 0.7344 
5.2901 -0.5749 1.8101 0.1030 0.5975 
5.3201 -0.5743 1.8201 0.1565 0.7344 
5.3001 -0.5745 1.8201 0.1534 0.6415 
5.2901 -0.5749 1.8101 0.1030 0.5975 
5.3401 -0.5590 1.8101 0.1500 0.8477 
5.3055 -0.5599 1.8001 0.0933 0.6788 
5.3601 -0.5579 1.8001 0.1038 0.9620 
5.3055 -0.5599 1.8001 0.0933 0.6788 
5.3401 -0.5590 1.8101 0.1500 0.8477 
5.3101 -0.5564 1.8101 0.1528 0.6982 
5.3055 -0.5599 1.8001 0.0933 0.6788 
5.3101 -0.5564 1.8101 0.1528 0.6982 
5.2901 -0.5749 1.8101 0.1030 0.5975 
5.2901 -0.6040 1.9801 0.7087 0.5707 
5.2901 -0.5837 2.0001 0.8351 0.5679 
5.2901 -0.6033 1.9901 0.7406 0.5696 
5.2801 -0.5899 1.9778 0.7465 0.5381 
5.2901 -0.6040 1.9801 0.7087 0.5707 
5.2901 -0.6033 1.9901 0.7406 0.5696 
5.2801 -0.5899 1.9778 0.7465 0.5381 
5.2601 -0.6016 2.0001 0.7698 0.4770 
5.2701 -0.5976 1.9801 0.7261 0.5069 
5.2901 -0.6033 1.9901 0.7406 0.5696 
5.2601 -0.6016 2.0001 0.7698 0.4770 
5.2801 -0.5899 1.9778 0.7465 0.5381 
5.2701 -0.5976 1.9801 0.7261 0.5069 
5.2701 -0.5799 1.9701 0.7552 0.5041 
5.2801 -0.5899 1.9778 0.7465 0.5381 
5.2601 -0.6067 1.9801 0.6953 0.4772 
5.2701 -0.5799 1.9701 0.7552 0.5041 
5.2701 -0.5976 1.9801 0.7261 0.5069 
5.2701 -0.5799 1.9701 0.7552 0.5041 
5.2601 -0.6067 1.9801 0.6953 0.4772 
5.2501 -0.6038 1.9701 0.6721 0.4445 
5.2801 -0.5899 1.9778 0.7465 0.5381 
5.3001 -0.5881 1.9701 0.7322 0.6044 
5.2901 -0.6040 1.9801 0.7087 0.5707 
5.3001 -0.5626 1.9601 0.7919 0.6073 
5.3001 -0.5881 1.9701 0.7322 0.6044 
5.2901 -0.5835 1.9601 0.7145 0.5724 
5.2901 -0.5835 1.9601 0.7145 0.5724 
5.3001 -0.5881 1.9701 0.7322 0.6044 
5.2801 -0.5899 1.9778 0.7465 0.5381 
5.2901 -0.5835 1.9601 0.7145 0.5724 
5.2801 -0.5899 1.9778 0.7465 0.5381 
5.2801 -0.5799 1.9585 0.7200 0.5383 
5.2801 -0.5799 1.9585 0.7200 0.5383 
5.2701 -0.5799 1.9701 0.7552 0.5041 
5.2701 -0.6008 1.9601 0.6534 0.5076 
5.2801 -0.5799 1.9585 0.7200 0.5383 
5.2801 -0.5899 1.9778 0.7465 0.5381 
5.2701 -0.5799 1.9701 0.7552 0.5041 
5.2601 -0.5835 1.9601 0.7091 0.4710 
5.2701 -0.5799 1.9701 0.7552 0.5041 
5.2501 -0.6038 1.9701 0.6721 0.4445 
5.2601 -0.5835 1.9601 0.7091 0.4710 
5.2501 -0.6038 1.9701 0.6721 0.4445 
5.2401 -0.5718 1.9601 0.7465 0.3995 
5.2601 -0.5835 1.9601 0.7091 0.4710 
5.2701 -0.6008 1.9601 0.6534 0.5076 
5.2701 -0.5799 1.9701 0.7552 0.5041 
5.3001 -0.5626 1.9601 0.7919 0.6073 
5.2901 -0.5835 1.9601 0.7145 0.5724 
5.2901 -0.5771 1.9501 0.7038 0.5735 
5.2901 -0.5835 1.9601 0.7145 0.5724 
5.2801 -0.5799 1.9585 0.7200 0.5383 
5.2901 -0.5771 1.9501 0.7038 0.5735 
5.2601 -0.5835 1.9601 0.7091 0.4710 
5.2501 -0.5691 1.9501 0.7253 0.4316 
5.2601 -0.6001 1.9501 0.6212 0.4744 
5.2401 -0.5718 1.9601 0.7465 0.3995 
5.2501 -0.5691 1.9501 0.7253 0.4316 
5.2601 -0.5835 1.9601 0.7091 0.4710 
5.2901 -0.5771 1.9501 0.7038 0.5735 
5.2801 -0.5799 1.9585 0.7200 0.5383 
5.2801 -0.5866 1.9401 0.6348 0.5401 
5.2801 -0.5799 1.9585 0.7200 0.5383 
5.2701 -0.5855 1.9501 0.6710 0.5051 
5.2801 -0.5866 1.9401 0.6348 0.5401 
5.2801 -0.5799 1.9585 0.7200 0.5383 
5.2701 -0.6008 1.9601 0.6534 0.5076 
5.2701 -0.5855 1.9501 0.6710 0.5051 
5.2601 -0.5835 1.9601 0.7091 0.4710 
5.2701 -0.5855 1.9501 0.6710 0.5051 
5.2701 -0.6008 1.9601 0.6534 0.5076 
5.2701 -0.5855 1.9501 0.6710 0.5051 
5.2601 -0.5835 1.9601 0.7091 0.4710 
5.2601 -0.6001 1.9501 0.6212 0.4744 
5.2356 -0.5999 1.9901 0.7426 0.4006 
5.2501 -0.6009 2.0001 0.7706 0.4464 
5.2401 -0.5861 2.0001 0.8180 0.4113 
5.2356 -0.5999 1.9901 0.7426 0.4006 
5.2401 -0.5861 2.0001 0.8180 0.4113 
5.2301 -0.5976 2.0101 0.8057 0.3866 
5.2356 -0.5999 1.9901 0.7426 0.4006 
5.2301 -0.5976 2.0101 0.8057 0.3866 
5.2101 -0.5907 2.0001 0.7970 0.3208 
5.2356 -0.5999 1.9901 0.7426 0.4006 
5.2101 -0.5907 2.0001 0.7970 0.3208 
5.2201 -0.5899 1.9928 0.7806 0.3492 
5.2201 -0.5899 1.9928 0.7806 0.3492 
5.2101 -0.5907 2.0001 0.7970 0.3208 
5.2101 -0.6044 1.9901 0.7240 0.3248 
5.2356 -0.5999 1.9901 0.7426 0.4006 
5.2201 -0.5899 1.9928 0.7806 0.3492 
5.2201 -0.5857 1.9601 0.6943 0.3385 
5.2201 -0.5899 1.9928 0.7806 0.3492 
5.2001 -0.5898 1.9801 0.7400 0.2829 
5.2201 -0.5857 1.9601 0.6943 0.3385 
5.2301 -0.5954 1.9701 0.6956 0.3779 
5.2356 -0.5999 1.9901 0.7426 0.4006 
5.2201 -0.5857 1.9601 0.6943 0.3385 
5.2101 -0.6044 1.9901 0.7240 0.3248 
5.2001 -0.5898 1.9801 0.7400 0.2829 
5.2201 -0.5899 1.9928 0.7806 0.3492 
5.2101 -0.5838 1.9701 0.7309 0.3079 
5.2201 -0.5857 1.9601 0.6943 0.3385 
5.2001 -0.5898 1.9801 0.7400 0.2829 
5.2001 -0.5911 1.9701 0.7048 0.2800 
5.2101 -0.5838 1.9701 0.7309 0.3079 
5.2001 -0.5898 1.9801 0.7400 0.2829 
5.2301 -0.5954 1.9701 0.6956 0.3779 
5.2401 -0.5718 1.9601 0.7465 0.3995 
5.2501 -0.6038 1.9701 0.6721 0.4445 
5.2201 -0.5857 1.9601 0.6943 0.3385 
5.2401 -0.5718 1.9601 0.7465 0.3995 
5.2301 -0.5954 1.9701 0.6956 0.3779 
5.2101 -0.5838 1.9701 0.7309 0.3079 
5.2101 -0.6060 1.9601 0.6271 0.3168 
5.2201 -0.5857 1.9601 0.6943 0.3385 
5.1901 -0.5965 1.9601 0.6538 0.2477 
5.2101 -0.5838 1.9701 0.7309 0.3079 
5.2001 -0.5911 1.9701 0.7048 0.2800 
5.1901 -0.5965 1.9601 0.6538 0.2477 
5.2101 -0.6060 1.9601 0.6271 0.3168 
5.2101 -0.5838 1.9701 0.7309 0.3079 
5.2501 -0.5691 1.9501 0.7253 0.4316 
5.2401 -0.5718 1.9601 0.7465 0.3995 
5.2501 -0.5799 1.9448 0.6687 0.4345 
5.2201 -0.5857 1.9601 0.6943 0.3385 
5.2401 -0.5852 1.9401 0.6327 0.4011 
5.2501 -0.5799 1.9448 0.6687 0.4345 
5.2401 -0.5718 1.9601 0.7465 0.3995 
5.2201 -0.5857 1.9601 0.6943 0.3385 
5.2501 -0.5799 1.9448 0.6687 0.4345 
5.2401 -0.5852 1.9401 0.6327 0.4011 
5.2201 -0.5857 1.9601 0.6943 0.3385 
5.2101 -0.5907 1.9501 0.6430 0.3051 
5.2101 -0.5907 1.9501 0.6430 0.3051 
5.2201 -0.5857 1.9601 0.6943 0.3385 
5.2101 -0.6060 1.9601 0.6271 0.3168 
5.3037 -0.5799 1.9501 0.6964 0.6208 
5.2901 -0.5771 1.9501 0.7038 0.5735 
5.3001 -0.5761 1.9401 0.6749 0.6105 
5.2601 -0.6001 1.9501 0.6212 0.4744 
5.2501 -0.5691 1.9501 0.7253 0.4316 
5.2501 -0.5799 1.9448 0.6687 0.4345 
5.2501 -0.5799 1.9448 0.6687 0.4345 
5.2601 -0.5841 1.9401 0.6398 0.4701 
5.2601 -0.6001 1.9501 0.6212 0.4744 
5.2501 -0.5799 1.9448 0.6687 0.4345 
5.2601 -0.5983 1.9301 0.5578 0.4730 
5.2601 -0.5841 1.9401 0.6398 0.4701 
5.2701 -0.5855 1.9501 0.6710 0.5051 
5.2601 -0.5841 1.9401 0.6398 0.4701 
5.2801 -0.5866 1.9401 0.6348 0.5401 
5.2601 -0.5841 1.9401 0.6398 0.4701 
5.2701 -0.5855 1.9501 0.6710 0.5051 
5.2601 -0.6001 1.9501 0.6212 0.4744 
5.2901 -0.5771 1.9501 0.7038 0.5735 
5.2901 -0.5831 1.9301 0.6133 0.5763 
5.3001 -0.5761 1.9401 0.6749 0.6105 
5.2901 -0.5831 1.9301 0.6133 0.5763 
5.2901 -0.5771 1.9501 0.7038 0.5735 
5.2801 -0.5866 1.9401 0.6348 0.5401 
5.2801 -0.5866 1.9401 0.6348 0.5401 
5.2701 -0.5813 1.9201 0.5791 0.5045 
5.2901 -0.5831 1.9301 0.6133 0.5763 
5.2601 -0.5983 1.9301 0.5578 0.4730 
5.2701 -0.5813 1.9201 0.5791 0.5045 
5.2601 -0.5841 1.9401 0.6398 0.4701 
5.2701 -0.5813 1.9201 0.5791 0.5045 
5.2801 -0.5866 1.9401 0.6348 0.5401 
5.2601 -0.5841 1.9401 0.6398 0.4701 
5.3001 -0.5761 1.9401 0.6749 0.6105 
5.2901 -0.5831 1.9301 0.6133 0.5763 
5.3001 -0.5792 1.9201 0.5914 0.6145 
5.2901 -0.6030 1.9201 0.5116 0.5781 
5.3001 -0.5792 1.9201 0.5914 0.6145 
5.2901 -0.5831 1.9301 0.6133 0.5763 
5.2701 -0.5813 1.9201 0.5791 0.5045 
5.2601 -0.5983 1.9301 0.5578 0.4730 
5.2601 -0.5716 1.9201 0.6112 0.4654 
5.2901 -0.6030 1.9201 0.5116 0.5781 
5.2901 -0.5831 1.9301 0.6133 0.5763 
5.2701 -0.5813 1.9201 0.5791 0.5045 
5.2601 -0.5716 1.9201 0.6112 0.4654 
5.2601 -0.5888 1.9101 0.5141 0.4694 
5.2701 -0.5813 1.9201 0.5791 0.5045 
5.2601 -0.5888 1.9101 0.5141 0.4694 
5.2601 -0.5716 1.9201 0.6112 0.4654 
5.2501 -0.5706 1.9101 0.5744 0.4265 
5.3001 -0.5792 1.9201 0.5914 0.6145 
5.2901 -0.5799 1.9082 0.5416 0.5793 
5.3001 -0.5820 1.9101 0.5438 0.6165 
5.3001 -0.5792 1.9201 0.5914 0.6145 
5.2901 -0.6030 1.9201 0.5116 0.5781 
5.2901 -0.5799 1.9082 0.5416 0.5793 
5.2901 -0.5799 1.9082 0.5416 0.5793 
5.2701 -0.5813 1.9201 0.5791 0.5045 
5.2601 -0.5888 1.9101 0.5141 0.4694 
5.2701 -0.5813 1.9201 0.5791 0.5045 
5.2901 -0.5799 1.9082 0.5416 0.5793 
5.2901 -0.6030 1.9201 0.5116 0.5781 
5.2901 -0.5673 1.9001 0.5538 0.5803 
5.2951 -0.5899 1.9001 0.4772 0.5993 
5.2901 -0.5799 1.9082 0.5416 0.5793 
5.2701 -0.5713 1.9001 0.5357 0.5026 
5.2901 -0.5673 1.9001 0.5538 0.5803 
5.2901 -0.5799 1.9082 0.5416 0.5793 
5.2901 -0.5799 1.9082 0.5416 0.5793 
5.2951 -0.5899 1.9001 0.4772 0.5993 
5.3001 -0.5820 1.9101 0.5438 0.6165 
5.2901 -0.5799 1.9082 0.5416 0.5793 
5.2601 -0.5888 1.9101 0.5141 0.4694 
5.2701 -0.5713 1.9001 0.5357 0.5026 
5.2601 -0.5888 1.9101 0.5141 0.4694 
5.2501 -0.5706 1.9101 0.5744 0.4265 
5.2501 -0.5987 1.9001 0.4421 0.4352 
5.2501 -0.5799 1.9448 0.6687 0.4345 
5.2401 -0.5852 1.9401 0.6327 0.4011 
5.2601 -0.5983 1.9301 0.5578 0.4730 
5.2401 -0.5852 1.9401 0.6327 0.4011 
5.2101 -0.5907 1.9501 0.6430 0.3051 
5.2201 -0.5765 1.9401 0.6588 0.3276 
5.2101 -0.5907 1.9501 0.6430 0.3051 
5.2101 -0.5730 1.9401 0.6693 0.2907 
5.2201 -0.5765 1.9401 0.6588 0.3276 
5.2054 -0.5799 1.9401 0.6445 0.2788 
5.2101 -0.5730 1.9401 0.6693 0.2907 
5.2101 -0.5907 1.9501 0.6430 0.3051 
5.2201 -0.5850 1.9301 0.5943 0.3292 
5.2201 -0.5765 1.9401 0.6588 0.3276 
5.2101 -0.5730 1.9401 0.6693 0.2907 
5.2401 -0.5852 1.9301 0.5971 0.3993 
5.2601 -0.5983 1.9301 0.5578 0.4730 
5.2401 -0.5852 1.9401 0.6327 0.4011 
5.2201 -0.5850 1.9301 0.5943 0.3292 
5.2401 -0.5852 1.9301 0.5971 0.3993 
5.2401 -0.5852 1.9401 0.6327 0.4011 
5.2201 -0.5765 1.9401 0.6588 0.3276 
5.2201 -0.5850 1.9301 0.5943 0.3292 
5.2401 -0.5852 1.9401 0.6327 0.4011 
5.2001 -0.5899 1.9301 0.5748 0.2633 
5.2101 -0.5730 1.9401 0.6693 0.2907 
5.2054 -0.5799 1.9401 0.6445 0.2788 
5.2001 -0.5899 1.9301 0.5748 0.2633 
5.2001 -0.5899 1.9301 0.5748 0.2633 
5.2054 -0.5799 1.9401 0.6445 0.2788 
5.2001 -0.5899 1.9301 0.5748 0.2633 
5.2001 -0.5899 1.9301 0.5748 0.2633 
5.2001 -0.5899 1.9301 0.5748 0.2633 
5.2201 -0.5711 1.9201 0.6054 0.3177 
5.2601 -0.5716 1.9201 0.6112 0.4654 
5.2401 -0.5852 1.9301 0.5971 0.3993 
5.2201 -0.5711 1.9201 0.6054 0.3177 
5.2101 -0.5730 1.9401 0.6693 0.2907 
5.2101 -0.5700 1.9201 0.6074 0.2806 
5.2201 -0.5850 1.9301 0.5943 0.3292 
5.2101 -0.5730 1.9401 0.6693 0.2907 
5.2201 -0.5711 1.9201 0.6054 0.3177 
5.2401 -0.5852 1.9301 0.5971 0.3993 
5.2601 -0.5716 1.9201 0.6112 0.4654 
5.2601 -0.5983 1.9301 0.5578 0.4730 
5.2401 -0.5852 1.9301 0.5971 0.3993 
5.2201 -0.5850 1.9301 0.5943 0.3292 
5.2201 -0.5711 1.9201 0.6054 0.3177 
5.2101 -0.5730 1.9401 0.6693 0.2907 
5.2001 -0.5899 1.9301 0.5748 0.2633 
5.2001 -0.5976 1.9201 0.5140 0.2643 
5.2101 -0.5700 1.9201 0.6074 0.2806 
5.2101 -0.5730 1.9401 0.6693 0.2907 
5.2001 -0.5976 1.9201 0.5140 0.2643 
5.2001 -0.5899 1.9301 0.5748 0.2633 
5.2001 -0.5976 1.9201 0.5140 0.2643 
5.2001 -0.5899 1.9301 0.5748 0.2633 
5.2301 -0.5758 1.9101 0.5526 0.3540 
5.2601 -0.5716 1.9201 0.6112 0.4654 
5.2201 -0.5711 1.9201 0.6054 0.3177 
5.2501 -0.5706 1.9101 0.5744 0.4265 
5.2601 -0.5716 1.9201 0.6112 0.4654 
5.2301 -0.5758 1.9101 0.5526 0.3540 
5.2201 -0.5711 1.9201 0.6054 0.3177 
5.2201 -0.5919 1.9101 0.4975 0.3267 
5.2301 -0.5758 1.9101 0.5526 0.3540 
5.2201 -0.5919 1.9101 0.4975 0.3267 
5.2101 -0.5700 1.9201 0.6074 0.2806 
5.2101 -0.5914 1.9101 0.4973 0.2909 
5.2201 -0.5711 1.9201 0.6054 0.3177 
5.2101 -0.5700 1.9201 0.6074 0.2806 
5.2201 -0.5919 1.9101 0.4975 0.3267 
5.2001 -0.5976 1.9201 0.5140 0.2643 
5.2101 -0.5914 1.9101 0.4973 0.2909 
5.2101 -0.5700 1.9201 0.6074 0.2806 
5.2501 -0.5987 1.9001 0.4421 0.4352 
5.2301 -0.5758 1.9101 0.5526 0.3540 
5.2301 -0.5913 1.9001 0.4619 0.3594 
5.2501 -0.5706 1.9101 0.5744 0.4265 
5.2301 -0.5758 1.9101 0.5526 0.3540 
5.2501 -0.5987 1.9001 0.4421 0.4352 
5.2301 -0.5913 1.9001 0.4619 0.3594 
5.2301 -0.5758 1.9101 0.5526 0.3540 
5.2201 -0.5919 1.9101 0.4975 0.3267 
5.2101 -0.5914 1.9101 0.4973 0.2909 
5.2301 -0.5913 1.9001 0.4619 0.3594 
5.2201 -0.5919 1.9101 0.4975 0.3267 
5.1801 -0.5806 2.0001 0.8260 0.2233 
5.1801 -0.5850 1.9901 0.7822 0.2218 
5.1901 -0.5907 1.9901 0.7648 0.2563 
5.1701 -0.5899 1.9994 0.7910 0.1995 
5.1801 -0.5850 1.9901 0.7822 0.2218 
5.1801 -0.5806 2.0001 0.8260 0.2233 
5.1601 -0.5825 1.9901 0.7873 0.1593 
5.1701 -0.5899 1.9994 0.7910 0.1995 
5.1601 -0.5880 2.0001 0.7976 0.1689 
5.2101 -0.6044 1.9901 0.7240 0.3248 
5.2101 -0.5907 2.0001 0.7970 0.3208 
5.1901 -0.5907 1.9901 0.7648 0.2563 
5.1801 -0.5850 1.9901 0.7822 0.2218 
5.1701 -0.5899 1.9994 0.7910 0.1995 
5.1701 -0.5910 1.9801 0.7309 0.1909 
5.1601 -0.5825 1.9901 0.7873 0.1593 
5.1701 -0.5910 1.9801 0.7309 0.1909 
5.1701 -0.5899 1.9994 0.7910 0.1995 
5.1601 -0.5880 2.0001 0.7976 0.1689 
5.1501 -0.6047 2.0001 0.7422 0.1531 
5.1601 -0.5825 1.9901 0.7873 0.1593 
5.2101 -0.6044 1.9901 0.7240 0.3248 
5.1901 -0.5907 1.9901 0.7648 0.2563 
5.2001 -0.5898 1.9801 0.7400 0.2829 
5.2001 -0.5898 1.9801 0.7400 0.2829 
5.1901 -0.5907 1.9901 0.7648 0.2563 
5.1801 -0.5850 1.9901 0.7822 0.2218 
5.1901 -0.5768 1.9701 0.7515 0.2386 
5.2001 -0.5898 1.9801 0.7400 0.2829 
5.1801 -0.5850 1.9901 0.7822 0.2218 
5.1901 -0.5768 1.9701 0.7515 0.2386 
5.2001 -0.5911 1.9701 0.7048 0.2800 
5.2001 -0.5898 1.9801 0.7400 0.2829 
5.1901 -0.5768 1.9701 0.7515 0.2386 
5.1701 -0.5910 1.9801 0.7309 0.1909 
5.1801 -0.5893 1.9601 0.6755 0.2108 
5.1901 -0.5768 1.9701 0.7515 0.2386 
5.1801 -0.5850 1.9901 0.7822 0.2218 
5.1701 -0.5910 1.9801 0.7309 0.1909 
5.1601 -0.5825 1.9901 0.7873 0.1593 
5.1501 -0.5838 1.9701 0.7205 0.1194 
5.1701 -0.5910 1.9801 0.7309 0.1909 
5.1501 -0.5901 1.9801 0.7303 0.1306 
5.1501 -0.5838 1.9701 0.7205 0.1194 
5.1601 -0.5825 1.9901 0.7873 0.1593 
5.1501 -0.5838 1.9701 0.7205 0.1194 
5.1801 -0.5893 1.9601 0.6755 0.2108 
5.1701 -0.5910 1.9801 0.7309 0.1909 
5.1901 -0.5965 1.9601 0.6538 0.2477 
5.2001 -0.5911 1.9701 0.7048 0.2800 
5.1901 -0.5768 1.9701 0.7515 0.2386 
5.1901 -0.5965 1.9601 0.6538 0.2477 
5.1901 -0.5768 1.9701 0.7515 0.2386 
5.1801 -0.5893 1.9601 0.6755 0.2108 
5.1501 -0.5899 1.9601 0.6684 0.1187 
5.1601 -0.5884 1.9601 0.6749 0.1474 
5.1501 -0.5838 1.9701 0.7205 0.1194 
5.1501 -0.5899 1.9601 0.6684 0.1187 
5.1501 -0.5899 1.9601 0.6684 0.1187 
5.1601 -0.5884 1.9601 0.6749 0.1474 
5.1801 -0.5893 1.9601 0.6755 0.2108 
5.1501 -0.5838 1.9701 0.7205 0.1194 
5.1601 -0.5884 1.9601 0.6749 0.1474 
5.1501 -0.5899 1.9601 0.6684 0.1187 
5.1501 -0.5899 1.9601 0.6684 0.1187 
5.1501 -0.5899 1.9601 0.6684 0.1187 
5.1701 -0.5820 1.9401 0.6312 0.1618 
5.1801 -0.5893 1.9601 0.6755 0.2108 
5.1601 -0.5884 1.9601 0.6749 0.1474 
5.1701 -0.5820 1.9401 0.6312 0.1618 
5.1601 -0.5884 1.9601 0.6749 0.1474 
5.1601 -0.5861 1.9501 0.6498 0.1395 
5.1601 -0.5884 1.9601 0.6749 0.1474 
5.1501 -0.5836 1.9501 0.6563 0.1071 
5.1601 -0.5861 1.9501 0.6498 0.1395 
5.1501 -0.5899 1.9601 0.6684 0.1187 
5.1501 -0.5836 1.9501 0.6563 0.1071 
5.1601 -0.5884 1.9601 0.6749 0.1474 
5.1501 -0.5899 1.9601 0.6684 0.1187 
5.1501 -0.5899 1.9601 0.6684 0.1187 
5.1501 -0.5836 1.9501 0.6563 0.1071 
5.1501 -0.5899 1.9601 0.6684 0.1187 
5.1501 -0.5899 1.9601 0.6684 0.1187 
5.1501 -0.5899 1.9601 0.6684 0.1187 
5.1301 -0.5885 1.9901 0.7620 0.0814 
5.1401 -0.5680 1.9901 0.8341 0.0899 
5.1401 -0.5893 2.0001 0.7896 0.1134 
5.1301 -0.5885 1.9901 0.7620 0.0814 
5.1401 -0.5893 2.0001 0.7896 0.1134 
5.1301 -0.5978 2.0001 0.7604 0.0941 
5.1301 -0.5978 2.0001 0.7604 0.0941 
5.1201 -0.5943 2.0101 0.7981 0.0737 
5.1182 -0.5899 1.9801 0.7255 0.0560 
5.1301 -0.5978 2.0001 0.7604 0.0941 
5.1182 -0.5899 1.9801 0.7255 0.0560 
5.1301 -0.5885 1.9901 0.7620 0.0814 
5.1182 -0.5899 1.9801 0.7255 0.0560 
5.1201 -0.5943 2.0101 0.7981 0.0737 
5.1101 -0.5880 2.0001 0.7890 0.0532 
5.1401 -0.5899 1.9838 0.7404 0.1045 
5.1401 -0.5893 2.0001 0.7896 0.1134 
5.1401 -0.5680 1.9901 0.8341 0.0899 
5.1301 -0.5885 1.9901 0.7620 0.0814 
5.1401 -0.5899 1.9838 0.7404 0.1045 
5.1401 -0.5680 1.9901 0.8341 0.0899 
5.1301 -0.5811 1.9801 0.7569 0.0706 
5.1401 -0.5899 1.9838 0.7404 0.1045 
5.1301 -0.5885 1.9901 0.7620 0.0814 
5.1214 -0.5899 1.9801 0.7261 0.0601 
5.1301 -0.5811 1.9801 0.7569 0.0706 
5.1301 -0.5885 1.9901 0.7620 0.0814 
5.1401 -0.5893 2.0001 0.7896 0.1134 
5.1401 -0.5899 1.9838 0.7404 0.1045 
5.1501 -0.5901 1.9801 0.7303 0.1306 
5.1182 -0.5899 1.9801 0.7255 0.0560 
5.1214 -0.5899 1.9801 0.7261 0.0601 
5.1301 -0.5885 1.9901 0.7620 0.0814 
5.1401 -0.5812 1.9701 0.7274 0.0893 
5.1501 -0.5838 1.9701 0.7205 0.1194 
5.1501 -0.5901 1.9801 0.7303 0.1306 
5.1301 -0.5811 1.9801 0.7569 0.0706 
5.1201 -0.5899 1.9701 0.6951 0.0554 
5.1401 -0.5812 1.9701 0.7274 0.0893 
5.1214 -0.5899 1.9801 0.7261 0.0601 
5.1201 -0.5899 1.9701 0.6951 0.0554 
5.1301 -0.5811 1.9801 0.7569 0.0706 
5.1214 -0.5899 1.9801 0.7261 0.0601 
5.1201 -0.5899 1.9701 0.6951 0.0554 
5.1201 -0.5899 1.9701 0.6951 0.0554 
5.1201 -0.5899 1.9701 0.6951 0.0554 
5.1182 -0.5899 1.9801 0.7255 0.0560 
5.1201 -0.5899 1.9701 0.6951 0.0554 
5.1401 -0.5899 1.9838 0.7404 0.1045 
5.1401 -0.5812 1.9701 0.7274 0.0893 
5.1501 -0.5901 1.9801 0.7303 0.1306 
5.1401 -0.5899 1.9838 0.7404 0.1045 
5.1301 -0.5811 1.9801 0.7569 0.0706 
5.1401 -0.5812 1.9701 0.7274 0.0893 
5.1201 -0.5899 1.9701 0.6951 0.0554 
5.1214 -0.5899 1.9801 0.7261 0.0601 
5.1182 -0.5899 1.9801 0.7255 0.0560 
5.1401 -0.5812 1.9701 0.7274 0.0893 
5.1401 -0.5899 1.9622 0.6735 0.0919 
5.1501 -0.5838 1.9701 0.7205 0.1194 
5.1401 -0.5899 1.9622 0.6735 0.0919 
5.1501 -0.5899 1.9601 0.6684 0.1187 
5.1501 -0.5838 1.9701 0.7205 0.1194 
5.1401 -0.5922 1.9601 0.6593 0.0926 
5.1401 -0.5899 1.9622 0.6735 0.0919 
5.1401 -0.5812 1.9701 0.7274 0.0893 
5.1501 -0.5899 1.9601 0.6684 0.1187 
5.1401 -0.5899 1.9622 0.6735 0.0919 
5.1501 -0.5899 1.9601 0.6684 0.1187 
5.1501 -0.5899 1.9601 0.6684 0.1187 
5.1401 -0.5899 1.9622 0.6735 0.0919 
5.1401 -0.5922 1.9601 0.6593 0.0926 
5.1401 -0.5922 1.9601 0.6593 0.0926 
5.1401 -0.5826 1.9501 0.6578 0.0788 
5.1501 -0.5899 1.9601 0.6684 0.1187 
5.1401 -0.5826 1.9501 0.6578 0.0788 
5.1501 -0.5836 1.9501 0.6563 0.1071 
5.1501 -0.5899 1.9601 0.6684 0.1187 
5.1401 -0.5922 1.9601 0.6593 0.0926 
5.1401 -0.5812 1.9701 0.7274 0.0893 
5.1401 -0.5826 1.9501 0.6578 0.0788 
5.1501 -0.5899 1.9601 0.6684 0.1187 
5.1401 -0.5922 1.9601 0.6593 0.0926 
5.1501 -0.5899 1.9601 0.6684 0.1187 
5.1901 -0.5965 1.9601 0.6538 0.2477 
5.1801 -0.5839 1.9301 0.5912 0.1909 
5.2054 -0.5799 1.9401 0.6445 0.2788 
5.1801 -0.5839 1.9301 0.5912 0.1909 
5.1901 -0.5965 1.9601 0.6538 0.2477 
5.1801 -0.5942 1.9401 0.5927 0.2046 
5.1801 -0.5893 1.9601 0.6755 0.2108 
5.1701 -0.5820 1.9401 0.6312 0.1618 
5.1801 -0.5942 1.9401 0.5927 0.2046 
5.1501 -0.5836 1.9501 0.6563 0.1071 
5.1501 -0.5954 1.9401 0.5838 0.1114 
5.1601 -0.5861 1.9501 0.6498 0.1395 
5.2101 -0.5907 1.9501 0.6430 0.3051 
5.1901 -0.5965 1.9601 0.6538 0.2477 
5.2054 -0.5799 1.9401 0.6445 0.2788 
5.1901 -0.5965 1.9601 0.6538 0.2477 
5.1801 -0.5893 1.9601 0.6755 0.2108 
5.1801 -0.5942 1.9401 0.5927 0.2046 
5.1801 -0.5839 1.9301 0.5912 0.1909 
5.1901 -0.5899 1.9337 0.5861 0.2312 
5.2054 -0.5799 1.9401 0.6445 0.2788 
5.1901 -0.5899 1.9337 0.5861 0.2312 
5.2001 -0.5899 1.9301 0.5748 0.2633 
5.2054 -0.5799 1.9401 0.6445 0.2788 
5.1801 -0.5942 1.9401 0.5927 0.2046 
5.1701 -0.5820 1.9401 0.6312 0.1618 
5.1801 -0.5839 1.9301 0.5912 0.1909 
5.2001 -0.5899 1.9301 0.5748 0.2633 
5.1901 -0.5899 1.9337 0.5861 0.2312 
5.2001 -0.5899 1.9301 0.5748 0.2633 
5.2001 -0.5899 1.9301 0.5748 0.2633 
5.1901 -0.5899 1.9337 0.5861 0.2312 
5.2001 -0.5976 1.9201 0.5140 0.2643 
5.1801 -0.5839 1.9301 0.5912 0.1909 
5.2001 -0.5976 1.9201 0.5140 0.2643 
5.1901 -0.5899 1.9337 0.5861 0.2312 
5.1801 -0.5839 1.9301 0.5912 0.1909 
5.1701 -0.5820 1.9401 0.6312 0.1618 
5.1701 -0.5977 1.9301 0.5450 0.1695 
5.1601 -0.5861 1.9501 0.6498 0.1395 
5.1701 -0.5977 1.9301 0.5450 0.1695 
5.1701 -0.5820 1.9401 0.6312 0.1618 
5.1701 -0.5977 1.9301 0.5450 0.1695 
5.1601 -0.5861 1.9501 0.6498 0.1395 
5.1501 -0.5954 1.9401 0.5838 0.1114 
5.1901 -0.5852 1.9201 0.5519 0.2208 
5.2001 -0.5976 1.9201 0.5140 0.2643 
5.1801 -0.5839 1.9301 0.5912 0.1909 
5.1801 -0.5839 1.9301 0.5912 0.1909 
5.1701 -0.5853 1.9201 0.5482 0.1527 
5.1901 -0.5852 1.9201 0.5519 0.2208 
5.1701 -0.5977 1.9301 0.5450 0.1695 
5.1501 -0.5806 1.9201 0.5604 0.0854 
5.1701 -0.5853 1.9201 0.5482 0.1527 
5.1701 -0.5977 1.9301 0.5450 0.1695 
5.1501 -0.5954 1.9401 0.5838 0.1114 
5.1501 -0.5806 1.9201 0.5604 0.0854 
5.1801 -0.5839 1.9301 0.5912 0.1909 
5.1701 -0.5977 1.9301 0.5450 0.1695 
5.1701 -0.5853 1.9201 0.5482 0.1527 
5.1501 -0.5806 1.9201 0.5604 0.0854 
5.1501 -0.5899 1.9101 0.4923 0.0874 
5.1701 -0.5853 1.9201 0.5482 0.1527 
5.1901 -0.5955 1.9101 0.4813 0.2238 
5.2101 -0.5914 1.9101 0.4973 0.2909 
5.2001 -0.5976 1.9201 0.5140 0.2643 
5.1901 -0.5852 1.9201 0.5519 0.2208 
5.1901 -0.5955 1.9101 0.4813 0.2238 
5.2001 -0.5976 1.9201 0.5140 0.2643 
5.1901 -0.5955 1.9101 0.4813 0.2238 
5.1901 -0.5852 1.9201 0.5519 0.2208 
5.1701 -0.5853 1.9201 0.5482 0.1527 
5.1901 -0.5955 1.9101 0.4813 0.2238 
5.1701 -0.5853 1.9201 0.5482 0.1527 
5.1501 -0.5899 1.9101 0.4923 0.0874 
5.1601 -0.5694 1.9001 0.5225 0.0911 
5.1701 -0.5754 1.9001 0.5037 0.1302 
5.1501 -0.5899 1.9101 0.4923 0.0874 
5.1501 -0.5742 1.9001 0.5041 0.0677 
5.1601 -0.5694 1.9001 0.5225 0.0911 
5.1501 -0.5899 1.9101 0.4923 0.0874 
5.1901 -0.5753 1.9001 0.5077 0.2015 
5.2001 -0.5944 1.9001 0.4472 0.2532 
5.1901 -0.5955 1.9101 0.4813 0.2238 
5.1901 -0.5753 1.9001 0.5077 0.2015 
5.1901 -0.5955 1.9101 0.4813 0.2238 
5.1701 -0.5754 1.9001 0.5037 0.1302 
5.1901 -0.5955 1.9101 0.4813 0.2238 
5.1501 -0.5899 1.9101 0.4923 0.0874 
5.1701 -0.5754 1.9001 0.5037 0.1302 
5.2001 -0.5944 1.9001 0.4472 0.2532 
5.2101 -0.5914 1.9101 0.4973 0.2909 
5.1901 -0.5955 1.9101 0.4813 0.2238 
5.1401 -0.5826 1.9501 0.6578 0.0788 
5.1501 -0.5954 1.9401 0.5838 0.1114 
5.1501 -0.5836 1.9501 0.6563 0.1071 
5.1301 -0.5901 1.9301 0.5624 0.0553 
5.1501 -0.5954 1.9401 0.5838 0.1114 
5.1401 -0.5826 1.9501 0.6578 0.0788 
5.1501 -0.5954 1.9401 0.5838 0.1114 
5.1401 -0.5864 1.9201 0.5395 0.0653 
5.1501 -0.5806 1.9201 0.5604 0.0854 
5.1501 -0.5954 1.9401 0.5838 0.1114 
5.1301 -0.5901 1.9301 0.5624 0.0553 
5.1401 -0.5864 1.9201 0.5395 0.0653 
5.1401 -0.5864 1.9201 0.5395 0.0653 
5.1501 -0.5899 1.9101 0.4923 0.0874 
5.1501 -0.5806 1.9201 0.5604 0.0854 
5.1401 -0.5864 1.9201 0.5395 0.0653 
5.1401 -0.6006 1.9101 0.4576 0.0705 
5.1501 -0.5899 1.9101 0.4923 0.0874 
5.1501 -0.5899 1.9101 0.4923 0.0874 
5.1401 -0.6006 1.9101 0.4576 0.0705 
5.1501 -0.5742 1.9001 0.5041 0.0677 
5.2601 -0.6016 2.0001 0.7698 0.4770 
5.2501 -0.6009 2.0001 0.7706 0.4464 
5.2701 -0.5976 1.9801 0.7261 0.5069 
5.2701 -0.5976 1.9801 0.7261 0.5069 
5.2501 -0.6009 2.0001 0.7706 0.4464 
5.2601 -0.6067 1.9801 0.6953 0.4772 
5.2601 -0.6067 1.9801 0.6953 0.4772 
5.2501 -0.6009 2.0001 0.7706 0.4464 
5.2356 -0.5999 1.9901 0.7426 0.4006 
5.2501 -0.6038 1.9701 0.6721 0.4445 
5.2601 -0.6067 1.9801 0.6953 0.4772 
5.2356 -0.5999 1.9901 0.7426 0.4006 
5.2501 -0.6038 1.9701 0.6721 0.4445 
5.2356 -0.5999 1.9901 0.7426 0.4006 
5.2301 -0.5954 1.9701 0.6956 0.3779 
5.2101 -0.5907 1.9501 0.6430 0.3051 
5.2101 -0.6060 1.9601 0.6271 0.3168 
5.1901 -0.5965 1.9601 0.6538 0.2477 
5.3001 -0.5820 1.9101 0.5438 0.6165 
5.2951 -0.5899 1.9001 0.4772 0.5993 
5.3101 -0.5894 1.9001 0.4814 0.6557 
5.2501 -0.5987 1.9001 0.4421 0.4352 
5.2701 -0.5713 1.9001 0.5357 0.5026 
5.2601 -0.5888 1.9101 0.5141 0.4694 
5.2101 -0.5914 1.9101 0.4973 0.2909 
5.2001 -0.5944 1.9001 0.4472 0.2532 
5.2301 -0.5913 1.9001 0.4619 0.3594 
5.1501 -0.6047 2.0001 0.7422 0.1531 
5.1501 -0.5901 1.9801 0.7303 0.1306 
5.1601 -0.5825 1.9901 0.7873 0.1593 
5.1401 -0.5893 2.0001 0.7896 0.1134 
5.1501 -0.5901 1.9801 0.7303 0.1306 
5.1501 -0.6047 2.0001 0.7422 0.1531 
5.2901 -0.5673 1.9001 0.5538 0.5803 
5.3001 -0.5748 1.8901 0.4875 0.6216 
5.2951 -0.5899 1.9001 0.4772 0.5993 
5.2701 -0.5713 1.9001 0.5357 0.5026 
5.3001 -0.5748 1.8901 0.4875 0.6216 
5.2901 -0.5673 1.9001 0.5538 0.5803 
5.2501 -0.5792 1.8701 0.3768 0.4236 
5.3001 -0.5748 1.8901 0.4875 0.6216 
5.2701 -0.5713 1.9001 0.5357 0.5026 
5.2501 -0.5792 1.8701 0.3768 0.4236 
5.2701 -0.5713 1.9001 0.5357 0.5026 
5.2601 -0.5753 1.8901 0.4786 0.4643 
5.2501 -0.5792 1.8701 0.3768 0.4236 
5.2601 -0.5753 1.8901 0.4786 0.4643 
5.2401 -0.5671 1.8801 0.4605 0.3799 
5.2701 -0.5776 1.8601 0.3391 0.5039 
5.3101 -0.5759 1.8801 0.4424 0.6644 
5.3001 -0.5748 1.8901 0.4875 0.6216 
5.3001 -0.5686 1.8701 0.4212 0.6273 
5.3101 -0.5759 1.8801 0.4424 0.6644 
5.2701 -0.5776 1.8601 0.3391 0.5039 
5.2701 -0.5776 1.8601 0.3391 0.5039 
5.3001 -0.5748 1.8901 0.4875 0.6216 
5.2501 -0.5792 1.8701 0.3768 0.4236 
5.3001 -0.5686 1.8701 0.4212 0.6273 
5.2801 -0.5717 1.8601 0.3602 0.5449 
5.3101 -0.5665 1.8601 0.3832 0.6735 
5.2801 -0.5717 1.8601 0.3602 0.5449 
5.3001 -0.5686 1.8701 0.4212 0.6273 
5.2701 -0.5776 1.8601 0.3391 0.5039 
5.2901 -0.5688 1.8501 0.3232 0.5891 
5.3101 -0.5665 1.8601 0.3832 0.6735 
5.2801 -0.5717 1.8601 0.3602 0.5449 
5.2801 -0.5717 1.8601 0.3602 0.5449 
5.2701 -0.5776 1.8601 0.3391 0.5039 
5.2901 -0.5688 1.8501 0.3232 0.5891 
5.2901 -0.5688 1.8501 0.3232 0.5891 
5.2701 -0.5776 1.8601 0.3391 0.5039 
5.2701 -0.5606 1.8401 0.2963 0.5000 
5.2701 -0.5606 1.8401 0.2963 0.5000 
5.2701 -0.5776 1.8601 0.3391 0.5039 
5.2601 -0.5585 1.8401 0.3016 0.4539 
5.2601 -0.5585 1.8401 0.3016 0.4539 
5.2701 -0.5776 1.8601 0.3391 0.5039 
5.2501 -0.5792 1.8701 0.3768 0.4236 
5.2501 -0.5987 1.9001 0.4421 0.4352 
5.2301 -0.5913 1.9001 0.4619 0.3594 
5.2301 -0.5739 1.8901 0.4780 0.3470 
5.2601 -0.5753 1.8901 0.4786 0.4643 
5.2501 -0.5987 1.9001 0.4421 0.4352 
5.2301 -0.5739 1.8901 0.4780 0.3470 
5.2301 -0.5739 1.8901 0.4780 0.3470 
5.2301 -0.5913 1.9001 0.4619 0.3594 
5.2001 -0.5760 1.8901 0.4657 0.2338 
5.2401 -0.5671 1.8801 0.4605 0.3799 
5.2601 -0.5753 1.8901 0.4786 0.4643 
5.2301 -0.5739 1.8901 0.4780 0.3470 
5.2201 -0.5799 1.8711 0.3742 0.3049 
5.2301 -0.5739 1.8901 0.4780 0.3470 
5.2001 -0.5760 1.8901 0.4657 0.2338 
5.2201 -0.5799 1.8711 0.3742 0.3049 
5.2001 -0.5760 1.8901 0.4657 0.2338 
5.2001 -0.5783 1.8801 0.4155 0.2303 
5.2401 -0.5671 1.8801 0.4605 0.3799 
5.2301 -0.5739 1.8901 0.4780 0.3470 
5.2501 -0.5792 1.8701 0.3768 0.4236 
5.2201 -0.5799 1.8711 0.3742 0.3049 
5.2501 -0.5792 1.8701 0.3768 0.4236 
5.2301 -0.5739 1.8901 0.4780 0.3470 
5.2001 -0.5699 1.8713 0.4042 0.2178 
5.2201 -0.5799 1.8711 0.3742 0.3049 
5.2001 -0.5783 1.8801 0.4155 0.2303 
5.2501 -0.5792 1.8701 0.3768 0.4236 
5.2201 -0.5799 1.8711 0.3742 0.3049 
5.2201 -0.5739 1.8601 0.3428 0.2959 
5.2201 -0.5739 1.8601 0.3428 0.2959 
5.2001 -0.5699 1.8713 0.4042 0.2178 
5.2001 -0.5793 1.8601 0.3221 0.2198 
5.2201 -0.5799 1.8711 0.3742 0.3049 
5.2001 -0.5699 1.8713 0.4042 0.2178 
5.2201 -0.5739 1.8601 0.3428 0.2959 
5.2401 -0.5681 1.8501 0.3169 0.3722 
5.2601 -0.5585 1.8401 0.3016 0.4539 
5.2501 -0.5792 1.8701 0.3768 0.4236 
5.2201 -0.5739 1.8601 0.3428 0.2959 
5.2201 -0.5613 1.8501 0.3361 0.2814 
5.2401 -0.5681 1.8501 0.3169 0.3722 
5.2001 -0.5793 1.8601 0.3221 0.2198 
5.2201 -0.5613 1.8501 0.3361 0.2814 
5.2201 -0.5739 1.8601 0.3428 0.2959 
5.2501 -0.5792 1.8701 0.3768 0.4236 
5.2201 -0.5739 1.8601 0.3428 0.2959 
5.2401 -0.5681 1.8501 0.3169 0.3722 
5.2001 -0.5793 1.8601 0.3221 0.2198 
5.2001 -0.5718 1.8501 0.2982 0.2065 
5.2201 -0.5613 1.8501 0.3361 0.2814 
5.2901 -0.5784 1.8401 0.2425 0.5910 
5.3001 -0.5550 1.8401 0.3209 0.6378 
5.2901 -0.5688 1.8501 0.3232 0.5891 
5.2901 -0.5784 1.8401 0.2425 0.5910 
5.2901 -0.5688 1.8501 0.3232 0.5891 
5.2801 -0.5751 1.8301 0.1999 0.5482 
5.2701 -0.5606 1.8401 0.2963 0.5000 
5.2801 -0.5751 1.8301 0.1999 0.5482 
5.2901 -0.5688 1.8501 0.3232 0.5891 
5.2701 -0.5606 1.8401 0.2963 0.5000 
5.2601 -0.5585 1.8401 0.3016 0.4539 
5.2601 -0.5599 1.8301 0.2440 0.4533 
5.2601 -0.5585 1.8401 0.3016 0.4539 
5.2601 -0.5599 1.8301 0.2440 0.4533 
5.2601 -0.5599 1.8301 0.2440 0.4533 
5.2601 -0.5599 1.8301 0.2440 0.4533 
5.2601 -0.5585 1.8401 0.3016 0.4539 
5.2501 -0.5599 1.8296 0.2395 0.4069 
5.2901 -0.5618 1.8301 0.2430 0.5933 
5.3001 -0.5550 1.8401 0.3209 0.6378 
5.2901 -0.5784 1.8401 0.2425 0.5910 
5.2901 -0.5618 1.8301 0.2430 0.5933 
5.2901 -0.5784 1.8401 0.2425 0.5910 
5.2801 -0.5751 1.8301 0.1999 0.5482 
5.2701 -0.5606 1.8401 0.2963 0.5000 
5.2701 -0.5605 1.8301 0.2437 0.4999 
5.2801 -0.5751 1.8301 0.1999 0.5482 
5.2701 -0.5605 1.8301 0.2437 0.4999 
5.2701 -0.5606 1.8401 0.2963 0.5000 
5.2601 -0.5599 1.8301 0.2440 0.4533 
5.2601 -0.5599 1.8301 0.2440 0.4533 
5.2601 -0.5599 1.8301 0.2440 0.4533 
5.2601 -0.5599 1.8301 0.2440 0.4533 
5.2501 -0.5599 1.8296 0.2395 0.4069 
5.2601 -0.5599 1.8301 0.2440 0.4533 
5.2601 -0.5599 1.8301 0.2440 0.4533 
5.2801 -0.5776 1.8101 0.0966 0.5507 
5.2901 -0.5618 1.8301 0.2430 0.5933 
5.2801 -0.5751 1.8301 0.1999 0.5482 
5.2701 -0.5605 1.8301 0.2437 0.4999 
5.2701 -0.5726 1.8201 0.1542 0.5029 
5.2801 -0.5751 1.8301 0.1999 0.5482 
5.2701 -0.5605 1.8301 0.2437 0.4999 
5.2601 -0.5599 1.8301 0.2440 0.4533 
5.2701 -0.5726 1.8201 0.1542 0.5029 
5.2701 -0.5605 1.8301 0.2437 0.4999 
5.2601 -0.5599 1.8301 0.2440 0.4533 
5.2601 -0.5599 1.8301 0.2440 0.4533 
5.2601 -0.5599 1.8301 0.2440 0.4533 
5.2501 -0.5599 1.8296 0.2395 0.4069 
5.2701 -0.5726 1.8201 0.1542 0.5029 
5.2701 -0.5726 1.8201 0.1542 0.5029 
5.2801 -0.5776 1.8101 0.0966 0.5507 
5.2801 -0.5751 1.8301 0.1999 0.5482 
5.2901 -0.5618 1.8301 0.2430 0.5933 
5.2901 -0.5749 1.8101 0.1030 0.5975 
5.3001 -0.5745 1.8201 0.1534 0.6415 
5.2901 -0.5749 1.8101 0.1030 0.5975 
5.2901 -0.5618 1.8301 0.2430 0.5933 
5.2801 -0.5776 1.8101 0.0966 0.5507 
5.2701 -0.5650 1.8101 0.1237 0.5010 
5.2801 -0.5776 1.8101 0.0966 0.5507 
5.2701 -0.5726 1.8201 0.1542 0.5029 
5.2401 -0.5631 1.8101 0.1245 0.3560 
5.2701 -0.5650 1.8101 0.1237 0.5010 
5.2701 -0.5726 1.8201 0.1542 0.5029 
5.2801 -0.5650 1.8001 0.0826 0.5505 
5.3055 -0.5599 1.8001 0.0933 0.6788 
5.2901 -0.5749 1.8101 0.1030 0.5975 
5.2801 -0.5650 1.8001 0.0826 0.5505 
5.2701 -0.5650 1.8101 0.1237 0.5010 
5.2601 -0.5649 1.8001 0.0812 0.4515 
5.2801 -0.5650 1.8001 0.0826 0.5505 
5.2801 -0.5776 1.8101 0.0966 0.5507 
5.2701 -0.5650 1.8101 0.1237 0.5010 
5.2401 -0.5631 1.8101 0.1245 0.3560 
5.2601 -0.5649 1.8001 0.0812 0.4515 
5.2701 -0.5650 1.8101 0.1237 0.5010 
5.2901 -0.5749 1.8101 0.1030 0.5975 
5.2801 -0.5776 1.8101 0.0966 0.5507 
5.2801 -0.5650 1.8001 0.0826 0.5505 
5.2401 -0.5681 1.8501 0.3169 0.3722 
5.2201 -0.5590 1.8401 0.2930 0.2743 
5.2601 -0.5585 1.8401 0.3016 0.4539 
5.2201 -0.5613 1.8501 0.3361 0.2814 
5.2201 -0.5590 1.8401 0.2930 0.2743 
5.2401 -0.5681 1.8501 0.3169 0.3722 
5.2201 -0.5590 1.8401 0.2930 0.2743 
5.2201 -0.5613 1.8501 0.3361 0.2814 
5.2101 -0.5793 1.8401 0.2275 0.2490 
5.2201 -0.5613 1.8501 0.3361 0.2814 
5.2001 -0.5718 1.8501 0.2982 0.2065 
5.2101 -0.5793 1.8401 0.2275 0.2490 
5.2301 -0.5608 1.8301 0.2359 0.3158 
5.2601 -0.5585 1.8401 0.3016 0.4539 
5.2201 -0.5590 1.8401 0.2930 0.2743 
5.2501 -0.5599 1.8296 0.2395 0.4069 
5.2601 -0.5585 1.8401 0.3016 0.4539 
5.2301 -0.5608 1.8301 0.2359 0.3158 
5.2301 -0.5608 1.8301 0.2359 0.3158 
5.2201 -0.5590 1.8401 0.2930 0.2743 
5.2201 -0.5799 1.8297 0.1755 0.2864 
5.2201 -0.5799 1.8297 0.1755 0.2864 
5.2201 -0.5590 1.8401 0.2930 0.2743 
5.2101 -0.5793 1.8401 0.2275 0.2490 
5.2201 -0.5799 1.8297 0.1755 0.2864 
5.2101 -0.5793 1.8401 0.2275 0.2490 
5.1901 -0.5732 1.8401 0.2425 0.1602 
5.1901 -0.5732 1.8401 0.2425 0.1602 
5.2101 -0.5793 1.8401 0.2275 0.2490 
5.2001 -0.5718 1.8501 0.2982 0.2065 
5.2701 -0.5726 1.8201 0.1542 0.5029 
5.2301 -0.5608 1.8301 0.2359 0.3158 
5.2301 -0.5805 1.8201 0.1286 0.3261 
5.2501 -0.5599 1.8296 0.2395 0.4069 
5.2301 -0.5608 1.8301 0.2359 0.3158 
5.2701 -0.5726 1.8201 0.1542 0.5029 
5.2201 -0.5620 1.8201 0.1771 0.2659 
5.2301 -0.5805 1.8201 0.1286 0.3261 
5.2301 -0.5608 1.8301 0.2359 0.3158 
5.2301 -0.5608 1.8301 0.2359 0.3158 
5.2201 -0.5799 1.8297 0.1755 0.2864 
5.2201 -0.5620 1.8201 0.1771 0.2659 
5.2001 -0.5627 1.8201 0.1719 0.1758 
5.2201 -0.5620 1.8201 0.1771 0.2659 
5.2201 -0.5799 1.8297 0.1755 0.2864 
5.1901 -0.5732 1.8401 0.2425 0.1602 
5.2001 -0.5627 1.8201 0.1719 0.1758 
5.2201 -0.5799 1.8297 0.1755 0.2864 
5.2701 -0.5726 1.8201 0.1542 0.5029 
5.2301 -0.5805 1.8201 0.1286 0.3261 
5.2401 -0.5631 1.8101 0.1245 0.3560 
5.2301 -0.5805 1.8201 0.1286 0.3261 
5.2301 -0.5606 1.8101 0.1296 0.3063 
5.2401 -0.5631 1.8101 0.1245 0.3560 
5.2201 -0.5620 1.8201 0.1771 0.2659 
5.2301 -0.5606 1.8101 0.1296 0.3063 
5.2301 -0.5805 1.8201 0.1286 0.3261 
5.2201 -0.5620 1.8201 0.1771 0.2659 
5.2001 -0.5627 1.8201 0.1719 0.1758 
5.2301 -0.5606 1.8101 0.1296 0.3063 
5.2301 -0.5606 1.8101 0.1296 0.3063 
5.2001 -0.5627 1.8201 0.1719 0.1758 
5.2101 -0.5769 1.8101 0.0912 0.2288 
5.2201 -0.5650 1.8001 0.0786 0.2569 
5.2401 -0.5631 1.8101 0.1245 0.3560 
5.2301 -0.5606 1.8101 0.1296 0.3063 
5.2601 -0.5649 1.8001 0.0812 0.4515 
5.2401 -0.5631 1.8101 0.1245 0.3560 
5.2201 -0.5650 1.8001 0.0786 0.2569 
5.2301 -0.5606 1.8101 0.1296 0.3063 
5.2101 -0.5769 1.8101 0.0912 0.2288 
5.2201 -0.5650 1.8001 0.0786 0.2569 
5.2001 -0.5760 1.8901 0.4657 0.2338 
5.1901 -0.5753 1.9001 0.5077 0.2015 
5.1901 -0.5736 1.8901 0.4721 0.1941 
5.2001 -0.5760 1.8901 0.4657 0.2338 
5.2001 -0.5944 1.9001 0.4472 0.2532 
5.1901 -0.5753 1.9001 0.5077 0.2015 
5.1501 -0.5742 1.9001 0.5041 0.0677 
5.1601 -0.5765 1.8801 0.4147 0.0842 
5.1601 -0.5694 1.9001 0.5225 0.0911 
5.1901 -0.5736 1.8901 0.4721 0.1941 
5.2001 -0.5783 1.8801 0.4155 0.2303 
5.2001 -0.5760 1.8901 0.4657 0.2338 
5.1901 -0.5799 1.8801 0.4086 0.1938 
5.2001 -0.5783 1.8801 0.4155 0.2303 
5.1901 -0.5736 1.8901 0.4721 0.1941 
5.1901 -0.5799 1.8801 0.4086 0.1938 
5.1901 -0.5799 1.8801 0.4086 0.1938 
5.2001 -0.5783 1.8801 0.4155 0.2303 
5.1801 -0.5786 1.8801 0.4110 0.1554 
5.1901 -0.5736 1.8901 0.4721 0.1941 
5.1901 -0.5753 1.9001 0.5077 0.2015 
5.1901 -0.5799 1.8801 0.4086 0.1938 
5.1901 -0.5736 1.8901 0.4721 0.1941 
5.1801 -0.5786 1.8801 0.4110 0.1554 
5.1901 -0.5799 1.8801 0.4086 0.1938 
5.1901 -0.5799 1.8801 0.4086 0.1938 
5.1901 -0.5736 1.8901 0.4721 0.1941 
5.1601 -0.5765 1.8801 0.4147 0.0842 
5.1901 -0.5753 1.9001 0.5077 0.2015 
5.1701 -0.5754 1.9001 0.5037 0.1302 
5.1801 -0.5786 1.8801 0.4110 0.1554 
5.1901 -0.5753 1.9001 0.5077 0.2015 
5.1601 -0.5765 1.8801 0.4147 0.0842 
5.1601 -0.5765 1.8801 0.4147 0.0842 
5.1701 -0.5754 1.9001 0.5037 0.1302 
5.1601 -0.5694 1.9001 0.5225 0.0911 
5.1901 -0.5799 1.8801 0.4086 0.1938 
5.1901 -0.5799 1.8801 0.4086 0.1938 
5.1901 -0.5799 1.8801 0.4086 0.1938 
5.1901 -0.5799 1.8801 0.4086 0.1938 
5.1901 -0.5799 1.8801 0.4086 0.1938 
5.1901 -0.5799 1.8801 0.4086 0.1938 
5.1901 -0.5799 1.8801 0.4086 0.1938 
5.1701 -0.5704 1.8701 0.3919 0.1035 
5.2001 -0.5699 1.8713 0.4042 0.2178 
5.1901 -0.5799 1.8801 0.4086 0.1938 
5.1901 -0.5799 1.8801 0.4086 0.1938 
5.2001 -0.5699 1.8713 0.4042 0.2178 
5.1901 -0.5799 1.8801 0.4086 0.1938 
5.2001 -0.5699 1.8713 0.4042 0.2178 
5.2001 -0.5783 1.8801 0.4155 0.2303 
5.1901 -0.5799 1.8801 0.4086 0.1938 
5.1801 -0.5786 1.8801 0.4110 0.1554 
5.1901 -0.5799 1.8801 0.4086 0.1938 
5.1701 -0.5704 1.8701 0.3919 0.1035 
5.1901 -0.5799 1.8801 0.4086 0.1938 
5.1801 -0.5786 1.8801 0.4110 0.1554 
5.1701 -0.5704 1.8701 0.3919 0.1035 
5.1801 -0.5786 1.8801 0.4110 0.1554 
5.1601 -0.5765 1.8801 0.4147 0.0842 
5.1901 -0.5799 1.8801 0.4086 0.1938 
5.1901 -0.5799 1.8801 0.4086 0.1938 
5.1901 -0.5799 1.8801 0.4086 0.1938 
5.1901 -0.5799 1.8801 0.4086 0.1938 
5.1901 -0.5799 1.8801 0.4086 0.1938 
5.1901 -0.5799 1.8801 0.4086 0.1938 
5.1701 -0.5704 1.8701 0.3919 0.1035 
5.1801 -0.5708 1.8601 0.3459 0.1331 
5.2001 -0.5699 1.8713 0.4042 0.2178 
5.2001 -0.5699 1.8713 0.4042 0.2178 
5.1801 -0.5708 1.8601 0.3459 0.1331 
5.2001 -0.5793 1.8601 0.3221 0.2198 
5.1701 -0.5799 1.8601 0.3155 0.1062 
5.1801 -0.5708 1.8601 0.3459 0.1331 
5.1701 -0.5704 1.8701 0.3919 0.1035 
5.1701 -0.5799 1.8601 0.3155 0.1062 
5.1701 -0.5799 1.8601 0.3155 0.1062 
5.1801 -0.5708 1.8601 0.3459 0.1331 
5.1601 -0.5782 1.8601 0.3191 0.0724 
5.1701 -0.5704 1.8701 0.3919 0.1035 
5.1601 -0.5765 1.8801 0.4147 0.0842 
5.1701 -0.5799 1.8601 0.3155 0.1062 
5.1701 -0.5704 1.8701 0.3919 0.1035 
5.1601 -0.5782 1.8601 0.3191 0.0724 
5.1701 -0.5799 1.8601 0.3155 0.1062 
5.1701 -0.5799 1.8601 0.3155 0.1062 
5.1701 -0.5704 1.8701 0.3919 0.1035 
5.1701 -0.5799 1.8601 0.3155 0.1062 
5.1701 -0.5799 1.8601 0.3155 0.1062 
5.1701 -0.5799 1.8601 0.3155 0.1062 
5.1701 -0.5799 1.8601 0.3155 0.1062 
5.1701 -0.5799 1.8601 0.3155 0.1062 
5.1701 -0.5799 1.8601 0.3155 0.1062 
5.1901 -0.5732 1.8401 0.2425 0.1602 
5.2001 -0.5793 1.8601 0.3221 0.2198 
5.1801 -0.5708 1.8601 0.3459 0.1331 
5.2001 -0.5718 1.8501 0.2982 0.2065 
5.2001 -0.5793 1.8601 0.3221 0.2198 
5.1901 -0.5732 1.8401 0.2425 0.1602 
5.1901 -0.5732 1.8401 0.2425 0.1602 
5.1801 -0.5708 1.8601 0.3459 0.1331 
5.1801 -0.5763 1.8401 0.2319 0.1238 
5.1801 -0.5708 1.8601 0.3459 0.1331 
5.1701 -0.5711 1.8501 0.2956 0.0891 
5.1801 -0.5763 1.8401 0.2319 0.1238 
5.1701 -0.5799 1.8601 0.3155 0.1062 
5.1701 -0.5711 1.8501 0.2956 0.0891 
5.1801 -0.5708 1.8601 0.3459 0.1331 
5.1701 -0.5799 1.8601 0.3155 0.1062 
5.1701 -0.5799 1.8601 0.3155 0.1062 
5.1701 -0.5711 1.8501 0.2956 0.0891 
5.1701 -0.5711 1.8501 0.2956 0.0891 
5.1701 -0.5799 1.8601 0.3155 0.1062 
5.1601 -0.5782 1.8601 0.3191 0.0724 
5.1701 -0.5799 1.8601 0.3155 0.1062 
5.1701 -0.5799 1.8601 0.3155 0.1062 
5.1601 -0.5782 1.8601 0.3191 0.0724 
5.1701 -0.5799 1.8601 0.3155 0.1062 
5.1701 -0.5799 1.8601 0.3155 0.1062 
5.1701 -0.5799 1.8601 0.3155 0.1062 
5.1701 -0.5799 1.8601 0.3155 0.1062 
5.1701 -0.5799 1.8601 0.3155 0.1062 
5.1701 -0.5799 1.8601 0.3155 0.1062 
5.1901 -0.5732 1.8401 0.2425 0.1602 
5.1801 -0.5763 1.8401 0.2319 0.1238 
5.1901 -0.5592 1.8301 0.2345 0.1362 
5.1901 -0.5592 1.8301 0.2345 0.1362 
5.1901 -0.5781 1.8201 0.1293 0.1504 
5.2001 -0.5627 1.8201 0.1719 0.1758 
5.1901 -0.5781 1.8201 0.1293 0.1504 
5.1901 -0.5592 1.8301 0.2345 0.1362 
5.1701 -0.5605 1.8301 0.2270 0.0640 
5.2001 -0.5627 1.8201 0.1719 0.1758 
5.1901 -0.5732 1.8401 0.2425 0.1602 
5.1901 -0.5592 1.8301 0.2345 0.1362 
5.2101 -0.5769 1.8101 0.0912 0.2288 
5.2001 -0.5627 1.8201 0.1719 0.1758 
5.1901 -0.5637 1.8101 0.1167 0.1248 
5.1901 -0.5637 1.8101 0.1167 0.1248 
5.2001 -0.5627 1.8201 0.1719 0.1758 
5.1901 -0.5781 1.8201 0.1293 0.1504 
5.1901 -0.5637 1.8101 0.1167 0.1248 
5.1901 -0.5781 1.8201 0.1293 0.1504 
5.1801 -0.5782 1.8101 0.0866 0.1017 
5.3001 -0.5748 1.8901 0.4875 0.6216 
5.3101 -0.5894 1.9001 0.4814 0.6557 
5.2951 -0.5899 1.9001 0.4772 0.5993 
5.2601 -0.5753 1.8901 0.4786 0.4643 
5.2701 -0.5713 1.9001 0.5357 0.5026 
5.2501 -0.5987 1.9001 0.4421 0.4352 
5.2001 -0.5760 1.8901 0.4657 0.2338 
5.2301 -0.5913 1.9001 0.4619 0.3594 
5.2001 -0.5944 1.9001 0.4472 0.2532 
5.2401 -0.5499 1.8001 0.1079 0.3424 
5.2401 -0.5499 1.8001 0.1079 0.3424 
5.2401 -0.5499 1.8001 0.1079 0.3424 
5.2301 -0.5695 1.8001 0.0752 0.3088 
5.2301 -0.5718 1.8001 0.0740 0.3107 
5.2301 -0.5699 1.7982 0.0734 0.3082 
