NUMPOLLIES 345.000000 

4.2201 0.4301 2.1377 0.0812 0.1552 
4.2201 0.4401 2.1450 0.0735 0.1658 
4.2001 0.4301 2.1378 0.0836 0.2273 
4.2401 0.4301 2.1493 0.0920 0.1003 
4.2201 0.4301 2.1377 0.0812 0.1552 
4.2301 0.4201 2.1496 0.1292 0.1293 
4.2101 0.4201 2.1523 0.1379 0.2003 
4.2301 0.4201 2.1496 0.1292 0.1293 
4.2201 0.4301 2.1377 0.0812 0.1552 
4.2201 0.4301 2.1377 0.0812 0.1552 
4.2001 0.4301 2.1378 0.0836 0.2273 
4.2101 0.4201 2.1523 0.1379 0.2003 
4.2001 0.4301 2.1378 0.0836 0.2273 
4.1901 0.4201 2.1373 0.1168 0.2605 
4.2101 0.4201 2.1523 0.1379 0.2003 
4.2401 0.4101 2.1354 0.1442 0.0796 
4.2401 0.4301 2.1493 0.0920 0.1003 
4.2301 0.4201 2.1496 0.1292 0.1293 
4.2301 0.4201 2.1496 0.1292 0.1293 
4.2101 0.4201 2.1523 0.1379 0.2003 
4.2101 0.4101 2.1464 0.1702 0.1918 
4.2101 0.4201 2.1523 0.1379 0.2003 
4.1901 0.4201 2.1373 0.1168 0.2605 
4.2101 0.4101 2.1464 0.1702 0.1918 
4.2501 0.4101 2.1357 0.1425 0.0571 
4.2401 0.4001 2.1353 0.1894 0.0763 
4.2501 0.4001 2.1496 0.2115 0.0643 
4.2101 0.4101 2.1464 0.1702 0.1918 
4.2101 0.4001 2.1494 0.2207 0.1911 
4.2201 0.4001 2.1416 0.2052 0.1484 
4.2401 0.4001 2.1353 0.1894 0.0763 
4.2501 0.4101 2.1357 0.1425 0.0571 
4.2401 0.4101 2.1354 0.1442 0.0796 
4.2301 0.4201 2.1496 0.1292 0.1293 
4.2401 0.4001 2.1353 0.1894 0.0763 
4.2401 0.4101 2.1354 0.1442 0.0796 
4.2301 0.4201 2.1496 0.1292 0.1293 
4.2101 0.4101 2.1464 0.1702 0.1918 
4.2401 0.4001 2.1353 0.1894 0.0763 
4.2201 0.4001 2.1416 0.2052 0.1484 
4.2401 0.4001 2.1353 0.1894 0.0763 
4.2101 0.4101 2.1464 0.1702 0.1918 
4.1701 0.4301 2.1468 0.0997 0.3422 
4.1601 0.4401 2.1444 0.0753 0.3801 
4.1501 0.4301 2.1390 0.0920 0.4127 
4.1701 0.4301 2.1468 0.0997 0.3422 
4.1501 0.4301 2.1390 0.0920 0.4127 
4.1601 0.4201 2.1382 0.1245 0.3727 
4.2101 0.4101 2.1464 0.1702 0.1918 
4.1901 0.4201 2.1373 0.1168 0.2605 
4.1801 0.4101 2.1512 0.1853 0.3028 
4.1801 0.4101 2.1512 0.1853 0.3028 
4.1901 0.4201 2.1373 0.1168 0.2605 
4.1601 0.4201 2.1382 0.1245 0.3727 
4.1801 0.4101 2.1512 0.1853 0.3028 
4.1601 0.4201 2.1382 0.1245 0.3727 
4.1701 0.4101 2.1432 0.1740 0.3351 
4.1601 0.4201 2.1382 0.1245 0.3727 
4.1501 0.4101 2.1386 0.1706 0.4078 
4.1701 0.4101 2.1432 0.1740 0.3351 
4.1601 0.4201 2.1382 0.1245 0.3727 
4.1501 0.4301 2.1390 0.0920 0.4127 
4.1501 0.4101 2.1386 0.1706 0.4078 
4.2101 0.4001 2.1494 0.2207 0.1911 
4.2101 0.4101 2.1464 0.1702 0.1918 
4.1801 0.4101 2.1512 0.1853 0.3028 
4.1601 0.4001 2.1339 0.2066 0.3656 
4.1801 0.4001 2.1345 0.2026 0.2897 
4.1801 0.4101 2.1512 0.1853 0.3028 
4.1701 0.4101 2.1432 0.1740 0.3351 
4.1601 0.4001 2.1339 0.2066 0.3656 
4.1801 0.4101 2.1512 0.1853 0.3028 
4.1501 0.4101 2.1386 0.1706 0.4078 
4.1601 0.4001 2.1339 0.2066 0.3656 
4.1701 0.4101 2.1432 0.1740 0.3351 
4.1701 0.4301 2.1468 0.0997 0.3422 
4.1901 0.4201 2.1373 0.1168 0.2605 
4.2001 0.4301 2.1378 0.0836 0.2273 
4.1601 0.4201 2.1382 0.1245 0.3727 
4.1901 0.4201 2.1373 0.1168 0.2605 
4.1701 0.4301 2.1468 0.0997 0.3422 
4.1501 0.4001 2.1287 0.1999 0.4023 
4.1601 0.4001 2.1339 0.2066 0.3656 
4.1501 0.4101 2.1386 0.1706 0.4078 
4.1301 0.4401 2.1404 0.0749 0.4893 
4.1201 0.4201 2.1456 0.1458 0.5224 
4.1401 0.4201 2.1417 0.1347 0.4482 
4.1201 0.4301 2.1367 0.0936 0.5247 
4.1201 0.4201 2.1456 0.1458 0.5224 
4.1301 0.4401 2.1404 0.0749 0.4893 
4.1201 0.4301 2.1367 0.0936 0.5247 
4.1101 0.4301 2.1457 0.1087 0.5608 
4.1201 0.4201 2.1456 0.1458 0.5224 
4.1501 0.4301 2.1390 0.0920 0.4127 
4.1401 0.4201 2.1417 0.1347 0.4482 
4.1501 0.4101 2.1386 0.1706 0.4078 
4.1501 0.4101 2.1386 0.1706 0.4078 
4.1401 0.4201 2.1417 0.1347 0.4482 
4.1501 0.4001 2.1287 0.1999 0.4023 
4.1501 0.4001 2.1287 0.1999 0.4023 
4.1401 0.4201 2.1417 0.1347 0.4482 
4.1201 0.4201 2.1456 0.1458 0.5224 
4.1201 0.4201 2.1456 0.1458 0.5224 
4.1301 0.3901 2.1463 0.2830 0.4795 
4.1501 0.3901 2.1427 0.2723 0.4040 
4.1501 0.4001 2.1287 0.1999 0.4023 
4.1201 0.4201 2.1456 0.1458 0.5224 
4.1501 0.3901 2.1427 0.2723 0.4040 
4.1201 0.4201 2.1456 0.1458 0.5224 
4.1201 0.4001 2.1390 0.2254 0.5190 
4.1301 0.3901 2.1463 0.2830 0.4795 
4.1201 0.4001 2.1390 0.2254 0.5190 
4.1201 0.4201 2.1456 0.1458 0.5224 
4.1101 0.4010 2.1401 0.2254 0.5570 
4.1201 0.4201 2.1456 0.1458 0.5224 
4.1001 0.4101 2.1436 0.1911 0.5952 
4.1101 0.4010 2.1401 0.2254 0.5570 
4.1101 0.4010 2.1401 0.2254 0.5570 
4.1001 0.4101 2.1436 0.1911 0.5952 
4.1001 0.4001 2.1401 0.2322 0.5947 
4.1201 0.4001 2.1390 0.2254 0.5190 
4.1101 0.4010 2.1401 0.2254 0.5570 
4.1101 0.4001 2.1393 0.2283 0.5570 
4.1001 0.4001 2.1401 0.2322 0.5947 
4.1001 0.4001 2.1401 0.2322 0.5947 
4.1101 0.4010 2.1401 0.2254 0.5570 
4.1001 0.4001 2.1401 0.2322 0.5947 
4.1101 0.4001 2.1393 0.2283 0.5570 
4.1101 0.4010 2.1401 0.2254 0.5570 
4.2201 0.4001 2.1416 0.2052 0.1484 
4.2101 0.4001 2.1494 0.2207 0.1911 
4.2101 0.3801 2.1400 0.3022 0.1755 
4.2101 0.3801 2.1400 0.3022 0.1755 
4.2101 0.4001 2.1494 0.2207 0.1911 
4.2001 0.3901 2.1446 0.2628 0.2196 
4.2001 0.3901 2.1446 0.2628 0.2196 
4.2001 0.3801 2.1514 0.3214 0.2218 
4.2101 0.3801 2.1400 0.3022 0.1755 
4.2301 0.3801 2.1373 0.2929 0.1022 
4.2201 0.3701 2.1350 0.3429 0.1305 
4.2301 0.3601 2.1367 0.3944 0.0944 
4.2101 0.3801 2.1400 0.3022 0.1755 
4.2001 0.3701 2.1375 0.3518 0.2066 
4.2201 0.3701 2.1350 0.3429 0.1305 
4.2001 0.3701 2.1375 0.3518 0.2066 
4.2101 0.3801 2.1400 0.3022 0.1755 
4.2001 0.3801 2.1514 0.3214 0.2218 
4.2401 0.3701 2.1344 0.3366 0.0664 
4.2301 0.3601 2.1367 0.3944 0.0944 
4.2401 0.3601 2.1430 0.3995 0.0713 
4.2201 0.3701 2.1350 0.3429 0.1305 
4.2001 0.3701 2.1375 0.3518 0.2066 
4.2101 0.3601 2.1373 0.4005 0.1656 
4.2401 0.4001 2.1353 0.1894 0.0763 
4.2201 0.4001 2.1416 0.2052 0.1484 
4.2401 0.3901 2.1319 0.2316 0.0699 
4.2401 0.3701 2.1344 0.3366 0.0664 
4.2401 0.3901 2.1319 0.2316 0.0699 
4.2301 0.3801 2.1373 0.2929 0.1022 
4.2301 0.3801 2.1373 0.2929 0.1022 
4.2201 0.4001 2.1416 0.2052 0.1484 
4.2201 0.3701 2.1350 0.3429 0.1305 
4.2401 0.3901 2.1319 0.2316 0.0699 
4.2201 0.4001 2.1416 0.2052 0.1484 
4.2301 0.3801 2.1373 0.2929 0.1022 
4.2201 0.4001 2.1416 0.2052 0.1484 
4.2101 0.3801 2.1400 0.3022 0.1755 
4.2201 0.3701 2.1350 0.3429 0.1305 
4.2301 0.3801 2.1373 0.2929 0.1022 
4.2301 0.3601 2.1367 0.3944 0.0944 
4.2401 0.3701 2.1344 0.3366 0.0664 
4.2001 0.3701 2.1375 0.3518 0.2066 
4.1901 0.3601 2.1442 0.4143 0.2462 
4.2101 0.3601 2.1373 0.4005 0.1656 
4.2301 0.3601 2.1367 0.3944 0.0944 
4.2201 0.3701 2.1350 0.3429 0.1305 
4.2201 0.3401 2.1405 0.5065 0.1252 
4.2101 0.3601 2.1373 0.4005 0.1656 
4.2201 0.3401 2.1405 0.5065 0.1252 
4.2201 0.3701 2.1350 0.3429 0.1305 
4.1901 0.3601 2.1442 0.4143 0.2462 
4.1901 0.3501 2.1318 0.4525 0.2329 
4.2101 0.3601 2.1373 0.4005 0.1656 
4.2401 0.3401 2.1358 0.4964 0.0600 
4.2301 0.3601 2.1367 0.3944 0.0944 
4.2201 0.3401 2.1405 0.5065 0.1252 
4.2101 0.3601 2.1373 0.4005 0.1656 
4.2101 0.3401 2.1482 0.5162 0.1690 
4.2201 0.3401 2.1405 0.5065 0.1252 
4.1901 0.3501 2.1318 0.4525 0.2329 
4.2001 0.3301 2.1409 0.5657 0.1955 
4.2101 0.3601 2.1373 0.4005 0.1656 
4.2101 0.3601 2.1373 0.4005 0.1656 
4.2001 0.3301 2.1409 0.5657 0.1955 
4.2101 0.3401 2.1482 0.5162 0.1690 
4.2201 0.3401 2.1405 0.5065 0.1252 
4.2101 0.3401 2.1482 0.5162 0.1690 
4.2201 0.3301 2.1355 0.5559 0.1159 
4.2201 0.3301 2.1355 0.5559 0.1159 
4.2101 0.3401 2.1482 0.5162 0.1690 
4.2101 0.3201 2.1391 0.6159 0.1525 
4.2101 0.3401 2.1482 0.5162 0.1690 
4.2001 0.3301 2.1409 0.5657 0.1955 
4.2101 0.3201 2.1391 0.6159 0.1525 
4.2101 0.3201 2.1391 0.6159 0.1525 
4.2101 0.3101 2.1464 0.6740 0.1563 
4.2201 0.3001 2.1395 0.7238 0.1090 
4.1901 0.3201 2.1394 0.6217 0.2288 
4.2101 0.3101 2.1464 0.6740 0.1563 
4.2101 0.3201 2.1391 0.6159 0.1525 
4.2301 0.3301 2.1364 0.5538 0.0835 
4.2201 0.3001 2.1395 0.7238 0.1090 
4.2301 0.3001 2.1467 0.7229 0.0840 
4.2401 0.3601 2.1430 0.3995 0.0713 
4.2301 0.3601 2.1367 0.3944 0.0944 
4.2401 0.3401 2.1358 0.4964 0.0600 
4.2401 0.3401 2.1358 0.4964 0.0600 
4.2201 0.3401 2.1405 0.5065 0.1252 
4.2301 0.3301 2.1364 0.5538 0.0835 
4.2201 0.3301 2.1355 0.5559 0.1159 
4.2301 0.3301 2.1364 0.5538 0.0835 
4.2201 0.3401 2.1405 0.5065 0.1252 
4.2001 0.3301 2.1409 0.5657 0.1955 
4.1901 0.3201 2.1394 0.6217 0.2288 
4.2101 0.3201 2.1391 0.6159 0.1525 
4.2201 0.3001 2.1395 0.7238 0.1090 
4.2301 0.3301 2.1364 0.5538 0.0835 
4.2201 0.3301 2.1355 0.5559 0.1159 
4.2101 0.3201 2.1391 0.6159 0.1525 
4.2201 0.3001 2.1395 0.7238 0.1090 
4.2201 0.3301 2.1355 0.5559 0.1159 
4.1501 0.3201 2.1483 0.6379 0.3881 
4.1601 0.3001 2.1484 0.7431 0.3443 
4.1601 0.3201 2.1524 0.6373 0.3517 
4.2101 0.4001 2.1494 0.2207 0.1911 
4.1868 0.3901 2.1401 0.2589 0.2652 
4.2001 0.3901 2.1446 0.2628 0.2196 
4.1801 0.4101 2.1512 0.1853 0.3028 
4.1868 0.3901 2.1401 0.2589 0.2652 
4.2101 0.4001 2.1494 0.2207 0.1911 
4.1801 0.4101 2.1512 0.1853 0.3028 
4.1801 0.4001 2.1345 0.2026 0.2897 
4.1868 0.3901 2.1401 0.2589 0.2652 
4.2001 0.3801 2.1514 0.3214 0.2218 
4.2001 0.3901 2.1446 0.2628 0.2196 
4.1868 0.3901 2.1401 0.2589 0.2652 
4.1601 0.3901 2.1455 0.2741 0.3677 
4.1501 0.3901 2.1427 0.2723 0.4040 
4.1401 0.3801 2.1458 0.3286 0.4399 
4.1901 0.3701 2.1395 0.3571 0.2458 
4.2001 0.3701 2.1375 0.3518 0.2066 
4.2001 0.3801 2.1514 0.3214 0.2218 
4.1701 0.3801 2.1356 0.3059 0.3225 
4.1601 0.3901 2.1455 0.2741 0.3677 
4.1601 0.3701 2.1375 0.3625 0.3589 
4.1601 0.3901 2.1455 0.2741 0.3677 
4.1401 0.3801 2.1458 0.3286 0.4399 
4.1601 0.3701 2.1375 0.3625 0.3589 
4.1901 0.3701 2.1395 0.3571 0.2458 
4.1901 0.3601 2.1442 0.4143 0.2462 
4.2001 0.3701 2.1375 0.3518 0.2066 
4.1901 0.3701 2.1395 0.3571 0.2458 
4.1801 0.3601 2.1396 0.4114 0.2806 
4.1901 0.3601 2.1442 0.4143 0.2462 
4.1501 0.3601 2.1422 0.4226 0.3964 
4.1801 0.3601 2.1396 0.4114 0.2806 
4.1601 0.3701 2.1375 0.3625 0.3589 
4.1801 0.3601 2.1396 0.4114 0.2806 
4.1501 0.3601 2.1422 0.4226 0.3964 
4.1501 0.3401 2.1419 0.5269 0.3911 
4.1868 0.3901 2.1401 0.2589 0.2652 
4.1601 0.4001 2.1339 0.2066 0.3656 
4.1701 0.3801 2.1356 0.3059 0.3225 
4.1801 0.4001 2.1345 0.2026 0.2897 
4.1601 0.4001 2.1339 0.2066 0.3656 
4.1868 0.3901 2.1401 0.2589 0.2652 
4.1601 0.3901 2.1455 0.2741 0.3677 
4.1701 0.3801 2.1356 0.3059 0.3225 
4.1601 0.4001 2.1339 0.2066 0.3656 
4.1601 0.3901 2.1455 0.2741 0.3677 
4.1501 0.4001 2.1287 0.1999 0.4023 
4.1501 0.3901 2.1427 0.2723 0.4040 
4.1601 0.4001 2.1339 0.2066 0.3656 
4.1501 0.4001 2.1287 0.1999 0.4023 
4.1601 0.3901 2.1455 0.2741 0.3677 
4.1901 0.3701 2.1395 0.3571 0.2458 
4.2001 0.3801 2.1514 0.3214 0.2218 
4.1868 0.3901 2.1401 0.2589 0.2652 
4.1868 0.3901 2.1401 0.2589 0.2652 
4.1701 0.3801 2.1356 0.3059 0.3225 
4.1901 0.3701 2.1395 0.3571 0.2458 
4.1701 0.3801 2.1356 0.3059 0.3225 
4.1601 0.3701 2.1375 0.3625 0.3589 
4.1801 0.3601 2.1396 0.4114 0.2806 
4.1801 0.3601 2.1396 0.4114 0.2806 
4.1901 0.3701 2.1395 0.3571 0.2458 
4.1701 0.3801 2.1356 0.3059 0.3225 
4.1901 0.3601 2.1442 0.4143 0.2462 
4.1801 0.3601 2.1396 0.4114 0.2806 
4.1901 0.3501 2.1318 0.4525 0.2329 
4.1801 0.3601 2.1396 0.4114 0.2806 
4.1901 0.3401 2.1432 0.5171 0.2387 
4.1901 0.3501 2.1318 0.4525 0.2329 
4.1001 0.3901 2.1436 0.2864 0.5923 
4.1101 0.4001 2.1393 0.2283 0.5570 
4.1001 0.4001 2.1401 0.2322 0.5947 
4.1401 0.3801 2.1458 0.3286 0.4399 
4.1501 0.3901 2.1427 0.2723 0.4040 
4.1301 0.3901 2.1463 0.2830 0.4795 
4.1201 0.3701 2.1434 0.3808 0.5132 
4.1401 0.3701 2.1435 0.3756 0.4372 
4.1401 0.3801 2.1458 0.3286 0.4399 
4.1101 0.3801 2.1388 0.3264 0.5536 
4.1201 0.3701 2.1434 0.3808 0.5132 
4.1401 0.3801 2.1458 0.3286 0.4399 
4.1101 0.3801 2.1388 0.3264 0.5536 
4.1001 0.3601 2.1361 0.4289 0.5898 
4.1201 0.3701 2.1434 0.3808 0.5132 
4.1201 0.3601 2.1343 0.4213 0.5115 
4.1401 0.3701 2.1435 0.3756 0.4372 
4.1201 0.3701 2.1434 0.3808 0.5132 
4.1501 0.3401 2.1419 0.5269 0.3911 
4.1401 0.3701 2.1435 0.3756 0.4372 
4.1401 0.3401 2.1508 0.5372 0.4317 
4.1501 0.3601 2.1422 0.4226 0.3964 
4.1401 0.3701 2.1435 0.3756 0.4372 
4.1501 0.3401 2.1419 0.5269 0.3911 
4.1401 0.3401 2.1508 0.5372 0.4317 
4.1401 0.3701 2.1435 0.3756 0.4372 
4.1201 0.3601 2.1343 0.4213 0.5115 
4.1201 0.4001 2.1390 0.2254 0.5190 
4.1201 0.3901 2.1211 0.2444 0.5180 
4.1301 0.3901 2.1463 0.2830 0.4795 
4.1201 0.3901 2.1211 0.2444 0.5180 
4.1201 0.4001 2.1390 0.2254 0.5190 
4.1101 0.4001 2.1393 0.2283 0.5570 
4.1101 0.4001 2.1393 0.2283 0.5570 
4.1001 0.4001 2.1401 0.2322 0.5947 
4.1001 0.4001 2.1401 0.2322 0.5947 
4.1401 0.3801 2.1458 0.3286 0.4399 
4.1201 0.3901 2.1211 0.2444 0.5180 
4.1101 0.3801 2.1388 0.3264 0.5536 
4.1401 0.3801 2.1458 0.3286 0.4399 
4.1301 0.3901 2.1463 0.2830 0.4795 
4.1201 0.3901 2.1211 0.2444 0.5180 
4.1201 0.3901 2.1211 0.2444 0.5180 
4.1101 0.4001 2.1393 0.2283 0.5570 
4.1101 0.3801 2.1388 0.3264 0.5536 
4.1001 0.3901 2.1436 0.2864 0.5923 
4.1101 0.3801 2.1388 0.3264 0.5536 
4.1101 0.4001 2.1393 0.2283 0.5570 
4.1601 0.3701 2.1375 0.3625 0.3589 
4.1401 0.3801 2.1458 0.3286 0.4399 
4.1401 0.3701 2.1435 0.3756 0.4372 
4.1001 0.3601 2.1361 0.4289 0.5898 
4.1101 0.3801 2.1388 0.3264 0.5536 
4.1001 0.3901 2.1436 0.2864 0.5923 
4.1601 0.3701 2.1375 0.3625 0.3589 
4.1401 0.3701 2.1435 0.3756 0.4372 
4.1501 0.3601 2.1422 0.4226 0.3964 
4.1001 0.3601 2.1361 0.4289 0.5898 
4.1201 0.3601 2.1343 0.4213 0.5115 
4.1201 0.3701 2.1434 0.3808 0.5132 
4.1001 0.3501 2.1406 0.4865 0.5870 
4.1201 0.3601 2.1343 0.4213 0.5115 
4.1001 0.3601 2.1361 0.4289 0.5898 
4.1801 0.3601 2.1396 0.4114 0.2806 
4.1501 0.3401 2.1419 0.5269 0.3911 
4.1901 0.3401 2.1432 0.5171 0.2387 
4.1901 0.3401 2.1432 0.5171 0.2387 
4.1901 0.3301 2.1494 0.5747 0.2403 
4.2001 0.3301 2.1409 0.5657 0.1955 
4.1801 0.3301 2.1334 0.5657 0.2664 
4.1901 0.3301 2.1494 0.5747 0.2403 
4.1901 0.3401 2.1432 0.5171 0.2387 
4.1801 0.3301 2.1334 0.5657 0.2664 
4.1901 0.3401 2.1432 0.5171 0.2387 
4.1701 0.3301 2.1404 0.5737 0.3101 
4.1701 0.3301 2.1404 0.5737 0.3101 
4.1901 0.3401 2.1432 0.5171 0.2387 
4.1501 0.3401 2.1419 0.5269 0.3911 
4.2001 0.3301 2.1409 0.5657 0.1955 
4.1901 0.3301 2.1494 0.5747 0.2403 
4.1901 0.3201 2.1394 0.6217 0.2288 
4.1801 0.3301 2.1334 0.5657 0.2664 
4.1901 0.3201 2.1394 0.6217 0.2288 
4.1901 0.3301 2.1494 0.5747 0.2403 
4.1701 0.3301 2.1404 0.5737 0.3101 
4.1601 0.3201 2.1524 0.6373 0.3517 
4.1801 0.3101 2.1418 0.6806 0.2659 
4.1701 0.3301 2.1404 0.5737 0.3101 
4.1501 0.3201 2.1483 0.6379 0.3881 
4.1601 0.3201 2.1524 0.6373 0.3517 
4.1801 0.3101 2.1418 0.6806 0.2659 
4.2101 0.3101 2.1464 0.6740 0.1563 
4.1901 0.3201 2.1394 0.6217 0.2288 
4.1601 0.3001 2.1484 0.7431 0.3443 
4.1801 0.3101 2.1418 0.6806 0.2659 
4.1601 0.3201 2.1524 0.6373 0.3517 
4.1501 0.3101 2.1416 0.6891 0.3830 
4.1601 0.3001 2.1484 0.7431 0.3443 
4.1501 0.3201 2.1483 0.6379 0.3881 
4.2101 0.3101 2.1464 0.6740 0.1563 
4.1801 0.3101 2.1418 0.6806 0.2659 
4.1901 0.3001 2.1425 0.7332 0.2243 
4.2201 0.3001 2.1395 0.7238 0.1090 
4.2101 0.3101 2.1464 0.6740 0.1563 
4.1901 0.3001 2.1425 0.7332 0.2243 
4.1901 0.3001 2.1425 0.7332 0.2243 
4.1801 0.3101 2.1418 0.6806 0.2659 
4.1601 0.3001 2.1484 0.7431 0.3443 
4.1901 0.3501 2.1318 0.4525 0.2329 
4.1901 0.3401 2.1432 0.5171 0.2387 
4.2001 0.3301 2.1409 0.5657 0.1955 
4.1901 0.3201 2.1394 0.6217 0.2288 
4.1801 0.3301 2.1334 0.5657 0.2664 
4.1801 0.3101 2.1418 0.6806 0.2659 
4.1801 0.3101 2.1418 0.6806 0.2659 
4.1801 0.3301 2.1334 0.5657 0.2664 
4.1701 0.3301 2.1404 0.5737 0.3101 
4.1401 0.3401 2.1508 0.5372 0.4317 
4.1201 0.3601 2.1343 0.4213 0.5115 
4.1201 0.3401 2.1541 0.5452 0.5072 
4.1201 0.3601 2.1343 0.4213 0.5115 
4.1001 0.3501 2.1406 0.4865 0.5870 
4.1201 0.3401 2.1541 0.5452 0.5072 
4.1001 0.3501 2.1406 0.4865 0.5870 
4.0901 0.3401 2.1468 0.5475 0.6222 
4.1201 0.3401 2.1541 0.5452 0.5072 
4.1501 0.3401 2.1419 0.5269 0.3911 
4.1401 0.3201 2.1390 0.6358 0.4242 
4.1701 0.3301 2.1404 0.5737 0.3101 
4.1501 0.3401 2.1419 0.5269 0.3911 
4.1401 0.3401 2.1508 0.5372 0.4317 
4.1401 0.3201 2.1390 0.6358 0.4242 
4.1201 0.3401 2.1541 0.5452 0.5072 
4.1201 0.3301 2.1442 0.5903 0.5053 
4.1401 0.3401 2.1508 0.5372 0.4317 
4.1201 0.3301 2.1442 0.5903 0.5053 
4.1401 0.3201 2.1390 0.6358 0.4242 
4.1401 0.3401 2.1508 0.5372 0.4317 
4.1501 0.3201 2.1483 0.6379 0.3881 
4.1701 0.3301 2.1404 0.5737 0.3101 
4.1401 0.3201 2.1390 0.6358 0.4242 
4.1401 0.3201 2.1390 0.6358 0.4242 
4.1201 0.3301 2.1442 0.5903 0.5053 
4.1301 0.3101 2.1491 0.6975 0.4627 
4.1201 0.3201 2.1373 0.6405 0.5033 
4.1301 0.3101 2.1491 0.6975 0.4627 
4.1201 0.3301 2.1442 0.5903 0.5053 
4.1201 0.3301 2.1442 0.5903 0.5053 
4.1201 0.3401 2.1541 0.5452 0.5072 
4.1001 0.3201 2.1450 0.6502 0.5812 
4.1201 0.3201 2.1373 0.6405 0.5033 
4.1201 0.3301 2.1442 0.5903 0.5053 
4.1001 0.3201 2.1450 0.6502 0.5812 
4.1201 0.3401 2.1541 0.5452 0.5072 
4.0901 0.3401 2.1468 0.5475 0.6222 
4.1001 0.3201 2.1450 0.6502 0.5812 
4.1401 0.3101 2.1499 0.6949 0.4244 
4.1501 0.3101 2.1416 0.6891 0.3830 
4.1501 0.3201 2.1483 0.6379 0.3881 
4.1401 0.3201 2.1390 0.6358 0.4242 
4.1401 0.3101 2.1499 0.6949 0.4244 
4.1501 0.3201 2.1483 0.6379 0.3881 
4.1401 0.3201 2.1390 0.6358 0.4242 
4.1301 0.3101 2.1491 0.6975 0.4627 
4.1401 0.3101 2.1499 0.6949 0.4244 
4.1201 0.3201 2.1373 0.6405 0.5033 
4.1201 0.3101 2.1547 0.7021 0.5013 
4.1301 0.3101 2.1491 0.6975 0.4627 
4.1201 0.3201 2.1373 0.6405 0.5033 
4.1001 0.3201 2.1450 0.6502 0.5812 
4.1201 0.3101 2.1547 0.7021 0.5013 
4.1401 0.3101 2.1499 0.6949 0.4244 
4.1301 0.3101 2.1491 0.6975 0.4627 
4.1201 0.3001 2.1446 0.7538 0.4992 
4.1301 0.3101 2.1491 0.6975 0.4627 
4.1201 0.3101 2.1547 0.7021 0.5013 
4.1201 0.3001 2.1446 0.7538 0.4992 
4.1201 0.3001 2.1446 0.7538 0.4992 
4.1201 0.3101 2.1547 0.7021 0.5013 
4.1001 0.3201 2.1450 0.6502 0.5812 
4.0901 0.4401 2.1492 0.0860 0.6342 
4.0801 0.4501 2.1578 0.0759 0.6674 
4.0801 0.4401 2.1438 0.0814 0.6730 
4.0501 0.4401 2.1491 0.0914 0.7793 
4.0401 0.4201 2.1493 0.1700 0.8149 
4.0701 0.4301 2.1458 0.1164 0.7078 
4.0501 0.4401 2.1491 0.0914 0.7793 
4.0401 0.4301 2.1306 0.0982 0.8329 
4.0401 0.4201 2.1493 0.1700 0.8149 
4.0901 0.4201 2.1484 0.1572 0.6320 
4.0901 0.4401 2.1492 0.0860 0.6342 
4.0801 0.4401 2.1438 0.0814 0.6730 
4.0801 0.4181 2.1401 0.1538 0.6726 
4.0901 0.4201 2.1484 0.1572 0.6320 
4.0801 0.4401 2.1438 0.0814 0.6730 
4.0801 0.4181 2.1401 0.1538 0.6726 
4.0701 0.4301 2.1458 0.1164 0.7078 
4.0601 0.4201 2.1352 0.1409 0.7517 
4.0701 0.4301 2.1458 0.1164 0.7078 
4.0401 0.4201 2.1493 0.1700 0.8149 
4.0601 0.4201 2.1352 0.1409 0.7517 
4.0901 0.4201 2.1484 0.1572 0.6320 
4.0801 0.4181 2.1401 0.1538 0.6726 
4.1001 0.4101 2.1436 0.1911 0.5952 
4.0601 0.4201 2.1352 0.1409 0.7517 
4.0601 0.4101 2.1470 0.2065 0.7424 
4.0801 0.4181 2.1401 0.1538 0.6726 
4.0601 0.4201 2.1352 0.1409 0.7517 
4.0401 0.4201 2.1493 0.1700 0.8149 
4.0601 0.4101 2.1470 0.2065 0.7424 
4.1001 0.4101 2.1436 0.1911 0.5952 
4.0801 0.4181 2.1401 0.1538 0.6726 
4.0901 0.4001 2.1454 0.2434 0.6306 
4.1001 0.4001 2.1401 0.2322 0.5947 
4.1001 0.4101 2.1436 0.1911 0.5952 
4.0901 0.4001 2.1454 0.2434 0.6306 
4.1001 0.4001 2.1401 0.2322 0.5947 
4.0901 0.4001 2.1454 0.2434 0.6306 
4.1001 0.4001 2.1401 0.2322 0.5947 
4.0801 0.4181 2.1401 0.1538 0.6726 
4.0801 0.4001 2.1361 0.2305 0.6727 
4.0901 0.4001 2.1454 0.2434 0.6306 
4.0801 0.4181 2.1401 0.1538 0.6726 
4.0601 0.4101 2.1470 0.2065 0.7424 
4.0801 0.4001 2.1361 0.2305 0.6727 
4.0801 0.4181 2.1401 0.1538 0.6726 
4.0801 0.4401 2.1438 0.0814 0.6730 
4.0701 0.4301 2.1458 0.1164 0.7078 
4.1001 0.4001 2.1401 0.2322 0.5947 
4.1001 0.4001 2.1401 0.2322 0.5947 
4.1001 0.4001 2.1401 0.2322 0.5947 
4.0101 0.4501 2.1449 0.0737 0.9297 
4.0001 0.4401 2.1493 0.0995 0.9610 
4.0201 0.4401 2.1477 0.0940 0.8900 
4.0201 0.4401 2.1477 0.0940 0.8900 
4.0301 0.4301 2.1384 0.1122 0.8630 
4.0501 0.4401 2.1491 0.0914 0.7793 
4.0201 0.4401 2.1477 0.0940 0.8900 
4.0001 0.4401 2.1493 0.0995 0.9610 
4.0101 0.4301 2.1412 0.1207 0.9350 
4.0401 0.4201 2.1493 0.1700 0.8149 
4.0301 0.4301 2.1384 0.1122 0.8630 
4.0301 0.4201 2.1503 0.1740 0.8506 
4.0201 0.4101 2.1336 0.1930 0.9069 
4.0301 0.4301 2.1384 0.1122 0.8630 
4.0201 0.4401 2.1477 0.0940 0.8900 
4.0301 0.4301 2.1384 0.1122 0.8630 
4.0201 0.4101 2.1336 0.1930 0.9069 
4.0301 0.4201 2.1503 0.1740 0.8506 
4.0101 0.4301 2.1412 0.1207 0.9350 
4.0201 0.4101 2.1336 0.1930 0.9069 
4.0201 0.4401 2.1477 0.0940 0.8900 
4.0101 0.4301 2.1412 0.1207 0.9350 
4.0001 0.4401 2.1493 0.0995 0.9610 
3.9901 0.4201 2.1488 0.1807 0.9994 
4.0101 0.4301 2.1412 0.1207 0.9350 
3.9901 0.4201 2.1488 0.1807 0.9994 
4.0201 0.4101 2.1336 0.1930 0.9069 
4.0301 0.4001 2.1366 0.2440 0.8648 
4.0401 0.4201 2.1493 0.1700 0.8149 
4.0301 0.4201 2.1503 0.1740 0.8506 
4.0301 0.4001 2.1366 0.2440 0.8648 
4.0401 0.3901 2.1391 0.2949 0.8236 
4.0401 0.4201 2.1493 0.1700 0.8149 
4.0201 0.4101 2.1336 0.1930 0.9069 
4.0301 0.4001 2.1366 0.2440 0.8648 
4.0301 0.4201 2.1503 0.1740 0.8506 
3.9901 0.4201 2.1488 0.1807 0.9994 
3.9901 0.4001 2.1537 0.2809 0.9937 
4.0101 0.3901 2.1458 0.3125 0.9303 
4.0301 0.4301 2.1384 0.1122 0.8630 
4.0401 0.4301 2.1306 0.0982 0.8329 
4.0501 0.4401 2.1491 0.0914 0.7793 
4.0401 0.4201 2.1493 0.1700 0.8149 
4.0401 0.4301 2.1306 0.0982 0.8329 
4.0301 0.4301 2.1384 0.1122 0.8630 
4.0201 0.4101 2.1336 0.1930 0.9069 
4.0101 0.3901 2.1458 0.3125 0.9303 
4.0301 0.4001 2.1366 0.2440 0.8648 
4.0201 0.4101 2.1336 0.1930 0.9069 
3.9901 0.4201 2.1488 0.1807 0.9994 
4.0101 0.3901 2.1458 0.3125 0.9303 
3.9901 0.4401 2.1501 0.1023 0.9963 
3.9901 0.4401 2.1501 0.1023 0.9963 
3.9901 0.4401 2.1501 0.1023 0.9963 
3.9901 0.4401 2.1501 0.1023 0.9963 
3.9901 0.4401 2.1501 0.1023 0.9963 
3.9901 0.4401 2.1501 0.1023 0.9963 
3.9901 0.4401 2.1501 0.1023 0.9963 
3.9901 0.4401 2.1501 0.1023 0.9963 
3.9901 0.4401 2.1501 0.1023 0.9963 
3.9901 0.4401 2.1501 0.1023 0.9963 
3.9901 0.4401 2.1501 0.1023 0.9963 
3.9901 0.4401 2.1501 0.1023 0.9963 
3.9901 0.4401 2.1501 0.1023 0.9963 
4.0001 0.4401 2.1493 0.0995 0.9610 
3.9901 0.4501 2.1495 0.0768 0.9966 
3.9901 0.4401 2.1501 0.1023 0.9963 
3.9901 0.4401 2.1501 0.1023 0.9963 
4.0001 0.4401 2.1493 0.0995 0.9610 
3.9901 0.4401 2.1501 0.1023 0.9963 
3.9901 0.4401 2.1501 0.1023 0.9963 
3.9901 0.4501 2.1495 0.0768 0.9966 
4.0601 0.3801 2.1459 0.3494 0.7411 
4.0501 0.3701 2.1454 0.4017 0.7788 
4.0701 0.3701 2.1416 0.3918 0.7050 
4.0501 0.3701 2.1454 0.4017 0.7788 
4.0601 0.3601 2.1456 0.4504 0.7399 
4.0701 0.3701 2.1416 0.3918 0.7050 
4.0601 0.3001 2.1491 0.7716 0.7329 
4.0801 0.3001 2.1451 0.7653 0.6568 
4.0801 0.3201 2.1518 0.6589 0.6560 
4.0201 0.3401 2.1470 0.5668 0.8916 
4.0301 0.3301 2.1478 0.6175 0.8521 
4.0401 0.3401 2.1491 0.5629 0.8125 
4.0301 0.3201 2.1545 0.6738 0.8449 
4.0501 0.3201 2.1507 0.6667 0.7718 
4.0301 0.3301 2.1478 0.6175 0.8521 
4.0301 0.3301 2.1478 0.6175 0.8521 
4.0501 0.3201 2.1507 0.6667 0.7718 
4.0401 0.3401 2.1491 0.5629 0.8125 
4.1001 0.4001 2.1401 0.2322 0.5947 
4.0901 0.4001 2.1454 0.2434 0.6306 
4.1001 0.3901 2.1436 0.2864 0.5923 
4.1001 0.4001 2.1401 0.2322 0.5947 
4.1001 0.3901 2.1436 0.2864 0.5923 
4.1001 0.4001 2.1401 0.2322 0.5947 
4.0801 0.3901 2.1471 0.2967 0.6661 
4.0901 0.4001 2.1454 0.2434 0.6306 
4.0801 0.4001 2.1361 0.2305 0.6727 
4.0801 0.4001 2.1361 0.2305 0.6727 
4.0601 0.4101 2.1470 0.2065 0.7424 
4.0801 0.3901 2.1471 0.2967 0.6661 
4.0801 0.3901 2.1471 0.2967 0.6661 
4.0601 0.4101 2.1470 0.2065 0.7424 
4.0601 0.3801 2.1459 0.3494 0.7411 
4.0601 0.4101 2.1470 0.2065 0.7424 
4.0401 0.4201 2.1493 0.1700 0.8149 
4.0601 0.3801 2.1459 0.3494 0.7411 
4.1001 0.3901 2.1436 0.2864 0.5923 
4.0901 0.4001 2.1454 0.2434 0.6306 
4.0901 0.3801 2.1376 0.3300 0.6311 
4.0901 0.4001 2.1454 0.2434 0.6306 
4.0801 0.3901 2.1471 0.2967 0.6661 
4.0901 0.3801 2.1376 0.3300 0.6311 
4.0601 0.3801 2.1459 0.3494 0.7411 
4.0701 0.3701 2.1416 0.3918 0.7050 
4.0801 0.3901 2.1471 0.2967 0.6661 
4.0801 0.3501 2.1465 0.4977 0.6620 
4.1001 0.3501 2.1406 0.4865 0.5870 
4.0901 0.3801 2.1376 0.3300 0.6311 
4.0701 0.3701 2.1416 0.3918 0.7050 
4.0601 0.3601 2.1456 0.4504 0.7399 
4.0801 0.3501 2.1465 0.4977 0.6620 
4.0601 0.3601 2.1456 0.4504 0.7399 
4.0501 0.3701 2.1454 0.4017 0.7788 
4.0401 0.3601 2.1412 0.4511 0.8207 
4.0801 0.3501 2.1465 0.4977 0.6620 
4.0601 0.3601 2.1456 0.4504 0.7399 
4.0601 0.3501 2.1450 0.5017 0.7396 
4.0401 0.3601 2.1412 0.4511 0.8207 
4.0601 0.3501 2.1450 0.5017 0.7396 
4.0601 0.3601 2.1456 0.4504 0.7399 
4.0501 0.3501 2.1544 0.5129 0.7705 
4.0601 0.3501 2.1450 0.5017 0.7396 
4.0401 0.3601 2.1412 0.4511 0.8207 
4.1001 0.4001 2.1401 0.2322 0.5947 
4.1001 0.4001 2.1401 0.2322 0.5947 
4.1001 0.4001 2.1401 0.2322 0.5947 
4.0801 0.3901 2.1471 0.2967 0.6661 
4.0701 0.3701 2.1416 0.3918 0.7050 
4.0901 0.3801 2.1376 0.3300 0.6311 
4.0901 0.3801 2.1376 0.3300 0.6311 
4.1001 0.3601 2.1361 0.4289 0.5898 
4.1001 0.3901 2.1436 0.2864 0.5923 
4.1001 0.3501 2.1406 0.4865 0.5870 
4.1001 0.3601 2.1361 0.4289 0.5898 
4.0901 0.3801 2.1376 0.3300 0.6311 
4.0901 0.3801 2.1376 0.3300 0.6311 
4.0701 0.3701 2.1416 0.3918 0.7050 
4.0801 0.3501 2.1465 0.4977 0.6620 
4.0601 0.3801 2.1459 0.3494 0.7411 
4.0401 0.4201 2.1493 0.1700 0.8149 
4.0401 0.3901 2.1391 0.2949 0.8236 
4.0401 0.3901 2.1391 0.2949 0.8236 
4.0301 0.4001 2.1366 0.2440 0.8648 
4.0201 0.3701 2.1457 0.4100 0.8929 
4.0101 0.3901 2.1458 0.3125 0.9303 
3.9901 0.4001 2.1537 0.2809 0.9937 
4.0101 0.3801 2.1416 0.3566 0.9360 
4.0601 0.3801 2.1459 0.3494 0.7411 
4.0401 0.3901 2.1391 0.2949 0.8236 
4.0501 0.3701 2.1454 0.4017 0.7788 
4.0101 0.3901 2.1458 0.3125 0.9303 
4.0101 0.3801 2.1416 0.3566 0.9360 
4.0201 0.3801 2.1364 0.3468 0.9040 
4.0401 0.3901 2.1391 0.2949 0.8236 
4.0401 0.3601 2.1412 0.4511 0.8207 
4.0501 0.3701 2.1454 0.4017 0.7788 
4.0401 0.3901 2.1391 0.2949 0.8236 
4.0201 0.3701 2.1457 0.4100 0.8929 
4.0401 0.3601 2.1412 0.4511 0.8207 
4.0101 0.3801 2.1416 0.3566 0.9360 
4.0101 0.3701 2.1421 0.4084 0.9357 
4.0201 0.3701 2.1457 0.4100 0.8929 
4.0401 0.3601 2.1412 0.4511 0.8207 
4.0201 0.3701 2.1457 0.4100 0.8929 
4.0301 0.3501 2.1406 0.5058 0.8601 
4.0201 0.3701 2.1457 0.4100 0.8929 
4.0101 0.3701 2.1421 0.4084 0.9357 
4.0301 0.3501 2.1406 0.5058 0.8601 
4.0501 0.3501 2.1544 0.5129 0.7705 
4.0401 0.3601 2.1412 0.4511 0.8207 
4.0301 0.3501 2.1406 0.5058 0.8601 
4.0201 0.3401 2.1470 0.5668 0.8916 
4.0101 0.3701 2.1421 0.4084 0.9357 
4.0001 0.3501 2.1489 0.5214 0.9656 
4.0301 0.3501 2.1406 0.5058 0.8601 
4.0101 0.3701 2.1421 0.4084 0.9357 
4.0201 0.3401 2.1470 0.5668 0.8916 
4.0101 0.3901 2.1458 0.3125 0.9303 
4.0201 0.3801 2.1364 0.3468 0.9040 
4.0301 0.4001 2.1366 0.2440 0.8648 
4.0201 0.3701 2.1457 0.4100 0.8929 
4.0301 0.4001 2.1366 0.2440 0.8648 
4.0201 0.3801 2.1364 0.3468 0.9040 
4.0201 0.3801 2.1364 0.3468 0.9040 
4.0101 0.3801 2.1416 0.3566 0.9360 
4.0201 0.3701 2.1457 0.4100 0.8929 
4.1001 0.3501 2.1406 0.4865 0.5870 
4.0801 0.3501 2.1465 0.4977 0.6620 
4.0901 0.3401 2.1468 0.5475 0.6222 
4.0601 0.3501 2.1450 0.5017 0.7396 
4.0601 0.3401 2.1450 0.5543 0.7389 
4.0801 0.3501 2.1465 0.4977 0.6620 
4.0601 0.3401 2.1450 0.5543 0.7389 
4.0501 0.3501 2.1544 0.5129 0.7705 
4.0501 0.3401 2.1345 0.5486 0.7868 
4.0601 0.3401 2.1450 0.5543 0.7389 
4.0601 0.3501 2.1450 0.5017 0.7396 
4.0501 0.3501 2.1544 0.5129 0.7705 
4.0901 0.3401 2.1468 0.5475 0.6222 
4.0601 0.3401 2.1450 0.5543 0.7389 
4.0701 0.3301 2.1425 0.6032 0.7008 
4.0801 0.3501 2.1465 0.4977 0.6620 
4.0601 0.3401 2.1450 0.5543 0.7389 
4.0901 0.3401 2.1468 0.5475 0.6222 
4.0601 0.3301 2.1505 0.6108 0.7343 
4.0701 0.3301 2.1425 0.6032 0.7008 
4.0601 0.3401 2.1450 0.5543 0.7389 
4.0601 0.3401 2.1450 0.5543 0.7389 
4.0501 0.3401 2.1345 0.5486 0.7868 
4.0601 0.3301 2.1505 0.6108 0.7343 
4.0501 0.3401 2.1345 0.5486 0.7868 
4.0401 0.3401 2.1491 0.5629 0.8125 
4.0601 0.3301 2.1505 0.6108 0.7343 
4.0801 0.3201 2.1518 0.6589 0.6560 
4.1001 0.3201 2.1450 0.6502 0.5812 
4.0901 0.3401 2.1468 0.5475 0.6222 
4.0801 0.3201 2.1518 0.6589 0.6560 
4.0901 0.3401 2.1468 0.5475 0.6222 
4.0701 0.3301 2.1425 0.6032 0.7008 
4.0601 0.3301 2.1505 0.6108 0.7343 
4.0401 0.3401 2.1491 0.5629 0.8125 
4.0701 0.3301 2.1425 0.6032 0.7008 
4.0501 0.3201 2.1507 0.6667 0.7718 
4.0701 0.3301 2.1425 0.6032 0.7008 
4.0401 0.3401 2.1491 0.5629 0.8125 
4.0801 0.3201 2.1518 0.6589 0.6560 
4.0901 0.3001 2.1419 0.7620 0.6185 
4.1001 0.3201 2.1450 0.6502 0.5812 
4.0901 0.3001 2.1419 0.7620 0.6185 
4.0801 0.3201 2.1518 0.6589 0.6560 
4.0801 0.3001 2.1451 0.7653 0.6568 
4.0801 0.3201 2.1518 0.6589 0.6560 
4.0701 0.3301 2.1425 0.6032 0.7008 
4.0601 0.3001 2.1491 0.7716 0.7329 
4.0501 0.3201 2.1507 0.6667 0.7718 
4.0401 0.3001 2.1495 0.7773 0.8108 
4.0701 0.3301 2.1425 0.6032 0.7008 
4.0401 0.3001 2.1495 0.7773 0.8108 
4.0601 0.3001 2.1491 0.7716 0.7329 
4.0701 0.3301 2.1425 0.6032 0.7008 
4.0501 0.3401 2.1345 0.5486 0.7868 
4.0501 0.3501 2.1544 0.5129 0.7705 
4.0401 0.3401 2.1491 0.5629 0.8125 
4.0301 0.3501 2.1406 0.5058 0.8601 
4.0401 0.3401 2.1491 0.5629 0.8125 
4.0501 0.3501 2.1544 0.5129 0.7705 
4.0201 0.3401 2.1470 0.5668 0.8916 
4.0401 0.3401 2.1491 0.5629 0.8125 
4.0301 0.3501 2.1406 0.5058 0.8601 
4.0101 0.3401 2.1374 0.5623 0.9430 
4.0201 0.3401 2.1470 0.5668 0.8916 
4.0001 0.3501 2.1489 0.5214 0.9656 
4.0101 0.3401 2.1374 0.5623 0.9430 
4.0001 0.3501 2.1489 0.5214 0.9656 
4.0001 0.3401 2.1421 0.5686 0.9759 
4.0201 0.3301 2.1374 0.6141 0.9035 
4.0301 0.3301 2.1478 0.6175 0.8521 
4.0201 0.3401 2.1470 0.5668 0.8916 
4.0201 0.3301 2.1374 0.6141 0.9035 
4.0201 0.3401 2.1470 0.5668 0.8916 
4.0101 0.3401 2.1374 0.5623 0.9430 
4.0201 0.3301 2.1374 0.6141 0.9035 
4.0301 0.3201 2.1545 0.6738 0.8449 
4.0301 0.3301 2.1478 0.6175 0.8521 
4.0201 0.3301 2.1374 0.6141 0.9035 
4.0301 0.3101 2.1453 0.7245 0.8545 
4.0301 0.3201 2.1545 0.6738 0.8449 
4.0201 0.3301 2.1374 0.6141 0.9035 
4.0101 0.3401 2.1374 0.5623 0.9430 
4.0101 0.3101 2.1453 0.7302 0.9334 
4.0201 0.3301 2.1374 0.6141 0.9035 
4.0101 0.3101 2.1453 0.7302 0.9334 
4.0301 0.3101 2.1453 0.7245 0.8545 
4.0001 0.3201 2.1401 0.6763 0.9800 
4.0101 0.3401 2.1374 0.5623 0.9430 
4.0001 0.3401 2.1421 0.5686 0.9759 
4.0001 0.3201 2.1401 0.6763 0.9800 
4.0101 0.3101 2.1453 0.7302 0.9334 
4.0101 0.3401 2.1374 0.5623 0.9430 
4.0301 0.3101 2.1453 0.7245 0.8545 
4.0401 0.3001 2.1495 0.7773 0.8108 
4.0501 0.3201 2.1507 0.6667 0.7718 
4.0301 0.3201 2.1545 0.6738 0.8449 
4.0301 0.3101 2.1453 0.7245 0.8545 
4.0501 0.3201 2.1507 0.6667 0.7718 
4.0101 0.3101 2.1453 0.7302 0.9334 
4.0001 0.3201 2.1401 0.6763 0.9800 
4.0001 0.3001 2.1459 0.7884 0.9725 
4.0301 0.3101 2.1453 0.7245 0.8545 
4.0101 0.3101 2.1453 0.7302 0.9334 
4.0301 0.2901 2.1427 0.8358 0.8572 
4.2201 0.3001 2.1395 0.7238 0.1090 
4.2101 0.2901 2.1503 0.7839 0.1529 
4.2301 0.3001 2.1467 0.7229 0.0840 
4.2401 0.2901 2.1418 0.7744 0.0546 
4.2301 0.3001 2.1467 0.7229 0.0840 
4.2401 0.2701 2.1413 0.8880 0.0529 
4.2301 0.3001 2.1467 0.7229 0.0840 
4.2101 0.2901 2.1503 0.7839 0.1529 
4.2301 0.2601 2.1434 0.9480 0.0678 
4.2101 0.2901 2.1503 0.7839 0.1529 
4.2101 0.2701 2.1470 0.8955 0.1419 
4.2301 0.2601 2.1434 0.9480 0.0678 
4.2401 0.2701 2.1413 0.8880 0.0529 
4.2301 0.3001 2.1467 0.7229 0.0840 
4.2301 0.2601 2.1434 0.9480 0.0678 
4.2201 0.3001 2.1395 0.7238 0.1090 
4.1901 0.3001 2.1425 0.7332 0.2243 
4.2101 0.2901 2.1503 0.7839 0.1529 
4.1901 0.3001 2.1425 0.7332 0.2243 
4.1601 0.3001 2.1484 0.7431 0.3443 
4.1801 0.2901 2.1453 0.7921 0.2619 
4.1801 0.2901 2.1453 0.7921 0.2619 
4.1601 0.3001 2.1484 0.7431 0.3443 
4.1601 0.2701 2.1454 0.9106 0.3340 
4.1601 0.2701 2.1454 0.9106 0.3340 
4.1501 0.3101 2.1416 0.6891 0.3830 
4.1401 0.2901 2.1370 0.8035 0.4161 
4.1601 0.3001 2.1484 0.7431 0.3443 
4.1501 0.3101 2.1416 0.6891 0.3830 
4.1601 0.2701 2.1454 0.9106 0.3340 
4.2101 0.2701 2.1470 0.8955 0.1419 
4.1901 0.3001 2.1425 0.7332 0.2243 
4.1801 0.2901 2.1453 0.7921 0.2619 
4.2101 0.2901 2.1503 0.7839 0.1529 
4.1901 0.3001 2.1425 0.7332 0.2243 
4.2101 0.2701 2.1470 0.8955 0.1419 
4.1601 0.2701 2.1454 0.9106 0.3340 
4.1401 0.2901 2.1370 0.8035 0.4161 
4.1401 0.2801 2.1492 0.8592 0.4169 
4.2101 0.2701 2.1470 0.8955 0.1419 
4.1801 0.2901 2.1453 0.7921 0.2619 
4.1901 0.2701 2.1501 0.9005 0.2204 
4.1401 0.2901 2.1370 0.8035 0.4161 
4.1501 0.3101 2.1416 0.6891 0.3830 
4.1401 0.3101 2.1499 0.6949 0.4244 
4.1401 0.3101 2.1499 0.6949 0.4244 
4.1201 0.3001 2.1446 0.7538 0.4992 
4.1301 0.2901 2.1440 0.8065 0.4575 
4.1401 0.2901 2.1370 0.8035 0.4161 
4.1401 0.3101 2.1499 0.6949 0.4244 
4.1301 0.2901 2.1440 0.8065 0.4575 
4.1301 0.2901 2.1440 0.8065 0.4575 
4.1201 0.3001 2.1446 0.7538 0.4992 
4.1101 0.2801 2.1396 0.8697 0.5354 
4.1201 0.3001 2.1446 0.7538 0.4992 
4.1001 0.3201 2.1450 0.6502 0.5812 
4.1101 0.2801 2.1396 0.8697 0.5354 
4.1101 0.2801 2.1396 0.8697 0.5354 
4.0901 0.3001 2.1419 0.7620 0.6185 
4.1001 0.2901 2.1478 0.8152 0.5757 
4.1001 0.3201 2.1450 0.6502 0.5812 
4.0901 0.3001 2.1419 0.7620 0.6185 
4.1101 0.2801 2.1396 0.8697 0.5354 
4.1301 0.2901 2.1440 0.8065 0.4575 
4.1401 0.2801 2.1492 0.8592 0.4169 
4.1401 0.2901 2.1370 0.8035 0.4161 
4.1101 0.2801 2.1396 0.8697 0.5354 
4.1401 0.2801 2.1492 0.8592 0.4169 
4.1301 0.2901 2.1440 0.8065 0.4575 
4.1601 0.2701 2.1454 0.9106 0.3340 
4.1401 0.2801 2.1492 0.8592 0.4169 
4.1201 0.2701 2.1488 0.9213 0.4931 
4.1401 0.2801 2.1492 0.8592 0.4169 
4.1101 0.2801 2.1396 0.8697 0.5354 
4.1201 0.2701 2.1488 0.9213 0.4931 
4.1101 0.2801 2.1396 0.8697 0.5354 
4.1001 0.2601 2.1490 0.9840 0.5704 
4.1201 0.2701 2.1488 0.9213 0.4931 
4.1601 0.2601 2.1401 0.9707 0.3280 
4.1201 0.2701 2.1488 0.9213 0.4931 
4.1301 0.2601 2.1410 0.9794 0.4500 
4.1601 0.2701 2.1454 0.9106 0.3340 
4.1201 0.2701 2.1488 0.9213 0.4931 
4.1601 0.2601 2.1401 0.9707 0.3280 
4.0901 0.2901 2.1501 0.8180 0.6142 
4.0901 0.2901 2.1501 0.8180 0.6142 
4.0901 0.2901 2.1501 0.8180 0.6142 
4.0901 0.2901 2.1501 0.8180 0.6142 
4.0901 0.2901 2.1501 0.8180 0.6142 
4.0901 0.2901 2.1501 0.8180 0.6142 
4.0901 0.2901 2.1501 0.8180 0.6142 
4.0901 0.2901 2.1501 0.8180 0.6142 
4.0901 0.2901 2.1501 0.8180 0.6142 
4.0901 0.2901 2.1501 0.8180 0.6142 
4.0901 0.2901 2.1501 0.8180 0.6142 
4.0901 0.2901 2.1501 0.8180 0.6142 
4.0901 0.2901 2.1501 0.8180 0.6142 
4.1001 0.2901 2.1478 0.8152 0.5757 
4.0901 0.3001 2.1419 0.7620 0.6185 
4.0901 0.2901 2.1501 0.8180 0.6142 
4.0901 0.2901 2.1501 0.8180 0.6142 
4.1001 0.2901 2.1478 0.8152 0.5757 
4.0801 0.2901 2.1490 0.8209 0.6537 
4.0901 0.3001 2.1419 0.7620 0.6185 
4.0801 0.3001 2.1451 0.7653 0.6568 
4.0901 0.2901 2.1501 0.8180 0.6142 
4.0901 0.3001 2.1419 0.7620 0.6185 
4.0801 0.2901 2.1490 0.8209 0.6537 
4.0901 0.2901 2.1501 0.8180 0.6142 
4.0901 0.2901 2.1501 0.8180 0.6142 
4.0901 0.3001 2.1419 0.7620 0.6185 
4.0801 0.3001 2.1451 0.7653 0.6568 
4.0601 0.3001 2.1491 0.7716 0.7329 
4.0801 0.2901 2.1490 0.8209 0.6537 
4.0601 0.3001 2.1491 0.7716 0.7329 
4.0401 0.3001 2.1495 0.7773 0.8108 
4.0301 0.2901 2.1427 0.8358 0.8572 
4.1001 0.2901 2.1478 0.8152 0.5757 
4.0901 0.2801 2.1451 0.8745 0.6145 
4.1101 0.2801 2.1396 0.8697 0.5354 
4.0901 0.2901 2.1501 0.8180 0.6142 
4.0901 0.2801 2.1451 0.8745 0.6145 
4.1001 0.2901 2.1478 0.8152 0.5757 
4.0901 0.2901 2.1501 0.8180 0.6142 
4.0901 0.2901 2.1501 0.8180 0.6142 
4.0901 0.2801 2.1451 0.8745 0.6145 
4.0901 0.2801 2.1451 0.8745 0.6145 
4.0801 0.2901 2.1490 0.8209 0.6537 
4.0701 0.2801 2.1516 0.8790 0.6905 
4.0901 0.2901 2.1501 0.8180 0.6142 
4.0801 0.2901 2.1490 0.8209 0.6537 
4.0901 0.2801 2.1451 0.8745 0.6145 
4.0901 0.2901 2.1501 0.8180 0.6142 
4.0901 0.2901 2.1501 0.8180 0.6142 
4.0801 0.2901 2.1490 0.8209 0.6537 
4.0801 0.2901 2.1490 0.8209 0.6537 
4.0601 0.3001 2.1491 0.7716 0.7329 
4.0701 0.2801 2.1516 0.8790 0.6905 
4.0601 0.2701 2.1452 0.9404 0.7334 
4.0601 0.3001 2.1491 0.7716 0.7329 
4.0301 0.2901 2.1427 0.8358 0.8572 
4.0701 0.2801 2.1516 0.8790 0.6905 
4.0601 0.3001 2.1491 0.7716 0.7329 
4.0601 0.2701 2.1452 0.9404 0.7334 
4.0901 0.2801 2.1451 0.8745 0.6145 
4.1001 0.2601 2.1490 0.9840 0.5704 
4.1101 0.2801 2.1396 0.8697 0.5354 
4.0901 0.2801 2.1451 0.8745 0.6145 
4.0801 0.2601 2.1499 0.9894 0.6496 
4.1001 0.2601 2.1490 0.9840 0.5704 
4.0801 0.2701 2.1414 0.9360 0.6550 
4.0901 0.2801 2.1451 0.8745 0.6145 
4.0701 0.2801 2.1516 0.8790 0.6905 
4.0801 0.2601 2.1499 0.9894 0.6496 
4.0901 0.2801 2.1451 0.8745 0.6145 
4.0801 0.2701 2.1414 0.9360 0.6550 
4.0701 0.2801 2.1516 0.8790 0.6905 
4.0601 0.2701 2.1452 0.9404 0.7334 
4.0801 0.2701 2.1414 0.9360 0.6550 
4.0801 0.2601 2.1499 0.9894 0.6496 
4.0601 0.2701 2.1452 0.9404 0.7334 
4.0701 0.2601 2.1446 0.9955 0.6926 
4.0801 0.2701 2.1414 0.9360 0.6550 
4.0601 0.2701 2.1452 0.9404 0.7334 
4.0801 0.2601 2.1499 0.9894 0.6496 
4.0601 0.2601 2.1511 0.9947 0.7284 
4.0701 0.2601 2.1446 0.9955 0.6926 
4.0601 0.2701 2.1452 0.9404 0.7334 
4.0401 0.3001 2.1495 0.7773 0.8108 
4.0301 0.3101 2.1453 0.7245 0.8545 
4.0301 0.2901 2.1427 0.8358 0.8572 
4.0301 0.2901 2.1427 0.8358 0.8572 
4.0101 0.3101 2.1453 0.7302 0.9334 
4.0101 0.2801 2.1450 0.8981 0.9347 
4.0101 0.3101 2.1453 0.7302 0.9334 
4.0001 0.3001 2.1459 0.7884 0.9725 
4.0101 0.2801 2.1450 0.8981 0.9347 
4.0201 0.2801 2.1525 0.8932 0.8855 
4.0301 0.2801 2.1459 0.8920 0.8535 
4.0301 0.2901 2.1427 0.8358 0.8572 
4.0201 0.2801 2.1525 0.8932 0.8855 
4.0301 0.2901 2.1427 0.8358 0.8572 
4.0101 0.2801 2.1450 0.8981 0.9347 
4.0601 0.2701 2.1452 0.9404 0.7334 
4.0301 0.2901 2.1427 0.8358 0.8572 
4.0301 0.2801 2.1459 0.8920 0.8535 
4.0196 0.2701 2.1401 0.9548 0.9029 
4.0301 0.2801 2.1459 0.8920 0.8535 
4.0201 0.2801 2.1525 0.8932 0.8855 
4.0196 0.2701 2.1401 0.9548 0.9029 
4.0101 0.2801 2.1450 0.8981 0.9347 
4.0001 0.2701 2.1492 0.9565 0.9693 
4.0196 0.2701 2.1401 0.9548 0.9029 
4.0201 0.2801 2.1525 0.8932 0.8855 
4.0101 0.2801 2.1450 0.8981 0.9347 
4.0601 0.2701 2.1452 0.9404 0.7334 
4.0301 0.2801 2.1459 0.8920 0.8535 
4.0601 0.2601 2.1511 0.9947 0.7284 
