NUMPOLLIES 529.000000 

4.5001 0.8919 1.2701 0.1581 0.9762 
4.5101 0.8943 1.2801 0.1409 0.9918 
4.5101 0.9122 1.2501 0.1710 0.9736 
4.5101 0.9122 1.2501 0.1710 0.9736 
4.4801 0.8940 1.2501 0.1875 0.9424 
4.5001 0.8919 1.2701 0.1581 0.9762 
4.5101 0.9122 1.2501 0.1710 0.9736 
4.4901 0.9086 1.2301 0.2047 0.9433 
4.4801 0.8940 1.2501 0.1875 0.9424 
4.5101 0.9158 1.2101 0.2272 0.9596 
4.5101 0.9122 1.2501 0.1710 0.9736 
4.5301 0.9113 1.2201 0.2154 0.9899 
4.5101 0.9158 1.2101 0.2272 0.9596 
4.4901 0.9086 1.2301 0.2047 0.9433 
4.5101 0.9122 1.2501 0.1710 0.9736 
4.5001 0.9220 1.2201 0.2077 0.9474 
4.4901 0.9086 1.2301 0.2047 0.9433 
4.5101 0.9158 1.2101 0.2272 0.9596 
4.5301 0.9113 1.2201 0.2154 0.9899 
4.5201 0.9252 1.2001 0.2331 0.9651 
4.5101 0.9158 1.2101 0.2272 0.9596 
4.4701 0.9001 1.2501 0.1828 0.9268 
4.4701 0.9001 1.2501 0.1828 0.9268 
4.4701 0.9001 1.2501 0.1828 0.9268 
4.4701 0.9001 1.2501 0.1828 0.9268 
4.4701 0.9001 1.2501 0.1828 0.9268 
4.4701 0.9001 1.2501 0.1828 0.9268 
4.4701 0.9001 1.2501 0.1828 0.9268 
4.4701 0.9001 1.2501 0.1828 0.9268 
4.4701 0.9001 1.2501 0.1828 0.9268 
4.4701 0.9001 1.2501 0.1828 0.9268 
4.4701 0.9001 1.2501 0.1828 0.9268 
4.4701 0.9001 1.2501 0.1828 0.9268 
4.4701 0.8997 1.2401 0.1982 0.9240 
4.4601 0.9060 1.2401 0.1933 0.9085 
4.4601 0.8965 1.2501 0.1863 0.9151 
4.4801 0.8940 1.2501 0.1875 0.9424 
4.4901 0.9086 1.2301 0.2047 0.9433 
4.4601 0.9060 1.2401 0.1933 0.9085 
4.4701 0.8997 1.2401 0.1982 0.9240 
4.4801 0.8940 1.2501 0.1875 0.9424 
4.4601 0.9060 1.2401 0.1933 0.9085 
4.4401 0.9129 1.2201 0.2181 0.8750 
4.4601 0.8965 1.2501 0.1863 0.9151 
4.4601 0.9060 1.2401 0.1933 0.9085 
4.5001 0.9220 1.2201 0.2077 0.9474 
4.4801 0.9095 1.2201 0.2192 0.9272 
4.4901 0.9086 1.2301 0.2047 0.9433 
4.4401 0.9129 1.2201 0.2181 0.8750 
4.4801 0.9095 1.2201 0.2192 0.9272 
4.4301 0.9219 1.2001 0.2401 0.8544 
4.4801 0.9095 1.2201 0.2192 0.9272 
4.4601 0.9060 1.2401 0.1933 0.9085 
4.4901 0.9086 1.2301 0.2047 0.9433 
4.4601 0.9060 1.2401 0.1933 0.9085 
4.4801 0.9095 1.2201 0.2192 0.9272 
4.4401 0.9129 1.2201 0.2181 0.8750 
4.4201 0.8927 1.2601 0.1760 0.8663 
4.4301 0.8953 1.2501 0.1887 0.8761 
4.4101 0.9139 1.2301 0.2037 0.8386 
4.4101 0.9139 1.2301 0.2037 0.8386 
4.4301 0.8953 1.2501 0.1887 0.8761 
4.4401 0.8997 1.2501 0.1844 0.8876 
4.4201 0.8927 1.2601 0.1760 0.8663 
4.4101 0.9139 1.2301 0.2037 0.8386 
4.4001 0.9001 1.2539 0.1801 0.8357 
4.4101 0.9139 1.2301 0.2037 0.8386 
4.4401 0.8997 1.2501 0.1844 0.8876 
4.4601 0.8965 1.2501 0.1863 0.9151 
4.4401 0.9129 1.2201 0.2181 0.8750 
4.4101 0.9139 1.2301 0.2037 0.8386 
4.4601 0.8965 1.2501 0.1863 0.9151 
4.4101 0.9139 1.2301 0.2037 0.8386 
4.4301 0.9219 1.2001 0.2401 0.8544 
4.4001 0.9274 1.2101 0.2221 0.8173 
4.4301 0.9219 1.2001 0.2401 0.8544 
4.4101 0.9139 1.2301 0.2037 0.8386 
4.4401 0.9129 1.2201 0.2181 0.8750 
4.3901 0.9001 1.2501 0.1863 0.8216 
4.4001 0.9001 1.2539 0.1801 0.8357 
4.3901 0.9001 1.2501 0.1863 0.8216 
4.3901 0.9001 1.2501 0.1863 0.8216 
4.3801 0.9001 1.2501 0.1867 0.8085 
4.3901 0.9001 1.2501 0.1863 0.8216 
4.3801 0.9044 1.2401 0.1982 0.8050 
4.3901 0.9001 1.2501 0.1863 0.8216 
4.4001 0.9001 1.2539 0.1801 0.8357 
4.3801 0.9001 1.2501 0.1867 0.8085 
4.3901 0.9001 1.2501 0.1863 0.8216 
4.3801 0.9044 1.2401 0.1982 0.8050 
4.3801 0.9001 1.2501 0.1867 0.8085 
4.3801 0.9044 1.2401 0.1982 0.8050 
4.3801 0.9001 1.2501 0.1867 0.8085 
4.3801 0.9044 1.2401 0.1982 0.8050 
4.3701 0.8997 1.2401 0.2027 0.7934 
4.3801 0.9001 1.2501 0.1867 0.8085 
4.4001 0.9001 1.2539 0.1801 0.8357 
4.4101 0.9139 1.2301 0.2037 0.8386 
4.3801 0.9044 1.2401 0.1982 0.8050 
4.3801 0.9044 1.2401 0.1982 0.8050 
4.3501 0.9004 1.2401 0.2031 0.7669 
4.3701 0.8997 1.2401 0.2027 0.7934 
4.3801 0.9044 1.2401 0.1982 0.8050 
4.3701 0.9152 1.2201 0.2192 0.7849 
4.3501 0.9004 1.2401 0.2031 0.7669 
4.4101 0.9139 1.2301 0.2037 0.8386 
4.3701 0.9152 1.2201 0.2192 0.7849 
4.3801 0.9044 1.2401 0.1982 0.8050 
4.3701 0.9152 1.2201 0.2192 0.7849 
4.4101 0.9139 1.2301 0.2037 0.8386 
4.4001 0.9274 1.2101 0.2221 0.8173 
4.5101 0.8943 1.2801 0.1409 0.9918 
4.5001 0.8919 1.2701 0.1581 0.9762 
4.5001 0.8931 1.2901 0.1277 0.9824 
4.4601 0.8837 1.3401 0.0772 0.9483 
4.4701 0.8796 1.3201 0.0975 0.9576 
4.4601 0.8728 1.3301 0.0901 0.9501 
4.4801 0.8727 1.3301 0.0896 0.9784 
4.4701 0.8796 1.3201 0.0975 0.9576 
4.4801 0.8835 1.3501 0.0735 0.9802 
4.4701 0.8796 1.3201 0.0975 0.9576 
4.4601 0.8837 1.3401 0.0772 0.9483 
4.4801 0.8835 1.3501 0.0735 0.9802 
4.5037 0.8801 1.3101 0.1089 1.0006 
4.4801 0.8882 1.3001 0.1178 0.9608 
4.4801 0.8727 1.3301 0.0896 0.9784 
4.4801 0.8727 1.3301 0.0896 0.9784 
4.4801 0.8882 1.3001 0.1178 0.9608 
4.4701 0.8796 1.3201 0.0975 0.9576 
4.4701 0.8796 1.3201 0.0975 0.9576 
4.4601 0.8764 1.3001 0.1272 0.9387 
4.4601 0.8728 1.3301 0.0901 0.9501 
4.4601 0.8764 1.3001 0.1272 0.9387 
4.4501 0.8826 1.3101 0.1091 0.9252 
4.4601 0.8728 1.3301 0.0901 0.9501 
4.5001 0.8931 1.2901 0.1277 0.9824 
4.4801 0.8882 1.3001 0.1178 0.9608 
4.5037 0.8801 1.3101 0.1089 1.0006 
4.4701 0.8826 1.3001 0.1222 0.9497 
4.4701 0.8796 1.3201 0.0975 0.9576 
4.4801 0.8882 1.3001 0.1178 0.9608 
4.4701 0.8796 1.3201 0.0975 0.9576 
4.4701 0.8826 1.3001 0.1222 0.9497 
4.4601 0.8764 1.3001 0.1272 0.9387 
4.4501 0.8812 1.3001 0.1240 0.9227 
4.4501 0.8826 1.3101 0.1091 0.9252 
4.4601 0.8764 1.3001 0.1272 0.9387 
4.4301 0.8864 1.3501 0.0735 0.9075 
4.4601 0.8837 1.3401 0.0772 0.9483 
4.4301 0.8781 1.3401 0.0793 0.9081 
4.4101 0.8782 1.3501 0.0743 0.8824 
4.4301 0.8864 1.3501 0.0735 0.9075 
4.4301 0.8781 1.3401 0.0793 0.9081 
4.4101 0.8782 1.3501 0.0743 0.8824 
4.4301 0.8781 1.3401 0.0793 0.9081 
4.4101 0.8718 1.3401 0.0820 0.8822 
4.4601 0.8728 1.3301 0.0901 0.9501 
4.4301 0.8781 1.3401 0.0793 0.9081 
4.4601 0.8837 1.3401 0.0772 0.9483 
4.4201 0.8714 1.3301 0.0919 0.8938 
4.4101 0.8718 1.3401 0.0820 0.8822 
4.4301 0.8781 1.3401 0.0793 0.9081 
4.4601 0.8728 1.3301 0.0901 0.9501 
4.4501 0.8826 1.3101 0.1091 0.9252 
4.4301 0.8781 1.3401 0.0793 0.9081 
4.4501 0.8826 1.3101 0.1091 0.9252 
4.4201 0.8714 1.3301 0.0919 0.8938 
4.4301 0.8781 1.3401 0.0793 0.9081 
4.3901 0.8763 1.3101 0.1155 0.8440 
4.4101 0.8718 1.3401 0.0820 0.8822 
4.4201 0.8714 1.3301 0.0919 0.8938 
4.4501 0.8826 1.3101 0.1091 0.9252 
4.4301 0.8821 1.3101 0.1101 0.8976 
4.4201 0.8714 1.3301 0.0919 0.8938 
4.4201 0.8714 1.3301 0.0919 0.8938 
4.4301 0.8821 1.3101 0.1101 0.8976 
4.4101 0.8781 1.3101 0.1135 0.8713 
4.3901 0.8795 1.2901 0.1425 0.8379 
4.3901 0.8763 1.3101 0.1155 0.8440 
4.4201 0.8714 1.3301 0.0919 0.8938 
4.4101 0.8781 1.3101 0.1135 0.8713 
4.3901 0.8795 1.2901 0.1425 0.8379 
4.4201 0.8714 1.3301 0.0919 0.8938 
4.4501 0.8812 1.3001 0.1240 0.9227 
4.4401 0.8830 1.2901 0.1377 0.9053 
4.4501 0.8826 1.3101 0.1091 0.9252 
4.4301 0.8821 1.3101 0.1101 0.8976 
4.4501 0.8826 1.3101 0.1091 0.9252 
4.4401 0.8830 1.2901 0.1377 0.9053 
4.3201 0.8801 1.3572 0.0734 0.7531 
4.3401 0.8802 1.3501 0.0746 0.7807 
4.3301 0.8801 1.3501 0.0747 0.7663 
4.3201 0.8801 1.3572 0.0734 0.7531 
4.3301 0.8801 1.3501 0.0747 0.7663 
4.3301 0.8801 1.3501 0.0747 0.7663 
4.3801 0.8770 1.3301 0.0901 0.8346 
4.3601 0.8762 1.3301 0.0910 0.8064 
4.3601 0.8705 1.3401 0.0836 0.8106 
4.3601 0.8762 1.3301 0.0910 0.8064 
4.3501 0.8770 1.3401 0.0812 0.7940 
4.3601 0.8705 1.3401 0.0836 0.8106 
4.3601 0.8762 1.3301 0.0910 0.8064 
4.3801 0.8770 1.3301 0.0901 0.8346 
4.3601 0.8701 1.3101 0.1211 0.8040 
4.3901 0.8763 1.3101 0.1155 0.8440 
4.3801 0.8770 1.3301 0.0901 0.8346 
4.4101 0.8718 1.3401 0.0820 0.8822 
4.3601 0.8701 1.3101 0.1211 0.8040 
4.3401 0.8784 1.3201 0.1024 0.7751 
4.3601 0.8762 1.3301 0.0910 0.8064 
4.3701 0.8751 1.3001 0.1317 0.8141 
4.3601 0.8701 1.3101 0.1211 0.8040 
4.3801 0.8770 1.3301 0.0901 0.8346 
4.3901 0.8763 1.3101 0.1155 0.8440 
4.3701 0.8751 1.3001 0.1317 0.8141 
4.3801 0.8770 1.3301 0.0901 0.8346 
4.3501 0.8724 1.2901 0.1499 0.7850 
4.3401 0.8784 1.3201 0.1024 0.7751 
4.3601 0.8701 1.3101 0.1211 0.8040 
4.3501 0.8724 1.2901 0.1499 0.7850 
4.3601 0.8701 1.3101 0.1211 0.8040 
4.3701 0.8751 1.3001 0.1317 0.8141 
4.3401 0.8802 1.3501 0.0746 0.7807 
4.3501 0.8770 1.3401 0.0812 0.7940 
4.3301 0.8741 1.3401 0.0827 0.7661 
4.3301 0.8801 1.3501 0.0747 0.7663 
4.3401 0.8802 1.3501 0.0746 0.7807 
4.3301 0.8801 1.3501 0.0747 0.7663 
4.3301 0.8801 1.3501 0.0747 0.7663 
4.3401 0.8802 1.3501 0.0746 0.7807 
4.3301 0.8741 1.3401 0.0827 0.7661 
4.3301 0.8801 1.3501 0.0747 0.7663 
4.3301 0.8801 1.3501 0.0747 0.7663 
4.3301 0.8801 1.3501 0.0747 0.7663 
4.3201 0.8801 1.3572 0.0734 0.7531 
4.3301 0.8741 1.3401 0.0827 0.7661 
4.3201 0.8708 1.3301 0.0952 0.7508 
4.3301 0.8801 1.3501 0.0747 0.7663 
4.3301 0.8741 1.3401 0.0827 0.7661 
4.3201 0.8801 1.3572 0.0734 0.7531 
4.3301 0.8801 1.3501 0.0747 0.7663 
4.3301 0.8801 1.3501 0.0747 0.7663 
4.3301 0.8741 1.3401 0.0827 0.7661 
4.2901 0.8720 1.3201 0.1082 0.7058 
4.2801 0.8726 1.3301 0.0953 0.6927 
4.3201 0.8801 1.3572 0.0734 0.7531 
4.3301 0.8740 1.3201 0.1055 0.7623 
4.3301 0.8741 1.3401 0.0827 0.7661 
4.3501 0.8770 1.3401 0.0812 0.7940 
4.3601 0.8762 1.3301 0.0910 0.8064 
4.3301 0.8740 1.3201 0.1055 0.7623 
4.3501 0.8770 1.3401 0.0812 0.7940 
4.3301 0.8740 1.3201 0.1055 0.7623 
4.3201 0.8708 1.3301 0.0952 0.7508 
4.3301 0.8741 1.3401 0.0827 0.7661 
4.3201 0.8708 1.3301 0.0952 0.7508 
4.2901 0.8720 1.3201 0.1082 0.7058 
4.3201 0.8801 1.3572 0.0734 0.7531 
4.3401 0.8784 1.3201 0.1024 0.7751 
4.3301 0.8740 1.3201 0.1055 0.7623 
4.3601 0.8762 1.3301 0.0910 0.8064 
4.3301 0.8753 1.3101 0.1185 0.7600 
4.3301 0.8740 1.3201 0.1055 0.7623 
4.3401 0.8784 1.3201 0.1024 0.7751 
4.3301 0.8753 1.3101 0.1185 0.7600 
4.3201 0.8708 1.3301 0.0952 0.7508 
4.3301 0.8740 1.3201 0.1055 0.7623 
4.3301 0.8753 1.3101 0.1185 0.7600 
4.3001 0.8840 1.3001 0.1277 0.7138 
4.3201 0.8708 1.3301 0.0952 0.7508 
4.3201 0.8708 1.3301 0.0952 0.7508 
4.3001 0.8840 1.3001 0.1277 0.7138 
4.2901 0.8720 1.3201 0.1082 0.7058 
4.4801 0.8882 1.3001 0.1178 0.9608 
4.5001 0.8931 1.2901 0.1277 0.9824 
4.4801 0.8881 1.2901 0.1322 0.9576 
4.4801 0.8881 1.2901 0.1322 0.9576 
4.4701 0.8826 1.3001 0.1222 0.9497 
4.4801 0.8882 1.3001 0.1178 0.9608 
4.4701 0.8826 1.3001 0.1222 0.9497 
4.4601 0.8899 1.2801 0.1463 0.9266 
4.4601 0.8764 1.3001 0.1272 0.9387 
4.4601 0.8764 1.3001 0.1272 0.9387 
4.4601 0.8899 1.2801 0.1463 0.9266 
4.4501 0.8812 1.3001 0.1240 0.9227 
4.5001 0.8919 1.2701 0.1581 0.9762 
4.4801 0.8881 1.2901 0.1322 0.9576 
4.5001 0.8931 1.2901 0.1277 0.9824 
4.4801 0.8881 1.2901 0.1322 0.9576 
4.4601 0.8899 1.2801 0.1463 0.9266 
4.4701 0.8826 1.3001 0.1222 0.9497 
4.4501 0.8879 1.2701 0.1635 0.9111 
4.4601 0.8899 1.2801 0.1463 0.9266 
4.4801 0.8881 1.2901 0.1322 0.9576 
4.4701 0.8903 1.2601 0.1759 0.9339 
4.4501 0.8879 1.2701 0.1635 0.9111 
4.4801 0.8881 1.2901 0.1322 0.9576 
4.4501 0.8879 1.2701 0.1635 0.9111 
4.4501 0.8812 1.3001 0.1240 0.9227 
4.4601 0.8899 1.2801 0.1463 0.9266 
4.4501 0.8879 1.2701 0.1635 0.9111 
4.4701 0.8903 1.2601 0.1759 0.9339 
4.4601 0.8967 1.2601 0.1710 0.9179 
4.5001 0.8919 1.2701 0.1581 0.9762 
4.4701 0.8903 1.2601 0.1759 0.9339 
4.4801 0.8881 1.2901 0.1322 0.9576 
4.4801 0.8940 1.2501 0.1875 0.9424 
4.4701 0.8903 1.2601 0.1759 0.9339 
4.5001 0.8919 1.2701 0.1581 0.9762 
4.4701 0.9001 1.2501 0.1828 0.9268 
4.4701 0.8903 1.2601 0.1759 0.9339 
4.4801 0.8940 1.2501 0.1875 0.9424 
4.4701 0.9001 1.2501 0.1828 0.9268 
4.4701 0.9001 1.2501 0.1828 0.9268 
4.4701 0.8903 1.2601 0.1759 0.9339 
4.4701 0.8903 1.2601 0.1759 0.9339 
4.4601 0.8965 1.2501 0.1863 0.9151 
4.4601 0.8967 1.2601 0.1710 0.9179 
4.4701 0.9001 1.2501 0.1828 0.9268 
4.4601 0.8965 1.2501 0.1863 0.9151 
4.4701 0.8903 1.2601 0.1759 0.9339 
4.4701 0.9001 1.2501 0.1828 0.9268 
4.4701 0.9001 1.2501 0.1828 0.9268 
4.4601 0.8965 1.2501 0.1863 0.9151 
4.4301 0.8821 1.3101 0.1101 0.8976 
4.4401 0.8830 1.2901 0.1377 0.9053 
4.4201 0.8757 1.2901 0.1442 0.8807 
4.4201 0.8757 1.2901 0.1442 0.8807 
4.4101 0.8781 1.3101 0.1135 0.8713 
4.4301 0.8821 1.3101 0.1101 0.8976 
4.4201 0.8757 1.2901 0.1442 0.8807 
4.4001 0.8863 1.2701 0.1670 0.8443 
4.4101 0.8781 1.3101 0.1135 0.8713 
4.4001 0.8863 1.2701 0.1670 0.8443 
4.3901 0.8795 1.2901 0.1425 0.8379 
4.4101 0.8781 1.3101 0.1135 0.8713 
4.4366 0.8901 1.2701 0.1623 0.8921 
4.4401 0.8830 1.2901 0.1377 0.9053 
4.4501 0.8812 1.3001 0.1240 0.9227 
4.4201 0.8862 1.2701 0.1662 0.8714 
4.4201 0.8757 1.2901 0.1442 0.8807 
4.4401 0.8830 1.2901 0.1377 0.9053 
4.4201 0.8862 1.2701 0.1662 0.8714 
4.4001 0.8863 1.2701 0.1670 0.8443 
4.4201 0.8757 1.2901 0.1442 0.8807 
4.4501 0.8879 1.2701 0.1635 0.9111 
4.4366 0.8901 1.2701 0.1623 0.8921 
4.4501 0.8812 1.3001 0.1240 0.9227 
4.4601 0.8967 1.2601 0.1710 0.9179 
4.4301 0.8901 1.2601 0.1778 0.8807 
4.4366 0.8901 1.2701 0.1623 0.8921 
4.4501 0.8879 1.2701 0.1635 0.9111 
4.4601 0.8967 1.2601 0.1710 0.9179 
4.4366 0.8901 1.2701 0.1623 0.8921 
4.4401 0.8830 1.2901 0.1377 0.9053 
4.4366 0.8901 1.2701 0.1623 0.8921 
4.4301 0.8901 1.2601 0.1778 0.8807 
4.4366 0.8901 1.2701 0.1623 0.8921 
4.4301 0.8901 1.2601 0.1778 0.8807 
4.4301 0.8901 1.2601 0.1778 0.8807 
4.4301 0.8901 1.2601 0.1778 0.8807 
4.4201 0.8862 1.2701 0.1662 0.8714 
4.4401 0.8830 1.2901 0.1377 0.9053 
4.4301 0.8901 1.2601 0.1778 0.8807 
4.4201 0.8862 1.2701 0.1662 0.8714 
4.4301 0.8901 1.2601 0.1778 0.8807 
4.4301 0.8901 1.2601 0.1778 0.8807 
4.4201 0.8927 1.2601 0.1760 0.8663 
4.4201 0.8862 1.2701 0.1662 0.8714 
4.4201 0.8862 1.2701 0.1662 0.8714 
4.4201 0.8927 1.2601 0.1760 0.8663 
4.4001 0.8863 1.2701 0.1670 0.8443 
4.4401 0.8997 1.2501 0.1844 0.8876 
4.4301 0.8901 1.2601 0.1778 0.8807 
4.4601 0.8967 1.2601 0.1710 0.9179 
4.4601 0.8965 1.2501 0.1863 0.9151 
4.4401 0.8997 1.2501 0.1844 0.8876 
4.4601 0.8967 1.2601 0.1710 0.9179 
4.4301 0.8901 1.2601 0.1778 0.8807 
4.4401 0.8997 1.2501 0.1844 0.8876 
4.4301 0.8953 1.2501 0.1887 0.8761 
4.4301 0.8901 1.2601 0.1778 0.8807 
4.4301 0.8953 1.2501 0.1887 0.8761 
4.4301 0.8901 1.2601 0.1778 0.8807 
4.4301 0.8901 1.2601 0.1778 0.8807 
4.4301 0.8953 1.2501 0.1887 0.8761 
4.4201 0.8927 1.2601 0.1760 0.8663 
4.4301 0.8901 1.2601 0.1778 0.8807 
4.4201 0.8927 1.2601 0.1760 0.8663 
4.4301 0.8901 1.2601 0.1778 0.8807 
4.4201 0.8927 1.2601 0.1760 0.8663 
4.4001 0.9001 1.2539 0.1801 0.8357 
4.4001 0.8863 1.2701 0.1670 0.8443 
4.4001 0.8863 1.2701 0.1670 0.8443 
4.4001 0.9001 1.2539 0.1801 0.8357 
4.3801 0.8901 1.2678 0.1682 0.8155 
4.4301 0.8901 1.2601 0.1778 0.8807 
4.4301 0.8901 1.2601 0.1778 0.8807 
4.4301 0.8901 1.2601 0.1778 0.8807 
4.4301 0.8901 1.2601 0.1778 0.8807 
4.4301 0.8901 1.2601 0.1778 0.8807 
4.4301 0.8901 1.2601 0.1778 0.8807 
4.4701 0.9001 1.2501 0.1828 0.9268 
4.4801 0.8940 1.2501 0.1875 0.9424 
4.4701 0.8997 1.2401 0.1982 0.9240 
4.4701 0.9001 1.2501 0.1828 0.9268 
4.4701 0.9001 1.2501 0.1828 0.9268 
4.4801 0.8940 1.2501 0.1875 0.9424 
4.4701 0.9001 1.2501 0.1828 0.9268 
4.4701 0.8997 1.2401 0.1982 0.9240 
4.4601 0.8965 1.2501 0.1863 0.9151 
4.4701 0.9001 1.2501 0.1828 0.9268 
4.4701 0.9001 1.2501 0.1828 0.9268 
4.4701 0.8997 1.2401 0.1982 0.9240 
4.3901 0.8795 1.2901 0.1425 0.8379 
4.3701 0.8751 1.3001 0.1317 0.8141 
4.3901 0.8763 1.3101 0.1155 0.8440 
4.3801 0.8901 1.2678 0.1682 0.8155 
4.3901 0.8795 1.2901 0.1425 0.8379 
4.4001 0.8863 1.2701 0.1670 0.8443 
4.3601 0.8895 1.2601 0.1814 0.7872 
4.3701 0.8751 1.3001 0.1317 0.8141 
4.3901 0.8795 1.2901 0.1425 0.8379 
4.3801 0.8901 1.2678 0.1682 0.8155 
4.3601 0.8895 1.2601 0.1814 0.7872 
4.3901 0.8795 1.2901 0.1425 0.8379 
4.3701 0.8751 1.3001 0.1317 0.8141 
4.3601 0.8895 1.2601 0.1814 0.7872 
4.3501 0.8848 1.2601 0.1859 0.7752 
4.3701 0.8751 1.3001 0.1317 0.8141 
4.3501 0.8848 1.2601 0.1859 0.7752 
4.3501 0.8724 1.2901 0.1499 0.7850 
4.3501 0.8724 1.2901 0.1499 0.7850 
4.3501 0.8848 1.2601 0.1859 0.7752 
4.3401 0.8864 1.2701 0.1695 0.7631 
4.3801 0.8901 1.2678 0.1682 0.8155 
4.3701 0.8901 1.2601 0.1804 0.8004 
4.3601 0.8895 1.2601 0.1814 0.7872 
4.3801 0.8901 1.2678 0.1682 0.8155 
4.3701 0.8901 1.2601 0.1804 0.8004 
4.3701 0.8901 1.2601 0.1804 0.8004 
4.4001 0.9001 1.2539 0.1801 0.8357 
4.3901 0.9001 1.2501 0.1863 0.8216 
4.3801 0.8901 1.2678 0.1682 0.8155 
4.3901 0.9001 1.2501 0.1863 0.8216 
4.3801 0.9001 1.2501 0.1867 0.8085 
4.3801 0.8901 1.2678 0.1682 0.8155 
4.3901 0.9001 1.2501 0.1863 0.8216 
4.3801 0.9001 1.2501 0.1867 0.8085 
4.3801 0.9001 1.2501 0.1867 0.8085 
4.3801 0.8901 1.2678 0.1682 0.8155 
4.3801 0.9001 1.2501 0.1867 0.8085 
4.3701 0.8952 1.2501 0.1914 0.7968 
4.3701 0.8901 1.2601 0.1804 0.8004 
4.3801 0.8901 1.2678 0.1682 0.8155 
4.3701 0.8952 1.2501 0.1914 0.7968 
4.3701 0.8901 1.2601 0.1804 0.8004 
4.3701 0.8952 1.2501 0.1914 0.7968 
4.3701 0.8901 1.2601 0.1804 0.8004 
4.3601 0.8895 1.2601 0.1814 0.7872 
4.3701 0.8901 1.2601 0.1804 0.8004 
4.3501 0.9004 1.2401 0.2031 0.7669 
4.3501 0.9004 1.2401 0.2031 0.7669 
4.3701 0.8901 1.2601 0.1804 0.8004 
4.3701 0.8952 1.2501 0.1914 0.7968 
4.3501 0.8848 1.2601 0.1859 0.7752 
4.3601 0.8895 1.2601 0.1814 0.7872 
4.3501 0.9004 1.2401 0.2031 0.7669 
4.3701 0.8901 1.2601 0.1804 0.8004 
4.3701 0.8901 1.2601 0.1804 0.8004 
4.3701 0.8901 1.2601 0.1804 0.8004 
4.3701 0.8901 1.2601 0.1804 0.8004 
4.3701 0.8901 1.2601 0.1804 0.8004 
4.3601 0.8895 1.2601 0.1814 0.7872 
4.3501 0.8724 1.2901 0.1499 0.7850 
4.3201 0.8715 1.2901 0.1519 0.7434 
4.3301 0.8753 1.3101 0.1185 0.7600 
4.3201 0.8715 1.2901 0.1519 0.7434 
4.3001 0.8840 1.3001 0.1277 0.7138 
4.3301 0.8753 1.3101 0.1185 0.7600 
4.3201 0.8715 1.2901 0.1519 0.7434 
4.3001 0.8836 1.2901 0.1429 0.7124 
4.3001 0.8840 1.3001 0.1277 0.7138 
4.3501 0.8724 1.2901 0.1499 0.7850 
4.3301 0.8753 1.3101 0.1185 0.7600 
4.3401 0.8784 1.3201 0.1024 0.7751 
4.3101 0.8861 1.2801 0.1557 0.7240 
4.3201 0.8715 1.2901 0.1519 0.7434 
4.3301 0.8785 1.2801 0.1611 0.7535 
4.3301 0.8785 1.2801 0.1611 0.7535 
4.3201 0.8715 1.2901 0.1519 0.7434 
4.3501 0.8724 1.2901 0.1499 0.7850 
4.3401 0.8864 1.2701 0.1695 0.7631 
4.3301 0.8785 1.2801 0.1611 0.7535 
4.3501 0.8724 1.2901 0.1499 0.7850 
4.3101 0.8861 1.2801 0.1557 0.7240 
4.3001 0.8836 1.2901 0.1429 0.7124 
4.3201 0.8715 1.2901 0.1519 0.7434 
4.3301 0.9013 1.2601 0.1728 0.7437 
4.3301 0.8785 1.2801 0.1611 0.7535 
4.3401 0.8864 1.2701 0.1695 0.7631 
4.3301 0.8785 1.2801 0.1611 0.7535 
4.3301 0.9013 1.2601 0.1728 0.7437 
4.3201 0.8864 1.2701 0.1704 0.7359 
4.3101 0.8861 1.2801 0.1557 0.7240 
4.3301 0.8785 1.2801 0.1611 0.7535 
4.3201 0.8864 1.2701 0.1704 0.7359 
4.3101 0.8861 1.2801 0.1557 0.7240 
4.3001 0.8888 1.2701 0.1692 0.7081 
4.3001 0.8836 1.2901 0.1429 0.7124 
4.3201 0.8864 1.2701 0.1704 0.7359 
4.3001 0.8888 1.2701 0.1692 0.7081 
4.3101 0.8861 1.2801 0.1557 0.7240 
4.3001 0.8838 1.2501 0.2046 0.7065 
4.3201 0.8864 1.2701 0.1704 0.7359 
4.3301 0.9013 1.2601 0.1728 0.7437 
4.2901 0.8852 1.2601 0.1883 0.6940 
4.3001 0.8888 1.2701 0.1692 0.7081 
4.3001 0.8838 1.2501 0.2046 0.7065 
4.3001 0.8888 1.2701 0.1692 0.7081 
4.3201 0.8864 1.2701 0.1704 0.7359 
4.3001 0.8838 1.2501 0.2046 0.7065 
4.3401 0.8864 1.2701 0.1695 0.7631 
4.3501 0.8848 1.2601 0.1859 0.7752 
4.3501 0.9004 1.2401 0.2031 0.7669 
4.3401 0.8864 1.2701 0.1695 0.7631 
4.3501 0.9004 1.2401 0.2031 0.7669 
4.3301 0.9013 1.2601 0.1728 0.7437 
4.3201 0.9011 1.2501 0.1886 0.7289 
4.3001 0.8838 1.2501 0.2046 0.7065 
4.3301 0.9013 1.2601 0.1728 0.7437 
4.3801 0.9001 1.2501 0.1867 0.8085 
4.3801 0.9001 1.2501 0.1867 0.8085 
4.3801 0.9001 1.2501 0.1867 0.8085 
4.3801 0.9001 1.2501 0.1867 0.8085 
4.3701 0.8997 1.2401 0.2027 0.7934 
4.3701 0.8952 1.2501 0.1914 0.7968 
4.3801 0.9001 1.2501 0.1867 0.8085 
4.3701 0.8997 1.2401 0.2027 0.7934 
4.3801 0.9001 1.2501 0.1867 0.8085 
4.3701 0.8997 1.2401 0.2027 0.7934 
4.3501 0.9004 1.2401 0.2031 0.7669 
4.3701 0.8952 1.2501 0.1914 0.7968 
4.3201 0.9011 1.2501 0.1886 0.7289 
4.3301 0.9013 1.2601 0.1728 0.7437 
4.3501 0.9004 1.2401 0.2031 0.7669 
4.2101 0.8661 1.3601 0.0744 0.5947 
4.2301 0.8720 1.3501 0.0777 0.6225 
4.2101 0.8748 1.3401 0.0852 0.5919 
4.2101 0.8661 1.3601 0.0744 0.5947 
4.2001 0.8687 1.3401 0.0883 0.5782 
4.1901 0.8715 1.3501 0.0785 0.5637 
4.2101 0.8661 1.3601 0.0744 0.5947 
4.2101 0.8748 1.3401 0.0852 0.5919 
4.2001 0.8687 1.3401 0.0883 0.5782 
4.2601 0.8801 1.3401 0.0818 0.6635 
4.2601 0.8760 1.3501 0.0762 0.6656 
4.2801 0.8726 1.3301 0.0953 0.6927 
4.2601 0.8801 1.3401 0.0818 0.6635 
4.2501 0.8746 1.3301 0.0951 0.6491 
4.2601 0.8760 1.3501 0.0762 0.6656 
4.2801 0.8726 1.3301 0.0953 0.6927 
4.2501 0.8746 1.3301 0.0951 0.6491 
4.2601 0.8801 1.3401 0.0818 0.6635 
4.2701 0.8737 1.3201 0.1078 0.6768 
4.2501 0.8746 1.3301 0.0951 0.6491 
4.2801 0.8726 1.3301 0.0953 0.6927 
4.2701 0.8737 1.3201 0.1078 0.6768 
4.2401 0.8770 1.3301 0.0940 0.6342 
4.2501 0.8746 1.3301 0.0951 0.6491 
4.2701 0.8737 1.3201 0.1078 0.6768 
4.2801 0.8726 1.3301 0.0953 0.6927 
4.2901 0.8720 1.3201 0.1082 0.7058 
4.2901 0.8720 1.3201 0.1082 0.7058 
4.3001 0.8840 1.3001 0.1277 0.7138 
4.2901 0.8796 1.3001 0.1314 0.7009 
4.2801 0.8828 1.3101 0.1150 0.6875 
4.2901 0.8720 1.3201 0.1082 0.7058 
4.2901 0.8796 1.3001 0.1314 0.7009 
4.2801 0.8828 1.3101 0.1150 0.6875 
4.2701 0.8737 1.3201 0.1078 0.6768 
4.2901 0.8720 1.3201 0.1082 0.7058 
4.2801 0.8828 1.3101 0.1150 0.6875 
4.2701 0.8775 1.3001 0.1338 0.6734 
4.2701 0.8737 1.3201 0.1078 0.6768 
4.2701 0.8775 1.3001 0.1338 0.6734 
4.2601 0.8794 1.3001 0.1328 0.6589 
4.2701 0.8737 1.3201 0.1078 0.6768 
4.2501 0.8743 1.3101 0.1223 0.6470 
4.2401 0.8770 1.3301 0.0940 0.6342 
4.2701 0.8737 1.3201 0.1078 0.6768 
4.2601 0.8794 1.3001 0.1328 0.6589 
4.2501 0.8743 1.3101 0.1223 0.6470 
4.2701 0.8737 1.3201 0.1078 0.6768 
4.2801 0.8828 1.3101 0.1150 0.6875 
4.2901 0.8796 1.3001 0.1314 0.7009 
4.2701 0.8775 1.3001 0.1338 0.6734 
4.2501 0.8746 1.3301 0.0951 0.6491 
4.2301 0.8720 1.3501 0.0777 0.6225 
4.2601 0.8760 1.3501 0.0762 0.6656 
4.2501 0.8746 1.3301 0.0951 0.6491 
4.2201 0.8732 1.3201 0.1099 0.6052 
4.2301 0.8720 1.3501 0.0777 0.6225 
4.2201 0.8732 1.3201 0.1099 0.6052 
4.2101 0.8748 1.3401 0.0852 0.5919 
4.2301 0.8720 1.3501 0.0777 0.6225 
4.2201 0.8732 1.3201 0.1099 0.6052 
4.2501 0.8746 1.3301 0.0951 0.6491 
4.2401 0.8770 1.3301 0.0940 0.6342 
4.2401 0.8770 1.3301 0.0940 0.6342 
4.2301 0.8733 1.3101 0.1238 0.6187 
4.2201 0.8732 1.3201 0.1099 0.6052 
4.2101 0.8782 1.3001 0.1358 0.5888 
4.2001 0.8687 1.3401 0.0883 0.5782 
4.2101 0.8748 1.3401 0.0852 0.5919 
4.2201 0.8732 1.3201 0.1099 0.6052 
4.2101 0.8782 1.3001 0.1358 0.5888 
4.2101 0.8748 1.3401 0.0852 0.5919 
4.2301 0.8705 1.2901 0.1566 0.6175 
4.2401 0.8770 1.3301 0.0940 0.6342 
4.2501 0.8743 1.3101 0.1223 0.6470 
4.2301 0.8705 1.2901 0.1566 0.6175 
4.2301 0.8733 1.3101 0.1238 0.6187 
4.2401 0.8770 1.3301 0.0940 0.6342 
4.2201 0.8867 1.3001 0.1288 0.6016 
4.2301 0.8733 1.3101 0.1238 0.6187 
4.2301 0.8705 1.2901 0.1566 0.6175 
4.2301 0.8733 1.3101 0.1238 0.6187 
4.2101 0.8782 1.3001 0.1358 0.5888 
4.2201 0.8732 1.3201 0.1099 0.6052 
4.2201 0.8867 1.3001 0.1288 0.6016 
4.2101 0.8782 1.3001 0.1358 0.5888 
4.2301 0.8733 1.3101 0.1238 0.6187 
4.1701 0.8484 1.3701 0.0741 0.5372 
4.1601 0.8535 1.3701 0.0736 0.5214 
4.1801 0.8540 1.3701 0.0735 0.5518 
4.1801 0.8540 1.3701 0.0735 0.5518 
4.1901 0.8590 1.3601 0.0759 0.5658 
4.1701 0.8484 1.3701 0.0741 0.5372 
4.1701 0.8484 1.3701 0.0741 0.5372 
4.1401 0.8573 1.3601 0.0770 0.4907 
4.1601 0.8535 1.3701 0.0736 0.5214 
4.1701 0.8633 1.3501 0.0818 0.5351 
4.1901 0.8590 1.3601 0.0759 0.5658 
4.1901 0.8715 1.3501 0.0785 0.5637 
4.1901 0.8590 1.3601 0.0759 0.5658 
4.1701 0.8633 1.3501 0.0818 0.5351 
4.1701 0.8484 1.3701 0.0741 0.5372 
4.1701 0.8484 1.3701 0.0741 0.5372 
4.1701 0.8633 1.3501 0.0818 0.5351 
4.1401 0.8573 1.3601 0.0770 0.4907 
4.1401 0.8573 1.3601 0.0770 0.4907 
4.1301 0.8540 1.3401 0.0989 0.4762 
4.1201 0.8502 1.3501 0.0892 0.4611 
4.1101 0.8458 1.3601 0.0815 0.4456 
4.1201 0.8502 1.3501 0.0892 0.4611 
4.1101 0.8559 1.3401 0.0983 0.4463 
4.1101 0.8559 1.3401 0.0983 0.4463 
4.1001 0.8453 1.3501 0.0925 0.4309 
4.1101 0.8458 1.3601 0.0815 0.4456 
4.1301 0.8491 1.3701 0.0742 0.4758 
4.1101 0.8458 1.3601 0.0815 0.4456 
4.1101 0.8486 1.3701 0.0745 0.4451 
4.1101 0.8458 1.3601 0.0815 0.4456 
4.1001 0.8453 1.3501 0.0925 0.4309 
4.1101 0.8486 1.3701 0.0745 0.4451 
4.1401 0.8573 1.3601 0.0770 0.4907 
4.1201 0.8502 1.3501 0.0892 0.4611 
4.1301 0.8491 1.3701 0.0742 0.4758 
4.1301 0.8491 1.3701 0.0742 0.4758 
4.1201 0.8502 1.3501 0.0892 0.4611 
4.1101 0.8458 1.3601 0.0815 0.4456 
4.1901 0.8715 1.3501 0.0785 0.5637 
4.2001 0.8687 1.3401 0.0883 0.5782 
4.1801 0.8741 1.3201 0.1107 0.5476 
4.1901 0.8715 1.3501 0.0785 0.5637 
4.1801 0.8741 1.3201 0.1107 0.5476 
4.1801 0.8697 1.3301 0.1002 0.5485 
4.1901 0.8715 1.3501 0.0785 0.5637 
4.1801 0.8697 1.3301 0.1002 0.5485 
4.1701 0.8633 1.3501 0.0818 0.5351 
4.1801 0.8697 1.3301 0.1002 0.5485 
4.1501 0.8653 1.3301 0.1041 0.5051 
4.1701 0.8633 1.3501 0.0818 0.5351 
4.2101 0.8782 1.3001 0.1358 0.5888 
4.1801 0.8741 1.3201 0.1107 0.5476 
4.2001 0.8687 1.3401 0.0883 0.5782 
4.1801 0.8697 1.3301 0.1002 0.5485 
4.1601 0.8660 1.3101 0.1322 0.5194 
4.1501 0.8653 1.3301 0.1041 0.5051 
4.1801 0.8697 1.3301 0.1002 0.5485 
4.1801 0.8741 1.3201 0.1107 0.5476 
4.1601 0.8660 1.3101 0.1322 0.5194 
4.1901 0.8801 1.2995 0.1359 0.5604 
4.1801 0.8741 1.3201 0.1107 0.5476 
4.2101 0.8782 1.3001 0.1358 0.5888 
4.1901 0.8801 1.2995 0.1359 0.5604 
4.1779 0.8701 1.3001 0.1436 0.5443 
4.1801 0.8741 1.3201 0.1107 0.5476 
4.1779 0.8701 1.3001 0.1436 0.5443 
4.1601 0.8627 1.3001 0.1504 0.5196 
4.1801 0.8741 1.3201 0.1107 0.5476 
4.1801 0.8741 1.3201 0.1107 0.5476 
4.1601 0.8627 1.3001 0.1504 0.5196 
4.1601 0.8660 1.3101 0.1322 0.5194 
4.1401 0.8601 1.3101 0.1378 0.4910 
4.1501 0.8653 1.3301 0.1041 0.5051 
4.1601 0.8660 1.3101 0.1322 0.5194 
4.2101 0.8782 1.3001 0.1358 0.5888 
4.2001 0.8824 1.3001 0.1329 0.5742 
4.1901 0.8801 1.2995 0.1359 0.5604 
4.1601 0.8660 1.3101 0.1322 0.5194 
4.1601 0.8627 1.3001 0.1504 0.5196 
4.1401 0.8601 1.3101 0.1378 0.4910 
4.1401 0.8656 1.3401 0.0916 0.4903 
4.1401 0.8573 1.3601 0.0770 0.4907 
4.1701 0.8633 1.3501 0.0818 0.5351 
4.1501 0.8653 1.3301 0.1041 0.5051 
4.1401 0.8656 1.3401 0.0916 0.4903 
4.1701 0.8633 1.3501 0.0818 0.5351 
4.1401 0.8573 1.3601 0.0770 0.4907 
4.1401 0.8656 1.3401 0.0916 0.4903 
4.1301 0.8540 1.3401 0.0989 0.4762 
4.1301 0.8540 1.3401 0.0989 0.4762 
4.1201 0.8660 1.3401 0.0920 0.4608 
4.1201 0.8502 1.3501 0.0892 0.4611 
4.1201 0.8660 1.3401 0.0920 0.4608 
4.1101 0.8559 1.3401 0.0983 0.4463 
4.1201 0.8502 1.3501 0.0892 0.4611 
4.1501 0.8653 1.3301 0.1041 0.5051 
4.1301 0.8454 1.3301 0.1190 0.4768 
4.1401 0.8656 1.3401 0.0916 0.4903 
4.1401 0.8656 1.3401 0.0916 0.4903 
4.1301 0.8454 1.3301 0.1190 0.4768 
4.1301 0.8540 1.3401 0.0989 0.4762 
4.1201 0.8489 1.3201 0.1321 0.4621 
4.1201 0.8660 1.3401 0.0920 0.4608 
4.1301 0.8540 1.3401 0.0989 0.4762 
4.1201 0.8489 1.3201 0.1321 0.4621 
4.1301 0.8540 1.3401 0.0989 0.4762 
4.1301 0.8454 1.3301 0.1190 0.4768 
4.1201 0.8660 1.3401 0.0920 0.4608 
4.1201 0.8489 1.3201 0.1321 0.4621 
4.1001 0.8392 1.3301 0.1250 0.4321 
4.1201 0.8660 1.3401 0.0920 0.4608 
4.1001 0.8392 1.3301 0.1250 0.4321 
4.1101 0.8559 1.3401 0.0983 0.4463 
4.1501 0.8653 1.3301 0.1041 0.5051 
4.1201 0.8489 1.3201 0.1321 0.4621 
4.1301 0.8454 1.3301 0.1190 0.4768 
4.1501 0.8653 1.3301 0.1041 0.5051 
4.1401 0.8601 1.3101 0.1378 0.4910 
4.1201 0.8489 1.3201 0.1321 0.4621 
4.1101 0.8523 1.3201 0.1297 0.4472 
4.1201 0.8489 1.3201 0.1321 0.4621 
4.0901 0.8501 1.3073 0.1527 0.4186 
4.1101 0.8577 1.2901 0.1731 0.4483 
4.1201 0.8489 1.3201 0.1321 0.4621 
4.1401 0.8601 1.3101 0.1378 0.4910 
4.1301 0.8601 1.2909 0.1689 0.4768 
4.1101 0.8577 1.2901 0.1731 0.4483 
4.1401 0.8601 1.3101 0.1378 0.4910 
4.1101 0.8559 1.3401 0.0983 0.4463 
4.1001 0.8392 1.3301 0.1250 0.4321 
4.1001 0.8453 1.3501 0.0925 0.4309 
4.1101 0.8523 1.3201 0.1297 0.4472 
4.1001 0.8392 1.3301 0.1250 0.4321 
4.1201 0.8489 1.3201 0.1321 0.4621 
4.1101 0.8523 1.3201 0.1297 0.4472 
4.0901 0.8501 1.3073 0.1527 0.4186 
4.1001 0.8392 1.3301 0.1250 0.4321 
4.2901 0.8798 1.2801 0.1618 0.6980 
4.2901 0.8796 1.3001 0.1314 0.7009 
4.3001 0.8836 1.2901 0.1429 0.7124 
4.3001 0.8836 1.2901 0.1429 0.7124 
4.2901 0.8796 1.3001 0.1314 0.7009 
4.3001 0.8840 1.3001 0.1277 0.7138 
4.2701 0.8775 1.3001 0.1338 0.6734 
4.2901 0.8796 1.3001 0.1314 0.7009 
4.2901 0.8798 1.2801 0.1618 0.6980 
4.2701 0.8711 1.2901 0.1544 0.6736 
4.2601 0.8794 1.3001 0.1328 0.6589 
4.2701 0.8775 1.3001 0.1338 0.6734 
4.2501 0.8743 1.3101 0.1223 0.6470 
4.2601 0.8794 1.3001 0.1328 0.6589 
4.2401 0.8616 1.2901 0.1638 0.6332 
4.2701 0.8711 1.2901 0.1544 0.6736 
4.2601 0.8916 1.2701 0.1687 0.6532 
4.2601 0.8794 1.3001 0.1328 0.6589 
4.2601 0.8794 1.3001 0.1328 0.6589 
4.2601 0.8916 1.2701 0.1687 0.6532 
4.2401 0.8856 1.2701 0.1746 0.6270 
4.2801 0.8854 1.2701 0.1730 0.6817 
4.2701 0.8775 1.3001 0.1338 0.6734 
4.2901 0.8798 1.2801 0.1618 0.6980 
4.2801 0.8854 1.2701 0.1730 0.6817 
4.2701 0.8711 1.2901 0.1544 0.6736 
4.2701 0.8775 1.3001 0.1338 0.6734 
4.2401 0.8616 1.2901 0.1638 0.6332 
4.2601 0.8794 1.3001 0.1328 0.6589 
4.2401 0.8856 1.2701 0.1746 0.6270 
4.3001 0.8888 1.2701 0.1692 0.7081 
4.2901 0.8798 1.2801 0.1618 0.6980 
4.3001 0.8836 1.2901 0.1429 0.7124 
4.2801 0.8854 1.2701 0.1730 0.6817 
4.2901 0.8798 1.2801 0.1618 0.6980 
4.3001 0.8888 1.2701 0.1692 0.7081 
4.2801 0.8854 1.2701 0.1730 0.6817 
4.2601 0.8916 1.2701 0.1687 0.6532 
4.2701 0.8711 1.2901 0.1544 0.6736 
4.2901 0.8852 1.2601 0.1883 0.6940 
4.2801 0.8854 1.2701 0.1730 0.6817 
4.3001 0.8888 1.2701 0.1692 0.7081 
4.2901 0.8852 1.2601 0.1883 0.6940 
4.2601 0.8916 1.2701 0.1687 0.6532 
4.2801 0.8854 1.2701 0.1730 0.6817 
4.2901 0.8852 1.2601 0.1883 0.6940 
4.2601 0.8881 1.2501 0.2026 0.6517 
4.2601 0.8916 1.2701 0.1687 0.6532 
4.2401 0.8856 1.2701 0.1746 0.6270 
4.2601 0.8916 1.2701 0.1687 0.6532 
4.2401 0.8765 1.2601 0.1983 0.6277 
4.2601 0.8916 1.2701 0.1687 0.6532 
4.2601 0.8881 1.2501 0.2026 0.6517 
4.2401 0.8765 1.2601 0.1983 0.6277 
4.2901 0.8852 1.2601 0.1883 0.6940 
4.3001 0.8838 1.2501 0.2046 0.7065 
4.2901 0.8838 1.2501 0.2051 0.6930 
4.2601 0.8881 1.2501 0.2026 0.6517 
4.2901 0.8852 1.2601 0.1883 0.6940 
4.2601 0.8821 1.2401 0.2235 0.6519 
4.2401 0.8765 1.2601 0.1983 0.6277 
4.2601 0.8881 1.2501 0.2026 0.6517 
4.2401 0.8820 1.2501 0.2090 0.6259 
4.2201 0.8762 1.2901 0.1523 0.6025 
4.2101 0.8782 1.3001 0.1358 0.5888 
4.2201 0.8867 1.3001 0.1288 0.6016 
4.2201 0.8867 1.3001 0.1288 0.6016 
4.2301 0.8705 1.2901 0.1566 0.6175 
4.2201 0.8762 1.2901 0.1523 0.6025 
4.2101 0.8782 1.3001 0.1358 0.5888 
4.2201 0.8762 1.2901 0.1523 0.6025 
4.2001 0.8762 1.2801 0.1688 0.5740 
4.2001 0.8762 1.2801 0.1688 0.5740 
4.2001 0.8824 1.3001 0.1329 0.5742 
4.2101 0.8782 1.3001 0.1358 0.5888 
4.2301 0.8705 1.2901 0.1566 0.6175 
4.2501 0.8743 1.3101 0.1223 0.6470 
4.2401 0.8616 1.2901 0.1638 0.6332 
4.2401 0.8616 1.2901 0.1638 0.6332 
4.2401 0.8856 1.2701 0.1746 0.6270 
4.2301 0.8705 1.2901 0.1566 0.6175 
4.2301 0.8705 1.2901 0.1566 0.6175 
4.2401 0.8856 1.2701 0.1746 0.6270 
4.2201 0.8762 1.2901 0.1523 0.6025 
4.2401 0.8856 1.2701 0.1746 0.6270 
4.2101 0.8824 1.2701 0.1787 0.5864 
4.2201 0.8762 1.2901 0.1523 0.6025 
4.2201 0.8762 1.2901 0.1523 0.6025 
4.1901 0.8755 1.2701 0.1857 0.5597 
4.2001 0.8762 1.2801 0.1688 0.5740 
4.2101 0.8824 1.2701 0.1787 0.5864 
4.1901 0.8755 1.2701 0.1857 0.5597 
4.2201 0.8762 1.2901 0.1523 0.6025 
4.2301 0.8807 1.2601 0.1949 0.6133 
4.2401 0.8856 1.2701 0.1746 0.6270 
4.2401 0.8765 1.2601 0.1983 0.6277 
4.2101 0.8824 1.2701 0.1787 0.5864 
4.2401 0.8856 1.2701 0.1746 0.6270 
4.2301 0.8807 1.2601 0.1949 0.6133 
4.2301 0.8807 1.2601 0.1949 0.6133 
4.2201 0.8776 1.2501 0.2139 0.5995 
4.2101 0.8824 1.2701 0.1787 0.5864 
4.1901 0.8755 1.2701 0.1857 0.5597 
4.2201 0.8776 1.2501 0.2139 0.5995 
4.1901 0.8775 1.2501 0.2155 0.5587 
4.2101 0.8824 1.2701 0.1787 0.5864 
4.2201 0.8776 1.2501 0.2139 0.5995 
4.1901 0.8755 1.2701 0.1857 0.5597 
4.2201 0.8776 1.2501 0.2139 0.5995 
4.2301 0.8807 1.2601 0.1949 0.6133 
4.2401 0.8820 1.2501 0.2090 0.6259 
4.2401 0.8820 1.2501 0.2090 0.6259 
4.2301 0.8807 1.2601 0.1949 0.6133 
4.2401 0.8765 1.2601 0.1983 0.6277 
4.2601 0.8821 1.2401 0.2235 0.6519 
4.2401 0.8820 1.2501 0.2090 0.6259 
4.2601 0.8881 1.2501 0.2026 0.6517 
4.1901 0.8801 1.2995 0.1359 0.5604 
4.2001 0.8824 1.3001 0.1329 0.5742 
4.1801 0.8701 1.2901 0.1591 0.5471 
4.1901 0.8801 1.2995 0.1359 0.5604 
4.1801 0.8701 1.2901 0.1591 0.5471 
4.1801 0.8701 1.2901 0.1591 0.5471 
4.1901 0.8801 1.2995 0.1359 0.5604 
4.1801 0.8701 1.2901 0.1591 0.5471 
4.1779 0.8701 1.3001 0.1436 0.5443 
4.1801 0.8701 1.2901 0.1591 0.5471 
4.1801 0.8701 1.2901 0.1591 0.5471 
4.1801 0.8701 1.2901 0.1591 0.5471 
4.1779 0.8701 1.3001 0.1436 0.5443 
4.1801 0.8701 1.2901 0.1591 0.5471 
4.1601 0.8627 1.3001 0.1504 0.5196 
4.1779 0.8701 1.3001 0.1436 0.5443 
4.1801 0.8701 1.2901 0.1591 0.5471 
4.1801 0.8701 1.2901 0.1591 0.5471 
4.1801 0.8701 1.2901 0.1591 0.5471 
4.1601 0.8683 1.2801 0.1775 0.5188 
4.1601 0.8627 1.3001 0.1504 0.5196 
4.1601 0.8683 1.2801 0.1775 0.5188 
4.1401 0.8658 1.2901 0.1646 0.4908 
4.1601 0.8627 1.3001 0.1504 0.5196 
4.2001 0.8762 1.2801 0.1688 0.5740 
4.1801 0.8701 1.2901 0.1591 0.5471 
4.2001 0.8824 1.3001 0.1329 0.5742 
4.1801 0.8775 1.2801 0.1685 0.5459 
4.1801 0.8701 1.2901 0.1591 0.5471 
4.2001 0.8762 1.2801 0.1688 0.5740 
4.1801 0.8775 1.2801 0.1685 0.5459 
4.1801 0.8701 1.2901 0.1591 0.5471 
4.1801 0.8701 1.2901 0.1591 0.5471 
4.1801 0.8775 1.2801 0.1685 0.5459 
4.1701 0.8674 1.2801 0.1778 0.5330 
4.1801 0.8701 1.2901 0.1591 0.5471 
4.1801 0.8701 1.2901 0.1591 0.5471 
4.1801 0.8701 1.2901 0.1591 0.5471 
4.1801 0.8701 1.2901 0.1591 0.5471 
4.1801 0.8701 1.2901 0.1591 0.5471 
4.1701 0.8674 1.2801 0.1778 0.5330 
4.1801 0.8701 1.2901 0.1591 0.5471 
4.1701 0.8674 1.2801 0.1778 0.5330 
4.1601 0.8683 1.2801 0.1775 0.5188 
4.1801 0.8701 1.2901 0.1591 0.5471 
4.1801 0.8775 1.2801 0.1685 0.5459 
4.2001 0.8762 1.2801 0.1688 0.5740 
4.1901 0.8755 1.2701 0.1857 0.5597 
4.1901 0.8755 1.2701 0.1857 0.5597 
4.1701 0.8674 1.2801 0.1778 0.5330 
4.1801 0.8775 1.2801 0.1685 0.5459 
4.1701 0.8674 1.2801 0.1778 0.5330 
4.1901 0.8755 1.2701 0.1857 0.5597 
4.1701 0.8675 1.2601 0.2098 0.5325 
4.1701 0.8675 1.2601 0.2098 0.5325 
4.1601 0.8683 1.2801 0.1775 0.5188 
4.1701 0.8674 1.2801 0.1778 0.5330 
4.1701 0.8675 1.2601 0.2098 0.5325 
4.1901 0.8755 1.2701 0.1857 0.5597 
4.1901 0.8775 1.2501 0.2155 0.5587 
4.1701 0.8675 1.2601 0.2098 0.5325 
4.1401 0.8766 1.2701 0.1870 0.4903 
4.1601 0.8683 1.2801 0.1775 0.5188 
4.1401 0.8658 1.2901 0.1646 0.4908 
4.1401 0.8601 1.3101 0.1378 0.4910 
4.1601 0.8627 1.3001 0.1504 0.5196 
4.1401 0.8601 1.3101 0.1378 0.4910 
4.1401 0.8658 1.2901 0.1646 0.4908 
4.1301 0.8601 1.2909 0.1689 0.4768 
4.1201 0.8601 1.2901 0.1705 0.4626 
4.1301 0.8601 1.2909 0.1689 0.4768 
4.1201 0.8601 1.2901 0.1705 0.4626 
4.1201 0.8601 1.2901 0.1705 0.4626 
4.1201 0.8601 1.2901 0.1705 0.4626 
4.1201 0.8601 1.2901 0.1705 0.4626 
4.1301 0.8601 1.2909 0.1689 0.4768 
4.1201 0.8601 1.2901 0.1705 0.4626 
4.1101 0.8577 1.2901 0.1731 0.4483 
4.1201 0.8601 1.2901 0.1705 0.4626 
4.1201 0.8601 1.2901 0.1705 0.4626 
4.1101 0.8577 1.2901 0.1731 0.4483 
4.1401 0.8766 1.2701 0.1870 0.4903 
4.1401 0.8658 1.2901 0.1646 0.4908 
4.1601 0.8683 1.2801 0.1775 0.5188 
4.1401 0.8658 1.2901 0.1646 0.4908 
4.1201 0.8617 1.2801 0.1853 0.4628 
4.1301 0.8601 1.2909 0.1689 0.4768 
4.1401 0.8658 1.2901 0.1646 0.4908 
4.1401 0.8766 1.2701 0.1870 0.4903 
4.1201 0.8617 1.2801 0.1853 0.4628 
4.1201 0.8617 1.2801 0.1853 0.4628 
4.1201 0.8601 1.2901 0.1705 0.4626 
4.1301 0.8601 1.2909 0.1689 0.4768 
4.1201 0.8617 1.2801 0.1853 0.4628 
4.1201 0.8601 1.2901 0.1705 0.4626 
4.1201 0.8601 1.2901 0.1705 0.4626 
4.1101 0.8577 1.2901 0.1731 0.4483 
4.1201 0.8601 1.2901 0.1705 0.4626 
4.1001 0.8600 1.2701 0.2041 0.4350 
4.1201 0.8601 1.2901 0.1705 0.4626 
4.1201 0.8617 1.2801 0.1853 0.4628 
4.1001 0.8600 1.2701 0.2041 0.4350 
4.1201 0.8617 1.2801 0.1853 0.4628 
4.1401 0.8766 1.2701 0.1870 0.4903 
4.1301 0.8657 1.2701 0.1973 0.4770 
4.1201 0.8617 1.2801 0.1853 0.4628 
4.1301 0.8657 1.2701 0.1973 0.4770 
4.1001 0.8600 1.2701 0.2041 0.4350 
4.1301 0.8657 1.2701 0.1973 0.4770 
4.1101 0.8662 1.2601 0.2138 0.4493 
4.1001 0.8600 1.2701 0.2041 0.4350 
4.0901 0.8455 1.3701 0.0752 0.4143 
4.1101 0.8486 1.3701 0.0745 0.4451 
4.1001 0.8453 1.3501 0.0925 0.4309 
4.0901 0.8384 1.3601 0.0853 0.4150 
4.0901 0.8455 1.3701 0.0752 0.4143 
4.1001 0.8453 1.3501 0.0925 0.4309 
4.0701 0.8483 1.3701 0.0749 0.3836 
4.0901 0.8455 1.3701 0.0752 0.4143 
4.0901 0.8384 1.3601 0.0853 0.4150 
4.0701 0.8356 1.3601 0.0872 0.3841 
4.0701 0.8483 1.3701 0.0749 0.3836 
4.0901 0.8384 1.3601 0.0853 0.4150 
4.0601 0.8417 1.3701 0.0764 0.3679 
4.0701 0.8483 1.3701 0.0749 0.3836 
4.0701 0.8356 1.3601 0.0872 0.3841 
4.0701 0.8356 1.3601 0.0872 0.3841 
4.0401 0.8304 1.3601 0.0909 0.3373 
4.0601 0.8417 1.3701 0.0764 0.3679 
4.0601 0.8417 1.3701 0.0764 0.3679 
4.0401 0.8304 1.3601 0.0909 0.3373 
4.0501 0.8503 1.3701 0.0747 0.3529 
4.0807 0.8401 1.3401 0.1100 0.4022 
4.0701 0.8356 1.3601 0.0872 0.3841 
4.0901 0.8384 1.3601 0.0853 0.4150 
4.0807 0.8401 1.3401 0.1100 0.4022 
4.0701 0.8415 1.3401 0.1094 0.3861 
4.0701 0.8356 1.3601 0.0872 0.3841 
4.0701 0.8356 1.3601 0.0872 0.3841 
4.0701 0.8415 1.3401 0.1094 0.3861 
4.0401 0.8304 1.3601 0.0909 0.3373 
4.0401 0.8304 1.3601 0.0909 0.3373 
4.0701 0.8415 1.3401 0.1094 0.3861 
4.0401 0.8301 1.3501 0.1042 0.3386 
4.0201 0.8445 1.3701 0.0763 0.3062 
4.0101 0.8433 1.3801 0.0734 0.2889 
4.0201 0.8308 1.3801 0.0745 0.3031 
4.0301 0.8257 1.3501 0.1078 0.3228 
4.0201 0.8445 1.3701 0.0763 0.3062 
4.0301 0.8470 1.3601 0.0827 0.3233 
4.0101 0.8444 1.3601 0.0844 0.2924 
4.0101 0.8433 1.3801 0.0734 0.2889 
4.0201 0.8445 1.3701 0.0763 0.3062 
4.0101 0.8444 1.3601 0.0844 0.2924 
4.0201 0.8445 1.3701 0.0763 0.3062 
4.0301 0.8257 1.3501 0.1078 0.3228 
3.9901 0.8462 1.3701 0.0762 0.2602 
4.0101 0.8433 1.3801 0.0734 0.2889 
4.0101 0.8444 1.3601 0.0844 0.2924 
4.0301 0.8470 1.3601 0.0827 0.3233 
4.0201 0.8445 1.3701 0.0763 0.3062 
4.0401 0.8304 1.3601 0.0909 0.3373 
4.0101 0.8444 1.3601 0.0844 0.2924 
4.0001 0.8276 1.3501 0.1075 0.2766 
3.9901 0.8462 1.3701 0.0762 0.2602 
4.0201 0.8465 1.3501 0.0943 0.3095 
4.0101 0.8461 1.3501 0.0948 0.2942 
4.0101 0.8444 1.3601 0.0844 0.2924 
4.0401 0.8301 1.3501 0.1042 0.3386 
4.0301 0.8257 1.3501 0.1078 0.3228 
4.0301 0.8470 1.3601 0.0827 0.3233 
4.0401 0.8304 1.3601 0.0909 0.3373 
4.0401 0.8301 1.3501 0.1042 0.3386 
4.0301 0.8470 1.3601 0.0827 0.3233 
4.0201 0.8465 1.3501 0.0943 0.3095 
4.0101 0.8444 1.3601 0.0844 0.2924 
4.0301 0.8257 1.3501 0.1078 0.3228 
4.0001 0.8276 1.3501 0.1075 0.2766 
4.0101 0.8444 1.3601 0.0844 0.2924 
4.0101 0.8461 1.3501 0.0948 0.2942 
4.0801 0.8501 1.3101 0.1487 0.4037 
4.0801 0.8501 1.3101 0.1487 0.4037 
4.0801 0.8501 1.3101 0.1487 0.4037 
4.0701 0.8526 1.3101 0.1470 0.3891 
4.0801 0.8501 1.3101 0.1487 0.4037 
4.0801 0.8501 1.3101 0.1487 0.4037 
4.0901 0.8501 1.3073 0.1527 0.4186 
4.0801 0.8501 1.3101 0.1487 0.4037 
4.0801 0.8501 1.3101 0.1487 0.4037 
4.0601 0.8659 1.2801 0.1843 0.3778 
4.0701 0.8526 1.3101 0.1470 0.3891 
4.0801 0.8501 1.3101 0.1487 0.4037 
4.0701 0.8526 1.3101 0.1470 0.3891 
4.0601 0.8659 1.2801 0.1843 0.3778 
4.0401 0.8478 1.3101 0.1525 0.3449 
4.0001 0.8460 1.3301 0.1237 0.2825 
4.0001 0.8703 1.3401 0.0931 0.2838 
4.0101 0.8271 1.3401 0.1228 0.2937 
4.0901 0.8404 1.3301 0.1245 0.4171 
4.0901 0.8517 1.3401 0.1017 0.4164 
4.1001 0.8453 1.3501 0.0925 0.4309 
4.0901 0.8404 1.3301 0.1245 0.4171 
4.1001 0.8453 1.3501 0.0925 0.4309 
4.1001 0.8392 1.3301 0.1250 0.4321 
4.0901 0.8404 1.3301 0.1245 0.4171 
4.0807 0.8401 1.3401 0.1100 0.4022 
4.0901 0.8517 1.3401 0.1017 0.4164 
4.0701 0.8415 1.3401 0.1094 0.3861 
4.0401 0.8318 1.3301 0.1336 0.3413 
4.0401 0.8301 1.3501 0.1042 0.3386 
4.0701 0.8415 1.3401 0.1094 0.3861 
4.0701 0.8526 1.3101 0.1470 0.3891 
4.0401 0.8318 1.3301 0.1336 0.3413 
4.0901 0.8404 1.3301 0.1245 0.4171 
4.1001 0.8392 1.3301 0.1250 0.4321 
4.0801 0.8428 1.3201 0.1388 0.4029 
4.0801 0.8428 1.3201 0.1388 0.4029 
4.0701 0.8526 1.3101 0.1470 0.3891 
4.0701 0.8415 1.3401 0.1094 0.3861 
4.0801 0.8428 1.3201 0.1388 0.4029 
4.0701 0.8415 1.3401 0.1094 0.3861 
4.0807 0.8401 1.3401 0.1100 0.4022 
4.0901 0.8404 1.3301 0.1245 0.4171 
4.0801 0.8428 1.3201 0.1388 0.4029 
4.0807 0.8401 1.3401 0.1100 0.4022 
4.0401 0.8318 1.3301 0.1336 0.3413 
4.0701 0.8526 1.3101 0.1470 0.3891 
4.0301 0.8297 1.3201 0.1524 0.3273 
4.0901 0.8501 1.3073 0.1527 0.4186 
4.0801 0.8428 1.3201 0.1388 0.4029 
4.1001 0.8392 1.3301 0.1250 0.4321 
4.0801 0.8501 1.3101 0.1487 0.4037 
4.0801 0.8428 1.3201 0.1388 0.4029 
4.0901 0.8501 1.3073 0.1527 0.4186 
4.0801 0.8501 1.3101 0.1487 0.4037 
4.0801 0.8501 1.3101 0.1487 0.4037 
4.0801 0.8428 1.3201 0.1388 0.4029 
4.0801 0.8428 1.3201 0.1388 0.4029 
4.0801 0.8501 1.3101 0.1487 0.4037 
4.0701 0.8526 1.3101 0.1470 0.3891 
4.0701 0.8526 1.3101 0.1470 0.3891 
4.0401 0.8478 1.3101 0.1525 0.3449 
4.0301 0.8297 1.3201 0.1524 0.3273 
4.0001 0.8276 1.3501 0.1075 0.2766 
4.0101 0.8271 1.3401 0.1228 0.2937 
4.0001 0.8703 1.3401 0.0931 0.2838 
4.0301 0.8278 1.3401 0.1213 0.3244 
4.0201 0.8465 1.3501 0.0943 0.3095 
4.0301 0.8257 1.3501 0.1078 0.3228 
4.0301 0.8278 1.3401 0.1213 0.3244 
4.0101 0.8271 1.3401 0.1228 0.2937 
4.0101 0.8461 1.3501 0.0948 0.2942 
4.0201 0.8465 1.3501 0.0943 0.3095 
4.0301 0.8278 1.3401 0.1213 0.3244 
4.0101 0.8461 1.3501 0.0948 0.2942 
4.0101 0.8461 1.3501 0.0948 0.2942 
4.0101 0.8271 1.3401 0.1228 0.2937 
4.0001 0.8276 1.3501 0.1075 0.2766 
4.0401 0.8301 1.3501 0.1042 0.3386 
4.0401 0.8301 1.3401 0.1191 0.3399 
4.0401 0.8301 1.3401 0.1191 0.3399 
4.0301 0.8278 1.3401 0.1213 0.3244 
4.0301 0.8257 1.3501 0.1078 0.3228 
4.0401 0.8301 1.3501 0.1042 0.3386 
4.0401 0.8301 1.3401 0.1191 0.3399 
4.0301 0.8278 1.3401 0.1213 0.3244 
4.0401 0.8301 1.3501 0.1042 0.3386 
4.0401 0.8301 1.3401 0.1191 0.3399 
4.0401 0.8301 1.3501 0.1042 0.3386 
4.0401 0.8318 1.3301 0.1336 0.3413 
4.0401 0.8301 1.3401 0.1191 0.3399 
4.0401 0.8318 1.3301 0.1336 0.3413 
4.0401 0.8301 1.3401 0.1191 0.3399 
4.0301 0.8278 1.3401 0.1213 0.3244 
4.0401 0.8301 1.3401 0.1191 0.3399 
4.0401 0.8318 1.3301 0.1336 0.3413 
4.0201 0.8402 1.3301 0.1276 0.3118 
4.0301 0.8278 1.3401 0.1213 0.3244 
4.0401 0.8318 1.3301 0.1336 0.3413 
4.0101 0.8330 1.3301 0.1340 0.2960 
4.0301 0.8278 1.3401 0.1213 0.3244 
4.0201 0.8402 1.3301 0.1276 0.3118 
4.0101 0.8330 1.3301 0.1340 0.2960 
4.0001 0.8460 1.3301 0.1237 0.2825 
4.0101 0.8271 1.3401 0.1228 0.2937 
4.0401 0.8301 1.3401 0.1191 0.3399 
4.0401 0.8301 1.3401 0.1191 0.3399 
4.0401 0.8301 1.3401 0.1191 0.3399 
4.0401 0.8301 1.3401 0.1191 0.3399 
4.0401 0.8301 1.3401 0.1191 0.3399 
4.0301 0.8278 1.3401 0.1213 0.3244 
4.0301 0.8278 1.3401 0.1213 0.3244 
4.0101 0.8330 1.3301 0.1340 0.2960 
4.0101 0.8271 1.3401 0.1228 0.2937 
4.0201 0.8352 1.3201 0.1480 0.3128 
4.0201 0.8402 1.3301 0.1276 0.3118 
4.0401 0.8318 1.3301 0.1336 0.3413 
4.0201 0.8352 1.3201 0.1480 0.3128 
4.0401 0.8318 1.3301 0.1336 0.3413 
4.0301 0.8297 1.3201 0.1524 0.3273 
4.0201 0.8402 1.3301 0.1276 0.3118 
4.0201 0.8352 1.3201 0.1480 0.3128 
4.0101 0.8330 1.3301 0.1340 0.2960 
3.9901 0.8332 1.3201 0.1511 0.2676 
4.0001 0.8460 1.3301 0.1237 0.2825 
4.0101 0.8330 1.3301 0.1340 0.2960 
4.0201 0.8352 1.3201 0.1480 0.3128 
4.0301 0.8297 1.3201 0.1524 0.3273 
4.0401 0.8478 1.3101 0.1525 0.3449 
4.0201 0.8352 1.3201 0.1480 0.3128 
4.0001 0.8363 1.3101 0.1645 0.2847 
4.0101 0.8330 1.3301 0.1340 0.2960 
4.0001 0.8363 1.3101 0.1645 0.2847 
3.9901 0.8332 1.3201 0.1511 0.2676 
4.0101 0.8330 1.3301 0.1340 0.2960 
4.0401 0.8574 1.2801 0.1930 0.3490 
4.0201 0.8352 1.3201 0.1480 0.3128 
4.0401 0.8478 1.3101 0.1525 0.3449 
4.0401 0.8574 1.2801 0.1930 0.3490 
4.0101 0.8546 1.3001 0.1642 0.3030 
4.0201 0.8352 1.3201 0.1480 0.3128 
4.0001 0.8363 1.3101 0.1645 0.2847 
4.0201 0.8352 1.3201 0.1480 0.3128 
4.0101 0.8546 1.3001 0.1642 0.3030 
3.9701 0.8501 1.3601 0.0827 0.2323 
3.9701 0.8501 1.3601 0.0827 0.2323 
3.9701 0.8501 1.3601 0.0827 0.2323 
3.9601 0.8534 1.3601 0.0816 0.2178 
3.9701 0.8501 1.3601 0.0827 0.2323 
3.9701 0.8501 1.3601 0.0827 0.2323 
3.9801 0.8501 1.3515 0.0917 0.2492 
3.9701 0.8601 1.3482 0.0902 0.2365 
3.9701 0.8501 1.3601 0.0827 0.2323 
3.9801 0.8501 1.3515 0.0917 0.2492 
3.9701 0.8501 1.3601 0.0827 0.2323 
3.9701 0.8501 1.3601 0.0827 0.2323 
3.9701 0.8601 1.3482 0.0902 0.2365 
3.9601 0.8499 1.3501 0.0941 0.2193 
3.9601 0.8534 1.3601 0.0816 0.2178 
3.9701 0.8601 1.3482 0.0902 0.2365 
3.9601 0.8534 1.3601 0.0816 0.2178 
3.9701 0.8501 1.3601 0.0827 0.2323 
3.9801 0.8457 1.3701 0.0765 0.2447 
3.9901 0.8363 1.3801 0.0740 0.2567 
3.9901 0.8462 1.3701 0.0762 0.2602 
3.9801 0.8457 1.3701 0.0765 0.2447 
3.9601 0.8336 1.3801 0.0746 0.2094 
3.9701 0.8377 1.3801 0.0739 0.2257 
3.9901 0.8363 1.3801 0.0740 0.2567 
3.9801 0.8457 1.3701 0.0765 0.2447 
3.9801 0.8323 1.3801 0.0746 0.2404 
3.9801 0.8323 1.3801 0.0746 0.2404 
3.9801 0.8457 1.3701 0.0765 0.2447 
3.9701 0.8377 1.3801 0.0739 0.2257 
3.9601 0.8336 1.3801 0.0746 0.2094 
3.9501 0.8448 1.3701 0.0772 0.1987 
3.9401 0.8391 1.3801 0.0739 0.1797 
3.9801 0.8457 1.3701 0.0765 0.2447 
3.9901 0.8462 1.3701 0.0762 0.2602 
3.9901 0.8269 1.3501 0.1084 0.2611 
3.9701 0.8501 1.3601 0.0827 0.2323 
3.9801 0.8457 1.3701 0.0765 0.2447 
3.9746 0.8401 1.3601 0.0874 0.2373 
3.9701 0.8501 1.3601 0.0827 0.2323 
3.9746 0.8401 1.3601 0.0874 0.2373 
3.9701 0.8501 1.3601 0.0827 0.2323 
3.9601 0.8336 1.3801 0.0746 0.2094 
3.9701 0.8501 1.3601 0.0827 0.2323 
3.9601 0.8534 1.3601 0.0816 0.2178 
3.9601 0.8336 1.3801 0.0746 0.2094 
3.9801 0.8457 1.3701 0.0765 0.2447 
3.9701 0.8501 1.3601 0.0827 0.2323 
3.9601 0.8534 1.3601 0.0816 0.2178 
3.9501 0.8448 1.3701 0.0772 0.1987 
3.9601 0.8336 1.3801 0.0746 0.2094 
3.9901 0.8269 1.3501 0.1084 0.2611 
3.9901 0.8462 1.3701 0.0762 0.2602 
4.0001 0.8276 1.3501 0.1075 0.2766 
3.9801 0.8457 1.3701 0.0765 0.2447 
3.9901 0.8269 1.3501 0.1084 0.2611 
3.9801 0.8276 1.3601 0.0944 0.2438 
3.9746 0.8401 1.3601 0.0874 0.2373 
3.9801 0.8457 1.3701 0.0765 0.2447 
3.9801 0.8276 1.3601 0.0944 0.2438 
3.9746 0.8401 1.3601 0.0874 0.2373 
3.9801 0.8501 1.3515 0.0917 0.2492 
3.9701 0.8501 1.3601 0.0827 0.2323 
3.9601 0.8534 1.3601 0.0816 0.2178 
3.9601 0.8499 1.3501 0.0941 0.2193 
3.9501 0.8448 1.3701 0.0772 0.1987 
3.9901 0.8269 1.3501 0.1084 0.2611 
3.9801 0.8501 1.3515 0.0917 0.2492 
3.9801 0.8276 1.3601 0.0944 0.2438 
3.9801 0.8276 1.3601 0.0944 0.2438 
3.9801 0.8501 1.3515 0.0917 0.2492 
3.9746 0.8401 1.3601 0.0874 0.2373 
3.9001 0.8245 1.3601 0.0991 0.1216 
3.9101 0.8332 1.3801 0.0751 0.1329 
3.9201 0.8316 1.3701 0.0826 0.1502 
3.9401 0.8434 1.3501 0.0988 0.1881 
3.9401 0.8391 1.3801 0.0739 0.1797 
3.9501 0.8448 1.3701 0.0772 0.1987 
3.9301 0.8241 1.3601 0.0983 0.1662 
3.9401 0.8391 1.3801 0.0739 0.1797 
3.9401 0.8434 1.3501 0.0988 0.1881 
3.9201 0.8316 1.3701 0.0826 0.1502 
3.9401 0.8391 1.3801 0.0739 0.1797 
3.9301 0.8241 1.3601 0.0983 0.1662 
3.9301 0.8241 1.3601 0.0983 0.1662 
3.9001 0.8245 1.3601 0.0991 0.1216 
3.9201 0.8316 1.3701 0.0826 0.1502 
3.9601 0.8499 1.3501 0.0941 0.2193 
3.9401 0.8434 1.3501 0.0988 0.1881 
3.9501 0.8448 1.3701 0.0772 0.1987 
3.8901 0.8260 1.3501 0.1130 0.1107 
3.9001 0.8245 1.3601 0.0991 0.1216 
3.9301 0.8241 1.3601 0.0983 0.1662 
3.9301 0.8279 1.3401 0.1255 0.1722 
3.8901 0.8260 1.3501 0.1130 0.1107 
3.9301 0.8241 1.3601 0.0983 0.1662 
3.9901 0.8498 1.3401 0.1065 0.2663 
4.0001 0.8460 1.3301 0.1237 0.2825 
3.9901 0.8584 1.3301 0.1147 0.2693 
4.0001 0.8460 1.3301 0.1237 0.2825 
3.9901 0.8498 1.3401 0.1065 0.2663 
4.0001 0.8703 1.3401 0.0931 0.2838 
3.9701 0.8572 1.3301 0.1163 0.2397 
3.9901 0.8498 1.3401 0.1065 0.2663 
3.9901 0.8584 1.3301 0.1147 0.2693 
3.9701 0.8379 1.3401 0.1159 0.2344 
3.9901 0.8498 1.3401 0.1065 0.2663 
3.9701 0.8572 1.3301 0.1163 0.2397 
3.9801 0.8538 1.3201 0.1339 0.2558 
3.9701 0.8572 1.3301 0.1163 0.2397 
3.9901 0.8584 1.3301 0.1147 0.2693 
3.9801 0.8538 1.3201 0.1339 0.2558 
3.9701 0.8597 1.3101 0.1454 0.2440 
3.9701 0.8572 1.3301 0.1163 0.2397 
3.9701 0.8572 1.3301 0.1163 0.2397 
3.9701 0.8597 1.3101 0.1454 0.2440 
3.9501 0.8428 1.3201 0.1446 0.2098 
3.9701 0.8510 1.3001 0.1693 0.2446 
3.9701 0.8597 1.3101 0.1454 0.2440 
3.9801 0.8538 1.3201 0.1339 0.2558 
3.9866 0.8501 1.3001 0.1693 0.2683 
3.9701 0.8510 1.3001 0.1693 0.2446 
3.9801 0.8538 1.3201 0.1339 0.2558 
3.9001 0.8535 1.3001 0.1703 0.1453 
3.9201 0.8494 1.3101 0.1566 0.1700 
3.9401 0.8438 1.3001 0.1773 0.1999 
3.9901 0.8498 1.3401 0.1065 0.2663 
4.0001 0.8276 1.3501 0.1075 0.2766 
4.0001 0.8703 1.3401 0.0931 0.2838 
3.9801 0.8501 1.3515 0.0917 0.2492 
3.9901 0.8269 1.3501 0.1084 0.2611 
3.9901 0.8498 1.3401 0.1065 0.2663 
3.9801 0.8501 1.3515 0.0917 0.2492 
3.9701 0.8379 1.3401 0.1159 0.2344 
3.9701 0.8601 1.3482 0.0902 0.2365 
3.9901 0.8498 1.3401 0.1065 0.2663 
3.9701 0.8379 1.3401 0.1159 0.2344 
3.9801 0.8501 1.3515 0.0917 0.2492 
3.9701 0.8379 1.3401 0.1159 0.2344 
3.9501 0.8467 1.3401 0.1102 0.2060 
3.9601 0.8499 1.3501 0.0941 0.2193 
3.9701 0.8379 1.3401 0.1159 0.2344 
3.9601 0.8499 1.3501 0.0941 0.2193 
3.9701 0.8601 1.3482 0.0902 0.2365 
4.0001 0.8276 1.3501 0.1075 0.2766 
3.9901 0.8498 1.3401 0.1065 0.2663 
3.9901 0.8269 1.3501 0.1084 0.2611 
3.9701 0.8572 1.3301 0.1163 0.2397 
3.9501 0.8467 1.3401 0.1102 0.2060 
3.9701 0.8379 1.3401 0.1159 0.2344 
3.9501 0.8467 1.3401 0.1102 0.2060 
3.9701 0.8572 1.3301 0.1163 0.2397 
3.9401 0.8221 1.3301 0.1465 0.1884 
4.0001 0.8460 1.3301 0.1237 0.2825 
3.9901 0.8332 1.3201 0.1511 0.2676 
3.9901 0.8584 1.3301 0.1147 0.2693 
3.9801 0.8538 1.3201 0.1339 0.2558 
3.9901 0.8584 1.3301 0.1147 0.2693 
3.9901 0.8332 1.3201 0.1511 0.2676 
3.9501 0.8428 1.3201 0.1446 0.2098 
3.9401 0.8221 1.3301 0.1465 0.1884 
3.9701 0.8572 1.3301 0.1163 0.2397 
3.9866 0.8501 1.3001 0.1693 0.2683 
3.9801 0.8538 1.3201 0.1339 0.2558 
3.9901 0.8332 1.3201 0.1511 0.2676 
3.9866 0.8501 1.3001 0.1693 0.2683 
3.9901 0.8332 1.3201 0.1511 0.2676 
4.0001 0.8363 1.3101 0.1645 0.2847 
3.9401 0.8434 1.3501 0.0988 0.1881 
3.9601 0.8499 1.3501 0.0941 0.2193 
3.9501 0.8467 1.3401 0.1102 0.2060 
3.9501 0.8467 1.3401 0.1102 0.2060 
3.9401 0.8221 1.3301 0.1465 0.1884 
3.9401 0.8434 1.3501 0.0988 0.1881 
3.9301 0.8279 1.3401 0.1255 0.1722 
3.9301 0.8241 1.3601 0.0983 0.1662 
3.9401 0.8434 1.3501 0.0988 0.1881 
3.9401 0.8221 1.3301 0.1465 0.1884 
3.9301 0.8279 1.3401 0.1255 0.1722 
3.9401 0.8434 1.3501 0.0988 0.1881 
3.9101 0.8367 1.3301 0.1352 0.1475 
3.8901 0.8260 1.3501 0.1130 0.1107 
3.9301 0.8279 1.3401 0.1255 0.1722 
3.9401 0.8221 1.3301 0.1465 0.1884 
3.9501 0.8428 1.3201 0.1446 0.2098 
3.9401 0.8446 1.3201 0.1435 0.1955 
3.9201 0.8239 1.3201 0.1628 0.1617 
3.8901 0.8343 1.3201 0.1547 0.1213 
3.9101 0.8367 1.3301 0.1352 0.1475 
3.9201 0.8494 1.3101 0.1566 0.1700 
3.9301 0.8499 1.3201 0.1393 0.1820 
3.9401 0.8446 1.3201 0.1435 0.1955 
3.9201 0.8239 1.3201 0.1628 0.1617 
3.9301 0.8499 1.3201 0.1393 0.1820 
3.9201 0.8494 1.3101 0.1566 0.1700 
3.9201 0.8494 1.3101 0.1566 0.1700 
3.9001 0.8535 1.3001 0.1703 0.1453 
3.9201 0.8239 1.3201 0.1628 0.1617 
3.8901 0.8343 1.3201 0.1547 0.1213 
3.9201 0.8239 1.3201 0.1628 0.1617 
3.9001 0.8535 1.3001 0.1703 0.1453 
3.9501 0.8428 1.3201 0.1446 0.2098 
3.9401 0.8438 1.3001 0.1773 0.1999 
3.9401 0.8446 1.3201 0.1435 0.1955 
3.9501 0.8518 1.3001 0.1695 0.2158 
3.9401 0.8438 1.3001 0.1773 0.1999 
3.9501 0.8428 1.3201 0.1446 0.2098 
3.9401 0.8438 1.3001 0.1773 0.1999 
3.9201 0.8494 1.3101 0.1566 0.1700 
3.9401 0.8446 1.3201 0.1435 0.1955 
4.0801 0.8619 1.2801 0.1869 0.4061 
4.0901 0.8501 1.3073 0.1527 0.4186 
4.1201 0.8489 1.3201 0.1321 0.4621 
4.1101 0.8577 1.2901 0.1731 0.4483 
4.0801 0.8619 1.2801 0.1869 0.4061 
4.1201 0.8489 1.3201 0.1321 0.4621 
4.0801 0.8619 1.2801 0.1869 0.4061 
4.0801 0.8501 1.3101 0.1487 0.4037 
4.0901 0.8501 1.3073 0.1527 0.4186 
4.0801 0.8619 1.2801 0.1869 0.4061 
4.0601 0.8659 1.2801 0.1843 0.3778 
4.0801 0.8501 1.3101 0.1487 0.4037 
4.0601 0.8659 1.2801 0.1843 0.3778 
4.0501 0.8594 1.2701 0.2070 0.3644 
4.0401 0.8478 1.3101 0.1525 0.3449 
4.1101 0.8577 1.2901 0.1731 0.4483 
4.1001 0.8600 1.2701 0.2041 0.4350 
4.0801 0.8619 1.2801 0.1869 0.4061 
4.0801 0.8596 1.2701 0.2054 0.4067 
4.0601 0.8659 1.2801 0.1843 0.3778 
4.0801 0.8619 1.2801 0.1869 0.4061 
4.0801 0.8596 1.2701 0.2054 0.4067 
4.0501 0.8594 1.2701 0.2070 0.3644 
4.0601 0.8659 1.2801 0.1843 0.3778 
4.1001 0.8600 1.2701 0.2041 0.4350 
4.0801 0.8596 1.2701 0.2054 0.4067 
4.0801 0.8619 1.2801 0.1869 0.4061 
4.0501 0.8594 1.2701 0.2070 0.3644 
4.0401 0.8574 1.2801 0.1930 0.3490 
4.0401 0.8478 1.3101 0.1525 0.3449 
4.0401 0.8574 1.2801 0.1930 0.3490 
4.0201 0.8574 1.2801 0.1940 0.3205 
4.0101 0.8546 1.3001 0.1642 0.3030 
4.0201 0.8574 1.2801 0.1940 0.3205 
4.0001 0.8526 1.2801 0.1994 0.2914 
4.0101 0.8546 1.3001 0.1642 0.3030 
4.0401 0.8856 1.2701 0.1836 0.3517 
4.0401 0.8574 1.2801 0.1930 0.3490 
4.0501 0.8594 1.2701 0.2070 0.3644 
4.0101 0.8546 1.3001 0.1642 0.3030 
4.0001 0.8526 1.2801 0.1994 0.2914 
4.0001 0.8363 1.3101 0.1645 0.2847 
3.9801 0.8568 1.2901 0.1800 0.2617 
3.9701 0.8510 1.3001 0.1693 0.2446 
3.9866 0.8501 1.3001 0.1693 0.2683 
3.9701 0.8510 1.3001 0.1693 0.2446 
3.9801 0.8568 1.2901 0.1800 0.2617 
3.9501 0.8509 1.2801 0.2035 0.2199 
3.9701 0.8510 1.3001 0.1693 0.2446 
3.9501 0.8509 1.2801 0.2035 0.2199 
3.9501 0.8518 1.3001 0.1695 0.2158 
4.0001 0.8526 1.2801 0.1994 0.2914 
3.9801 0.8568 1.2901 0.1800 0.2617 
3.9866 0.8501 1.3001 0.1693 0.2683 
4.0001 0.8526 1.2801 0.1994 0.2914 
3.9501 0.8509 1.2801 0.2035 0.2199 
3.9801 0.8568 1.2901 0.1800 0.2617 
4.0001 0.8363 1.3101 0.1645 0.2847 
4.0001 0.8526 1.2801 0.1994 0.2914 
3.9866 0.8501 1.3001 0.1693 0.2683 
3.9501 0.8518 1.3001 0.1695 0.2158 
3.9501 0.8509 1.2801 0.2035 0.2199 
3.9401 0.8438 1.3001 0.1773 0.1999 
3.9501 0.8509 1.2801 0.2035 0.2199 
3.9001 0.8535 1.3001 0.1703 0.1453 
3.9401 0.8438 1.3001 0.1773 0.1999 
3.8601 0.8260 1.3901 0.0735 0.0630 
3.8701 0.8236 1.3701 0.0879 0.0780 
3.8601 0.8289 1.3601 0.0975 0.0705 
3.8601 0.8289 1.3601 0.0975 0.0705 
3.8433 0.8201 1.3801 0.0801 0.0534 
3.8601 0.8260 1.3901 0.0735 0.0630 
3.9101 0.8332 1.3801 0.0751 0.1329 
3.9001 0.8245 1.3601 0.0991 0.1216 
3.8901 0.8286 1.3801 0.0765 0.1027 
3.8801 0.8261 1.3601 0.0987 0.0942 
3.8701 0.8236 1.3701 0.0879 0.0780 
3.8901 0.8286 1.3801 0.0765 0.1027 
3.8901 0.8260 1.3501 0.1130 0.1107 
3.8801 0.8261 1.3601 0.0987 0.0942 
3.8901 0.8286 1.3801 0.0765 0.1027 
3.8701 0.8301 1.3601 0.0964 0.0824 
3.8701 0.8301 1.3601 0.0964 0.0824 
3.8701 0.8301 1.3601 0.0964 0.0824 
3.8701 0.8301 1.3601 0.0964 0.0824 
3.8701 0.8301 1.3601 0.0964 0.0824 
3.8701 0.8301 1.3601 0.0964 0.0824 
3.8433 0.8201 1.3801 0.0801 0.0534 
3.8601 0.8289 1.3601 0.0975 0.0705 
3.8501 0.8221 1.3501 0.1176 0.0617 
3.8901 0.8260 1.3501 0.1130 0.1107 
3.8901 0.8286 1.3801 0.0765 0.1027 
3.9001 0.8245 1.3601 0.0991 0.1216 
3.8701 0.8301 1.3601 0.0964 0.0824 
3.8701 0.8236 1.3701 0.0879 0.0780 
3.8801 0.8261 1.3601 0.0987 0.0942 
3.8701 0.8301 1.3601 0.0964 0.0824 
3.8701 0.8301 1.3601 0.0964 0.0824 
3.8701 0.8236 1.3701 0.0879 0.0780 
3.8701 0.8301 1.3601 0.0964 0.0824 
3.8601 0.8289 1.3601 0.0975 0.0705 
3.8701 0.8236 1.3701 0.0879 0.0780 
3.8701 0.8301 1.3601 0.0964 0.0824 
3.8701 0.8301 1.3601 0.0964 0.0824 
3.8601 0.8289 1.3601 0.0975 0.0705 
3.8701 0.8301 1.3601 0.0964 0.0824 
3.8701 0.8301 1.3601 0.0964 0.0824 
3.8701 0.8301 1.3601 0.0964 0.0824 
3.8701 0.8301 1.3601 0.0964 0.0824 
3.8701 0.8301 1.3601 0.0964 0.0824 
3.8701 0.8301 1.3601 0.0964 0.0824 
3.8701 0.8213 1.3501 0.1175 0.0828 
3.8801 0.8261 1.3601 0.0987 0.0942 
3.8901 0.8260 1.3501 0.1130 0.1107 
3.8701 0.8301 1.3601 0.0964 0.0824 
3.8801 0.8261 1.3601 0.0987 0.0942 
3.8701 0.8213 1.3501 0.1175 0.0828 
3.8701 0.8301 1.3601 0.0964 0.0824 
3.8701 0.8301 1.3601 0.0964 0.0824 
3.8801 0.8261 1.3601 0.0987 0.0942 
3.8701 0.8301 1.3601 0.0964 0.0824 
3.8701 0.8213 1.3501 0.1175 0.0828 
3.8601 0.8289 1.3601 0.0975 0.0705 
3.8701 0.8301 1.3601 0.0964 0.0824 
3.8701 0.8301 1.3601 0.0964 0.0824 
3.8701 0.8213 1.3501 0.1175 0.0828 
3.8701 0.8213 1.3501 0.1175 0.0828 
3.8501 0.8221 1.3501 0.1176 0.0617 
3.8601 0.8289 1.3601 0.0975 0.0705 
3.8501 0.8221 1.3501 0.1176 0.0617 
3.8401 0.8143 1.3701 0.0943 0.0530 
3.8433 0.8201 1.3801 0.0801 0.0534 
3.9101 0.8367 1.3301 0.1352 0.1475 
3.8901 0.8343 1.3201 0.1547 0.1213 
3.8901 0.8260 1.3501 0.1130 0.1107 
3.8901 0.8260 1.3501 0.1130 0.1107 
3.8901 0.8343 1.3201 0.1547 0.1213 
3.8801 0.8334 1.3301 0.1393 0.1046 
3.8901 0.8260 1.3501 0.1130 0.1107 
3.8801 0.8334 1.3301 0.1393 0.1046 
3.8701 0.8213 1.3501 0.1175 0.0828 
3.8801 0.8334 1.3301 0.1393 0.1046 
3.8401 0.8388 1.3201 0.1530 0.0625 
3.8701 0.8213 1.3501 0.1175 0.0828 
3.8701 0.8213 1.3501 0.1175 0.0828 
3.8401 0.8388 1.3201 0.1530 0.0625 
3.8501 0.8221 1.3501 0.1176 0.0617 
3.8801 0.8334 1.3301 0.1393 0.1046 
3.8501 0.8450 1.3101 0.1637 0.0759 
3.8401 0.8388 1.3201 0.1530 0.0625 
3.8701 0.8447 1.3101 0.1631 0.0999 
3.8501 0.8450 1.3101 0.1637 0.0759 
3.8801 0.8334 1.3301 0.1393 0.1046 
3.8901 0.8504 1.3101 0.1571 0.1281 
3.8901 0.8343 1.3201 0.1547 0.1213 
3.9001 0.8535 1.3001 0.1703 0.1453 
3.8701 0.8447 1.3101 0.1631 0.0999 
3.8901 0.8504 1.3101 0.1571 0.1281 
3.8701 0.8506 1.3001 0.1744 0.1041 
3.8901 0.8504 1.3101 0.1571 0.1281 
3.9001 0.8535 1.3001 0.1703 0.1453 
3.8701 0.8506 1.3001 0.1744 0.1041 
3.8701 0.8506 1.3001 0.1744 0.1041 
3.8501 0.8450 1.3101 0.1637 0.0759 
3.8701 0.8447 1.3101 0.1631 0.0999 
