NUMPOLLIES 641.000000 

5.4001 -0.4399 2.1107 0.8814 0.9307 
5.4101 -0.4499 2.1164 0.8462 0.9551 
5.4201 -0.4399 2.1122 0.8885 0.9993 
5.4001 -0.4399 2.1107 0.8814 0.9307 
5.3901 -0.4499 2.1194 0.8461 0.8841 
5.4101 -0.4499 2.1164 0.8462 0.9551 
5.4201 -0.4399 2.1122 0.8885 0.9993 
5.3901 -0.4199 2.1096 0.9743 0.9043 
5.4001 -0.4399 2.1107 0.8814 0.9307 
5.4101 -0.4699 2.1043 0.7367 0.9592 
5.4101 -0.4499 2.1164 0.8462 0.9551 
5.3901 -0.4499 2.1194 0.8461 0.8841 
5.4101 -0.4699 2.1043 0.7367 0.9592 
5.4201 -0.4699 2.1105 0.7499 0.9864 
5.4101 -0.4499 2.1164 0.8462 0.9551 
5.4001 -0.4899 2.1165 0.6723 0.9059 
5.4201 -0.4899 2.1165 0.6766 0.9707 
5.4201 -0.4699 2.1105 0.7499 0.9864 
5.4201 -0.4699 2.1105 0.7499 0.9864 
5.4101 -0.4699 2.1043 0.7367 0.9592 
5.4001 -0.4899 2.1165 0.6723 0.9059 
5.4001 -0.4994 2.1001 0.6016 0.9176 
5.4201 -0.4899 2.1165 0.6766 0.9707 
5.4001 -0.4899 2.1165 0.6723 0.9059 
5.4059 -0.4999 2.1001 0.6007 0.9366 
5.4201 -0.4899 2.1165 0.6766 0.9707 
5.4001 -0.4994 2.1001 0.6016 0.9176 
5.3701 -0.4199 2.1082 0.9672 0.8333 
5.3501 -0.4199 2.1132 0.9688 0.7578 
5.3601 -0.4299 2.1119 0.9209 0.7921 
5.3601 -0.4299 2.1119 0.9209 0.7921 
5.3501 -0.4199 2.1132 0.9688 0.7578 
5.3501 -0.4299 2.1201 0.9299 0.7519 
5.4001 -0.4399 2.1107 0.8814 0.9307 
5.3901 -0.4199 2.1096 0.9743 0.9043 
5.3901 -0.4499 2.1194 0.8461 0.8841 
5.3901 -0.4499 2.1194 0.8461 0.8841 
5.3601 -0.4299 2.1119 0.9209 0.7921 
5.3601 -0.4399 2.1223 0.8890 0.7828 
5.3901 -0.4199 2.1096 0.9743 0.9043 
5.3601 -0.4299 2.1119 0.9209 0.7921 
5.3901 -0.4499 2.1194 0.8461 0.8841 
5.3501 -0.4299 2.1201 0.9299 0.7519 
5.3601 -0.4399 2.1223 0.8890 0.7828 
5.3601 -0.4299 2.1119 0.9209 0.7921 
5.3901 -0.4499 2.1194 0.8461 0.8841 
5.3601 -0.4399 2.1223 0.8890 0.7828 
5.3801 -0.4499 2.1026 0.8169 0.8644 
5.3601 -0.4399 2.1223 0.8890 0.7828 
5.3501 -0.4499 2.1120 0.8253 0.7534 
5.3801 -0.4499 2.1026 0.8169 0.8644 
5.3601 -0.4399 2.1223 0.8890 0.7828 
5.3501 -0.4299 2.1201 0.9299 0.7519 
5.3501 -0.4499 2.1120 0.8253 0.7534 
5.3901 -0.4199 2.1096 0.9743 0.9043 
5.3701 -0.4199 2.1082 0.9672 0.8333 
5.3601 -0.4299 2.1119 0.9209 0.7921 
5.3501 -0.4299 2.1201 0.9299 0.7519 
5.3201 -0.4299 2.1196 0.9219 0.6487 
5.3301 -0.4399 2.1180 0.8755 0.6831 
5.3201 -0.4299 2.1196 0.9219 0.6487 
5.2901 -0.4099 2.1128 1.0026 0.5441 
5.3001 -0.4299 2.1156 0.9114 0.5808 
5.3501 -0.4299 2.1201 0.9299 0.7519 
5.3501 -0.4199 2.1132 0.9688 0.7578 
5.3201 -0.4299 2.1196 0.9219 0.6487 
5.3301 -0.4399 2.1180 0.8755 0.6831 
5.3501 -0.4499 2.1120 0.8253 0.7534 
5.3501 -0.4299 2.1201 0.9299 0.7519 
5.3301 -0.4399 2.1180 0.8755 0.6831 
5.3201 -0.4299 2.1196 0.9219 0.6487 
5.3001 -0.4299 2.1156 0.9114 0.5808 
5.3201 -0.4599 2.1144 0.7777 0.6498 
5.3001 -0.4299 2.1156 0.9114 0.5808 
5.3101 -0.4499 2.1186 0.8264 0.6151 
5.3301 -0.4399 2.1180 0.8755 0.6831 
5.3001 -0.4299 2.1156 0.9114 0.5808 
5.3201 -0.4599 2.1144 0.7777 0.6498 
5.3501 -0.4499 2.1120 0.8253 0.7534 
5.3401 -0.4599 2.1209 0.7930 0.7136 
5.3601 -0.4599 2.1140 0.7860 0.7843 
5.4101 -0.4699 2.1043 0.7367 0.9592 
5.3901 -0.4499 2.1194 0.8461 0.8841 
5.3801 -0.4599 2.1139 0.7904 0.8518 
5.4101 -0.4699 2.1043 0.7367 0.9592 
5.3801 -0.4599 2.1139 0.7904 0.8518 
5.4001 -0.4699 2.1160 0.7550 0.9136 
5.3801 -0.4699 2.1115 0.7427 0.8508 
5.3801 -0.4599 2.1139 0.7904 0.8518 
5.3601 -0.4599 2.1140 0.7860 0.7843 
5.3601 -0.4599 2.1140 0.7860 0.7843 
5.3401 -0.4599 2.1209 0.7930 0.7136 
5.3801 -0.4699 2.1115 0.7427 0.8508 
5.4001 -0.4699 2.1160 0.7550 0.9136 
5.3801 -0.4599 2.1139 0.7904 0.8518 
5.3901 -0.4799 2.1132 0.7054 0.8795 
5.4101 -0.4699 2.1043 0.7367 0.9592 
5.4001 -0.4699 2.1160 0.7550 0.9136 
5.3901 -0.4799 2.1132 0.7054 0.8795 
5.3901 -0.4799 2.1132 0.7054 0.8795 
5.3801 -0.4699 2.1115 0.7427 0.8508 
5.3601 -0.4799 2.1151 0.7024 0.7795 
5.3801 -0.4599 2.1139 0.7904 0.8518 
5.3801 -0.4699 2.1115 0.7427 0.8508 
5.3901 -0.4799 2.1132 0.7054 0.8795 
5.3401 -0.4599 2.1209 0.7930 0.7136 
5.3601 -0.4799 2.1151 0.7024 0.7795 
5.3801 -0.4699 2.1115 0.7427 0.8508 
5.4101 -0.4699 2.1043 0.7367 0.9592 
5.3901 -0.4799 2.1132 0.7054 0.8795 
5.4001 -0.4899 2.1165 0.6723 0.9059 
5.3901 -0.4799 2.1132 0.7054 0.8795 
5.3601 -0.4799 2.1151 0.7024 0.7795 
5.3801 -0.4984 2.1101 0.6214 0.8438 
5.3901 -0.4799 2.1132 0.7054 0.8795 
5.3801 -0.4984 2.1101 0.6214 0.8438 
5.4001 -0.4899 2.1165 0.6723 0.9059 
5.3801 -0.4984 2.1101 0.6214 0.8438 
5.3601 -0.4799 2.1151 0.7024 0.7795 
5.3601 -0.4999 2.1055 0.6021 0.7817 
5.3901 -0.4499 2.1194 0.8461 0.8841 
5.3801 -0.4499 2.1026 0.8169 0.8644 
5.3801 -0.4599 2.1139 0.7904 0.8518 
5.3801 -0.4599 2.1139 0.7904 0.8518 
5.3801 -0.4499 2.1026 0.8169 0.8644 
5.3601 -0.4599 2.1140 0.7860 0.7843 
5.3801 -0.4499 2.1026 0.8169 0.8644 
5.3501 -0.4499 2.1120 0.8253 0.7534 
5.3601 -0.4599 2.1140 0.7860 0.7843 
5.3801 -0.4984 2.1101 0.6214 0.8438 
5.4001 -0.4994 2.1001 0.6016 0.9176 
5.4001 -0.4899 2.1165 0.6723 0.9059 
5.3801 -0.4984 2.1101 0.6214 0.8438 
5.4001 -0.4999 2.0992 0.5977 0.9183 
5.4001 -0.4994 2.1001 0.6016 0.9176 
5.3601 -0.4999 2.1055 0.6021 0.7817 
5.3601 -0.4799 2.1151 0.7024 0.7795 
5.3401 -0.4799 2.1105 0.6895 0.7165 
5.3401 -0.4599 2.1209 0.7930 0.7136 
5.3501 -0.4499 2.1120 0.8253 0.7534 
5.3301 -0.4399 2.1180 0.8755 0.6831 
5.3301 -0.4399 2.1180 0.8755 0.6831 
5.3201 -0.4599 2.1144 0.7777 0.6498 
5.3401 -0.4599 2.1209 0.7930 0.7136 
5.3201 -0.4599 2.1144 0.7777 0.6498 
5.3101 -0.4499 2.1186 0.8264 0.6151 
5.3001 -0.4599 2.1116 0.7683 0.5836 
5.3401 -0.4799 2.1105 0.6895 0.7165 
5.3201 -0.4599 2.1144 0.7777 0.6498 
5.3001 -0.4599 2.1116 0.7683 0.5836 
5.3401 -0.4599 2.1209 0.7930 0.7136 
5.3201 -0.4599 2.1144 0.7777 0.6498 
5.3401 -0.4799 2.1105 0.6895 0.7165 
5.3601 -0.4799 2.1151 0.7024 0.7795 
5.3401 -0.4599 2.1209 0.7930 0.7136 
5.3401 -0.4799 2.1105 0.6895 0.7165 
5.3401 -0.4799 2.1105 0.6895 0.7165 
5.3001 -0.4599 2.1116 0.7683 0.5836 
5.3301 -0.4899 2.1149 0.6545 0.6811 
5.3001 -0.4599 2.1116 0.7683 0.5836 
5.3101 -0.4699 2.1170 0.7368 0.6160 
5.3301 -0.4899 2.1149 0.6545 0.6811 
5.3301 -0.4899 2.1149 0.6545 0.6811 
5.3101 -0.4699 2.1170 0.7368 0.6160 
5.3001 -0.4899 2.1169 0.6520 0.5845 
5.3001 -0.4899 2.1169 0.6520 0.5845 
5.3101 -0.4699 2.1170 0.7368 0.6160 
5.3001 -0.4599 2.1116 0.7683 0.5836 
5.3401 -0.4799 2.1105 0.6895 0.7165 
5.3201 -0.5018 2.1001 0.5749 0.6536 
5.3401 -0.5099 2.1074 0.5626 0.7147 
5.3401 -0.4799 2.1105 0.6895 0.7165 
5.3301 -0.4899 2.1149 0.6545 0.6811 
5.3201 -0.5018 2.1001 0.5749 0.6536 
5.3201 -0.4999 2.0972 0.5767 0.6547 
5.3201 -0.5018 2.1001 0.5749 0.6536 
5.3301 -0.4899 2.1149 0.6545 0.6811 
5.3101 -0.4999 2.0977 0.5755 0.6216 
5.3301 -0.4899 2.1149 0.6545 0.6811 
5.3001 -0.4899 2.1169 0.6520 0.5845 
5.3201 -0.4999 2.0972 0.5767 0.6547 
5.3301 -0.4899 2.1149 0.6545 0.6811 
5.3101 -0.4999 2.0977 0.5755 0.6216 
5.3001 -0.4299 2.1156 0.9114 0.5808 
5.2901 -0.4099 2.1128 1.0026 0.5441 
5.2701 -0.4199 2.1175 0.9542 0.4753 
5.2901 -0.4099 2.1128 1.0026 0.5441 
5.2601 -0.4099 2.1138 0.9960 0.4374 
5.2701 -0.4199 2.1175 0.9542 0.4753 
5.2701 -0.4199 2.1175 0.9542 0.4753 
5.2601 -0.4099 2.1138 0.9960 0.4374 
5.2601 -0.4299 2.1213 0.9097 0.4439 
5.2601 -0.4299 2.1213 0.9097 0.4439 
5.2601 -0.4099 2.1138 0.9960 0.4374 
5.2501 -0.4299 2.1182 0.9028 0.4094 
5.3001 -0.4299 2.1156 0.9114 0.5808 
5.2701 -0.4199 2.1175 0.9542 0.4753 
5.2801 -0.4299 2.1124 0.9018 0.5119 
5.2801 -0.4299 2.1124 0.9018 0.5119 
5.2701 -0.4199 2.1175 0.9542 0.4753 
5.2601 -0.4299 2.1213 0.9097 0.4439 
5.3001 -0.4299 2.1156 0.9114 0.5808 
5.2801 -0.4299 2.1124 0.9018 0.5119 
5.3101 -0.4499 2.1186 0.8264 0.6151 
5.2801 -0.4299 2.1124 0.9018 0.5119 
5.2601 -0.4299 2.1213 0.9097 0.4439 
5.2701 -0.4399 2.1136 0.8544 0.4794 
5.3101 -0.4499 2.1186 0.8264 0.6151 
5.2801 -0.4299 2.1124 0.9018 0.5119 
5.2901 -0.4499 2.1182 0.8212 0.5483 
5.2801 -0.4299 2.1124 0.9018 0.5119 
5.2701 -0.4399 2.1136 0.8544 0.4794 
5.2901 -0.4499 2.1182 0.8212 0.5483 
5.2701 -0.4399 2.1136 0.8544 0.4794 
5.2601 -0.4299 2.1213 0.9097 0.4439 
5.2401 -0.4499 2.1174 0.8083 0.3820 
5.2601 -0.4299 2.1213 0.9097 0.4439 
5.2501 -0.4299 2.1182 0.9028 0.4094 
5.2401 -0.4499 2.1174 0.8083 0.3820 
5.2601 -0.4099 2.1138 0.9960 0.4374 
5.2201 -0.4099 2.1143 0.9863 0.2969 
5.2501 -0.4299 2.1182 0.9028 0.4094 
5.2201 -0.4099 2.1143 0.9863 0.2969 
5.1901 -0.4199 2.1126 0.9275 0.1982 
5.2101 -0.4299 2.1153 0.8889 0.2728 
5.2501 -0.4299 2.1182 0.9028 0.4094 
5.2201 -0.4099 2.1143 0.9863 0.2969 
5.2101 -0.4299 2.1153 0.8889 0.2728 
5.2401 -0.4499 2.1174 0.8083 0.3820 
5.2501 -0.4299 2.1182 0.9028 0.4094 
5.2201 -0.4499 2.1151 0.8000 0.3152 
5.2501 -0.4299 2.1182 0.9028 0.4094 
5.2101 -0.4299 2.1153 0.8889 0.2728 
5.2201 -0.4499 2.1151 0.8000 0.3152 
5.2201 -0.4499 2.1151 0.8000 0.3152 
5.2101 -0.4299 2.1153 0.8889 0.2728 
5.2101 -0.4399 2.1133 0.8396 0.2766 
5.2501 -0.4599 2.1182 0.7683 0.4182 
5.2501 -0.4715 2.1201 0.7223 0.4217 
5.2701 -0.4699 2.1131 0.7211 0.4854 
5.3101 -0.4499 2.1186 0.8264 0.6151 
5.2901 -0.4499 2.1182 0.8212 0.5483 
5.3001 -0.4599 2.1116 0.7683 0.5836 
5.2901 -0.4799 2.1139 0.6850 0.5520 
5.2701 -0.4399 2.1136 0.8544 0.4794 
5.2501 -0.4599 2.1182 0.7683 0.4182 
5.2901 -0.4499 2.1182 0.8212 0.5483 
5.2701 -0.4399 2.1136 0.8544 0.4794 
5.2901 -0.4799 2.1139 0.6850 0.5520 
5.2701 -0.4399 2.1136 0.8544 0.4794 
5.2401 -0.4499 2.1174 0.8083 0.3820 
5.2501 -0.4599 2.1182 0.7683 0.4182 
5.3001 -0.4599 2.1116 0.7683 0.5836 
5.2901 -0.4499 2.1182 0.8212 0.5483 
5.2901 -0.4799 2.1139 0.6850 0.5520 
5.2901 -0.4799 2.1139 0.6850 0.5520 
5.2501 -0.4599 2.1182 0.7683 0.4182 
5.2701 -0.4699 2.1131 0.7211 0.4854 
5.2801 -0.4799 2.1171 0.6887 0.5195 
5.2901 -0.4799 2.1139 0.6850 0.5520 
5.2701 -0.4699 2.1131 0.7211 0.4854 
5.2701 -0.4899 2.1148 0.6419 0.4892 
5.2801 -0.4799 2.1171 0.6887 0.5195 
5.2701 -0.4699 2.1131 0.7211 0.4854 
5.2701 -0.4699 2.1131 0.7211 0.4854 
5.2501 -0.4799 2.1162 0.6808 0.4233 
5.2701 -0.4899 2.1148 0.6419 0.4892 
5.2701 -0.4699 2.1131 0.7211 0.4854 
5.2501 -0.4715 2.1201 0.7223 0.4217 
5.2501 -0.4799 2.1162 0.6808 0.4233 
5.2901 -0.4799 2.1139 0.6850 0.5520 
5.2901 -0.4999 2.1126 0.6020 0.5542 
5.3001 -0.4899 2.1169 0.6520 0.5845 
5.2901 -0.4799 2.1139 0.6850 0.5520 
5.2801 -0.4799 2.1171 0.6887 0.5195 
5.2901 -0.4999 2.1126 0.6020 0.5542 
5.2501 -0.4899 2.1078 0.6241 0.4245 
5.2701 -0.4899 2.1148 0.6419 0.4892 
5.2501 -0.4799 2.1162 0.6808 0.4233 
5.2801 -0.4799 2.1171 0.6887 0.5195 
5.2701 -0.4899 2.1148 0.6419 0.4892 
5.2701 -0.4999 2.1065 0.5856 0.4908 
5.2901 -0.4799 2.1139 0.6850 0.5520 
5.3001 -0.4899 2.1169 0.6520 0.5845 
5.3001 -0.4599 2.1116 0.7683 0.5836 
5.3101 -0.4999 2.0977 0.5755 0.6216 
5.3001 -0.4899 2.1169 0.6520 0.5845 
5.2901 -0.4999 2.1126 0.6020 0.5542 
5.2801 -0.4799 2.1171 0.6887 0.5195 
5.2801 -0.5053 2.1001 0.5531 0.5238 
5.2901 -0.4999 2.1126 0.6020 0.5542 
5.2701 -0.4999 2.1065 0.5856 0.4908 
5.2801 -0.5053 2.1001 0.5531 0.5238 
5.2801 -0.4799 2.1171 0.6887 0.5195 
5.2701 -0.4899 2.1148 0.6419 0.4892 
5.2501 -0.4899 2.1078 0.6241 0.4245 
5.2701 -0.4999 2.1065 0.5856 0.4908 
5.2501 -0.4599 2.1182 0.7683 0.4182 
5.2401 -0.4699 2.1201 0.7270 0.3892 
5.2501 -0.4715 2.1201 0.7223 0.4217 
5.2501 -0.4599 2.1182 0.7683 0.4182 
5.2401 -0.4499 2.1174 0.8083 0.3820 
5.2301 -0.4699 2.1151 0.7159 0.3556 
5.2401 -0.4499 2.1174 0.8083 0.3820 
5.2201 -0.4499 2.1151 0.8000 0.3152 
5.2301 -0.4699 2.1151 0.7159 0.3556 
5.2101 -0.4799 2.1129 0.6662 0.2947 
5.2201 -0.4499 2.1151 0.8000 0.3152 
5.1801 -0.4399 2.1135 0.8330 0.1779 
5.2401 -0.4699 2.1201 0.7270 0.3892 
5.2501 -0.4599 2.1182 0.7683 0.4182 
5.2401 -0.4699 2.1201 0.7270 0.3892 
5.2501 -0.4599 2.1182 0.7683 0.4182 
5.2301 -0.4699 2.1151 0.7159 0.3556 
5.2401 -0.4699 2.1201 0.7270 0.3892 
5.2301 -0.4699 2.1151 0.7159 0.3556 
5.2201 -0.4499 2.1151 0.8000 0.3152 
5.2101 -0.4799 2.1129 0.6662 0.2947 
5.2501 -0.4715 2.1201 0.7223 0.4217 
5.2401 -0.4699 2.1201 0.7270 0.3892 
5.2501 -0.4799 2.1162 0.6808 0.4233 
5.2501 -0.4715 2.1201 0.7223 0.4217 
5.2401 -0.4699 2.1201 0.7270 0.3892 
5.2401 -0.4699 2.1201 0.7270 0.3892 
5.2501 -0.4799 2.1162 0.6808 0.4233 
5.2401 -0.4699 2.1201 0.7270 0.3892 
5.2301 -0.4699 2.1151 0.7159 0.3556 
5.2301 -0.4699 2.1151 0.7159 0.3556 
5.2101 -0.4799 2.1129 0.6662 0.2947 
5.2201 -0.4799 2.1158 0.6736 0.3276 
5.2201 -0.4799 2.1158 0.6736 0.3276 
5.2101 -0.4899 2.1147 0.6293 0.2997 
5.2301 -0.4899 2.1193 0.6421 0.3639 
5.2201 -0.4799 2.1158 0.6736 0.3276 
5.2101 -0.4799 2.1129 0.6662 0.2947 
5.2101 -0.4899 2.1147 0.6293 0.2997 
5.2501 -0.4799 2.1162 0.6808 0.4233 
5.2401 -0.5099 2.1112 0.5505 0.3992 
5.2501 -0.4899 2.1078 0.6241 0.4245 
5.2401 -0.5099 2.1112 0.5505 0.3992 
5.2501 -0.4799 2.1162 0.6808 0.4233 
5.2301 -0.4899 2.1193 0.6421 0.3639 
5.2401 -0.5099 2.1112 0.5505 0.3992 
5.2301 -0.4899 2.1193 0.6421 0.3639 
5.2301 -0.4999 2.1071 0.5788 0.3636 
5.2301 -0.4899 2.1193 0.6421 0.3639 
5.2101 -0.4899 2.1147 0.6293 0.2997 
5.2301 -0.4999 2.1071 0.5788 0.3636 
5.2501 -0.4799 2.1162 0.6808 0.4233 
5.2301 -0.4699 2.1151 0.7159 0.3556 
5.2201 -0.4799 2.1158 0.6736 0.3276 
5.2501 -0.4799 2.1162 0.6808 0.4233 
5.2201 -0.4799 2.1158 0.6736 0.3276 
5.2301 -0.4899 2.1193 0.6421 0.3639 
5.1901 -0.4199 2.1126 0.9275 0.1982 
5.1801 -0.4099 2.1185 0.9815 0.1632 
5.1801 -0.4299 2.1167 0.8838 0.1742 
5.1801 -0.4299 2.1167 0.8838 0.1742 
5.1801 -0.4099 2.1185 0.9815 0.1632 
5.1801 -0.4399 2.1135 0.8330 0.1779 
5.1801 -0.4399 2.1135 0.8330 0.1779 
5.1601 -0.4099 2.1149 0.9717 0.0968 
5.1601 -0.4299 2.1135 0.8742 0.1086 
5.1801 -0.4099 2.1185 0.9815 0.1632 
5.1601 -0.4099 2.1149 0.9717 0.0968 
5.1801 -0.4399 2.1135 0.8330 0.1779 
5.1601 -0.4299 2.1135 0.8742 0.1086 
5.1601 -0.4099 2.1149 0.9717 0.0968 
5.1501 -0.4199 2.1179 0.9251 0.0781 
5.2101 -0.4399 2.1133 0.8396 0.2766 
5.1901 -0.4199 2.1126 0.9275 0.1982 
5.1801 -0.4299 2.1167 0.8838 0.1742 
5.2101 -0.4299 2.1153 0.8889 0.2728 
5.1901 -0.4199 2.1126 0.9275 0.1982 
5.2101 -0.4399 2.1133 0.8396 0.2766 
5.2201 -0.4499 2.1151 0.8000 0.3152 
5.1801 -0.4299 2.1167 0.8838 0.1742 
5.1801 -0.4399 2.1135 0.8330 0.1779 
5.2101 -0.4399 2.1133 0.8396 0.2766 
5.1801 -0.4299 2.1167 0.8838 0.1742 
5.2201 -0.4499 2.1151 0.8000 0.3152 
5.1801 -0.4399 2.1135 0.8330 0.1779 
5.1601 -0.4299 2.1135 0.8742 0.1086 
5.1801 -0.4599 2.1169 0.7505 0.1919 
5.1801 -0.4599 2.1169 0.7505 0.1919 
5.1601 -0.4299 2.1135 0.8742 0.1086 
5.1601 -0.4499 2.1166 0.7888 0.1239 
5.1601 -0.4299 2.1135 0.8742 0.1086 
5.1301 -0.4399 2.1188 0.8297 0.0532 
5.1601 -0.4499 2.1166 0.7888 0.1239 
5.1601 -0.4299 2.1135 0.8742 0.1086 
5.1501 -0.4199 2.1179 0.9251 0.0781 
5.1301 -0.4399 2.1188 0.8297 0.0532 
5.1801 -0.4399 2.1135 0.8330 0.1779 
5.1801 -0.4599 2.1169 0.7505 0.1919 
5.2101 -0.4799 2.1129 0.6662 0.2947 
5.1801 -0.4599 2.1169 0.7505 0.1919 
5.1601 -0.4499 2.1166 0.7888 0.1239 
5.1601 -0.4599 2.1183 0.7486 0.1315 
5.2101 -0.4799 2.1129 0.6662 0.2947 
5.1801 -0.4599 2.1169 0.7505 0.1919 
5.1901 -0.4799 2.1159 0.6675 0.2333 
5.1801 -0.4599 2.1169 0.7505 0.1919 
5.1601 -0.4599 2.1183 0.7486 0.1315 
5.1901 -0.4799 2.1159 0.6675 0.2333 
5.1601 -0.4599 2.1183 0.7486 0.1315 
5.1401 -0.4699 2.1174 0.7007 0.0814 
5.1601 -0.4899 2.1157 0.6210 0.1474 
5.2101 -0.4899 2.1147 0.6293 0.2997 
5.2101 -0.4799 2.1129 0.6662 0.2947 
5.1901 -0.4799 2.1159 0.6675 0.2333 
5.2101 -0.4899 2.1147 0.6293 0.2997 
5.1901 -0.4799 2.1159 0.6675 0.2333 
5.1901 -0.4899 2.1076 0.6112 0.2334 
5.1901 -0.4899 2.1076 0.6112 0.2334 
5.1601 -0.4599 2.1183 0.7486 0.1315 
5.1601 -0.4899 2.1157 0.6210 0.1474 
5.1901 -0.4799 2.1159 0.6675 0.2333 
5.1601 -0.4599 2.1183 0.7486 0.1315 
5.1901 -0.4899 2.1076 0.6112 0.2334 
5.2001 -0.4999 2.1030 0.5641 0.2671 
5.1901 -0.4899 2.1076 0.6112 0.2334 
5.1801 -0.4999 2.1148 0.5841 0.2121 
5.1801 -0.4999 2.1148 0.5841 0.2121 
5.1901 -0.4899 2.1076 0.6112 0.2334 
5.1601 -0.4899 2.1157 0.6210 0.1474 
5.1801 -0.4999 2.1148 0.5841 0.2121 
5.1601 -0.4899 2.1157 0.6210 0.1474 
5.1701 -0.4986 2.1101 0.5778 0.1781 
5.2101 -0.4899 2.1147 0.6293 0.2997 
5.1901 -0.4899 2.1076 0.6112 0.2334 
5.2001 -0.4999 2.1030 0.5641 0.2671 
5.1601 -0.4899 2.1157 0.6210 0.1474 
5.1501 -0.4999 2.0965 0.5400 0.1095 
5.1701 -0.4986 2.1101 0.5778 0.1781 
5.1601 -0.4599 2.1183 0.7486 0.1315 
5.1301 -0.4399 2.1188 0.8297 0.0532 
5.1401 -0.4599 2.1117 0.7326 0.0718 
5.1601 -0.4499 2.1166 0.7888 0.1239 
5.1301 -0.4399 2.1188 0.8297 0.0532 
5.1601 -0.4599 2.1183 0.7486 0.1315 
5.1601 -0.4599 2.1183 0.7486 0.1315 
5.1401 -0.4599 2.1117 0.7326 0.0718 
5.1401 -0.4699 2.1174 0.7007 0.0814 
5.1401 -0.4899 2.1077 0.6010 0.0854 
5.1401 -0.4699 2.1174 0.7007 0.0814 
5.1301 -0.4799 2.1063 0.6364 0.0588 
5.1301 -0.4799 2.1063 0.6364 0.0588 
5.1401 -0.4699 2.1174 0.7007 0.0814 
5.1201 -0.4799 2.1151 0.6513 0.0528 
5.1601 -0.4899 2.1157 0.6210 0.1474 
5.1401 -0.4699 2.1174 0.7007 0.0814 
5.1401 -0.4899 2.1077 0.6010 0.0854 
5.1301 -0.5099 2.1125 0.5317 0.0761 
5.1401 -0.4899 2.1077 0.6010 0.0854 
5.1201 -0.4799 2.1151 0.6513 0.0528 
5.1201 -0.5092 2.1001 0.5056 0.0538 
5.1301 -0.5099 2.1125 0.5317 0.0761 
5.1201 -0.4799 2.1151 0.6513 0.0528 
5.1301 -0.4799 2.1063 0.6364 0.0588 
5.1201 -0.4799 2.1151 0.6513 0.0528 
5.1401 -0.4899 2.1077 0.6010 0.0854 
5.1459 -0.4999 2.1001 0.5468 0.1007 
5.1601 -0.4899 2.1157 0.6210 0.1474 
5.1401 -0.4899 2.1077 0.6010 0.0854 
5.1459 -0.4999 2.1001 0.5468 0.1007 
5.1501 -0.4999 2.0965 0.5400 0.1095 
5.1601 -0.4899 2.1157 0.6210 0.1474 
5.1301 -0.5099 2.1125 0.5317 0.0761 
5.1459 -0.4999 2.1001 0.5468 0.1007 
5.1401 -0.4899 2.1077 0.6010 0.0854 
5.4201 -0.5121 2.1001 0.5547 0.9783 
5.4059 -0.4999 2.1001 0.6007 0.9366 
5.4001 -0.5099 2.1056 0.5709 0.9087 
5.4201 -0.4899 2.1165 0.6766 0.9707 
5.4059 -0.4999 2.1001 0.6007 0.9366 
5.4201 -0.5121 2.1001 0.5547 0.9783 
5.4001 -0.4999 2.0992 0.5977 0.9183 
5.4001 -0.5099 2.1056 0.5709 0.9087 
5.4059 -0.4999 2.1001 0.6007 0.9366 
5.4201 -0.5121 2.1001 0.5547 0.9783 
5.4001 -0.5099 2.1056 0.5709 0.9087 
5.3901 -0.5115 2.1001 0.5509 0.8805 
5.4190 -0.5299 2.1001 0.4861 0.9669 
5.4201 -0.5299 2.1011 0.4884 0.9695 
5.4212 -0.5299 2.1001 0.4865 0.9741 
5.4212 -0.5299 2.1001 0.4865 0.9741 
5.4201 -0.5299 2.1011 0.4884 0.9695 
5.4200 -0.5399 2.1001 0.4492 0.9659 
5.4190 -0.5299 2.1001 0.4861 0.9669 
5.4200 -0.5399 2.1001 0.4492 0.9659 
5.4201 -0.5299 2.1011 0.4884 0.9695 
5.4101 -0.5599 2.1159 0.4123 0.9135 
5.4301 -0.5999 2.1081 0.2683 0.9648 
5.4201 -0.5799 2.1127 0.3406 0.9388 
5.4201 -0.5654 2.1001 0.3590 0.9558 
5.4101 -0.5599 2.1159 0.4123 0.9135 
5.4201 -0.5799 2.1127 0.3406 0.9388 
5.4101 -0.5538 2.1001 0.3973 0.9295 
5.3920 -0.5599 2.1001 0.3730 0.8716 
5.4101 -0.5599 2.1159 0.4123 0.9135 
5.4201 -0.5654 2.1001 0.3590 0.9558 
5.4101 -0.5538 2.1001 0.3973 0.9295 
5.4101 -0.5599 2.1159 0.4123 0.9135 
5.3801 -0.4984 2.1101 0.6214 0.8438 
5.3901 -0.5115 2.1001 0.5509 0.8805 
5.4001 -0.5099 2.1056 0.5709 0.9087 
5.4001 -0.4999 2.0992 0.5977 0.9183 
5.3801 -0.4984 2.1101 0.6214 0.8438 
5.4001 -0.5099 2.1056 0.5709 0.9087 
5.3801 -0.4984 2.1101 0.6214 0.8438 
5.3801 -0.5099 2.1118 0.5797 0.8394 
5.3901 -0.5115 2.1001 0.5509 0.8805 
5.3801 -0.4984 2.1101 0.6214 0.8438 
5.3601 -0.4999 2.1055 0.6021 0.7817 
5.3801 -0.5099 2.1118 0.5797 0.8394 
5.3801 -0.5099 2.1118 0.5797 0.8394 
5.3401 -0.4799 2.1105 0.6895 0.7165 
5.3401 -0.5099 2.1074 0.5626 0.7147 
5.3601 -0.4999 2.1055 0.6021 0.7817 
5.3401 -0.4799 2.1105 0.6895 0.7165 
5.3801 -0.5099 2.1118 0.5797 0.8394 
5.3701 -0.5192 2.1001 0.5172 0.8135 
5.3901 -0.5115 2.1001 0.5509 0.8805 
5.3801 -0.5099 2.1118 0.5797 0.8394 
5.3801 -0.5099 2.1118 0.5797 0.8394 
5.3401 -0.5099 2.1074 0.5626 0.7147 
5.3701 -0.5192 2.1001 0.5172 0.8135 
5.3912 -0.5399 2.1001 0.4437 0.8752 
5.3901 -0.5499 2.1063 0.4218 0.8639 
5.3901 -0.5563 2.1001 0.3852 0.8668 
5.3912 -0.5399 2.1001 0.4437 0.8752 
5.3867 -0.5499 2.1001 0.4070 0.8581 
5.3901 -0.5499 2.1063 0.4218 0.8639 
5.3601 -0.5342 2.1001 0.4588 0.7785 
5.3601 -0.5499 2.1031 0.4090 0.7740 
5.3601 -0.5562 2.1001 0.3802 0.7746 
5.3601 -0.5342 2.1001 0.4588 0.7785 
5.3512 -0.5499 2.1001 0.4005 0.7480 
5.3601 -0.5499 2.1031 0.4090 0.7740 
5.3101 -0.5099 2.1069 0.5555 0.6193 
5.2901 -0.4999 2.1126 0.6020 0.5542 
5.3001 -0.5299 2.1001 0.4631 0.5899 
5.3101 -0.5099 2.1069 0.5555 0.6193 
5.3401 -0.5099 2.1074 0.5626 0.7147 
5.3201 -0.5018 2.1001 0.5749 0.6536 
5.3101 -0.5099 2.1069 0.5555 0.6193 
5.3201 -0.5018 2.1001 0.5749 0.6536 
5.3101 -0.4999 2.0977 0.5755 0.6216 
5.3101 -0.4999 2.0977 0.5755 0.6216 
5.2901 -0.4999 2.1126 0.6020 0.5542 
5.3101 -0.5099 2.1069 0.5555 0.6193 
5.3701 -0.5192 2.1001 0.5172 0.8135 
5.3401 -0.5099 2.1074 0.5626 0.7147 
5.3201 -0.5343 2.1001 0.4507 0.6527 
5.3201 -0.5343 2.1001 0.4507 0.6527 
5.3401 -0.5099 2.1074 0.5626 0.7147 
5.3101 -0.5099 2.1069 0.5555 0.6193 
5.3201 -0.5343 2.1001 0.4507 0.6527 
5.3101 -0.5099 2.1069 0.5555 0.6193 
5.3101 -0.5288 2.1001 0.4690 0.6213 
5.3101 -0.5099 2.1069 0.5555 0.6193 
5.3001 -0.5299 2.1001 0.4631 0.5899 
5.3101 -0.5288 2.1001 0.4690 0.6213 
5.3101 -0.5288 2.1001 0.4690 0.6213 
5.3001 -0.5299 2.1001 0.4631 0.5899 
5.3001 -0.5299 2.1001 0.4631 0.5899 
5.3001 -0.5299 2.1001 0.4631 0.5899 
5.3001 -0.5299 2.1001 0.4631 0.5899 
5.3001 -0.5299 2.1001 0.4631 0.5899 
5.3201 -0.5499 2.1052 0.4066 0.6507 
5.3315 -0.5499 2.1001 0.3969 0.6873 
5.3201 -0.5459 2.1001 0.4089 0.6524 
5.3867 -0.5499 2.1001 0.4070 0.8581 
5.3901 -0.5563 2.1001 0.3852 0.8668 
5.3901 -0.5499 2.1063 0.4218 0.8639 
5.3701 -0.5599 2.1127 0.3983 0.7966 
5.3776 -0.5599 2.1001 0.3705 0.8275 
5.3613 -0.5599 2.1001 0.3676 0.7777 
5.3601 -0.5562 2.1001 0.3802 0.7746 
5.3601 -0.5499 2.1031 0.4090 0.7740 
5.3512 -0.5499 2.1001 0.4005 0.7480 
5.3315 -0.5499 2.1001 0.3969 0.6873 
5.3201 -0.5499 2.1052 0.4066 0.6507 
5.3201 -0.5553 2.1001 0.3760 0.6522 
5.3201 -0.5459 2.1001 0.4089 0.6524 
5.3201 -0.5553 2.1001 0.3760 0.6522 
5.3201 -0.5499 2.1052 0.4066 0.6507 
5.3539 -0.5599 2.1001 0.3662 0.7551 
5.3483 -0.5599 2.1001 0.3652 0.7378 
5.3201 -0.5699 2.1167 0.3653 0.6469 
5.3001 -0.5622 2.1001 0.3489 0.5915 
5.2901 -0.5699 2.1182 0.3637 0.5599 
5.3201 -0.5699 2.1167 0.3653 0.6469 
5.3201 -0.5618 2.1001 0.3536 0.6520 
5.3001 -0.5622 2.1001 0.3489 0.5915 
5.3201 -0.5699 2.1167 0.3653 0.6469 
5.3701 -0.6020 2.1001 0.2333 0.7961 
5.3901 -0.6008 2.1001 0.2399 0.8547 
5.3301 -0.6030 2.1001 0.2241 0.6800 
5.3901 -0.6008 2.1001 0.2399 0.8547 
5.3101 -0.6025 2.1001 0.2225 0.6222 
5.3301 -0.6030 2.1001 0.2241 0.6800 
5.4201 -0.4999 2.0950 0.5931 0.9896 
5.4101 -0.4982 2.1001 0.6085 0.9514 
5.4067 -0.5199 2.1001 0.5217 0.9314 
5.4301 -0.5352 2.1001 0.4686 1.0000 
5.4201 -0.4999 2.0950 0.5931 0.9896 
5.4067 -0.5199 2.1001 0.5217 0.9314 
5.4148 -0.5699 2.1001 0.3430 0.9381 
5.4301 -0.5352 2.1001 0.4686 1.0000 
5.4067 -0.5199 2.1001 0.5217 0.9314 
5.4101 -0.5713 2.0901 0.3130 0.9322 
5.4148 -0.5699 2.1001 0.3430 0.9381 
5.4067 -0.5199 2.1001 0.5217 0.9314 
5.4101 -0.5713 2.0901 0.3130 0.9322 
5.4067 -0.5199 2.1001 0.5217 0.9314 
5.4018 -0.5699 2.1001 0.3408 0.8984 
5.4101 -0.5713 2.0901 0.3130 0.9322 
5.4201 -0.5832 2.0901 0.2754 0.9584 
5.4148 -0.5699 2.1001 0.3430 0.9381 
5.4001 -0.5827 2.0801 0.2480 0.9060 
5.4018 -0.5699 2.1001 0.3408 0.8984 
5.4014 -0.5899 2.1001 0.2756 0.8909 
5.4101 -0.5713 2.0901 0.3130 0.9322 
5.4018 -0.5699 2.1001 0.3408 0.8984 
5.4001 -0.5827 2.0801 0.2480 0.9060 
5.4142 -0.5899 2.1001 0.2777 0.9290 
5.4148 -0.5699 2.1001 0.3430 0.9381 
5.4201 -0.5832 2.0901 0.2754 0.9584 
5.4201 -0.5832 2.0901 0.2754 0.9584 
5.4401 -0.5999 2.1013 0.2536 1.0004 
5.4142 -0.5899 2.1001 0.2777 0.9290 
5.4201 -0.5676 2.0801 0.3020 0.9748 
5.4201 -0.5832 2.0901 0.2754 0.9584 
5.4101 -0.5713 2.0901 0.3130 0.9322 
5.4201 -0.5676 2.0801 0.3020 0.9748 
5.4101 -0.5713 2.0901 0.3130 0.9322 
5.4001 -0.5827 2.0801 0.2480 0.9060 
5.4201 -0.5501 2.0701 0.3382 0.9936 
5.4201 -0.5676 2.0801 0.3020 0.9748 
5.4001 -0.5728 2.0701 0.2544 0.9184 
5.4001 -0.5728 2.0701 0.2544 0.9184 
5.4201 -0.5676 2.0801 0.3020 0.9748 
5.4001 -0.5827 2.0801 0.2480 0.9060 
5.4201 -0.5678 2.0601 0.2478 0.9964 
5.4201 -0.5501 2.0701 0.3382 0.9936 
5.4001 -0.5728 2.0701 0.2544 0.9184 
5.4001 -0.5728 2.0701 0.2544 0.9184 
5.3901 -0.5768 2.0601 0.2121 0.8935 
5.4201 -0.5678 2.0601 0.2478 0.9964 
5.4201 -0.5678 2.0601 0.2478 0.9964 
5.3901 -0.5768 2.0601 0.2121 0.8935 
5.4001 -0.5874 2.0501 0.1519 0.9319 
5.4101 -0.5789 2.0301 0.1241 0.9915 
5.4001 -0.5745 2.0401 0.1645 0.9474 
5.3901 -0.5932 2.0301 0.0862 0.9155 
5.3601 -0.5047 2.1001 0.5718 0.7842 
5.4067 -0.5199 2.1001 0.5217 0.9314 
5.4101 -0.4982 2.1001 0.6085 0.9514 
5.4101 -0.4982 2.1001 0.6085 0.9514 
5.3637 -0.4999 2.0901 0.5706 0.8040 
5.3601 -0.5047 2.1001 0.5718 0.7842 
5.3601 -0.5047 2.1001 0.5718 0.7842 
5.3637 -0.4999 2.0901 0.5706 0.8040 
5.3601 -0.5899 2.0813 0.2214 0.7796 
5.3637 -0.4999 2.0901 0.5706 0.8040 
5.3631 -0.5699 2.0801 0.2842 0.7933 
5.3601 -0.5899 2.0813 0.2214 0.7796 
5.3601 -0.5047 2.1001 0.5718 0.7842 
5.3601 -0.5899 2.0813 0.2214 0.7796 
5.3609 -0.4999 2.0801 0.5478 0.8014 
5.3609 -0.4999 2.0801 0.5478 0.8014 
5.3601 -0.5899 2.0813 0.2214 0.7796 
5.3583 -0.5599 2.0801 0.3177 0.7803 
5.3631 -0.5699 2.0801 0.2842 0.7933 
5.3637 -0.4999 2.0901 0.5706 0.8040 
5.3609 -0.4999 2.0801 0.5478 0.8014 
5.3583 -0.5599 2.0801 0.3177 0.7803 
5.3631 -0.5699 2.0801 0.2842 0.7933 
5.3609 -0.4999 2.0801 0.5478 0.8014 
5.3195 -0.5099 2.1001 0.5429 0.6515 
5.3161 -0.4999 2.0901 0.5605 0.6436 
5.3030 -0.4999 2.1001 0.5792 0.5978 
5.3401 -0.4999 2.0868 0.5582 0.7261 
5.3366 -0.4999 2.0901 0.5649 0.7127 
5.3401 -0.5033 2.0901 0.5519 0.7239 
5.3301 -0.5040 2.1001 0.5682 0.6862 
5.3161 -0.4999 2.0901 0.5605 0.6436 
5.3195 -0.5099 2.1001 0.5429 0.6515 
5.3301 -0.5781 2.0601 0.1976 0.6975 
5.3501 -0.5654 2.0701 0.2710 0.7588 
5.3301 -0.5325 2.0701 0.3868 0.6969 
5.3801 -0.5774 2.0901 0.2874 0.8378 
5.4001 -0.5827 2.0801 0.2480 0.9060 
5.4014 -0.5899 2.1001 0.2756 0.8909 
5.3801 -0.5774 2.0901 0.2874 0.8378 
5.4014 -0.5899 2.1001 0.2756 0.8909 
5.3701 -0.5922 2.0901 0.2383 0.8041 
5.4142 -0.5899 2.1001 0.2777 0.9290 
5.3901 -0.6008 2.1001 0.2399 0.8547 
5.4014 -0.5899 2.1001 0.2756 0.8909 
5.3701 -0.6020 2.1001 0.2333 0.7961 
5.4014 -0.5899 2.1001 0.2756 0.8909 
5.3901 -0.6008 2.1001 0.2399 0.8547 
5.3701 -0.5922 2.0901 0.2383 0.8041 
5.4014 -0.5899 2.1001 0.2756 0.8909 
5.3701 -0.6020 2.1001 0.2333 0.7961 
5.3801 -0.5774 2.0901 0.2874 0.8378 
5.3901 -0.5763 2.0801 0.2673 0.8767 
5.4001 -0.5827 2.0801 0.2480 0.9060 
5.3801 -0.5716 2.0701 0.2550 0.8543 
5.3901 -0.5763 2.0801 0.2673 0.8767 
5.3801 -0.5774 2.0901 0.2874 0.8378 
5.3801 -0.5774 2.0901 0.2874 0.8378 
5.3701 -0.5922 2.0901 0.2383 0.8041 
5.3701 -0.5951 2.0801 0.2037 0.8099 
5.3801 -0.5716 2.0701 0.2550 0.8543 
5.3801 -0.5774 2.0901 0.2874 0.8378 
5.3701 -0.5951 2.0801 0.2037 0.8099 
5.3701 -0.6020 2.1001 0.2333 0.7961 
5.3636 -0.5999 2.0801 0.1883 0.7892 
5.3601 -0.5899 2.0813 0.2214 0.7796 
5.3701 -0.5922 2.0901 0.2383 0.8041 
5.3701 -0.6020 2.1001 0.2333 0.7961 
5.3601 -0.5899 2.0813 0.2214 0.7796 
5.3701 -0.5951 2.0801 0.2037 0.8099 
5.3701 -0.5922 2.0901 0.2383 0.8041 
5.3601 -0.5899 2.0813 0.2214 0.7796 
5.3631 -0.5699 2.0801 0.2842 0.7933 
5.3583 -0.5599 2.0801 0.3177 0.7803 
5.3501 -0.5654 2.0701 0.2710 0.7588 
5.4001 -0.5827 2.0801 0.2480 0.9060 
5.3901 -0.5763 2.0801 0.2673 0.8767 
5.4001 -0.5728 2.0701 0.2544 0.9184 
5.3601 -0.5879 2.0701 0.1984 0.7867 
5.3701 -0.5725 2.0701 0.2501 0.8218 
5.3631 -0.5699 2.0801 0.2842 0.7933 
5.3601 -0.5899 2.0813 0.2214 0.7796 
5.3631 -0.5699 2.0801 0.2842 0.7933 
5.3701 -0.5725 2.0701 0.2501 0.8218 
5.3501 -0.5654 2.0701 0.2710 0.7588 
5.3601 -0.5879 2.0701 0.1984 0.7867 
5.3631 -0.5699 2.0801 0.2842 0.7933 
5.3583 -0.5599 2.0801 0.3177 0.7803 
5.3601 -0.5899 2.0813 0.2214 0.7796 
5.3501 -0.6025 2.0801 0.1783 0.7477 
5.3583 -0.5599 2.0801 0.3177 0.7803 
5.3501 -0.6025 2.0801 0.1783 0.7477 
5.3501 -0.5654 2.0701 0.2710 0.7588 
5.4001 -0.5728 2.0701 0.2544 0.9184 
5.3901 -0.5763 2.0801 0.2673 0.8767 
5.3901 -0.5768 2.0601 0.2121 0.8935 
5.3801 -0.5716 2.0701 0.2550 0.8543 
5.3901 -0.5768 2.0601 0.2121 0.8935 
5.3901 -0.5763 2.0801 0.2673 0.8767 
5.3701 -0.5951 2.0801 0.2037 0.8099 
5.3701 -0.5725 2.0701 0.2501 0.8218 
5.3801 -0.5716 2.0701 0.2550 0.8543 
5.3601 -0.5899 2.0813 0.2214 0.7796 
5.3701 -0.5725 2.0701 0.2501 0.8218 
5.3701 -0.5951 2.0801 0.2037 0.8099 
5.3636 -0.5999 2.0801 0.1883 0.7892 
5.3501 -0.6025 2.0801 0.1783 0.7477 
5.3601 -0.5899 2.0813 0.2214 0.7796 
5.3801 -0.5832 2.0601 0.1895 0.8589 
5.3901 -0.5768 2.0601 0.2121 0.8935 
5.3801 -0.5716 2.0701 0.2550 0.8543 
5.3701 -0.5738 2.0601 0.2186 0.8288 
5.3801 -0.5716 2.0701 0.2550 0.8543 
5.3701 -0.5725 2.0701 0.2501 0.8218 
5.3801 -0.5832 2.0601 0.1895 0.8589 
5.3801 -0.5716 2.0701 0.2550 0.8543 
5.3701 -0.5738 2.0601 0.2186 0.8288 
5.3701 -0.5725 2.0701 0.2501 0.8218 
5.3601 -0.5793 2.0601 0.1985 0.7948 
5.3701 -0.5738 2.0601 0.2186 0.8288 
5.3601 -0.5879 2.0701 0.1984 0.7867 
5.3601 -0.5793 2.0601 0.1985 0.7948 
5.3701 -0.5725 2.0701 0.2501 0.8218 
5.3601 -0.5879 2.0701 0.1984 0.7867 
5.3501 -0.5654 2.0701 0.2710 0.7588 
5.3601 -0.5793 2.0601 0.1985 0.7948 
5.3901 -0.5760 2.0501 0.1865 0.9029 
5.4001 -0.5874 2.0501 0.1519 0.9319 
5.3901 -0.5768 2.0601 0.2121 0.8935 
5.3901 -0.5768 2.0601 0.2121 0.8935 
5.3801 -0.5740 2.0401 0.1628 0.8787 
5.3901 -0.5760 2.0501 0.1865 0.9029 
5.3901 -0.5768 2.0601 0.2121 0.8935 
5.3801 -0.5832 2.0601 0.1895 0.8589 
5.3801 -0.5740 2.0401 0.1628 0.8787 
5.3801 -0.5740 2.0401 0.1628 0.8787 
5.3701 -0.5738 2.0601 0.2186 0.8288 
5.3701 -0.5581 2.0501 0.2448 0.8407 
5.3801 -0.5740 2.0401 0.1628 0.8787 
5.3801 -0.5832 2.0601 0.1895 0.8589 
5.3701 -0.5738 2.0601 0.2186 0.8288 
5.3701 -0.5738 2.0601 0.2186 0.8288 
5.3601 -0.5793 2.0601 0.1985 0.7948 
5.3701 -0.5581 2.0501 0.2448 0.8407 
5.3601 -0.5793 2.0601 0.1985 0.7948 
5.3601 -0.5999 2.0502 0.1112 0.7969 
5.3701 -0.5581 2.0501 0.2448 0.8407 
5.3601 -0.5793 2.0601 0.1985 0.7948 
5.3490 -0.5899 2.0501 0.1366 0.7626 
5.3601 -0.5999 2.0502 0.1112 0.7969 
5.3301 -0.5829 2.0901 0.2611 0.6848 
5.3501 -0.6025 2.0801 0.1783 0.7477 
5.3301 -0.6030 2.1001 0.2241 0.6800 
5.3301 -0.5829 2.0901 0.2611 0.6848 
5.3301 -0.6030 2.1001 0.2241 0.6800 
5.3201 -0.6033 2.0801 0.1717 0.6573 
5.3101 -0.5876 2.0901 0.2432 0.6245 
5.3201 -0.6033 2.0801 0.1717 0.6573 
5.3101 -0.6025 2.1001 0.2225 0.6222 
5.3101 -0.5876 2.0901 0.2432 0.6245 
5.3101 -0.6025 2.1001 0.2225 0.6222 
5.3001 -0.5877 2.0901 0.2411 0.5946 
5.3001 -0.5847 2.0701 0.1985 0.5985 
5.3101 -0.5876 2.0901 0.2432 0.6245 
5.3001 -0.5877 2.0901 0.2411 0.5946 
5.3201 -0.6033 2.0801 0.1717 0.6573 
5.3101 -0.5876 2.0901 0.2432 0.6245 
5.3001 -0.5847 2.0701 0.1985 0.5985 
5.3501 -0.6025 2.0801 0.1783 0.7477 
5.3301 -0.5829 2.0901 0.2611 0.6848 
5.3401 -0.5828 2.0801 0.2376 0.7196 
5.3401 -0.5828 2.0801 0.2376 0.7196 
5.3301 -0.5829 2.0901 0.2611 0.6848 
5.3201 -0.6033 2.0801 0.1717 0.6573 
5.3501 -0.5654 2.0701 0.2710 0.7588 
5.3501 -0.6025 2.0801 0.1783 0.7477 
5.3301 -0.5325 2.0701 0.3868 0.6969 
5.3501 -0.6025 2.0801 0.1783 0.7477 
5.3401 -0.5828 2.0801 0.2376 0.7196 
5.3301 -0.5325 2.0701 0.3868 0.6969 
5.3401 -0.5828 2.0801 0.2376 0.7196 
5.3201 -0.6033 2.0801 0.1717 0.6573 
5.3301 -0.5325 2.0701 0.3868 0.6969 
5.3301 -0.5325 2.0701 0.3868 0.6969 
5.3201 -0.6033 2.0801 0.1717 0.6573 
5.3103 -0.5899 2.0701 0.1841 0.6304 
5.3201 -0.6033 2.0801 0.1717 0.6573 
5.3001 -0.5847 2.0701 0.1985 0.5985 
5.3103 -0.5899 2.0701 0.1841 0.6304 
5.3301 -0.5781 2.0601 0.1976 0.6975 
5.3301 -0.5325 2.0701 0.3868 0.6969 
5.3201 -0.5799 2.0603 0.1906 0.6649 
5.3103 -0.5899 2.0701 0.1841 0.6304 
5.3201 -0.5799 2.0603 0.1906 0.6649 
5.3301 -0.5325 2.0701 0.3868 0.6969 
5.3601 -0.5793 2.0601 0.1985 0.7948 
5.3501 -0.5654 2.0701 0.2710 0.7588 
5.3301 -0.5781 2.0601 0.1976 0.6975 
5.3301 -0.5781 2.0601 0.1976 0.6975 
5.3201 -0.5799 2.0603 0.1906 0.6649 
5.3101 -0.5827 2.0601 0.1796 0.6327 
5.3201 -0.5799 2.0603 0.1906 0.6649 
5.3103 -0.5899 2.0701 0.1841 0.6304 
5.3101 -0.5827 2.0601 0.1796 0.6327 
5.3101 -0.5827 2.0601 0.1796 0.6327 
5.3001 -0.5847 2.0701 0.1985 0.5985 
5.2901 -0.5800 2.0601 0.1847 0.5682 
5.3103 -0.5899 2.0701 0.1841 0.6304 
5.3001 -0.5847 2.0701 0.1985 0.5985 
5.3101 -0.5827 2.0601 0.1796 0.6327 
5.3490 -0.5899 2.0501 0.1366 0.7626 
5.3301 -0.5781 2.0601 0.1976 0.6975 
5.3401 -0.5773 2.0501 0.1738 0.7353 
5.3301 -0.5781 2.0601 0.1976 0.6975 
5.3101 -0.5827 2.0601 0.1796 0.6327 
5.3201 -0.5743 2.0501 0.1803 0.6690 
5.3490 -0.5899 2.0501 0.1366 0.7626 
5.3601 -0.5793 2.0601 0.1985 0.7948 
5.3301 -0.5781 2.0601 0.1976 0.6975 
5.4001 -0.5745 2.0401 0.1645 0.9474 
5.3901 -0.5760 2.0501 0.1865 0.9029 
5.3901 -0.5657 2.0401 0.1925 0.9164 
5.4001 -0.5745 2.0401 0.1645 0.9474 
5.4001 -0.5874 2.0501 0.1519 0.9319 
5.3901 -0.5760 2.0501 0.1865 0.9029 
5.3901 -0.5760 2.0501 0.1865 0.9029 
5.3801 -0.5740 2.0401 0.1628 0.8787 
5.3901 -0.5657 2.0401 0.1925 0.9164 
5.3701 -0.5643 2.0301 0.1638 0.8556 
5.3801 -0.5740 2.0401 0.1628 0.8787 
5.3701 -0.5581 2.0501 0.2448 0.8407 
5.3701 -0.5643 2.0301 0.1638 0.8556 
5.3701 -0.5581 2.0501 0.2448 0.8407 
5.3601 -0.5829 2.0401 0.1319 0.8077 
5.3601 -0.5829 2.0401 0.1319 0.8077 
5.3701 -0.5581 2.0501 0.2448 0.8407 
5.3601 -0.5999 2.0502 0.1112 0.7969 
5.3490 -0.5899 2.0501 0.1366 0.7626 
5.3601 -0.5829 2.0401 0.1319 0.8077 
5.3601 -0.5999 2.0502 0.1112 0.7969 
5.3801 -0.5709 2.0301 0.1438 0.8889 
5.3901 -0.5657 2.0401 0.1925 0.9164 
5.3801 -0.5740 2.0401 0.1628 0.8787 
5.3801 -0.5709 2.0301 0.1438 0.8889 
5.3801 -0.5740 2.0401 0.1628 0.8787 
5.3701 -0.5643 2.0301 0.1638 0.8556 
5.3701 -0.5643 2.0301 0.1638 0.8556 
5.3601 -0.5829 2.0401 0.1319 0.8077 
5.3601 -0.5712 2.0201 0.1117 0.8260 
5.3501 -0.5744 2.0301 0.1280 0.7821 
5.3601 -0.5712 2.0201 0.1117 0.8260 
5.3601 -0.5829 2.0401 0.1319 0.8077 
5.4001 -0.5745 2.0401 0.1645 0.9474 
5.3901 -0.5657 2.0401 0.1925 0.9164 
5.3901 -0.5932 2.0301 0.0862 0.9155 
5.3901 -0.5657 2.0401 0.1925 0.9164 
5.3801 -0.5709 2.0301 0.1438 0.8889 
5.3901 -0.5932 2.0301 0.0862 0.9155 
5.3901 -0.5932 2.0301 0.0862 0.9155 
5.3801 -0.5709 2.0301 0.1438 0.8889 
5.3901 -0.5753 2.0201 0.1047 0.9331 
5.3701 -0.5860 2.0201 0.0799 0.8574 
5.3901 -0.5753 2.0201 0.1047 0.9331 
5.3801 -0.5709 2.0301 0.1438 0.8889 
5.3801 -0.5709 2.0301 0.1438 0.8889 
5.3701 -0.5643 2.0301 0.1638 0.8556 
5.3701 -0.5860 2.0201 0.0799 0.8574 
5.3660 -0.5799 2.0201 0.0905 0.8445 
5.3701 -0.5643 2.0301 0.1638 0.8556 
5.3601 -0.5712 2.0201 0.1117 0.8260 
5.3660 -0.5799 2.0201 0.0905 0.8445 
5.3701 -0.5860 2.0201 0.0799 0.8574 
5.3701 -0.5643 2.0301 0.1638 0.8556 
5.3701 -0.5799 2.0101 0.0753 0.8684 
5.3701 -0.5799 2.0101 0.0753 0.8684 
5.3701 -0.5799 2.0101 0.0753 0.8684 
5.3660 -0.5799 2.0201 0.0905 0.8445 
5.3601 -0.5712 2.0201 0.1117 0.8260 
5.3701 -0.5799 2.0101 0.0753 0.8684 
5.3701 -0.5799 2.0101 0.0753 0.8684 
5.3660 -0.5799 2.0201 0.0905 0.8445 
5.3701 -0.5799 2.0101 0.0753 0.8684 
5.3601 -0.5799 2.0146 0.0800 0.8280 
5.3701 -0.5799 2.0101 0.0753 0.8684 
5.3601 -0.5712 2.0201 0.1117 0.8260 
5.3601 -0.5799 2.0146 0.0800 0.8280 
5.3701 -0.5799 2.0101 0.0753 0.8684 
5.3701 -0.5799 2.0101 0.0753 0.8684 
5.4001 -0.5681 2.0101 0.0997 0.9850 
5.3901 -0.5753 2.0201 0.1047 0.9331 
5.3801 -0.5822 2.0101 0.0741 0.9042 
5.3901 -0.5753 2.0201 0.1047 0.9331 
5.3701 -0.5860 2.0201 0.0799 0.8574 
5.3801 -0.5822 2.0101 0.0741 0.9042 
5.3701 -0.5799 2.0101 0.0753 0.8684 
5.3801 -0.5822 2.0101 0.0741 0.9042 
5.3701 -0.5860 2.0201 0.0799 0.8574 
5.3701 -0.5799 2.0101 0.0753 0.8684 
5.3701 -0.5860 2.0201 0.0799 0.8574 
5.3701 -0.5799 2.0101 0.0753 0.8684 
5.3701 -0.5799 2.0101 0.0753 0.8684 
5.3701 -0.5860 2.0201 0.0799 0.8574 
5.3660 -0.5799 2.0201 0.0905 0.8445 
5.3701 -0.5799 2.0101 0.0753 0.8684 
5.3701 -0.5799 2.0101 0.0753 0.8684 
5.3701 -0.5799 2.0101 0.0753 0.8684 
5.3701 -0.5799 2.0101 0.0753 0.8684 
5.3701 -0.5799 2.0101 0.0753 0.8684 
5.3701 -0.5799 2.0101 0.0753 0.8684 
5.3701 -0.5799 2.0101 0.0753 0.8684 
5.3801 -0.5822 2.0101 0.0741 0.9042 
5.3701 -0.5799 2.0101 0.0753 0.8684 
5.3201 -0.5512 2.0401 0.2309 0.6742 
5.3301 -0.5739 2.0401 0.1546 0.7071 
5.3201 -0.5743 2.0501 0.1803 0.6690 
5.3101 -0.5687 2.0401 0.1683 0.6389 
5.3201 -0.5512 2.0401 0.2309 0.6742 
5.3201 -0.5743 2.0501 0.1803 0.6690 
5.3301 -0.5781 2.0601 0.1976 0.6975 
5.3301 -0.5739 2.0401 0.1546 0.7071 
5.3401 -0.5773 2.0501 0.1738 0.7353 
5.3301 -0.5739 2.0401 0.1546 0.7071 
5.3301 -0.5781 2.0601 0.1976 0.6975 
5.3201 -0.5743 2.0501 0.1803 0.6690 
5.3201 -0.5743 2.0501 0.1803 0.6690 
5.3101 -0.5827 2.0601 0.1796 0.6327 
5.3101 -0.5687 2.0401 0.1683 0.6389 
5.3101 -0.5687 2.0401 0.1683 0.6389 
5.3101 -0.5827 2.0601 0.1796 0.6327 
5.3001 -0.5699 2.0360 0.1508 0.6056 
5.3401 -0.5773 2.0501 0.1738 0.7353 
5.3401 -0.5902 2.0401 0.1087 0.7389 
5.3601 -0.5829 2.0401 0.1319 0.8077 
5.3490 -0.5899 2.0501 0.1366 0.7626 
5.3401 -0.5773 2.0501 0.1738 0.7353 
5.3601 -0.5829 2.0401 0.1319 0.8077 
5.3401 -0.5773 2.0501 0.1738 0.7353 
5.3301 -0.5739 2.0401 0.1546 0.7071 
5.3401 -0.5902 2.0401 0.1087 0.7389 
5.3301 -0.5664 2.0301 0.1499 0.7129 
5.3501 -0.5744 2.0301 0.1280 0.7821 
5.3301 -0.5739 2.0401 0.1546 0.7071 
5.3301 -0.5739 2.0401 0.1546 0.7071 
5.3201 -0.5512 2.0401 0.2309 0.6742 
5.3301 -0.5664 2.0301 0.1499 0.7129 
5.3301 -0.5664 2.0301 0.1499 0.7129 
5.3101 -0.5687 2.0401 0.1683 0.6389 
5.3201 -0.5912 2.0301 0.0833 0.6760 
5.3201 -0.5512 2.0401 0.2309 0.6742 
5.3101 -0.5687 2.0401 0.1683 0.6389 
5.3301 -0.5664 2.0301 0.1499 0.7129 
5.3001 -0.5699 2.0360 0.1508 0.6056 
5.3008 -0.5599 2.0301 0.1666 0.6093 
5.3101 -0.5687 2.0401 0.1683 0.6389 
5.3101 -0.5687 2.0401 0.1683 0.6389 
5.3008 -0.5599 2.0301 0.1666 0.6093 
5.3201 -0.5912 2.0301 0.0833 0.6760 
5.3401 -0.5902 2.0401 0.1087 0.7389 
5.3501 -0.5744 2.0301 0.1280 0.7821 
5.3601 -0.5829 2.0401 0.1319 0.8077 
5.3401 -0.5902 2.0401 0.1087 0.7389 
5.3301 -0.5739 2.0401 0.1546 0.7071 
5.3501 -0.5744 2.0301 0.1280 0.7821 
5.3301 -0.5771 2.0101 0.0760 0.7223 
5.3401 -0.5776 2.0201 0.0927 0.7525 
5.3501 -0.5744 2.0301 0.1280 0.7821 
5.3301 -0.5664 2.0301 0.1499 0.7129 
5.3301 -0.5771 2.0101 0.0760 0.7223 
5.3501 -0.5744 2.0301 0.1280 0.7821 
5.3301 -0.5771 2.0101 0.0760 0.7223 
5.3301 -0.5664 2.0301 0.1499 0.7129 
5.3201 -0.5912 2.0301 0.0833 0.6760 
5.3201 -0.5912 2.0301 0.0833 0.6760 
5.3008 -0.5599 2.0301 0.1666 0.6093 
5.3001 -0.5799 2.0246 0.0927 0.6089 
5.3101 -0.5885 2.0201 0.0743 0.6453 
5.3201 -0.5912 2.0301 0.0833 0.6760 
5.3001 -0.5799 2.0246 0.0927 0.6089 
5.3401 -0.5740 2.0101 0.0806 0.7595 
5.3401 -0.5776 2.0201 0.0927 0.7525 
5.3301 -0.5771 2.0101 0.0760 0.7223 
5.3401 -0.5740 2.0101 0.0806 0.7595 
5.3301 -0.5771 2.0101 0.0760 0.7223 
5.3301 -0.5441 2.0001 0.1331 0.7330 
5.4401 -0.5999 2.1013 0.2536 1.0004 
5.3901 -0.6008 2.1001 0.2399 0.8547 
5.4142 -0.5899 2.1001 0.2777 0.9290 
5.3701 -0.6020 2.1001 0.2333 0.7961 
5.3301 -0.6030 2.1001 0.2241 0.6800 
5.3501 -0.6025 2.0801 0.1783 0.7477 
5.3636 -0.5999 2.0801 0.1883 0.7892 
5.3701 -0.6020 2.1001 0.2333 0.7961 
5.3501 -0.6025 2.0801 0.1783 0.7477 
5.3301 -0.6030 2.1001 0.2241 0.6800 
5.3101 -0.6025 2.1001 0.2225 0.6222 
5.3201 -0.6033 2.0801 0.1717 0.6573 
5.3001 -0.5299 2.1001 0.4631 0.5899 
5.2901 -0.4999 2.1126 0.6020 0.5542 
5.2801 -0.5053 2.1001 0.5531 0.5238 
5.2801 -0.5053 2.1001 0.5531 0.5238 
5.2701 -0.4999 2.1065 0.5856 0.4908 
5.2666 -0.5199 2.1001 0.4940 0.4831 
5.2666 -0.5199 2.1001 0.4940 0.4831 
5.2701 -0.4999 2.1065 0.5856 0.4908 
5.2601 -0.5199 2.1078 0.5095 0.4633 
5.2601 -0.5199 2.1078 0.5095 0.4633 
5.2501 -0.4899 2.1078 0.6241 0.4245 
5.2501 -0.5116 2.1001 0.5225 0.4289 
5.2701 -0.4999 2.1065 0.5856 0.4908 
5.2501 -0.4899 2.1078 0.6241 0.4245 
5.2601 -0.5199 2.1078 0.5095 0.4633 
5.2868 -0.5199 2.1001 0.4979 0.5471 
5.2801 -0.5176 2.1001 0.5052 0.5255 
5.2801 -0.5199 2.1016 0.4998 0.5258 
5.2801 -0.5053 2.1001 0.5531 0.5238 
5.2901 -0.5299 2.1004 0.4618 0.5585 
5.3001 -0.5299 2.1001 0.4631 0.5899 
5.2868 -0.5199 2.1001 0.4979 0.5471 
5.2801 -0.5199 2.1016 0.4998 0.5258 
5.2801 -0.5227 2.1001 0.4862 0.5262 
5.2801 -0.5176 2.1001 0.5052 0.5255 
5.2801 -0.5227 2.1001 0.4862 0.5262 
5.2801 -0.5199 2.1016 0.4998 0.5258 
5.2601 -0.5199 2.1078 0.5095 0.4633 
5.2601 -0.5299 2.1001 0.4554 0.4647 
5.2666 -0.5199 2.1001 0.4940 0.4831 
5.2666 -0.5199 2.1001 0.4940 0.4831 
5.2601 -0.5299 2.1001 0.4554 0.4647 
5.2601 -0.5299 2.1001 0.4554 0.4647 
5.2501 -0.5116 2.1001 0.5225 0.4289 
5.2601 -0.5299 2.1001 0.4554 0.4647 
5.2601 -0.5199 2.1078 0.5095 0.4633 
5.2601 -0.5199 2.1078 0.5095 0.4633 
5.2601 -0.5299 2.1001 0.4554 0.4647 
5.2601 -0.5299 2.1001 0.4554 0.4647 
5.3001 -0.5299 2.1001 0.4631 0.5899 
5.2901 -0.5299 2.1004 0.4618 0.5585 
5.3001 -0.5299 2.1001 0.4631 0.5899 
5.3001 -0.5299 2.1001 0.4631 0.5899 
5.2901 -0.5299 2.1004 0.4618 0.5585 
5.2801 -0.5053 2.1001 0.5531 0.5238 
5.2601 -0.5299 2.1001 0.4554 0.4647 
5.2601 -0.5399 2.1053 0.4311 0.4672 
5.2601 -0.5299 2.1001 0.4554 0.4647 
5.2601 -0.5299 2.1001 0.4554 0.4647 
5.2601 -0.5399 2.1053 0.4311 0.4672 
5.2701 -0.5472 2.1001 0.3952 0.4988 
5.2501 -0.5341 2.1001 0.4383 0.4346 
5.2601 -0.5399 2.1053 0.4311 0.4672 
5.2601 -0.5299 2.1001 0.4554 0.4647 
5.2501 -0.5341 2.1001 0.4383 0.4346 
5.2601 -0.5299 2.1001 0.4554 0.4647 
5.2601 -0.5299 2.1001 0.4554 0.4647 
5.2518 -0.5599 2.1001 0.3482 0.4458 
5.2601 -0.5399 2.1053 0.4311 0.4672 
5.2501 -0.5341 2.1001 0.4383 0.4346 
5.2301 -0.4999 2.1071 0.5788 0.3636 
5.2101 -0.4899 2.1147 0.6293 0.2997 
5.2101 -0.5099 2.1123 0.5469 0.3069 
5.2001 -0.4999 2.1030 0.5641 0.2671 
5.2101 -0.5099 2.1123 0.5469 0.3069 
5.2101 -0.4899 2.1147 0.6293 0.2997 
5.2501 -0.5116 2.1001 0.5225 0.4289 
5.2501 -0.4899 2.1078 0.6241 0.4245 
5.2401 -0.5099 2.1112 0.5505 0.3992 
5.2301 -0.4999 2.1071 0.5788 0.3636 
5.2176 -0.5199 2.1001 0.4844 0.3290 
5.2401 -0.5099 2.1112 0.5505 0.3992 
5.2176 -0.5199 2.1001 0.4844 0.3290 
5.2301 -0.4999 2.1071 0.5788 0.3636 
5.2101 -0.5099 2.1123 0.5469 0.3069 
5.2401 -0.5099 2.1112 0.5505 0.3992 
5.2401 -0.5182 2.1001 0.4953 0.3991 
5.2501 -0.5116 2.1001 0.5225 0.4289 
5.2401 -0.5099 2.1112 0.5505 0.3992 
5.2176 -0.5199 2.1001 0.4844 0.3290 
5.2210 -0.5299 2.1001 0.4480 0.3433 
5.2401 -0.5182 2.1001 0.4953 0.3991 
5.2401 -0.5099 2.1112 0.5505 0.3992 
5.2210 -0.5299 2.1001 0.4480 0.3433 
5.2176 -0.5199 2.1001 0.4844 0.3290 
5.2101 -0.5099 2.1123 0.5469 0.3069 
5.2032 -0.5199 2.1001 0.4816 0.2843 
5.2176 -0.5199 2.1001 0.4844 0.3290 
5.2101 -0.5299 2.1106 0.4695 0.3141 
5.2210 -0.5299 2.1001 0.4480 0.3433 
5.2176 -0.5199 2.1001 0.4844 0.3290 
5.2101 -0.5228 2.1001 0.4721 0.3070 
5.2101 -0.5299 2.1106 0.4695 0.3141 
5.2032 -0.5199 2.1001 0.4816 0.2843 
5.2101 -0.5299 2.1106 0.4695 0.3141 
5.2101 -0.5228 2.1001 0.4721 0.3070 
5.2210 -0.5299 2.1001 0.4480 0.3433 
5.2128 -0.5399 2.1001 0.4105 0.3219 
5.2401 -0.5599 2.1077 0.3642 0.4122 
5.2210 -0.5299 2.1001 0.4480 0.3433 
5.2401 -0.5599 2.1077 0.3642 0.4122 
5.2401 -0.5423 2.1001 0.4070 0.4060 
5.2128 -0.5399 2.1001 0.4105 0.3219 
5.2210 -0.5299 2.1001 0.4480 0.3433 
5.2101 -0.5299 2.1106 0.4695 0.3141 
5.2401 -0.5599 2.1077 0.3642 0.4122 
5.2518 -0.5599 2.1001 0.3482 0.4458 
5.2501 -0.5341 2.1001 0.4383 0.4346 
5.2401 -0.5423 2.1001 0.4070 0.4060 
5.2401 -0.5599 2.1077 0.3642 0.4122 
5.2501 -0.5341 2.1001 0.4383 0.4346 
5.2201 -0.5594 2.1001 0.3445 0.3509 
5.2401 -0.5599 2.1077 0.3642 0.4122 
5.2128 -0.5399 2.1001 0.4105 0.3219 
5.2901 -0.5599 2.1089 0.3756 0.5601 
5.2822 -0.5699 2.1001 0.3201 0.5385 
5.2901 -0.5699 2.1182 0.3637 0.5599 
5.2601 -0.5699 2.1135 0.3480 0.4735 
5.2701 -0.5699 2.1170 0.3577 0.5024 
5.2801 -0.5599 2.1109 0.3783 0.5304 
5.2801 -0.5799 2.1177 0.3288 0.5323 
5.3201 -0.5699 2.1167 0.3653 0.6469 
5.2901 -0.5699 2.1182 0.3637 0.5599 
5.2801 -0.5799 2.1177 0.3288 0.5323 
5.2901 -0.5699 2.1182 0.3637 0.5599 
5.2822 -0.5699 2.1001 0.3201 0.5385 
5.2701 -0.5699 2.1170 0.3577 0.5024 
5.2601 -0.5699 2.1135 0.3480 0.4735 
5.2801 -0.5799 2.1177 0.3288 0.5323 
5.2401 -0.5699 2.1188 0.3566 0.4167 
5.2801 -0.5799 2.1177 0.3288 0.5323 
5.2601 -0.5699 2.1135 0.3480 0.4735 
5.2501 -0.5710 2.1001 0.3111 0.4433 
5.2401 -0.5699 2.1188 0.3566 0.4167 
5.2601 -0.5699 2.1135 0.3480 0.4735 
5.2701 -0.5472 2.1001 0.3952 0.4988 
5.2901 -0.5599 2.1089 0.3756 0.5601 
5.3001 -0.5622 2.1001 0.3489 0.5915 
5.2701 -0.5472 2.1001 0.3952 0.4988 
5.2801 -0.5599 2.1109 0.3783 0.5304 
5.2901 -0.5599 2.1089 0.3756 0.5601 
5.2601 -0.5399 2.1053 0.4311 0.4672 
5.2601 -0.5699 2.1135 0.3480 0.4735 
5.2701 -0.5472 2.1001 0.3952 0.4988 
5.2601 -0.5699 2.1135 0.3480 0.4735 
5.2801 -0.5599 2.1109 0.3783 0.5304 
5.2701 -0.5472 2.1001 0.3952 0.4988 
5.2518 -0.5599 2.1001 0.3482 0.4458 
5.2601 -0.5699 2.1135 0.3480 0.4735 
5.2601 -0.5399 2.1053 0.4311 0.4672 
5.3001 -0.5622 2.1001 0.3489 0.5915 
5.2901 -0.5599 2.1089 0.3756 0.5601 
5.2901 -0.5699 2.1182 0.3637 0.5599 
5.2801 -0.5668 2.1001 0.3301 0.5318 
5.2822 -0.5699 2.1001 0.3201 0.5385 
5.2901 -0.5599 2.1089 0.3756 0.5601 
5.2801 -0.5599 2.1109 0.3783 0.5304 
5.2801 -0.5668 2.1001 0.3301 0.5318 
5.2901 -0.5599 2.1089 0.3756 0.5601 
5.2778 -0.5699 2.1001 0.3194 0.5253 
5.2801 -0.5668 2.1001 0.3301 0.5318 
5.2701 -0.5699 2.1170 0.3577 0.5024 
5.2801 -0.5668 2.1001 0.3301 0.5318 
5.2801 -0.5599 2.1109 0.3783 0.5304 
5.2701 -0.5699 2.1170 0.3577 0.5024 
5.2518 -0.5599 2.1001 0.3482 0.4458 
5.2501 -0.5710 2.1001 0.3111 0.4433 
5.2601 -0.5699 2.1135 0.3480 0.4735 
5.2822 -0.5699 2.1001 0.3201 0.5385 
5.2778 -0.5699 2.1001 0.3194 0.5253 
5.2801 -0.5799 2.1177 0.3288 0.5323 
5.2778 -0.5699 2.1001 0.3194 0.5253 
5.2701 -0.5699 2.1170 0.3577 0.5024 
5.2801 -0.5799 2.1177 0.3288 0.5323 
5.2001 -0.5799 2.1195 0.3199 0.3075 
5.2401 -0.5699 2.1188 0.3566 0.4167 
5.2101 -0.5599 2.1061 0.3551 0.3237 
5.2101 -0.5599 2.1061 0.3551 0.3237 
5.2401 -0.5699 2.1188 0.3566 0.4167 
5.2201 -0.5594 2.1001 0.3445 0.3509 
5.2101 -0.5599 2.1061 0.3551 0.3237 
5.1901 -0.5752 2.1001 0.2875 0.2690 
5.2001 -0.5799 2.1195 0.3199 0.3075 
5.2401 -0.5699 2.1188 0.3566 0.4167 
5.2001 -0.5799 2.1195 0.3199 0.3075 
5.2101 -0.5999 2.1125 0.2446 0.3396 
5.2518 -0.5599 2.1001 0.3482 0.4458 
5.2401 -0.5599 2.1077 0.3642 0.4122 
5.2481 -0.5599 2.1001 0.3476 0.4347 
5.2201 -0.5594 2.1001 0.3445 0.3509 
5.2001 -0.5470 2.1001 0.3832 0.2865 
5.2101 -0.5599 2.1061 0.3551 0.3237 
5.2401 -0.5699 2.1188 0.3566 0.4167 
5.2501 -0.5710 2.1001 0.3111 0.4433 
5.2481 -0.5599 2.1001 0.3476 0.4347 
5.2401 -0.5599 2.1077 0.3642 0.4122 
5.2401 -0.5699 2.1188 0.3566 0.4167 
5.2481 -0.5599 2.1001 0.3476 0.4347 
5.2401 -0.5699 2.1188 0.3566 0.4167 
5.2401 -0.5599 2.1077 0.3642 0.4122 
5.2201 -0.5594 2.1001 0.3445 0.3509 
5.2001 -0.4999 2.1030 0.5641 0.2671 
5.1801 -0.5112 2.1001 0.5101 0.2087 
5.2101 -0.5099 2.1123 0.5469 0.3069 
5.2001 -0.4999 2.1030 0.5641 0.2671 
5.1801 -0.4999 2.1148 0.5841 0.2121 
5.1801 -0.5112 2.1001 0.5101 0.2087 
5.1801 -0.4999 2.1148 0.5841 0.2121 
5.1701 -0.4986 2.1101 0.5778 0.1781 
5.1801 -0.5112 2.1001 0.5101 0.2087 
5.1701 -0.4986 2.1101 0.5778 0.1781 
5.1501 -0.4999 2.0965 0.5400 0.1095 
5.1601 -0.5126 2.1001 0.5008 0.1490 
5.1501 -0.5078 2.1001 0.5170 0.1171 
5.1601 -0.5126 2.1001 0.5008 0.1490 
5.1501 -0.4999 2.0965 0.5400 0.1095 
5.2101 -0.5099 2.1123 0.5469 0.3069 
5.1801 -0.5112 2.1001 0.5101 0.2087 
5.2032 -0.5199 2.1001 0.4816 0.2843 
5.1801 -0.5112 2.1001 0.5101 0.2087 
5.1701 -0.4986 2.1101 0.5778 0.1781 
5.1601 -0.5126 2.1001 0.5008 0.1490 
5.1601 -0.5126 2.1001 0.5008 0.1490 
5.1501 -0.5078 2.1001 0.5170 0.1171 
5.1501 -0.5199 2.1091 0.4912 0.1311 
5.2101 -0.5299 2.1106 0.4695 0.3141 
5.1801 -0.5112 2.1001 0.5101 0.2087 
5.1701 -0.5248 2.1001 0.4569 0.1857 
5.2032 -0.5199 2.1001 0.4816 0.2843 
5.1801 -0.5112 2.1001 0.5101 0.2087 
5.2101 -0.5299 2.1106 0.4695 0.3141 
5.1601 -0.5126 2.1001 0.5008 0.1490 
5.1501 -0.5199 2.1091 0.4912 0.1311 
5.1450 -0.5299 2.1001 0.4337 0.1159 
5.2101 -0.5299 2.1106 0.4695 0.3141 
5.1701 -0.5248 2.1001 0.4569 0.1857 
5.2128 -0.5399 2.1001 0.4105 0.3219 
5.2128 -0.5399 2.1001 0.4105 0.3219 
5.1701 -0.5248 2.1001 0.4569 0.1857 
5.1701 -0.5456 2.1001 0.3827 0.1968 
5.1501 -0.5078 2.1001 0.5170 0.1171 
5.1459 -0.4999 2.1001 0.5468 0.1007 
5.1301 -0.5099 2.1125 0.5317 0.0761 
5.1321 -0.5199 2.1001 0.4678 0.0770 
5.1501 -0.5078 2.1001 0.5170 0.1171 
5.1301 -0.5099 2.1125 0.5317 0.0761 
5.1321 -0.5199 2.1001 0.4678 0.0770 
5.1501 -0.5199 2.1091 0.4912 0.1311 
5.1501 -0.5078 2.1001 0.5170 0.1171 
5.1321 -0.5199 2.1001 0.4678 0.0770 
5.1301 -0.5099 2.1125 0.5317 0.0761 
5.1201 -0.5092 2.1001 0.5056 0.0538 
5.1321 -0.5199 2.1001 0.4678 0.0770 
5.1450 -0.5299 2.1001 0.4337 0.1159 
5.1501 -0.5199 2.1091 0.4912 0.1311 
5.1450 -0.5299 2.1001 0.4337 0.1159 
5.1101 -0.5299 2.1082 0.4456 0.0529 
5.1201 -0.5523 2.1001 0.3508 0.0679 
5.1201 -0.5523 2.1001 0.3508 0.0679 
5.1101 -0.5299 2.1082 0.4456 0.0529 
5.1101 -0.5399 2.1039 0.4006 0.0532 
5.1701 -0.5799 2.1197 0.3156 0.2248 
5.2001 -0.5799 2.1195 0.3199 0.3075 
5.1901 -0.5752 2.1001 0.2875 0.2690 
5.1601 -0.5699 2.1186 0.3429 0.1922 
5.1501 -0.5799 2.1193 0.3115 0.1706 
5.1701 -0.5799 2.1197 0.3156 0.2248 
5.1739 -0.5699 2.1001 0.3018 0.2201 
5.1601 -0.5699 2.1186 0.3429 0.1922 
5.1701 -0.5799 2.1197 0.3156 0.2248 
5.1501 -0.5799 2.1193 0.3115 0.1706 
5.1601 -0.5699 2.1186 0.3429 0.1922 
5.1448 -0.5599 2.1001 0.3296 0.1326 
5.2001 -0.5799 2.1195 0.3199 0.3075 
5.1701 -0.5799 2.1197 0.3156 0.2248 
5.2101 -0.5999 2.1125 0.2446 0.3396 
5.1901 -0.5601 2.1001 0.3366 0.2625 
5.2101 -0.5599 2.1061 0.3551 0.3237 
5.2001 -0.5470 2.1001 0.3832 0.2865 
5.1701 -0.5568 2.1001 0.3445 0.2025 
5.1901 -0.5601 2.1001 0.3366 0.2625 
5.2001 -0.5470 2.1001 0.3832 0.2865 
5.1701 -0.5568 2.1001 0.3445 0.2025 
5.1501 -0.5481 2.1001 0.3705 0.1406 
5.1601 -0.5699 2.1186 0.3429 0.1922 
5.1501 -0.5481 2.1001 0.3705 0.1406 
5.1448 -0.5599 2.1001 0.3296 0.1326 
5.1601 -0.5699 2.1186 0.3429 0.1922 
5.1901 -0.5752 2.1001 0.2875 0.2690 
5.2101 -0.5599 2.1061 0.3551 0.3237 
5.1901 -0.5601 2.1001 0.3366 0.2625 
5.1901 -0.5601 2.1001 0.3366 0.2625 
5.1701 -0.5568 2.1001 0.3445 0.2025 
5.1739 -0.5699 2.1001 0.3018 0.2201 
5.1739 -0.5699 2.1001 0.3018 0.2201 
5.1701 -0.5568 2.1001 0.3445 0.2025 
5.1601 -0.5699 2.1186 0.3429 0.1922 
5.1901 -0.5752 2.1001 0.2875 0.2690 
5.1739 -0.5699 2.1001 0.3018 0.2201 
5.1701 -0.5799 2.1197 0.3156 0.2248 
5.1301 -0.5799 2.1195 0.3088 0.1187 
5.1501 -0.5799 2.1193 0.3115 0.1706 
5.1448 -0.5599 2.1001 0.3296 0.1326 
5.1201 -0.5699 2.1146 0.3272 0.0860 
5.1201 -0.5899 2.1189 0.2755 0.0992 
5.1301 -0.5799 2.1195 0.3088 0.1187 
5.1201 -0.5699 2.1146 0.3272 0.0860 
5.1101 -0.5699 2.1106 0.3163 0.0637 
5.1201 -0.5899 2.1189 0.2755 0.0992 
5.1301 -0.5799 2.1195 0.3088 0.1187 
5.1201 -0.5899 2.1189 0.2755 0.0992 
5.1501 -0.5799 2.1193 0.3115 0.1706 
5.1001 -0.5799 2.1195 0.3039 0.0573 
5.1201 -0.5899 2.1189 0.2755 0.0992 
5.1101 -0.5699 2.1106 0.3163 0.0637 
5.1501 -0.5799 2.1193 0.3115 0.1706 
5.1201 -0.5899 2.1189 0.2755 0.0992 
5.0901 -0.5999 2.1159 0.2346 0.0530 
5.1201 -0.5899 2.1189 0.2755 0.0992 
5.1001 -0.5799 2.1195 0.3039 0.0573 
5.0901 -0.5999 2.1159 0.2346 0.0530 
5.1301 -0.5716 2.1001 0.2891 0.1004 
5.1201 -0.5523 2.1001 0.3508 0.0679 
5.1201 -0.5699 2.1146 0.3272 0.0860 
5.1201 -0.5699 2.1146 0.3272 0.0860 
5.1201 -0.5523 2.1001 0.3508 0.0679 
5.1101 -0.5699 2.1106 0.3163 0.0637 
5.1448 -0.5599 2.1001 0.3296 0.1326 
5.1301 -0.5716 2.1001 0.2891 0.1004 
5.1301 -0.5799 2.1195 0.3088 0.1187 
5.1301 -0.5716 2.1001 0.2891 0.1004 
5.1201 -0.5699 2.1146 0.3272 0.0860 
5.1301 -0.5799 2.1195 0.3088 0.1187 
5.2728 -0.5799 2.1001 0.2861 0.5118 
5.2801 -0.6039 2.1001 0.2138 0.5361 
5.2801 -0.5999 2.1105 0.2506 0.5350 
5.2728 -0.5799 2.1001 0.2861 0.5118 
5.2801 -0.5999 2.1105 0.2506 0.5350 
5.2601 -0.5849 2.1001 0.2683 0.4755 
5.2801 -0.5999 2.1105 0.2506 0.5350 
5.2401 -0.6037 2.1101 0.2324 0.4235 
5.2501 -0.6020 2.1001 0.2146 0.4500 
5.2601 -0.5849 2.1001 0.2683 0.4755 
5.2801 -0.5999 2.1105 0.2506 0.5350 
5.2501 -0.6020 2.1001 0.2146 0.4500 
5.2301 -0.5951 2.1001 0.2323 0.3911 
5.2501 -0.6020 2.1001 0.2146 0.4500 
5.2401 -0.6037 2.1101 0.2324 0.4235 
5.2301 -0.5951 2.1001 0.2323 0.3911 
5.2401 -0.6037 2.1101 0.2324 0.4235 
5.2201 -0.5999 2.1078 0.2350 0.3661 
5.2401 -0.6037 2.1101 0.2324 0.4235 
5.1101 -0.6070 2.1101 0.2035 0.0797 
5.2201 -0.5999 2.1078 0.2350 0.3661 
5.2201 -0.5999 2.1078 0.2350 0.3661 
5.1101 -0.6070 2.1101 0.2035 0.0797 
5.1220 -0.5999 2.1001 0.2015 0.0960 
5.1220 -0.5999 2.1001 0.2015 0.0960 
5.1101 -0.6070 2.1101 0.2035 0.0797 
5.1177 -0.5999 2.1001 0.2009 0.0860 
5.2968 -0.5799 2.1001 0.2901 0.5827 
5.2866 -0.5699 2.1001 0.3209 0.5515 
5.2801 -0.5796 2.0901 0.2637 0.5340 
5.2728 -0.5799 2.1001 0.2861 0.5118 
5.2701 -0.5712 2.1001 0.3139 0.5026 
5.2801 -0.5796 2.0901 0.2637 0.5340 
5.2801 -0.5796 2.0901 0.2637 0.5340 
5.2901 -0.5948 2.0901 0.2176 0.5653 
5.3001 -0.5877 2.0901 0.2411 0.5946 
5.2968 -0.5799 2.1001 0.2901 0.5827 
5.2801 -0.5796 2.0901 0.2637 0.5340 
5.3001 -0.5877 2.0901 0.2411 0.5946 
5.2866 -0.5699 2.1001 0.3209 0.5515 
5.2801 -0.6039 2.1001 0.2138 0.5361 
5.2801 -0.5796 2.0901 0.2637 0.5340 
5.2728 -0.5799 2.1001 0.2861 0.5118 
5.2801 -0.5796 2.0901 0.2637 0.5340 
5.2801 -0.6039 2.1001 0.2138 0.5361 
5.2801 -0.5796 2.0901 0.2637 0.5340 
5.2701 -0.5712 2.1001 0.3139 0.5026 
5.2701 -0.5919 2.0901 0.2234 0.5058 
5.2701 -0.5919 2.0901 0.2234 0.5058 
5.2601 -0.5849 2.1001 0.2683 0.4755 
5.2601 -0.5805 2.0901 0.2573 0.4741 
5.2701 -0.5919 2.0901 0.2234 0.5058 
5.2701 -0.5712 2.1001 0.3139 0.5026 
5.2601 -0.5849 2.1001 0.2683 0.4755 
5.2601 -0.5805 2.0901 0.2573 0.4741 
5.2601 -0.5849 2.1001 0.2683 0.4755 
5.2501 -0.6020 2.1001 0.2146 0.4500 
5.2601 -0.5805 2.0901 0.2573 0.4741 
5.2501 -0.6020 2.1001 0.2146 0.4500 
5.2401 -0.5801 2.0901 0.2554 0.4142 
5.2968 -0.5799 2.1001 0.2901 0.5827 
5.3001 -0.5877 2.0901 0.2411 0.5946 
5.3101 -0.6025 2.1001 0.2225 0.6222 
5.2701 -0.5807 2.0801 0.2326 0.5041 
5.2801 -0.5715 2.0801 0.2642 0.5337 
5.2801 -0.5796 2.0901 0.2637 0.5340 
5.2401 -0.5801 2.0901 0.2554 0.4142 
5.2501 -0.5802 2.0801 0.2309 0.4429 
5.2601 -0.5805 2.0901 0.2573 0.4741 
5.2901 -0.5948 2.0901 0.2176 0.5653 
5.3001 -0.5847 2.0701 0.1985 0.5985 
5.3001 -0.5877 2.0901 0.2411 0.5946 
5.2801 -0.5715 2.0801 0.2642 0.5337 
5.2901 -0.5948 2.0901 0.2176 0.5653 
5.2801 -0.5796 2.0901 0.2637 0.5340 
5.2701 -0.5807 2.0801 0.2326 0.5041 
5.2801 -0.5796 2.0901 0.2637 0.5340 
5.2701 -0.5919 2.0901 0.2234 0.5058 
5.2701 -0.5919 2.0901 0.2234 0.5058 
5.2601 -0.5805 2.0901 0.2573 0.4741 
5.2701 -0.5807 2.0801 0.2326 0.5041 
5.2601 -0.5903 2.0801 0.2010 0.4754 
5.2701 -0.5807 2.0801 0.2326 0.5041 
5.2601 -0.5805 2.0901 0.2573 0.4741 
5.2501 -0.5802 2.0801 0.2309 0.4429 
5.2601 -0.5903 2.0801 0.2010 0.4754 
5.2601 -0.5805 2.0901 0.2573 0.4741 
5.2801 -0.5715 2.0801 0.2642 0.5337 
5.2901 -0.5997 2.0701 0.1519 0.5684 
5.2901 -0.5948 2.0901 0.2176 0.5653 
5.2701 -0.5807 2.0801 0.2326 0.5041 
5.2701 -0.5761 2.0601 0.1940 0.5034 
5.2901 -0.5997 2.0701 0.1519 0.5684 
5.2701 -0.5807 2.0801 0.2326 0.5041 
5.2901 -0.5997 2.0701 0.1519 0.5684 
5.2801 -0.5715 2.0801 0.2642 0.5337 
5.2701 -0.5807 2.0801 0.2326 0.5041 
5.2601 -0.5903 2.0801 0.2010 0.4754 
5.2701 -0.5761 2.0601 0.1940 0.5034 
5.2901 -0.5948 2.0901 0.2176 0.5653 
5.2901 -0.5997 2.0701 0.1519 0.5684 
5.3001 -0.5847 2.0701 0.1985 0.5985 
5.2801 -0.5957 2.0601 0.1361 0.5380 
5.2901 -0.5800 2.0601 0.1847 0.5682 
5.2901 -0.5997 2.0701 0.1519 0.5684 
5.2701 -0.5761 2.0601 0.1940 0.5034 
5.2801 -0.5957 2.0601 0.1361 0.5380 
5.2901 -0.5997 2.0701 0.1519 0.5684 
5.2701 -0.5761 2.0601 0.1940 0.5034 
5.2601 -0.5903 2.0801 0.2010 0.4754 
5.2601 -0.5791 2.0601 0.1826 0.4719 
5.2601 -0.5791 2.0601 0.1826 0.4719 
5.2501 -0.5802 2.0801 0.2309 0.4429 
5.2501 -0.5863 2.0601 0.1588 0.4417 
5.2601 -0.5791 2.0601 0.1826 0.4719 
5.2601 -0.5903 2.0801 0.2010 0.4754 
5.2501 -0.5802 2.0801 0.2309 0.4429 
5.3001 -0.5847 2.0701 0.1985 0.5985 
5.2901 -0.5997 2.0701 0.1519 0.5684 
5.2901 -0.5800 2.0601 0.1847 0.5682 
5.2601 -0.5791 2.0601 0.1826 0.4719 
5.2701 -0.5827 2.0501 0.1459 0.5045 
5.2701 -0.5761 2.0601 0.1940 0.5034 
5.2701 -0.5827 2.0501 0.1459 0.5045 
5.2801 -0.5957 2.0601 0.1361 0.5380 
5.2701 -0.5761 2.0601 0.1940 0.5034 
5.2701 -0.5827 2.0501 0.1459 0.5045 
5.2601 -0.5791 2.0601 0.1826 0.4719 
5.2673 -0.5899 2.0501 0.1247 0.4967 
5.2601 -0.5791 2.0601 0.1826 0.4719 
5.2501 -0.5863 2.0601 0.1588 0.4417 
5.2601 -0.6087 2.0501 0.0823 0.4772 
5.2101 -0.5904 2.0901 0.2184 0.3289 
5.2201 -0.5810 2.1001 0.2738 0.3581 
5.2101 -0.5402 2.1001 0.4088 0.3139 
5.2101 -0.5402 2.1001 0.4088 0.3139 
5.1901 -0.5799 2.0961 0.2628 0.2691 
5.2101 -0.5904 2.0901 0.2184 0.3289 
5.2301 -0.5951 2.1001 0.2323 0.3911 
5.2401 -0.5801 2.0901 0.2554 0.4142 
5.2501 -0.6020 2.1001 0.2146 0.4500 
5.2401 -0.5801 2.0901 0.2554 0.4142 
5.2301 -0.5951 2.1001 0.2323 0.3911 
5.2301 -0.5799 2.0910 0.2566 0.3846 
5.2301 -0.5799 2.0910 0.2566 0.3846 
5.2301 -0.5951 2.1001 0.2323 0.3911 
5.2201 -0.5810 2.1001 0.2738 0.3581 
5.2201 -0.5912 2.0901 0.2177 0.3584 
5.2301 -0.5799 2.0910 0.2566 0.3846 
5.2201 -0.5810 2.1001 0.2738 0.3581 
5.2201 -0.5810 2.1001 0.2738 0.3581 
5.2101 -0.5904 2.0901 0.2184 0.3289 
5.2201 -0.5912 2.0901 0.2177 0.3584 
5.2301 -0.5799 2.0910 0.2566 0.3846 
5.2301 -0.5651 2.0701 0.2505 0.3745 
5.2401 -0.5801 2.0901 0.2554 0.4142 
5.2001 -0.5799 2.0801 0.2237 0.2912 
5.2101 -0.5699 2.0822 0.2630 0.3183 
5.2101 -0.5904 2.0901 0.2184 0.3289 
5.2001 -0.5799 2.0801 0.2237 0.2912 
5.2101 -0.5699 2.0822 0.2630 0.3183 
5.2001 -0.5799 2.0801 0.2237 0.2912 
5.2101 -0.5699 2.0822 0.2630 0.3183 
5.2201 -0.5912 2.0901 0.2177 0.3584 
5.2101 -0.5904 2.0901 0.2184 0.3289 
5.2001 -0.5699 2.0735 0.2385 0.2839 
5.2001 -0.5799 2.0671 0.1892 0.2852 
5.2101 -0.5699 2.0822 0.2630 0.3183 
5.2201 -0.5767 2.0701 0.2109 0.3471 
5.2301 -0.5651 2.0701 0.2505 0.3745 
5.2301 -0.5799 2.0910 0.2566 0.3846 
5.2001 -0.5699 2.0735 0.2385 0.2839 
5.2101 -0.5699 2.0822 0.2630 0.3183 
5.2001 -0.5799 2.0801 0.2237 0.2912 
5.2301 -0.5651 2.0701 0.2505 0.3745 
5.2401 -0.5945 2.0701 0.1594 0.4143 
5.2401 -0.5801 2.0901 0.2554 0.4142 
5.2301 -0.5799 2.0910 0.2566 0.3846 
5.2201 -0.5912 2.0901 0.2177 0.3584 
5.2201 -0.5767 2.0701 0.2109 0.3471 
5.2101 -0.5699 2.0822 0.2630 0.3183 
5.2201 -0.5767 2.0701 0.2109 0.3471 
5.2201 -0.5912 2.0901 0.2177 0.3584 
5.2201 -0.5767 2.0701 0.2109 0.3471 
5.2101 -0.5699 2.0822 0.2630 0.3183 
5.2101 -0.5843 2.0601 0.1587 0.3150 
5.2001 -0.5799 2.0671 0.1892 0.2852 
5.2101 -0.5843 2.0601 0.1587 0.3150 
5.2101 -0.5699 2.0822 0.2630 0.3183 
5.2401 -0.5801 2.0901 0.2554 0.4142 
5.2401 -0.5945 2.0701 0.1594 0.4143 
5.2501 -0.5802 2.0801 0.2309 0.4429 
5.2301 -0.5651 2.0701 0.2505 0.3745 
5.2201 -0.5767 2.0701 0.2109 0.3471 
5.2301 -0.5899 2.0601 0.1452 0.3797 
5.2501 -0.5863 2.0601 0.1588 0.4417 
5.2501 -0.5802 2.0801 0.2309 0.4429 
5.2401 -0.5945 2.0701 0.1594 0.4143 
5.2401 -0.5945 2.0701 0.1594 0.4143 
5.2301 -0.5651 2.0701 0.2505 0.3745 
5.2301 -0.5899 2.0601 0.1452 0.3797 
5.2301 -0.5899 2.0601 0.1452 0.3797 
5.2201 -0.5767 2.0701 0.2109 0.3471 
5.2201 -0.5982 2.0601 0.1208 0.3514 
5.2201 -0.5982 2.0601 0.1208 0.3514 
5.2201 -0.5767 2.0701 0.2109 0.3471 
5.2101 -0.5843 2.0601 0.1587 0.3150 
5.2301 -0.5899 2.0601 0.1452 0.3797 
5.2501 -0.5863 2.0601 0.1588 0.4417 
5.2401 -0.5945 2.0701 0.1594 0.4143 
5.2101 -0.5843 2.0601 0.1587 0.3150 
5.2001 -0.5799 2.0671 0.1892 0.2852 
5.2001 -0.5996 2.0601 0.1146 0.2904 
5.2501 -0.5863 2.0601 0.1588 0.4417 
5.2301 -0.5899 2.0601 0.1452 0.3797 
5.2201 -0.5982 2.0601 0.1208 0.3514 
5.2801 -0.5957 2.0601 0.1361 0.5380 
5.2701 -0.5803 2.0401 0.1258 0.5042 
5.2901 -0.5800 2.0601 0.1847 0.5682 
5.2701 -0.5803 2.0401 0.1258 0.5042 
5.3001 -0.5699 2.0360 0.1508 0.6056 
5.2901 -0.5800 2.0601 0.1847 0.5682 
5.3101 -0.5827 2.0601 0.1796 0.6327 
5.2901 -0.5800 2.0601 0.1847 0.5682 
5.3001 -0.5699 2.0360 0.1508 0.6056 
5.2801 -0.5957 2.0601 0.1361 0.5380 
5.2701 -0.5827 2.0501 0.1459 0.5045 
5.2701 -0.5803 2.0401 0.1258 0.5042 
5.2701 -0.5827 2.0501 0.1459 0.5045 
5.2601 -0.5899 2.0401 0.0994 0.4728 
5.2701 -0.5803 2.0401 0.1258 0.5042 
5.2673 -0.5899 2.0501 0.1247 0.4967 
5.2601 -0.5899 2.0401 0.0994 0.4728 
5.2701 -0.5827 2.0501 0.1459 0.5045 
5.2673 -0.5899 2.0501 0.1247 0.4967 
5.2601 -0.5899 2.0401 0.0994 0.4728 
5.2601 -0.5899 2.0401 0.0994 0.4728 
5.2601 -0.5899 2.0401 0.0994 0.4728 
5.2601 -0.5899 2.0401 0.0994 0.4728 
5.2601 -0.5899 2.0401 0.0994 0.4728 
5.2601 -0.6087 2.0501 0.0823 0.4772 
5.2601 -0.5899 2.0401 0.0994 0.4728 
5.2673 -0.5899 2.0501 0.1247 0.4967 
5.2501 -0.5907 2.0401 0.0965 0.4400 
5.2601 -0.5899 2.0401 0.0994 0.4728 
5.2601 -0.6087 2.0501 0.0823 0.4772 
5.2501 -0.5907 2.0401 0.0965 0.4400 
5.2601 -0.5899 2.0401 0.0994 0.4728 
5.2601 -0.5899 2.0401 0.0994 0.4728 
5.3008 -0.5599 2.0301 0.1666 0.6093 
5.3001 -0.5699 2.0360 0.1508 0.6056 
5.2901 -0.5867 2.0301 0.0887 0.5735 
5.2701 -0.5803 2.0401 0.1258 0.5042 
5.2901 -0.5867 2.0301 0.0887 0.5735 
5.3001 -0.5699 2.0360 0.1508 0.6056 
5.2601 -0.5899 2.0401 0.0994 0.4728 
5.2701 -0.5916 2.0301 0.0789 0.5062 
5.2701 -0.5803 2.0401 0.1258 0.5042 
5.2601 -0.5899 2.0401 0.0994 0.4728 
5.2501 -0.5834 2.0301 0.0911 0.4366 
5.2601 -0.5899 2.0401 0.0994 0.4728 
5.2601 -0.5899 2.0401 0.0994 0.4728 
5.2501 -0.5907 2.0401 0.0965 0.4400 
5.2501 -0.5834 2.0301 0.0911 0.4366 
5.2701 -0.5803 2.0401 0.1258 0.5042 
5.2701 -0.5916 2.0301 0.0789 0.5062 
5.2901 -0.5867 2.0301 0.0887 0.5735 
5.3001 -0.5799 2.0246 0.0927 0.6089 
5.3008 -0.5599 2.0301 0.1666 0.6093 
5.2901 -0.5867 2.0301 0.0887 0.5735 
5.2901 -0.5855 2.0201 0.0757 0.5751 
5.3001 -0.5799 2.0246 0.0927 0.6089 
5.2901 -0.5867 2.0301 0.0887 0.5735 
5.2901 -0.5855 2.0201 0.0757 0.5751 
5.3101 -0.5885 2.0201 0.0743 0.6453 
5.3001 -0.5799 2.0246 0.0927 0.6089 
5.2901 -0.5867 2.0301 0.0887 0.5735 
5.2701 -0.5844 2.0201 0.0758 0.5050 
5.2901 -0.5855 2.0201 0.0757 0.5751 
5.2701 -0.5916 2.0301 0.0789 0.5062 
5.2701 -0.5844 2.0201 0.0758 0.5050 
5.2901 -0.5867 2.0301 0.0887 0.5735 
5.2201 -0.5697 2.0401 0.1500 0.3334 
5.2401 -0.5899 2.0429 0.1033 0.4075 
5.2501 -0.5863 2.0601 0.1588 0.4417 
5.2201 -0.5697 2.0401 0.1500 0.3334 
5.2301 -0.5699 2.0401 0.1510 0.3671 
5.2401 -0.5899 2.0429 0.1033 0.4075 
5.2201 -0.5982 2.0601 0.1208 0.3514 
5.2201 -0.5697 2.0401 0.1500 0.3334 
5.2501 -0.5863 2.0601 0.1588 0.4417 
5.2101 -0.5860 2.0401 0.1026 0.3071 
5.2201 -0.5697 2.0401 0.1500 0.3334 
5.2201 -0.5982 2.0601 0.1208 0.3514 
5.2101 -0.5860 2.0401 0.1026 0.3071 
5.2201 -0.5982 2.0601 0.1208 0.3514 
5.2101 -0.5843 2.0601 0.1587 0.3150 
5.2101 -0.5843 2.0601 0.1587 0.3150 
5.2001 -0.5996 2.0601 0.1146 0.2904 
5.2101 -0.5860 2.0401 0.1026 0.3071 
5.2401 -0.5899 2.0429 0.1033 0.4075 
5.2601 -0.6087 2.0501 0.0823 0.4772 
5.2501 -0.5863 2.0601 0.1588 0.4417 
5.2401 -0.5899 2.0429 0.1033 0.4075 
5.2501 -0.5907 2.0401 0.0965 0.4400 
5.2601 -0.6087 2.0501 0.0823 0.4772 
5.2301 -0.5699 2.0401 0.1510 0.3671 
5.2201 -0.5697 2.0401 0.1500 0.3334 
5.2201 -0.5885 2.0301 0.0796 0.3371 
5.2101 -0.5860 2.0401 0.1026 0.3071 
5.2201 -0.5885 2.0301 0.0796 0.3371 
5.2201 -0.5697 2.0401 0.1500 0.3334 
5.2501 -0.5834 2.0301 0.0911 0.4366 
5.2501 -0.5907 2.0401 0.0965 0.4400 
5.2401 -0.5918 2.0301 0.0769 0.4052 
5.2301 -0.5699 2.0401 0.1510 0.3671 
5.2401 -0.5918 2.0301 0.0769 0.4052 
5.2401 -0.5899 2.0429 0.1033 0.4075 
5.2501 -0.5907 2.0401 0.0965 0.4400 
5.2401 -0.5899 2.0429 0.1033 0.4075 
5.2401 -0.5918 2.0301 0.0769 0.4052 
5.2301 -0.5699 2.0401 0.1510 0.3671 
5.2201 -0.5885 2.0301 0.0796 0.3371 
5.2401 -0.5918 2.0301 0.0769 0.4052 
5.1801 -0.5832 2.1001 0.2607 0.2438 
5.1901 -0.5799 2.0961 0.2628 0.2691 
5.2101 -0.5402 2.1001 0.4088 0.3139 
5.2101 -0.5904 2.0901 0.2184 0.3289 
5.1901 -0.5799 2.0961 0.2628 0.2691 
5.1901 -0.6006 2.0901 0.1852 0.2750 
5.1829 -0.5899 2.0901 0.2156 0.2496 
5.1901 -0.5799 2.0961 0.2628 0.2691 
5.1801 -0.5832 2.1001 0.2607 0.2438 
5.1829 -0.5899 2.0901 0.2156 0.2496 
5.1901 -0.6006 2.0901 0.1852 0.2750 
5.1901 -0.5799 2.0961 0.2628 0.2691 
5.1801 -0.5832 2.1001 0.2607 0.2438 
5.1801 -0.5799 2.0874 0.2393 0.2355 
5.1829 -0.5899 2.0901 0.2156 0.2496 
5.1801 -0.5799 2.0874 0.2393 0.2355 
5.1801 -0.5832 2.1001 0.2607 0.2438 
5.1601 -0.5906 2.0901 0.2098 0.1849 
5.1801 -0.5832 2.1001 0.2607 0.2438 
5.1501 -0.5935 2.1001 0.2244 0.1652 
5.1601 -0.5906 2.0901 0.2098 0.1849 
5.1601 -0.5906 2.0901 0.2098 0.1849 
5.1501 -0.5935 2.1001 0.2244 0.1652 
5.1401 -0.5977 2.0901 0.1861 0.1336 
5.1601 -0.5799 2.0756 0.2056 0.1697 
5.1701 -0.5797 2.0801 0.2194 0.2018 
5.1601 -0.5906 2.0901 0.2098 0.1849 
5.1801 -0.5599 2.0806 0.2872 0.2219 
5.1901 -0.5754 2.0801 0.2365 0.2592 
5.1801 -0.5799 2.0874 0.2393 0.2355 
5.1901 -0.5754 2.0801 0.2365 0.2592 
5.2001 -0.5799 2.0801 0.2237 0.2912 
5.2001 -0.5799 2.0801 0.2237 0.2912 
5.1701 -0.5797 2.0801 0.2194 0.2018 
5.1801 -0.5599 2.0806 0.2872 0.2219 
5.1801 -0.5799 2.0874 0.2393 0.2355 
5.1601 -0.5799 2.0756 0.2056 0.1697 
5.1601 -0.5906 2.0901 0.2098 0.1849 
5.1501 -0.5829 2.0801 0.2062 0.1458 
5.1901 -0.6006 2.0901 0.1852 0.2750 
5.1901 -0.5754 2.0801 0.2365 0.2592 
5.2001 -0.5799 2.0801 0.2237 0.2912 
5.2101 -0.5904 2.0901 0.2184 0.3289 
5.1901 -0.6006 2.0901 0.1852 0.2750 
5.2001 -0.5799 2.0801 0.2237 0.2912 
5.1801 -0.5799 2.0874 0.2393 0.2355 
5.1901 -0.5754 2.0801 0.2365 0.2592 
5.1901 -0.6006 2.0901 0.1852 0.2750 
5.1829 -0.5899 2.0901 0.2156 0.2496 
5.1801 -0.5799 2.0874 0.2393 0.2355 
5.1901 -0.6006 2.0901 0.1852 0.2750 
5.1601 -0.5906 2.0901 0.2098 0.1849 
5.1701 -0.5797 2.0801 0.2194 0.2018 
5.1801 -0.5799 2.0874 0.2393 0.2355 
5.1601 -0.5906 2.0901 0.2098 0.1849 
5.1401 -0.5977 2.0901 0.1861 0.1336 
5.1501 -0.5829 2.0801 0.2062 0.1458 
5.2001 -0.5699 2.0735 0.2385 0.2839 
5.1901 -0.5754 2.0801 0.2365 0.2592 
5.1901 -0.5829 2.0701 0.1864 0.2574 
5.2001 -0.5699 2.0735 0.2385 0.2839 
5.2001 -0.5799 2.0801 0.2237 0.2912 
5.1901 -0.5754 2.0801 0.2365 0.2592 
5.1901 -0.5829 2.0701 0.1864 0.2574 
5.1801 -0.5599 2.0806 0.2872 0.2219 
5.1801 -0.5841 2.0701 0.1813 0.2277 
5.1901 -0.5754 2.0801 0.2365 0.2592 
5.1801 -0.5599 2.0806 0.2872 0.2219 
5.1901 -0.5829 2.0701 0.1864 0.2574 
5.1801 -0.5599 2.0806 0.2872 0.2219 
5.1701 -0.5797 2.0801 0.2194 0.2018 
5.1801 -0.5841 2.0701 0.1813 0.2277 
5.1701 -0.5797 2.0801 0.2194 0.2018 
5.1601 -0.5799 2.0756 0.2056 0.1697 
5.1601 -0.6033 2.0701 0.1237 0.1786 
5.1501 -0.5829 2.0801 0.2062 0.1458 
5.1601 -0.6033 2.0701 0.1237 0.1786 
5.1601 -0.5799 2.0756 0.2056 0.1697 
5.1801 -0.5841 2.0701 0.1813 0.2277 
5.1701 -0.5797 2.0801 0.2194 0.2018 
5.1601 -0.6033 2.0701 0.1237 0.1786 
5.1901 -0.5829 2.0701 0.1864 0.2574 
5.2001 -0.5799 2.0671 0.1892 0.2852 
5.2001 -0.5699 2.0735 0.2385 0.2839 
5.1936 -0.5899 2.0601 0.1398 0.2662 
5.2001 -0.5799 2.0671 0.1892 0.2852 
5.1901 -0.5829 2.0701 0.1864 0.2574 
5.1701 -0.5873 2.0601 0.1437 0.1929 
5.1901 -0.5829 2.0701 0.1864 0.2574 
5.1801 -0.5841 2.0701 0.1813 0.2277 
5.1601 -0.5781 2.0601 0.1695 0.1576 
5.1701 -0.5873 2.0601 0.1437 0.1929 
5.1601 -0.6033 2.0701 0.1237 0.1786 
5.1401 -0.5830 2.0601 0.1517 0.1029 
5.1601 -0.5781 2.0601 0.1695 0.1576 
5.1601 -0.6033 2.0701 0.1237 0.1786 
5.1936 -0.5899 2.0601 0.1398 0.2662 
5.2001 -0.5996 2.0601 0.1146 0.2904 
5.2001 -0.5799 2.0671 0.1892 0.2852 
5.1601 -0.6033 2.0701 0.1237 0.1786 
5.1701 -0.5873 2.0601 0.1437 0.1929 
5.1801 -0.5841 2.0701 0.1813 0.2277 
5.1301 -0.5852 2.0701 0.1700 0.0860 
5.1401 -0.5830 2.0601 0.1517 0.1029 
5.1601 -0.6033 2.0701 0.1237 0.1786 
5.1801 -0.5872 2.0501 0.1197 0.2171 
5.1901 -0.5829 2.0701 0.1864 0.2574 
5.1701 -0.5873 2.0601 0.1437 0.1929 
5.1936 -0.5899 2.0601 0.1398 0.2662 
5.1901 -0.5829 2.0701 0.1864 0.2574 
5.1801 -0.5872 2.0501 0.1197 0.2171 
5.1601 -0.5831 2.0501 0.1281 0.1530 
5.1801 -0.5872 2.0501 0.1197 0.2171 
5.1701 -0.5873 2.0601 0.1437 0.1929 
5.1601 -0.5781 2.0601 0.1695 0.1576 
5.1601 -0.5831 2.0501 0.1281 0.1530 
5.1701 -0.5873 2.0601 0.1437 0.1929 
5.1601 -0.5781 2.0601 0.1695 0.1576 
5.1401 -0.5830 2.0601 0.1517 0.1029 
5.1601 -0.5831 2.0501 0.1281 0.1530 
5.1201 -0.5899 2.0901 0.2058 0.0795 
5.1501 -0.5935 2.1001 0.2244 0.1652 
5.1220 -0.5999 2.1001 0.2015 0.0960 
5.1001 -0.5941 2.0901 0.1905 0.0529 
5.1177 -0.5999 2.1001 0.2009 0.0860 
5.1101 -0.5799 2.0944 0.2454 0.0593 
5.1501 -0.5935 2.1001 0.2244 0.1652 
5.1201 -0.5899 2.0901 0.2058 0.0795 
5.1401 -0.5977 2.0901 0.1861 0.1336 
5.1177 -0.5999 2.1001 0.2009 0.0860 
5.1201 -0.5899 2.0901 0.2058 0.0795 
5.1220 -0.5999 2.1001 0.2015 0.0960 
5.1001 -0.5941 2.0901 0.1905 0.0529 
5.1201 -0.5899 2.0901 0.2058 0.0795 
5.1177 -0.5999 2.1001 0.2009 0.0860 
5.1201 -0.5491 2.0701 0.2861 0.0536 
5.1201 -0.5899 2.0901 0.2058 0.0795 
5.1101 -0.5860 2.0801 0.1906 0.0555 
5.1201 -0.5491 2.0701 0.2861 0.0536 
5.1401 -0.6031 2.0801 0.1460 0.1294 
5.1201 -0.5899 2.0901 0.2058 0.0795 
5.1101 -0.5860 2.0801 0.1906 0.0555 
5.1201 -0.5899 2.0901 0.2058 0.0795 
5.1001 -0.5941 2.0901 0.1905 0.0529 
5.1501 -0.5829 2.0801 0.2062 0.1458 
5.1401 -0.5977 2.0901 0.1861 0.1336 
5.1401 -0.6031 2.0801 0.1460 0.1294 
5.1401 -0.5977 2.0901 0.1861 0.1336 
5.1201 -0.5899 2.0901 0.2058 0.0795 
5.1401 -0.6031 2.0801 0.1460 0.1294 
5.1601 -0.6033 2.0701 0.1237 0.1786 
5.1501 -0.5829 2.0801 0.2062 0.1458 
5.1301 -0.5852 2.0701 0.1700 0.0860 
5.1301 -0.5852 2.0701 0.1700 0.0860 
5.1401 -0.6031 2.0801 0.1460 0.1294 
5.1201 -0.5491 2.0701 0.2861 0.0536 
5.1301 -0.5852 2.0701 0.1700 0.0860 
5.1501 -0.5829 2.0801 0.2062 0.1458 
5.1401 -0.6031 2.0801 0.1460 0.1294 
5.1301 -0.5852 2.0701 0.1700 0.0860 
5.1201 -0.5491 2.0701 0.2861 0.0536 
5.1201 -0.5888 2.0601 0.1321 0.0606 
5.1101 -0.5860 2.0801 0.1906 0.0555 
5.1201 -0.5888 2.0601 0.1321 0.0606 
5.1201 -0.5491 2.0701 0.2861 0.0536 
5.1401 -0.5830 2.0601 0.1517 0.1029 
5.1301 -0.5852 2.0701 0.1700 0.0860 
5.1201 -0.5888 2.0601 0.1321 0.0606 
5.1101 -0.6001 2.0601 0.1024 0.0532 
5.1201 -0.5888 2.0601 0.1321 0.0606 
5.1101 -0.5860 2.0801 0.1906 0.0555 
5.1401 -0.5830 2.0601 0.1517 0.1029 
5.1201 -0.5888 2.0601 0.1321 0.0606 
5.1301 -0.5876 2.0501 0.1120 0.0728 
5.2101 -0.5860 2.0401 0.1026 0.3071 
5.2001 -0.5996 2.0601 0.1146 0.2904 
5.1901 -0.5944 2.0401 0.0833 0.2464 
5.1601 -0.5889 2.0401 0.0904 0.1489 
5.1801 -0.5872 2.0501 0.1197 0.2171 
5.1601 -0.5831 2.0501 0.1281 0.1530 
5.2001 -0.5996 2.0601 0.1146 0.2904 
5.1936 -0.5899 2.0601 0.1398 0.2662 
5.1901 -0.5944 2.0401 0.0833 0.2464 
5.1801 -0.5872 2.0501 0.1197 0.2171 
5.1901 -0.5944 2.0401 0.0833 0.2464 
5.1936 -0.5899 2.0601 0.1398 0.2662 
5.1601 -0.5889 2.0401 0.0904 0.1489 
5.1501 -0.5841 2.0301 0.0807 0.1075 
5.1601 -0.5848 2.0301 0.0804 0.1384 
5.1401 -0.5847 2.0401 0.0972 0.0881 
5.1601 -0.5831 2.0501 0.1281 0.1530 
5.1401 -0.5830 2.0601 0.1517 0.1029 
5.1401 -0.5847 2.0401 0.0972 0.0881 
5.1601 -0.5889 2.0401 0.0904 0.1489 
5.1601 -0.5831 2.0501 0.1281 0.1530 
5.1301 -0.5876 2.0501 0.1120 0.0728 
5.1401 -0.5847 2.0401 0.0972 0.0881 
5.1401 -0.5830 2.0601 0.1517 0.1029 
5.1201 -0.5888 2.0601 0.1321 0.0606 
5.1201 -0.5908 2.0401 0.0833 0.0536 
5.1301 -0.5876 2.0501 0.1120 0.0728 
5.1301 -0.5876 2.0501 0.1120 0.0728 
5.1201 -0.5908 2.0401 0.0833 0.0536 
5.1401 -0.5847 2.0401 0.0972 0.0881 
5.1201 -0.5908 2.0401 0.0833 0.0536 
5.1301 -0.5812 2.0301 0.0836 0.0579 
5.1401 -0.5847 2.0401 0.0972 0.0881 
5.1501 -0.5841 2.0301 0.0807 0.1075 
5.1601 -0.5889 2.0401 0.0904 0.1489 
5.1401 -0.5847 2.0401 0.0972 0.0881 
5.2673 -0.5899 2.0501 0.1247 0.4967 
5.2601 -0.5791 2.0601 0.1826 0.4719 
5.2601 -0.6087 2.0501 0.0823 0.4772 
