NUMPOLLIES 414.000000 

5.4101 0.6001 2.0501 0.0907 0.2528 
5.4201 0.6001 2.0544 0.0982 0.2245 
5.4201 0.5973 2.0501 0.0953 0.2204 
5.4101 0.6001 2.0501 0.0907 0.2528 
5.4201 0.6001 2.0544 0.0982 0.2245 
5.4101 0.6001 2.0501 0.0907 0.2528 
5.4101 0.6001 2.0501 0.0907 0.2528 
5.4101 0.6001 2.0501 0.0907 0.2528 
5.4101 0.6001 2.0501 0.0907 0.2528 
5.3601 0.6099 2.0501 0.0792 0.4127 
5.3301 0.6101 2.0519 0.0836 0.5069 
5.3155 0.6101 2.0501 0.0820 0.5532 
5.4301 0.5501 2.0672 0.2837 0.1750 
5.4601 0.5501 2.0646 0.2712 0.0853 
5.4522 0.5601 2.0501 0.1976 0.1011 
5.4201 0.6001 2.0544 0.0982 0.2245 
5.4101 0.6001 2.0501 0.0907 0.2528 
5.4201 0.5973 2.0501 0.0953 0.2204 
5.4201 0.5973 2.0501 0.0953 0.2204 
5.4101 0.6001 2.0501 0.0907 0.2528 
5.4101 0.6001 2.0501 0.0907 0.2528 
5.4101 0.6001 2.0501 0.0907 0.2528 
5.4101 0.6001 2.0501 0.0907 0.2528 
5.4101 0.6001 2.0501 0.0907 0.2528 
5.4401 0.5806 2.0501 0.1351 0.1496 
5.4401 0.5801 2.0507 0.1381 0.1497 
5.4410 0.5801 2.0501 0.1364 0.1465 
5.4401 0.5806 2.0501 0.1351 0.1496 
5.4401 0.5798 2.0501 0.1376 0.1491 
5.4401 0.5801 2.0507 0.1381 0.1497 
5.4410 0.5801 2.0501 0.1364 0.1465 
5.4401 0.5801 2.0507 0.1381 0.1497 
5.4401 0.5798 2.0501 0.1376 0.1491 
5.4101 0.5617 2.0501 0.1996 0.2335 
5.4301 0.5501 2.0672 0.2837 0.1750 
5.4522 0.5601 2.0501 0.1976 0.1011 
5.4301 0.5501 2.0672 0.2837 0.1750 
5.4101 0.5617 2.0501 0.1996 0.2335 
5.4101 0.5501 2.0641 0.2789 0.2360 
5.4101 0.5617 2.0501 0.1996 0.2335 
5.3901 0.5558 2.0501 0.2235 0.2964 
5.4101 0.5501 2.0641 0.2789 0.2360 
5.4601 0.5501 2.0646 0.2712 0.0853 
5.4301 0.5501 2.0672 0.2837 0.1750 
5.4501 0.5401 2.0629 0.3042 0.1051 
5.4501 0.5401 2.0629 0.3042 0.1051 
5.4701 0.5301 2.0667 0.3474 0.0567 
5.4601 0.5501 2.0646 0.2712 0.0853 
5.4501 0.5401 2.0629 0.3042 0.1051 
5.4501 0.5301 2.0680 0.3548 0.1031 
5.4701 0.5301 2.0667 0.3474 0.0567 
5.4701 0.5301 2.0667 0.3474 0.0567 
5.4501 0.5301 2.0680 0.3548 0.1031 
5.4601 0.5101 2.0686 0.4316 0.0663 
5.4601 0.5101 2.0686 0.4316 0.0663 
5.4501 0.5301 2.0680 0.3548 0.1031 
5.4501 0.5001 2.0631 0.4603 0.0804 
5.4601 0.5001 2.0601 0.4506 0.0572 
5.4601 0.5101 2.0686 0.4316 0.0663 
5.4601 0.5001 2.0601 0.4506 0.0572 
5.4601 0.5001 2.0601 0.4506 0.0572 
5.4601 0.5101 2.0686 0.4316 0.0663 
5.4501 0.5001 2.0631 0.4603 0.0804 
5.4601 0.5001 2.0601 0.4506 0.0572 
5.4501 0.5001 2.0631 0.4603 0.0804 
5.4601 0.5001 2.0601 0.4506 0.0572 
5.4601 0.5001 2.0601 0.4506 0.0572 
5.4601 0.5001 2.0601 0.4506 0.0572 
5.4601 0.5001 2.0601 0.4506 0.0572 
5.4601 0.5001 2.0601 0.4506 0.0572 
5.4601 0.5001 2.0601 0.4506 0.0572 
5.4601 0.5001 2.0601 0.4506 0.0572 
5.4101 0.5401 2.0667 0.3221 0.2325 
5.3901 0.5401 2.0736 0.3441 0.3005 
5.4001 0.5301 2.0682 0.3652 0.2607 
5.4501 0.5401 2.0629 0.3042 0.1051 
5.4301 0.5501 2.0672 0.2837 0.1750 
5.4201 0.5301 2.0634 0.3485 0.1924 
5.4201 0.5301 2.0634 0.3485 0.1924 
5.4101 0.5501 2.0641 0.2789 0.2360 
5.4101 0.5401 2.0667 0.3221 0.2325 
5.4301 0.5501 2.0672 0.2837 0.1750 
5.4101 0.5501 2.0641 0.2789 0.2360 
5.4201 0.5301 2.0634 0.3485 0.1924 
5.3901 0.5401 2.0736 0.3441 0.3005 
5.4101 0.5401 2.0667 0.3221 0.2325 
5.4101 0.5501 2.0641 0.2789 0.2360 
5.4401 0.5301 2.0736 0.3713 0.1372 
5.4501 0.5301 2.0680 0.3548 0.1031 
5.4501 0.5401 2.0629 0.3042 0.1051 
5.4501 0.5401 2.0629 0.3042 0.1051 
5.4201 0.5301 2.0634 0.3485 0.1924 
5.4401 0.5301 2.0736 0.3713 0.1372 
5.4201 0.5301 2.0634 0.3485 0.1924 
5.4101 0.5401 2.0667 0.3221 0.2325 
5.4001 0.5301 2.0682 0.3652 0.2607 
5.4501 0.5301 2.0680 0.3548 0.1031 
5.4401 0.5301 2.0736 0.3713 0.1372 
5.4301 0.5101 2.0627 0.4228 0.1472 
5.4301 0.5101 2.0627 0.4228 0.1472 
5.4201 0.5301 2.0634 0.3485 0.1924 
5.4101 0.5201 2.0697 0.4053 0.2237 
5.4301 0.5101 2.0627 0.4228 0.1472 
5.4401 0.5301 2.0736 0.3713 0.1372 
5.4201 0.5301 2.0634 0.3485 0.1924 
5.4201 0.5301 2.0634 0.3485 0.1924 
5.4001 0.5301 2.0682 0.3652 0.2607 
5.4101 0.5201 2.0697 0.4053 0.2237 
5.4101 0.5201 2.0697 0.4053 0.2237 
5.4001 0.5301 2.0682 0.3652 0.2607 
5.4001 0.5101 2.0653 0.4357 0.2488 
5.4501 0.5301 2.0680 0.3548 0.1031 
5.4301 0.5101 2.0627 0.4228 0.1472 
5.4501 0.5001 2.0631 0.4603 0.0804 
5.4501 0.5001 2.0631 0.4603 0.0804 
5.4301 0.5101 2.0627 0.4228 0.1472 
5.4301 0.5001 2.0744 0.4925 0.1503 
5.4201 0.5001 2.0649 0.4715 0.1755 
5.4301 0.5101 2.0627 0.4228 0.1472 
5.4101 0.5201 2.0697 0.4053 0.2237 
5.4201 0.5001 2.0649 0.4715 0.1755 
5.4301 0.5001 2.0744 0.4925 0.1503 
5.4301 0.5101 2.0627 0.4228 0.1472 
5.4101 0.5201 2.0697 0.4053 0.2237 
5.4101 0.5001 2.0738 0.4953 0.2153 
5.4201 0.5001 2.0649 0.4715 0.1755 
5.4101 0.5201 2.0697 0.4053 0.2237 
5.4001 0.5101 2.0653 0.4357 0.2488 
5.4101 0.5001 2.0738 0.4953 0.2153 
5.4501 0.5801 2.0358 0.0992 0.1079 
5.4501 0.5566 2.0501 0.2100 0.1049 
5.4701 0.5572 2.0401 0.1753 0.0543 
5.4401 0.5577 2.0401 0.1787 0.1274 
5.4501 0.5566 2.0501 0.2100 0.1049 
5.4501 0.5801 2.0358 0.0992 0.1079 
5.4501 0.5566 2.0501 0.2100 0.1049 
5.4401 0.5577 2.0401 0.1787 0.1274 
5.4401 0.5759 2.0501 0.1491 0.1467 
5.4231 0.5701 2.0401 0.1417 0.1895 
5.4401 0.5759 2.0501 0.1491 0.1467 
5.4401 0.5577 2.0401 0.1787 0.1274 
5.4231 0.5701 2.0401 0.1417 0.1895 
5.4201 0.5576 2.0501 0.2118 0.1989 
5.4401 0.5759 2.0501 0.1491 0.1467 
5.4201 0.5576 2.0501 0.2118 0.1989 
5.4231 0.5701 2.0401 0.1417 0.1895 
5.4101 0.5707 2.0501 0.1699 0.2382 
5.3401 0.5677 2.0501 0.1916 0.4666 
5.3501 0.5501 2.0755 0.3205 0.4329 
5.3701 0.5501 2.0668 0.2938 0.3664 
5.3701 0.5501 2.0668 0.2938 0.3664 
5.3901 0.5558 2.0501 0.2235 0.2964 
5.3601 0.5600 2.0501 0.2142 0.3979 
5.3701 0.5501 2.0668 0.2938 0.3664 
5.3801 0.5401 2.0695 0.3352 0.3311 
5.3901 0.5558 2.0501 0.2235 0.2964 
5.3601 0.5600 2.0501 0.2142 0.3979 
5.3401 0.5677 2.0501 0.1916 0.4666 
5.3701 0.5501 2.0668 0.2938 0.3664 
5.3401 0.5677 2.0501 0.1916 0.4666 
5.3301 0.5501 2.0683 0.3050 0.4969 
5.3501 0.5501 2.0755 0.3205 0.4329 
5.3201 0.5601 2.0642 0.2607 0.5312 
5.3301 0.5501 2.0683 0.3050 0.4969 
5.3401 0.5677 2.0501 0.1916 0.4666 
5.3201 0.5601 2.0642 0.2607 0.5312 
5.3101 0.5645 2.0501 0.2076 0.5663 
5.3001 0.5501 2.0718 0.3201 0.5945 
5.3401 0.5677 2.0501 0.1916 0.4666 
5.3101 0.5645 2.0501 0.2076 0.5663 
5.3201 0.5601 2.0642 0.2607 0.5312 
5.3501 0.5401 2.0691 0.3399 0.4292 
5.3701 0.5501 2.0668 0.2938 0.3664 
5.3501 0.5501 2.0755 0.3205 0.4329 
5.3801 0.5401 2.0695 0.3352 0.3311 
5.4001 0.5301 2.0682 0.3652 0.2607 
5.3901 0.5401 2.0736 0.3441 0.3005 
5.3701 0.5201 2.0701 0.4145 0.3567 
5.3501 0.5401 2.0691 0.3399 0.4292 
5.3501 0.5201 2.0697 0.4175 0.4238 
5.3827 0.5201 2.0701 0.4119 0.3146 
5.3801 0.5101 2.0701 0.4521 0.3190 
5.3801 0.5101 2.0701 0.4521 0.3190 
5.3801 0.5101 2.0701 0.4521 0.3190 
5.3827 0.5201 2.0701 0.4119 0.3146 
5.3701 0.5201 2.0701 0.4145 0.3567 
5.3801 0.5101 2.0701 0.4521 0.3190 
5.3801 0.5101 2.0701 0.4521 0.3190 
5.3701 0.5201 2.0701 0.4145 0.3567 
5.3801 0.5101 2.0701 0.4521 0.3190 
5.3801 0.5101 2.0701 0.4521 0.3190 
5.3801 0.5101 2.0701 0.4521 0.3190 
5.3801 0.5101 2.0701 0.4521 0.3190 
5.3801 0.5101 2.0701 0.4521 0.3190 
5.3801 0.5101 2.0701 0.4521 0.3190 
5.3601 0.5001 2.0729 0.5039 0.3843 
5.3501 0.5201 2.0697 0.4175 0.4238 
5.3501 0.5001 2.0861 0.5368 0.4212 
5.4101 0.5501 2.0641 0.2789 0.2360 
5.3901 0.5558 2.0501 0.2235 0.2964 
5.3901 0.5401 2.0736 0.3441 0.3005 
5.3801 0.5401 2.0695 0.3352 0.3311 
5.3901 0.5401 2.0736 0.3441 0.3005 
5.3901 0.5558 2.0501 0.2235 0.2964 
5.4001 0.5301 2.0682 0.3652 0.2607 
5.3801 0.5401 2.0695 0.3352 0.3311 
5.3827 0.5201 2.0701 0.4119 0.3146 
5.3827 0.5201 2.0701 0.4119 0.3146 
5.3701 0.5501 2.0668 0.2938 0.3664 
5.3701 0.5201 2.0701 0.4145 0.3567 
5.3801 0.5401 2.0695 0.3352 0.3311 
5.3701 0.5501 2.0668 0.2938 0.3664 
5.3827 0.5201 2.0701 0.4119 0.3146 
5.3501 0.5401 2.0691 0.3399 0.4292 
5.3701 0.5201 2.0701 0.4145 0.3567 
5.3701 0.5501 2.0668 0.2938 0.3664 
5.4001 0.5101 2.0653 0.4357 0.2488 
5.4001 0.5301 2.0682 0.3652 0.2607 
5.3827 0.5201 2.0701 0.4119 0.3146 
5.3801 0.5101 2.0701 0.4521 0.3190 
5.4001 0.5101 2.0653 0.4357 0.2488 
5.3827 0.5201 2.0701 0.4119 0.3146 
5.3701 0.5201 2.0701 0.4145 0.3567 
5.3701 0.5101 2.0662 0.4444 0.3515 
5.3801 0.5101 2.0701 0.4521 0.3190 
5.3701 0.5101 2.0662 0.4444 0.3515 
5.3701 0.5201 2.0701 0.4145 0.3567 
5.3501 0.5201 2.0697 0.4175 0.4238 
5.3801 0.5001 2.0644 0.4787 0.3120 
5.4101 0.5001 2.0738 0.4953 0.2153 
5.4001 0.5101 2.0653 0.4357 0.2488 
5.3801 0.5101 2.0701 0.4521 0.3190 
5.3801 0.5001 2.0644 0.4787 0.3120 
5.4001 0.5101 2.0653 0.4357 0.2488 
5.3801 0.5101 2.0701 0.4521 0.3190 
5.3801 0.5101 2.0701 0.4521 0.3190 
5.3801 0.5001 2.0644 0.4787 0.3120 
5.3801 0.5001 2.0644 0.4787 0.3120 
5.3701 0.5101 2.0662 0.4444 0.3515 
5.3640 0.5001 2.0701 0.4963 0.3702 
5.3801 0.5101 2.0701 0.4521 0.3190 
5.3701 0.5101 2.0662 0.4444 0.3515 
5.3801 0.5001 2.0644 0.4787 0.3120 
5.3801 0.5101 2.0701 0.4521 0.3190 
5.3801 0.5101 2.0701 0.4521 0.3190 
5.3701 0.5101 2.0662 0.4444 0.3515 
5.3501 0.5201 2.0697 0.4175 0.4238 
5.3640 0.5001 2.0701 0.4963 0.3702 
5.3701 0.5101 2.0662 0.4444 0.3515 
5.3601 0.5001 2.0729 0.5039 0.3843 
5.3640 0.5001 2.0701 0.4963 0.3702 
5.3501 0.5201 2.0697 0.4175 0.4238 
5.3501 0.5401 2.0691 0.3399 0.4292 
5.3501 0.5501 2.0755 0.3205 0.4329 
5.3401 0.5301 2.0671 0.3741 0.4596 
5.3101 0.5301 2.0756 0.4019 0.5596 
5.3401 0.5301 2.0671 0.3741 0.4596 
5.3001 0.5501 2.0718 0.3201 0.5945 
5.3001 0.5501 2.0718 0.3201 0.5945 
5.3001 0.5301 2.0701 0.3898 0.5939 
5.3101 0.5301 2.0756 0.4019 0.5596 
5.3401 0.5301 2.0671 0.3741 0.4596 
5.3501 0.5201 2.0697 0.4175 0.4238 
5.3501 0.5401 2.0691 0.3399 0.4292 
5.3401 0.5301 2.0671 0.3741 0.4596 
5.3401 0.5101 2.0772 0.4778 0.4560 
5.3501 0.5201 2.0697 0.4175 0.4238 
5.3401 0.5101 2.0772 0.4778 0.4560 
5.3401 0.5301 2.0671 0.3741 0.4596 
5.3101 0.5301 2.0756 0.4019 0.5596 
5.3101 0.5101 2.0687 0.4632 0.5585 
5.3401 0.5101 2.0772 0.4778 0.4560 
5.3101 0.5301 2.0756 0.4019 0.5596 
5.3101 0.5101 2.0687 0.4632 0.5585 
5.3101 0.5301 2.0756 0.4019 0.5596 
5.3001 0.5301 2.0701 0.3898 0.5939 
5.3501 0.5001 2.0861 0.5368 0.4212 
5.3501 0.5201 2.0697 0.4175 0.4238 
5.3401 0.5101 2.0772 0.4778 0.4560 
5.3501 0.4901 2.0744 0.5515 0.4160 
5.3501 0.5001 2.0861 0.5368 0.4212 
5.3401 0.5101 2.0772 0.4778 0.4560 
5.3501 0.4901 2.0744 0.5515 0.4160 
5.3401 0.5101 2.0772 0.4778 0.4560 
5.3401 0.4901 2.0788 0.5638 0.4513 
5.3401 0.4901 2.0788 0.5638 0.4513 
5.3401 0.5101 2.0772 0.4778 0.4560 
5.3101 0.5101 2.0687 0.4632 0.5585 
5.3301 0.4901 2.0655 0.5349 0.4853 
5.3401 0.4901 2.0788 0.5638 0.4513 
5.3101 0.5101 2.0687 0.4632 0.5585 
5.3401 0.5301 2.0671 0.3741 0.4596 
5.3501 0.5501 2.0755 0.3205 0.4329 
5.3301 0.5501 2.0683 0.3050 0.4969 
5.3401 0.5301 2.0671 0.3741 0.4596 
5.3201 0.5601 2.0642 0.2607 0.5312 
5.3001 0.5501 2.0718 0.3201 0.5945 
5.3301 0.5501 2.0683 0.3050 0.4969 
5.3201 0.5601 2.0642 0.2607 0.5312 
5.3401 0.5301 2.0671 0.3741 0.4596 
5.3001 0.5001 2.0712 0.5127 0.5920 
5.3101 0.5101 2.0687 0.4632 0.5585 
5.3001 0.5301 2.0701 0.3898 0.5939 
5.3911 0.5901 2.0401 0.0931 0.3036 
5.3901 0.5805 2.0501 0.1431 0.3072 
5.4001 0.5801 2.0482 0.1375 0.2739 
5.4101 0.5707 2.0501 0.1699 0.2382 
5.4001 0.5801 2.0482 0.1375 0.2739 
5.3901 0.5805 2.0501 0.1431 0.3072 
5.3901 0.5805 2.0501 0.1431 0.3072 
5.3701 0.5865 2.0401 0.1039 0.3708 
5.3501 0.5571 2.0501 0.2259 0.4306 
5.3401 0.5857 2.0501 0.1353 0.4705 
5.3201 0.5901 2.0429 0.1078 0.5366 
5.2901 0.5631 2.0501 0.2162 0.6336 
5.3043 0.6201 2.0501 0.0737 0.5890 
5.2907 0.6201 2.0501 0.0739 0.6315 
5.3001 0.6201 2.0529 0.0752 0.6015 
5.2907 0.6201 2.0501 0.0739 0.6315 
5.2801 0.6101 2.0501 0.0849 0.6652 
5.3001 0.6201 2.0529 0.0752 0.6015 
5.2401 0.6101 2.0564 0.1009 0.7888 
5.2601 0.6101 2.0579 0.1018 0.7251 
5.2601 0.6194 2.0501 0.0752 0.7278 
5.3001 0.6201 2.0529 0.0752 0.6015 
5.2801 0.6101 2.0501 0.0849 0.6652 
5.3043 0.6201 2.0501 0.0737 0.5890 
5.2601 0.6194 2.0501 0.0752 0.7278 
5.2601 0.6101 2.0579 0.1018 0.7251 
5.2512 0.6001 2.0501 0.1090 0.7588 
5.2601 0.6101 2.0579 0.1018 0.7251 
5.2401 0.6101 2.0564 0.1009 0.7888 
5.2512 0.6001 2.0501 0.1090 0.7588 
5.2301 0.6246 2.0501 0.0735 0.8213 
5.2401 0.6101 2.0564 0.1009 0.7888 
5.2601 0.6194 2.0501 0.0752 0.7278 
5.2401 0.6101 2.0564 0.1009 0.7888 
5.2301 0.6246 2.0501 0.0735 0.8213 
5.1901 0.6201 2.0555 0.0849 0.9441 
5.2301 0.5964 2.0501 0.1213 0.8282 
5.1901 0.6201 2.0555 0.0849 0.9441 
5.2201 0.6001 2.0524 0.1186 0.8580 
5.2401 0.6101 2.0564 0.1009 0.7888 
5.1901 0.6201 2.0555 0.0849 0.9441 
5.2301 0.5964 2.0501 0.1213 0.8282 
5.2001 0.6001 2.0566 0.1321 0.9188 
5.2201 0.6001 2.0524 0.1186 0.8580 
5.1901 0.6201 2.0555 0.0849 0.9441 
5.1801 0.6201 2.0599 0.0937 0.9710 
5.1801 0.6101 2.0659 0.1309 0.9692 
5.1901 0.6201 2.0555 0.0849 0.9441 
5.2001 0.6001 2.0566 0.1321 0.9188 
5.1801 0.6101 2.0659 0.1309 0.9692 
5.1799 0.5901 2.0501 0.1469 0.9956 
5.1901 0.6201 2.0555 0.0849 0.9441 
5.1801 0.6101 2.0659 0.1309 0.9692 
5.2001 0.6001 2.0566 0.1321 0.9188 
5.2801 0.5501 2.0732 0.3275 0.6593 
5.2901 0.5601 2.0791 0.3056 0.6252 
5.2701 0.5666 2.0501 0.2075 0.7009 
5.2501 0.5601 2.0723 0.2951 0.7563 
5.2488 0.5501 2.0701 0.3251 0.7634 
5.2601 0.5501 2.0724 0.3291 0.7251 
5.3001 0.5501 2.0718 0.3201 0.5945 
5.2901 0.5684 2.0501 0.1981 0.6335 
5.2901 0.5601 2.0791 0.3056 0.6252 
5.2901 0.5601 2.0791 0.3056 0.6252 
5.2901 0.5684 2.0501 0.1981 0.6335 
5.2701 0.5666 2.0501 0.2075 0.7009 
5.2701 0.5666 2.0501 0.2075 0.7009 
5.2301 0.5682 2.0501 0.2093 0.8357 
5.2501 0.5601 2.0723 0.2951 0.7563 
5.2801 0.5501 2.0732 0.3275 0.6593 
5.2701 0.5666 2.0501 0.2075 0.7009 
5.2601 0.5501 2.0724 0.3291 0.7251 
5.2701 0.5666 2.0501 0.2075 0.7009 
5.2501 0.5601 2.0723 0.2951 0.7563 
5.2601 0.5501 2.0724 0.3291 0.7251 
5.3101 0.5645 2.0501 0.2076 0.5663 
5.2901 0.5684 2.0501 0.1981 0.6335 
5.3001 0.5501 2.0718 0.3201 0.5945 
5.2101 0.5901 2.0511 0.1449 0.8948 
5.2001 0.6001 2.0566 0.1321 0.9188 
5.1901 0.5901 2.0582 0.1674 0.9534 
5.2101 0.5901 2.0511 0.1449 0.8948 
5.2201 0.6001 2.0524 0.1186 0.8580 
5.2001 0.6001 2.0566 0.1321 0.9188 
5.2501 0.5601 2.0723 0.2951 0.7563 
5.2301 0.5682 2.0501 0.2093 0.8357 
5.2301 0.5601 2.0601 0.2656 0.8302 
5.2101 0.5501 2.0728 0.3394 0.8893 
5.2101 0.5696 2.0501 0.2080 0.9030 
5.2001 0.5601 2.0718 0.3029 0.9194 
5.2501 0.5401 2.0809 0.3891 0.7547 
5.2488 0.5501 2.0701 0.3251 0.7634 
5.2301 0.5601 2.0601 0.2656 0.8302 
5.2488 0.5501 2.0701 0.3251 0.7634 
5.2501 0.5601 2.0723 0.2951 0.7563 
5.2301 0.5601 2.0601 0.2656 0.8302 
5.2301 0.5601 2.0601 0.2656 0.8302 
5.2301 0.5517 2.0701 0.3230 0.8249 
5.2501 0.5401 2.0809 0.3891 0.7547 
5.2301 0.5601 2.0601 0.2656 0.8302 
5.2301 0.5601 2.0601 0.2656 0.8302 
5.2301 0.5517 2.0701 0.3230 0.8249 
5.2301 0.5601 2.0601 0.2656 0.8302 
5.2201 0.5590 2.0601 0.2713 0.8640 
5.2301 0.5517 2.0701 0.3230 0.8249 
5.2201 0.5590 2.0601 0.2713 0.8640 
5.2101 0.5501 2.0728 0.3394 0.8893 
5.2301 0.5517 2.0701 0.3230 0.8249 
5.2512 0.6001 2.0501 0.1090 0.7588 
5.2401 0.6101 2.0564 0.1009 0.7888 
5.2301 0.5964 2.0501 0.1213 0.8282 
5.2301 0.5964 2.0501 0.1213 0.8282 
5.2201 0.6001 2.0524 0.1186 0.8580 
5.2201 0.5836 2.0501 0.1604 0.8648 
5.2201 0.6001 2.0524 0.1186 0.8580 
5.2101 0.5901 2.0511 0.1449 0.8948 
5.2201 0.5836 2.0501 0.1604 0.8648 
5.2201 0.5836 2.0501 0.1604 0.8648 
5.2101 0.5901 2.0511 0.1449 0.8948 
5.2101 0.5696 2.0501 0.2080 0.9030 
5.2101 0.5901 2.0511 0.1449 0.8948 
5.2001 0.5801 2.0519 0.1798 0.9309 
5.2101 0.5696 2.0501 0.2080 0.9030 
5.2101 0.5901 2.0511 0.1449 0.8948 
5.1901 0.5901 2.0582 0.1674 0.9534 
5.2001 0.5801 2.0519 0.1798 0.9309 
5.2301 0.5601 2.0601 0.2656 0.8302 
5.2301 0.5682 2.0501 0.2093 0.8357 
5.2301 0.5601 2.0601 0.2656 0.8302 
5.2201 0.5590 2.0601 0.2713 0.8640 
5.2301 0.5601 2.0601 0.2656 0.8302 
5.2101 0.5696 2.0501 0.2080 0.9030 
5.2101 0.5696 2.0501 0.2080 0.9030 
5.2301 0.5601 2.0601 0.2656 0.8302 
5.2301 0.5682 2.0501 0.2093 0.8357 
5.2201 0.5590 2.0601 0.2713 0.8640 
5.2101 0.5696 2.0501 0.2080 0.9030 
5.2101 0.5501 2.0728 0.3394 0.8893 
5.2301 0.5601 2.0601 0.2656 0.8302 
5.2301 0.5601 2.0601 0.2656 0.8302 
5.2301 0.5601 2.0601 0.2656 0.8302 
5.2301 0.5601 2.0601 0.2656 0.8302 
5.2301 0.5601 2.0601 0.2656 0.8302 
5.2201 0.5590 2.0601 0.2713 0.8640 
5.3001 0.5501 2.0718 0.3201 0.5945 
5.2901 0.5601 2.0791 0.3056 0.6252 
5.3001 0.5301 2.0701 0.3898 0.5939 
5.2901 0.5601 2.0791 0.3056 0.6252 
5.2801 0.5501 2.0732 0.3275 0.6593 
5.3001 0.5301 2.0701 0.3898 0.5939 
5.2801 0.5501 2.0732 0.3275 0.6593 
5.2601 0.5501 2.0724 0.3291 0.7251 
5.2701 0.5401 2.0780 0.3783 0.6907 
5.2501 0.5401 2.0809 0.3891 0.7547 
5.2601 0.5501 2.0724 0.3291 0.7251 
5.2488 0.5501 2.0701 0.3251 0.7634 
5.2801 0.5501 2.0732 0.3275 0.6593 
5.2701 0.5401 2.0780 0.3783 0.6907 
5.2801 0.5201 2.0718 0.4370 0.6610 
5.3001 0.5301 2.0701 0.3898 0.5939 
5.2801 0.5501 2.0732 0.3275 0.6593 
5.2801 0.5201 2.0718 0.4370 0.6610 
5.2801 0.5201 2.0718 0.4370 0.6610 
5.2601 0.5501 2.0724 0.3291 0.7251 
5.2501 0.5301 2.0773 0.4179 0.7584 
5.2701 0.5401 2.0780 0.3783 0.6907 
5.2601 0.5501 2.0724 0.3291 0.7251 
5.2801 0.5201 2.0718 0.4370 0.6610 
5.2501 0.5401 2.0809 0.3891 0.7547 
5.2501 0.5301 2.0773 0.4179 0.7584 
5.2601 0.5501 2.0724 0.3291 0.7251 
5.2801 0.5201 2.0718 0.4370 0.6610 
5.2901 0.5201 2.0784 0.4514 0.6250 
5.3001 0.5301 2.0701 0.3898 0.5939 
5.3001 0.5301 2.0701 0.3898 0.5939 
5.2901 0.5201 2.0784 0.4514 0.6250 
5.3001 0.5001 2.0712 0.5127 0.5920 
5.2901 0.5201 2.0784 0.4514 0.6250 
5.2801 0.5201 2.0718 0.4370 0.6610 
5.2701 0.5101 2.0701 0.4752 0.6967 
5.2801 0.5201 2.0718 0.4370 0.6610 
5.2501 0.5301 2.0773 0.4179 0.7584 
5.2701 0.5101 2.0701 0.4752 0.6967 
5.2501 0.5301 2.0773 0.4179 0.7584 
5.2401 0.5101 2.0710 0.4838 0.8005 
5.2701 0.5101 2.0701 0.4752 0.6967 
5.2901 0.5201 2.0784 0.4514 0.6250 
5.2701 0.5101 2.0701 0.4752 0.6967 
5.3001 0.5001 2.0712 0.5127 0.5920 
5.3001 0.5001 2.0712 0.5127 0.5920 
5.2701 0.5101 2.0701 0.4752 0.6967 
5.2801 0.4901 2.0673 0.5506 0.6640 
5.2701 0.5101 2.0701 0.4752 0.6967 
5.2601 0.5001 2.0778 0.5369 0.7287 
5.2801 0.4901 2.0673 0.5506 0.6640 
5.2701 0.5101 2.0701 0.4752 0.6967 
5.2401 0.5101 2.0710 0.4838 0.8005 
5.2601 0.5001 2.0778 0.5369 0.7287 
5.2301 0.5101 2.0777 0.5019 0.8301 
5.2201 0.4901 2.0840 0.6019 0.8654 
5.2401 0.4901 2.0776 0.5833 0.8005 
5.2501 0.5401 2.0809 0.3891 0.7547 
5.2301 0.5517 2.0701 0.3230 0.8249 
5.2201 0.5401 2.0791 0.3906 0.8542 
5.2301 0.5517 2.0701 0.3230 0.8249 
5.2101 0.5501 2.0728 0.3394 0.8893 
5.2201 0.5401 2.0791 0.3906 0.8542 
5.2001 0.5601 2.0718 0.3029 0.9194 
5.2001 0.5301 2.0845 0.4454 0.9188 
5.2101 0.5501 2.0728 0.3394 0.8893 
5.2501 0.5301 2.0773 0.4179 0.7584 
5.2501 0.5401 2.0809 0.3891 0.7547 
5.2301 0.5301 2.0704 0.4046 0.8304 
5.2301 0.5301 2.0704 0.4046 0.8304 
5.2201 0.5401 2.0791 0.3906 0.8542 
5.2301 0.5101 2.0777 0.5019 0.8301 
5.2501 0.5401 2.0809 0.3891 0.7547 
5.2201 0.5401 2.0791 0.3906 0.8542 
5.2301 0.5301 2.0704 0.4046 0.8304 
5.2201 0.5401 2.0791 0.3906 0.8542 
5.2101 0.5501 2.0728 0.3394 0.8893 
5.2301 0.5101 2.0777 0.5019 0.8301 
5.2501 0.5301 2.0773 0.4179 0.7584 
5.2301 0.5301 2.0704 0.4046 0.8304 
5.2401 0.5101 2.0710 0.4838 0.8005 
5.2301 0.5301 2.0704 0.4046 0.8304 
5.2301 0.5101 2.0777 0.5019 0.8301 
5.2401 0.5101 2.0710 0.4838 0.8005 
5.2301 0.5101 2.0777 0.5019 0.8301 
5.2101 0.5501 2.0728 0.3394 0.8893 
5.2101 0.5201 2.0751 0.4597 0.8976 
5.2101 0.5201 2.0751 0.4597 0.8976 
5.2101 0.5501 2.0728 0.3394 0.8893 
5.2001 0.5301 2.0845 0.4454 0.9188 
5.2301 0.5101 2.0777 0.5019 0.8301 
5.2101 0.5201 2.0751 0.4597 0.8976 
5.2001 0.5101 2.0734 0.4981 0.9378 
5.2101 0.5201 2.0751 0.4597 0.8976 
5.2001 0.5301 2.0845 0.4454 0.9188 
5.2001 0.5101 2.0734 0.4981 0.9378 
5.2601 0.5001 2.0778 0.5369 0.7287 
5.2401 0.5101 2.0710 0.4838 0.8005 
5.2401 0.4901 2.0776 0.5833 0.8005 
5.2301 0.5101 2.0777 0.5019 0.8301 
5.2401 0.4901 2.0776 0.5833 0.8005 
5.2401 0.5101 2.0710 0.4838 0.8005 
5.2101 0.5001 2.0773 0.5466 0.9030 
5.2301 0.5101 2.0777 0.5019 0.8301 
5.2001 0.5101 2.0734 0.4981 0.9378 
5.2201 0.4901 2.0840 0.6019 0.8654 
5.2301 0.5101 2.0777 0.5019 0.8301 
5.2101 0.5001 2.0773 0.5466 0.9030 
5.2501 0.5743 2.0501 0.1852 0.7670 
5.2901 0.5631 2.0501 0.2162 0.6336 
5.2801 0.5901 2.0459 0.1207 0.6677 
5.1801 0.5601 2.0764 0.3185 0.9800 
5.1801 0.5401 2.0804 0.4015 0.9848 
5.2001 0.5601 2.0718 0.3029 0.9194 
5.2001 0.5601 2.0718 0.3029 0.9194 
5.2101 0.5696 2.0501 0.2080 0.9030 
5.1856 0.5701 2.0501 0.2106 0.9860 
5.1856 0.5701 2.0501 0.2106 0.9860 
5.1801 0.5601 2.0764 0.3185 0.9800 
5.2001 0.5601 2.0718 0.3029 0.9194 
5.1901 0.5901 2.0582 0.1674 0.9534 
5.2001 0.6001 2.0566 0.1321 0.9188 
5.1799 0.5901 2.0501 0.1469 0.9956 
5.1901 0.5801 2.0669 0.2232 0.9488 
5.2001 0.5801 2.0519 0.1798 0.9309 
5.1901 0.5901 2.0582 0.1674 0.9534 
5.1901 0.5901 2.0582 0.1674 0.9534 
5.1799 0.5901 2.0501 0.1469 0.9956 
5.1901 0.5801 2.0669 0.2232 0.9488 
5.2001 0.5801 2.0519 0.1798 0.9309 
5.1856 0.5701 2.0501 0.2106 0.9860 
5.2101 0.5696 2.0501 0.2080 0.9030 
5.2001 0.5801 2.0519 0.1798 0.9309 
5.1901 0.5801 2.0669 0.2232 0.9488 
5.1856 0.5701 2.0501 0.2106 0.9860 
5.1901 0.5801 2.0669 0.2232 0.9488 
5.1799 0.5901 2.0501 0.1469 0.9956 
5.1856 0.5701 2.0501 0.2106 0.9860 
5.1801 0.5401 2.0804 0.4015 0.9848 
5.2001 0.5301 2.0845 0.4454 0.9188 
5.2001 0.5601 2.0718 0.3029 0.9194 
5.1801 0.5401 2.0804 0.4015 0.9848 
5.1901 0.5201 2.0794 0.4742 0.9614 
5.2001 0.5301 2.0845 0.4454 0.9188 
5.2001 0.5301 2.0845 0.4454 0.9188 
5.1901 0.5201 2.0794 0.4742 0.9614 
5.2001 0.5101 2.0734 0.4981 0.9378 
5.1901 0.5201 2.0794 0.4742 0.9614 
5.1901 0.5001 2.0813 0.5601 0.9685 
5.2001 0.5101 2.0734 0.4981 0.9378 
5.4501 0.5001 2.0631 0.4603 0.0804 
5.4401 0.4901 2.0626 0.5035 0.1023 
5.4601 0.4901 2.0657 0.5067 0.0565 
5.4601 0.5001 2.0601 0.4506 0.0572 
5.4501 0.5001 2.0631 0.4603 0.0804 
5.4601 0.4901 2.0657 0.5067 0.0565 
5.4601 0.5001 2.0601 0.4506 0.0572 
5.4601 0.4901 2.0657 0.5067 0.0565 
5.4601 0.5001 2.0601 0.4506 0.0572 
5.4601 0.4901 2.0657 0.5067 0.0565 
5.4401 0.4901 2.0626 0.5035 0.1023 
5.4401 0.4801 2.0744 0.5745 0.1059 
5.4601 0.4801 2.0599 0.5356 0.0529 
5.4601 0.4901 2.0657 0.5067 0.0565 
5.4401 0.4801 2.0744 0.5745 0.1059 
5.4601 0.5001 2.0601 0.4506 0.0572 
5.4601 0.5001 2.0601 0.4506 0.0572 
5.4601 0.5001 2.0601 0.4506 0.0572 
5.4601 0.5001 2.0601 0.4506 0.0572 
5.4601 0.5001 2.0601 0.4506 0.0572 
5.4601 0.5001 2.0601 0.4506 0.0572 
5.4201 0.5001 2.0649 0.4715 0.1755 
5.4401 0.4901 2.0626 0.5035 0.1023 
5.4301 0.5001 2.0744 0.4925 0.1503 
5.4201 0.4801 2.0738 0.5776 0.1700 
5.4401 0.4801 2.0744 0.5745 0.1059 
5.4401 0.4901 2.0626 0.5035 0.1023 
5.4401 0.4801 2.0744 0.5745 0.1059 
5.4201 0.4801 2.0738 0.5776 0.1700 
5.4201 0.4701 2.0682 0.6093 0.1590 
5.4201 0.4601 2.0628 0.6431 0.1475 
5.4301 0.4501 2.0777 0.7192 0.1201 
5.4301 0.4601 2.0687 0.6537 0.1189 
5.3901 0.4501 2.0680 0.7095 0.2531 
5.4001 0.4501 2.0791 0.7294 0.2245 
5.4201 0.4601 2.0628 0.6431 0.1475 
5.4501 0.5001 2.0631 0.4603 0.0804 
5.4301 0.5001 2.0744 0.4925 0.1503 
5.4401 0.4901 2.0626 0.5035 0.1023 
5.4401 0.4901 2.0626 0.5035 0.1023 
5.4201 0.5001 2.0649 0.4715 0.1755 
5.4201 0.4801 2.0738 0.5776 0.1700 
5.4001 0.4801 2.0659 0.5638 0.2328 
5.4201 0.5001 2.0649 0.4715 0.1755 
5.4101 0.5001 2.0738 0.4953 0.2153 
5.4001 0.4801 2.0659 0.5638 0.2328 
5.4201 0.4801 2.0738 0.5776 0.1700 
5.4201 0.5001 2.0649 0.4715 0.1755 
5.4201 0.4701 2.0682 0.6093 0.1590 
5.4201 0.4801 2.0738 0.5776 0.1700 
5.4001 0.4801 2.0659 0.5638 0.2328 
5.4301 0.4601 2.0687 0.6537 0.1189 
5.4201 0.4701 2.0682 0.6093 0.1590 
5.4201 0.4601 2.0628 0.6431 0.1475 
5.4201 0.4601 2.0628 0.6431 0.1475 
5.4201 0.4701 2.0682 0.6093 0.1590 
5.3901 0.4501 2.0680 0.7095 0.2531 
5.4501 0.4401 2.0685 0.7441 0.0548 
5.4301 0.4601 2.0687 0.6537 0.1189 
5.4301 0.4501 2.0777 0.7192 0.1201 
5.4301 0.4501 2.0777 0.7192 0.1201 
5.4201 0.4601 2.0628 0.6431 0.1475 
5.4301 0.4301 2.0703 0.8027 0.0993 
5.4301 0.4301 2.0703 0.8027 0.0993 
5.4001 0.4501 2.0791 0.7294 0.2245 
5.4001 0.4401 2.0763 0.7720 0.2165 
5.4201 0.4601 2.0628 0.6431 0.1475 
5.4001 0.4501 2.0791 0.7294 0.2245 
5.4301 0.4301 2.0703 0.8027 0.0993 
5.4501 0.4401 2.0685 0.7441 0.0548 
5.4301 0.4501 2.0777 0.7192 0.1201 
5.4301 0.4301 2.0703 0.8027 0.0993 
5.4301 0.4301 2.0703 0.8027 0.0993 
5.4001 0.4401 2.0763 0.7720 0.2165 
5.3901 0.4301 2.0691 0.8111 0.2423 
5.4501 0.4401 2.0685 0.7441 0.0548 
5.4301 0.4301 2.0703 0.8027 0.0993 
5.4401 0.4201 2.0738 0.8578 0.0669 
5.4301 0.4301 2.0703 0.8027 0.0993 
5.4101 0.4201 2.0789 0.8745 0.1695 
5.4401 0.4201 2.0738 0.8578 0.0669 
5.4301 0.4301 2.0703 0.8027 0.0993 
5.3901 0.4301 2.0691 0.8111 0.2423 
5.4101 0.4201 2.0789 0.8745 0.1695 
5.4301 0.4101 2.0640 0.8972 0.0793 
5.4401 0.4201 2.0738 0.8578 0.0669 
5.4201 0.4101 2.0721 0.9135 0.1204 
5.4201 0.4101 2.0721 0.9135 0.1204 
5.4401 0.4201 2.0738 0.8578 0.0669 
5.4101 0.4201 2.0789 0.8745 0.1695 
5.4201 0.4101 2.0721 0.9135 0.1204 
5.4101 0.4201 2.0789 0.8745 0.1695 
5.4001 0.4101 2.0744 0.9228 0.1960 
5.4301 0.4101 2.0640 0.8972 0.0793 
5.4201 0.4101 2.0721 0.9135 0.1204 
5.4401 0.4001 2.0679 0.9561 0.0547 
5.4201 0.4101 2.0721 0.9135 0.1204 
5.4001 0.4101 2.0744 0.9228 0.1960 
5.4101 0.4001 2.0741 0.9742 0.1512 
5.4001 0.4801 2.0659 0.5638 0.2328 
5.3801 0.5001 2.0644 0.4787 0.3120 
5.3901 0.4901 2.0782 0.5515 0.2799 
5.4001 0.4801 2.0659 0.5638 0.2328 
5.4101 0.5001 2.0738 0.4953 0.2153 
5.3801 0.5001 2.0644 0.4787 0.3120 
5.3801 0.5001 2.0644 0.4787 0.3120 
5.3701 0.4901 2.0678 0.5316 0.3441 
5.3901 0.4901 2.0782 0.5515 0.2799 
5.3640 0.5001 2.0701 0.4963 0.3702 
5.3601 0.5001 2.0729 0.5039 0.3843 
5.3601 0.4901 2.0701 0.5393 0.3800 
5.3601 0.5001 2.0729 0.5039 0.3843 
5.3601 0.4901 2.0701 0.5393 0.3800 
5.3601 0.4901 2.0701 0.5393 0.3800 
5.3601 0.5001 2.0729 0.5039 0.3843 
5.3501 0.4901 2.0744 0.5515 0.4160 
5.3601 0.4901 2.0701 0.5393 0.3800 
5.3601 0.5001 2.0729 0.5039 0.3843 
5.3501 0.5001 2.0861 0.5368 0.4212 
5.3501 0.4901 2.0744 0.5515 0.4160 
5.3601 0.4801 2.0781 0.6008 0.3788 
5.3701 0.4901 2.0678 0.5316 0.3441 
5.3601 0.4901 2.0701 0.5393 0.3800 
5.3601 0.4901 2.0701 0.5393 0.3800 
5.3501 0.4901 2.0744 0.5515 0.4160 
5.3601 0.4801 2.0781 0.6008 0.3788 
5.3601 0.4901 2.0701 0.5393 0.3800 
5.3601 0.4801 2.0781 0.6008 0.3788 
5.3601 0.4901 2.0701 0.5393 0.3800 
5.3901 0.4701 2.0687 0.6174 0.2645 
5.3901 0.4901 2.0782 0.5515 0.2799 
5.3701 0.4901 2.0678 0.5316 0.3441 
5.3701 0.4901 2.0678 0.5316 0.3441 
5.3701 0.4601 2.0742 0.6799 0.3341 
5.3901 0.4701 2.0687 0.6174 0.2645 
5.3701 0.4601 2.0742 0.6799 0.3341 
5.3701 0.4901 2.0678 0.5316 0.3441 
5.3601 0.4801 2.0781 0.6008 0.3788 
5.3601 0.4701 2.0663 0.6191 0.3714 
5.3701 0.4601 2.0742 0.6799 0.3341 
5.3601 0.4801 2.0781 0.6008 0.3788 
5.3901 0.4701 2.0687 0.6174 0.2645 
5.3701 0.4601 2.0742 0.6799 0.3341 
5.3801 0.4601 2.0655 0.6588 0.2936 
5.3601 0.4701 2.0663 0.6191 0.3714 
5.3601 0.4601 2.0679 0.6691 0.3681 
5.3701 0.4601 2.0742 0.6799 0.3341 
5.3801 0.4601 2.0655 0.6588 0.2936 
5.3701 0.4601 2.0742 0.6799 0.3341 
5.3701 0.4501 2.0665 0.7113 0.3262 
5.3701 0.4501 2.0665 0.7113 0.3262 
5.3601 0.4601 2.0679 0.6691 0.3681 
5.3601 0.4401 2.0765 0.7827 0.3632 
5.3701 0.4501 2.0665 0.7113 0.3262 
5.3701 0.4601 2.0742 0.6799 0.3341 
5.3601 0.4601 2.0679 0.6691 0.3681 
5.3701 0.4901 2.0678 0.5316 0.3441 
5.3801 0.5001 2.0644 0.4787 0.3120 
5.3640 0.5001 2.0701 0.4963 0.3702 
5.3640 0.5001 2.0701 0.4963 0.3702 
5.3601 0.4901 2.0701 0.5393 0.3800 
5.3701 0.4901 2.0678 0.5316 0.3441 
5.3640 0.5001 2.0701 0.4963 0.3702 
5.3601 0.4901 2.0701 0.5393 0.3800 
5.3601 0.4901 2.0701 0.5393 0.3800 
5.3601 0.4901 2.0701 0.5393 0.3800 
5.3601 0.4901 2.0701 0.5393 0.3800 
5.3601 0.4901 2.0701 0.5393 0.3800 
5.3701 0.4901 2.0678 0.5316 0.3441 
5.3601 0.4901 2.0701 0.5393 0.3800 
5.3601 0.4901 2.0701 0.5393 0.3800 
5.3601 0.4901 2.0701 0.5393 0.3800 
5.3601 0.4901 2.0701 0.5393 0.3800 
5.3601 0.4901 2.0701 0.5393 0.3800 
5.4001 0.4801 2.0659 0.5638 0.2328 
5.3901 0.4701 2.0687 0.6174 0.2645 
5.4201 0.4701 2.0682 0.6093 0.1590 
5.3901 0.4901 2.0782 0.5515 0.2799 
5.3901 0.4701 2.0687 0.6174 0.2645 
5.4001 0.4801 2.0659 0.5638 0.2328 
5.3901 0.4501 2.0680 0.7095 0.2531 
5.3901 0.4701 2.0687 0.6174 0.2645 
5.3801 0.4601 2.0655 0.6588 0.2936 
5.4201 0.4701 2.0682 0.6093 0.1590 
5.3901 0.4701 2.0687 0.6174 0.2645 
5.3901 0.4501 2.0680 0.7095 0.2531 
5.3101 0.4701 2.0811 0.6628 0.5526 
5.2901 0.4601 2.0726 0.6960 0.6263 
5.3101 0.4601 2.0896 0.7251 0.5504 
5.3101 0.4907 2.0801 0.5708 0.5550 
5.3101 0.5101 2.0687 0.4632 0.5585 
5.3001 0.5001 2.0712 0.5127 0.5920 
5.3501 0.4901 2.0744 0.5515 0.4160 
5.3401 0.4901 2.0788 0.5638 0.4513 
5.3601 0.4801 2.0781 0.6008 0.3788 
5.3201 0.4901 2.0655 0.5373 0.5210 
5.3101 0.5101 2.0687 0.4632 0.5585 
5.3101 0.4907 2.0801 0.5708 0.5550 
5.3101 0.4701 2.0811 0.6628 0.5526 
5.3201 0.4901 2.0655 0.5373 0.5210 
5.3101 0.4907 2.0801 0.5708 0.5550 
5.3101 0.4907 2.0801 0.5708 0.5550 
5.2901 0.4701 2.0776 0.6602 0.6248 
5.3101 0.4701 2.0811 0.6628 0.5526 
5.3101 0.4907 2.0801 0.5708 0.5550 
5.3001 0.5001 2.0712 0.5127 0.5920 
5.2901 0.4701 2.0776 0.6602 0.6248 
5.3601 0.4701 2.0663 0.6191 0.3714 
5.3601 0.4801 2.0781 0.6008 0.3788 
5.3401 0.4901 2.0788 0.5638 0.4513 
5.3201 0.4701 2.0745 0.6466 0.5174 
5.3401 0.4901 2.0788 0.5638 0.4513 
5.3301 0.4901 2.0655 0.5349 0.4853 
5.3201 0.4901 2.0655 0.5373 0.5210 
5.3101 0.4701 2.0811 0.6628 0.5526 
5.3201 0.4701 2.0745 0.6466 0.5174 
5.3401 0.4901 2.0788 0.5638 0.4513 
5.3201 0.4701 2.0745 0.6466 0.5174 
5.3301 0.4601 2.0704 0.6817 0.4790 
5.3301 0.4601 2.0704 0.6817 0.4790 
5.3201 0.4701 2.0745 0.6466 0.5174 
5.3101 0.4601 2.0896 0.7251 0.5504 
5.3101 0.4601 2.0896 0.7251 0.5504 
5.3201 0.4701 2.0745 0.6466 0.5174 
5.3101 0.4701 2.0811 0.6628 0.5526 
5.2901 0.4601 2.0726 0.6960 0.6263 
5.3101 0.4701 2.0811 0.6628 0.5526 
5.2901 0.4701 2.0776 0.6602 0.6248 
5.3301 0.4501 2.0730 0.7347 0.4769 
5.3601 0.4401 2.0765 0.7827 0.3632 
5.3301 0.4601 2.0704 0.6817 0.4790 
5.3301 0.4601 2.0704 0.6817 0.4790 
5.3601 0.4401 2.0765 0.7827 0.3632 
5.3601 0.4601 2.0679 0.6691 0.3681 
5.3301 0.4501 2.0730 0.7347 0.4769 
5.3301 0.4601 2.0704 0.6817 0.4790 
5.3101 0.4601 2.0896 0.7251 0.5504 
5.3301 0.4501 2.0730 0.7347 0.4769 
5.3101 0.4601 2.0896 0.7251 0.5504 
5.3101 0.4501 2.0663 0.7260 0.5521 
5.3101 0.4501 2.0663 0.7260 0.5521 
5.2901 0.4601 2.0726 0.6960 0.6263 
5.3001 0.4501 2.0776 0.7513 0.5876 
5.3101 0.4501 2.0663 0.7260 0.5521 
5.3101 0.4601 2.0896 0.7251 0.5504 
5.2901 0.4601 2.0726 0.6960 0.6263 
5.3201 0.4901 2.0655 0.5373 0.5210 
5.3301 0.4901 2.0655 0.5349 0.4853 
5.3101 0.5101 2.0687 0.4632 0.5585 
5.3201 0.4701 2.0745 0.6466 0.5174 
5.3301 0.4901 2.0655 0.5349 0.4853 
5.3201 0.4901 2.0655 0.5373 0.5210 
5.3601 0.4701 2.0663 0.6191 0.3714 
5.3301 0.4601 2.0704 0.6817 0.4790 
5.3601 0.4601 2.0679 0.6691 0.3681 
5.3401 0.4901 2.0788 0.5638 0.4513 
5.3301 0.4601 2.0704 0.6817 0.4790 
5.3601 0.4701 2.0663 0.6191 0.3714 
5.3901 0.4501 2.0680 0.7095 0.2531 
5.4001 0.4401 2.0763 0.7720 0.2165 
5.4001 0.4501 2.0791 0.7294 0.2245 
5.3901 0.4501 2.0680 0.7095 0.2531 
5.3701 0.4401 2.0867 0.7988 0.3308 
5.4001 0.4401 2.0763 0.7720 0.2165 
5.3801 0.4601 2.0655 0.6588 0.2936 
5.3701 0.4401 2.0867 0.7988 0.3308 
5.3901 0.4501 2.0680 0.7095 0.2531 
5.3801 0.4601 2.0655 0.6588 0.2936 
5.3701 0.4501 2.0665 0.7113 0.3262 
5.3701 0.4401 2.0867 0.7988 0.3308 
5.3701 0.4501 2.0665 0.7113 0.3262 
5.3601 0.4401 2.0765 0.7827 0.3632 
5.3701 0.4401 2.0867 0.7988 0.3308 
5.3701 0.4401 2.0867 0.7988 0.3308 
5.3901 0.4301 2.0691 0.8111 0.2423 
5.4001 0.4401 2.0763 0.7720 0.2165 
5.3601 0.4301 2.0687 0.8184 0.3561 
5.3701 0.4401 2.0867 0.7988 0.3308 
5.3601 0.4401 2.0765 0.7827 0.3632 
5.3601 0.4401 2.0765 0.7827 0.3632 
5.3401 0.4401 2.0762 0.7871 0.4374 
5.3501 0.4201 2.0771 0.8878 0.3933 
5.3601 0.4301 2.0687 0.8184 0.3561 
5.3601 0.4401 2.0765 0.7827 0.3632 
5.3501 0.4201 2.0771 0.8878 0.3933 
5.3901 0.4201 2.0733 0.8705 0.2392 
5.4101 0.4201 2.0789 0.8745 0.1695 
5.3901 0.4301 2.0691 0.8111 0.2423 
5.3901 0.4301 2.0691 0.8111 0.2423 
5.3701 0.4401 2.0867 0.7988 0.3308 
5.3901 0.4201 2.0733 0.8705 0.2392 
5.3601 0.4301 2.0687 0.8184 0.3561 
5.3901 0.4201 2.0733 0.8705 0.2392 
5.3701 0.4401 2.0867 0.7988 0.3308 
5.3701 0.4201 2.0877 0.8996 0.3223 
5.3901 0.4201 2.0733 0.8705 0.2392 
5.3601 0.4301 2.0687 0.8184 0.3561 
5.3601 0.4301 2.0687 0.8184 0.3561 
5.3601 0.4174 2.0701 0.8877 0.3512 
5.3701 0.4201 2.0877 0.8996 0.3223 
5.3601 0.4301 2.0687 0.8184 0.3561 
5.3501 0.4201 2.0771 0.8878 0.3933 
5.3601 0.4174 2.0701 0.8877 0.3512 
5.4001 0.4101 2.0744 0.9228 0.1960 
5.4101 0.4201 2.0789 0.8745 0.1695 
5.3901 0.4201 2.0733 0.8705 0.2392 
5.3901 0.4201 2.0733 0.8705 0.2392 
5.3701 0.4201 2.0877 0.8996 0.3223 
5.3701 0.4001 2.0693 0.9787 0.3030 
5.3601 0.4174 2.0701 0.8877 0.3512 
5.3701 0.4001 2.0693 0.9787 0.3030 
5.3701 0.4201 2.0877 0.8996 0.3223 
5.3601 0.4174 2.0701 0.8877 0.3512 
5.3501 0.4201 2.0771 0.8878 0.3933 
5.3501 0.4101 2.0701 0.9300 0.3874 
5.3901 0.4001 2.0708 0.9751 0.2249 
5.4101 0.4001 2.0741 0.9742 0.1512 
5.4001 0.4101 2.0744 0.9228 0.1960 
5.3901 0.4201 2.0733 0.8705 0.2392 
5.3701 0.4001 2.0693 0.9787 0.3030 
5.3901 0.4001 2.0708 0.9751 0.2249 
5.3501 0.4101 2.0701 0.9300 0.3874 
5.3501 0.4101 2.0701 0.9300 0.3874 
5.3601 0.4174 2.0701 0.8877 0.3512 
5.4001 0.4101 2.0744 0.9228 0.1960 
5.3901 0.4201 2.0733 0.8705 0.2392 
5.3901 0.4001 2.0708 0.9751 0.2249 
5.3601 0.4174 2.0701 0.8877 0.3512 
5.3501 0.4101 2.0701 0.9300 0.3874 
5.3501 0.4001 2.0680 0.9826 0.3827 
5.3301 0.4201 2.0901 0.9139 0.4711 
5.3301 0.4201 2.0901 0.9139 0.4711 
5.3301 0.4201 2.0901 0.9139 0.4711 
5.3301 0.4201 2.0901 0.9139 0.4711 
5.3201 0.4201 2.0901 0.9165 0.5082 
5.3301 0.4201 2.0901 0.9139 0.4711 
5.3001 0.4201 2.0935 0.9269 0.5822 
5.3155 0.4301 2.0901 0.8673 0.5271 
5.3201 0.4401 2.0899 0.8169 0.5118 
5.3301 0.4201 2.0901 0.9139 0.4711 
5.3201 0.4101 2.0917 0.9707 0.5063 
5.3401 0.4101 2.0903 0.9632 0.4310 
5.3301 0.4201 2.0901 0.9139 0.4711 
5.3301 0.4201 2.0901 0.9139 0.4711 
5.3401 0.4101 2.0903 0.9632 0.4310 
5.3201 0.4201 2.0901 0.9165 0.5082 
5.3201 0.4101 2.0917 0.9707 0.5063 
5.3301 0.4201 2.0901 0.9139 0.4711 
5.3201 0.4201 2.0901 0.9165 0.5082 
5.3301 0.4201 2.0901 0.9139 0.4711 
5.3201 0.4201 2.0901 0.9165 0.5082 
5.3201 0.4201 2.0901 0.9165 0.5082 
5.3155 0.4301 2.0901 0.8673 0.5271 
5.3201 0.4101 2.0917 0.9707 0.5063 
5.3201 0.4201 2.0901 0.9165 0.5082 
5.3201 0.4101 2.0917 0.9707 0.5063 
5.3201 0.4201 2.0901 0.9165 0.5082 
5.3301 0.4501 2.0730 0.7347 0.4769 
5.3201 0.4401 2.0899 0.8169 0.5118 
5.3401 0.4401 2.0762 0.7871 0.4374 
5.3201 0.4401 2.0899 0.8169 0.5118 
5.3301 0.4301 2.0890 0.8617 0.4733 
5.3401 0.4401 2.0762 0.7871 0.4374 
5.3401 0.4401 2.0762 0.7871 0.4374 
5.3301 0.4301 2.0890 0.8617 0.4733 
5.3352 0.4301 2.0801 0.8454 0.4537 
5.3301 0.4301 2.0890 0.8617 0.4733 
5.3201 0.4401 2.0899 0.8169 0.5118 
5.3155 0.4301 2.0901 0.8673 0.5271 
5.3301 0.4201 2.0901 0.9139 0.4711 
5.3451 0.4101 2.0801 0.9469 0.4096 
5.3352 0.4301 2.0801 0.8454 0.4537 
5.3301 0.4201 2.0901 0.9139 0.4711 
5.3301 0.4201 2.0901 0.9139 0.4711 
5.3352 0.4301 2.0801 0.8454 0.4537 
5.3301 0.4201 2.0901 0.9139 0.4711 
5.3352 0.4301 2.0801 0.8454 0.4537 
5.3301 0.4301 2.0890 0.8617 0.4733 
5.3201 0.4201 2.0901 0.9165 0.5082 
5.3301 0.4301 2.0890 0.8617 0.4733 
5.3155 0.4301 2.0901 0.8673 0.5271 
5.3201 0.4201 2.0901 0.9165 0.5082 
5.3301 0.4301 2.0890 0.8617 0.4733 
5.3201 0.4201 2.0901 0.9165 0.5082 
5.3201 0.4201 2.0901 0.9165 0.5082 
5.3301 0.4201 2.0901 0.9139 0.4711 
5.3301 0.4301 2.0890 0.8617 0.4733 
5.3201 0.4201 2.0901 0.9165 0.5082 
5.3201 0.4201 2.0901 0.9165 0.5082 
5.3155 0.4301 2.0901 0.8673 0.5271 
5.3451 0.4101 2.0801 0.9469 0.4096 
5.3301 0.4201 2.0901 0.9139 0.4711 
5.3401 0.4101 2.0903 0.9632 0.4310 
5.3201 0.4201 2.0901 0.9165 0.5082 
5.3201 0.4201 2.0901 0.9165 0.5082 
5.3201 0.4201 2.0901 0.9165 0.5082 
5.3201 0.4201 2.0901 0.9165 0.5082 
5.3201 0.4201 2.0901 0.9165 0.5082 
5.3201 0.4201 2.0901 0.9165 0.5082 
5.3601 0.4401 2.0765 0.7827 0.3632 
5.3301 0.4501 2.0730 0.7347 0.4769 
5.3401 0.4401 2.0762 0.7871 0.4374 
5.3301 0.4501 2.0730 0.7347 0.4769 
5.3101 0.4501 2.0663 0.7260 0.5521 
5.3201 0.4401 2.0899 0.8169 0.5118 
5.3101 0.4501 2.0663 0.7260 0.5521 
5.3001 0.4501 2.0776 0.7513 0.5876 
5.3001 0.4401 2.0681 0.7820 0.5891 
5.3001 0.4401 2.0681 0.7820 0.5891 
5.3201 0.4401 2.0899 0.8169 0.5118 
5.3101 0.4501 2.0663 0.7260 0.5521 
5.3001 0.4401 2.0681 0.7820 0.5891 
5.3001 0.4201 2.0935 0.9269 0.5822 
5.3201 0.4401 2.0899 0.8169 0.5118 
5.3501 0.4201 2.0771 0.8878 0.3933 
5.3401 0.4401 2.0762 0.7871 0.4374 
5.3451 0.4101 2.0801 0.9469 0.4096 
5.3451 0.4101 2.0801 0.9469 0.4096 
5.3401 0.4401 2.0762 0.7871 0.4374 
5.3352 0.4301 2.0801 0.8454 0.4537 
5.3501 0.4101 2.0701 0.9300 0.3874 
5.3501 0.4201 2.0771 0.8878 0.3933 
5.3451 0.4101 2.0801 0.9469 0.4096 
5.3501 0.4101 2.0701 0.9300 0.3874 
5.3451 0.4101 2.0801 0.9469 0.4096 
5.3501 0.4101 2.0701 0.9300 0.3874 
5.3501 0.4001 2.0680 0.9826 0.3827 
5.3501 0.4101 2.0701 0.9300 0.3874 
5.3451 0.4101 2.0801 0.9469 0.4096 
5.3501 0.4101 2.0701 0.9300 0.3874 
5.3501 0.4101 2.0701 0.9300 0.3874 
5.3501 0.4101 2.0701 0.9300 0.3874 
5.3501 0.4001 2.0680 0.9826 0.3827 
5.3501 0.4101 2.0701 0.9300 0.3874 
5.3501 0.4101 2.0701 0.9300 0.3874 
5.2501 0.4701 2.0917 0.6982 0.7600 
5.2601 0.4701 2.0701 0.6513 0.7373 
5.2401 0.4901 2.0776 0.5833 0.8005 
5.2501 0.4701 2.0917 0.6982 0.7600 
5.2501 0.4601 2.0725 0.7056 0.7747 
5.2601 0.4701 2.0701 0.6513 0.7373 
5.2901 0.4601 2.0726 0.6960 0.6263 
5.2701 0.4601 2.0820 0.7198 0.6956 
5.2701 0.4501 2.0917 0.7848 0.6919 
5.2901 0.4601 2.0726 0.6960 0.6263 
5.2701 0.4501 2.0917 0.7848 0.6919 
5.2801 0.4401 2.0812 0.8117 0.6606 
5.2701 0.4601 2.0820 0.7198 0.6956 
5.2501 0.4601 2.0725 0.7056 0.7747 
5.2701 0.4501 2.0917 0.7848 0.6919 
5.2901 0.4901 2.0786 0.5743 0.6247 
5.2801 0.4801 2.0709 0.6031 0.6630 
5.2901 0.4701 2.0776 0.6602 0.6248 
5.2801 0.4901 2.0673 0.5506 0.6640 
5.2601 0.5001 2.0778 0.5369 0.7287 
5.2801 0.4801 2.0709 0.6031 0.6630 
5.2801 0.4801 2.0709 0.6031 0.6630 
5.2601 0.5001 2.0778 0.5369 0.7287 
5.2601 0.4701 2.0701 0.6513 0.7373 
5.2901 0.4701 2.0776 0.6602 0.6248 
5.2801 0.4801 2.0709 0.6031 0.6630 
5.2701 0.4601 2.0820 0.7198 0.6956 
5.2801 0.4801 2.0709 0.6031 0.6630 
5.2601 0.4701 2.0701 0.6513 0.7373 
5.2701 0.4601 2.0820 0.7198 0.6956 
5.2901 0.4601 2.0726 0.6960 0.6263 
5.2901 0.4701 2.0776 0.6602 0.6248 
5.2701 0.4601 2.0820 0.7198 0.6956 
5.2601 0.4701 2.0701 0.6513 0.7373 
5.2501 0.4601 2.0725 0.7056 0.7747 
5.2701 0.4601 2.0820 0.7198 0.6956 
5.3001 0.4501 2.0776 0.7513 0.5876 
5.2901 0.4601 2.0726 0.6960 0.6263 
5.2801 0.4401 2.0812 0.8117 0.6606 
5.2901 0.4901 2.0786 0.5743 0.6247 
5.3001 0.5001 2.0712 0.5127 0.5920 
5.2801 0.4901 2.0673 0.5506 0.6640 
5.3001 0.5001 2.0712 0.5127 0.5920 
5.2901 0.4901 2.0786 0.5743 0.6247 
5.2901 0.4701 2.0776 0.6602 0.6248 
5.2901 0.4901 2.0786 0.5743 0.6247 
5.2801 0.4901 2.0673 0.5506 0.6640 
5.2801 0.4801 2.0709 0.6031 0.6630 
5.2101 0.4901 2.0801 0.5956 0.9040 
5.2201 0.4901 2.0840 0.6019 0.8654 
5.2101 0.4901 2.0801 0.5956 0.9040 
5.2101 0.4901 2.0801 0.5956 0.9040 
5.2101 0.4901 2.0801 0.5956 0.9040 
5.2101 0.4901 2.0801 0.5956 0.9040 
5.2401 0.4901 2.0776 0.5833 0.8005 
5.2201 0.4901 2.0840 0.6019 0.8654 
5.2201 0.4849 2.0801 0.6157 0.8706 
5.2201 0.4901 2.0840 0.6019 0.8654 
5.2101 0.4901 2.0801 0.5956 0.9040 
5.2201 0.4849 2.0801 0.6157 0.8706 
5.2201 0.4849 2.0801 0.6157 0.8706 
5.2101 0.4901 2.0801 0.5956 0.9040 
5.2101 0.4901 2.0801 0.5956 0.9040 
5.2101 0.4901 2.0801 0.5956 0.9040 
5.2101 0.4901 2.0801 0.5956 0.9040 
5.2101 0.4901 2.0801 0.5956 0.9040 
5.2401 0.4901 2.0776 0.5833 0.8005 
5.2301 0.4801 2.0731 0.6195 0.8425 
5.2501 0.4701 2.0917 0.6982 0.7600 
5.2501 0.4701 2.0917 0.6982 0.7600 
5.2301 0.4801 2.0731 0.6195 0.8425 
5.2301 0.4701 2.0815 0.6824 0.8384 
5.2101 0.4701 2.0814 0.6870 0.9105 
5.2301 0.4701 2.0815 0.6824 0.8384 
5.2101 0.4801 2.0775 0.6338 0.9105 
5.2501 0.4601 2.0725 0.7056 0.7747 
5.2501 0.4701 2.0917 0.6982 0.7600 
5.2301 0.4601 2.0696 0.7045 0.8519 
5.2301 0.4701 2.0815 0.6824 0.8384 
5.2301 0.4601 2.0696 0.7045 0.8519 
5.2501 0.4701 2.0917 0.6982 0.7600 
5.2301 0.4701 2.0815 0.6824 0.8384 
5.2101 0.4701 2.0814 0.6870 0.9105 
5.2301 0.4601 2.0696 0.7045 0.8519 
5.2301 0.4601 2.0696 0.7045 0.8519 
5.2101 0.4701 2.0814 0.6870 0.9105 
5.2101 0.4601 2.0930 0.7551 0.9029 
5.2101 0.4701 2.0814 0.6870 0.9105 
5.1901 0.4801 2.0857 0.6555 0.9730 
5.2101 0.4601 2.0930 0.7551 0.9029 
5.2501 0.4601 2.0725 0.7056 0.7747 
5.2301 0.4601 2.0696 0.7045 0.8519 
5.2701 0.4501 2.0917 0.7848 0.6919 
5.2301 0.4601 2.0696 0.7045 0.8519 
5.2201 0.4501 2.0958 0.8042 0.8682 
5.2701 0.4501 2.0917 0.7848 0.6919 
5.2301 0.4601 2.0696 0.7045 0.8519 
5.2101 0.4601 2.0930 0.7551 0.9029 
5.2201 0.4501 2.0958 0.8042 0.8682 
5.2601 0.5001 2.0778 0.5369 0.7287 
5.2401 0.4901 2.0776 0.5833 0.8005 
5.2601 0.4701 2.0701 0.6513 0.7373 
5.2201 0.4901 2.0840 0.6019 0.8654 
5.2101 0.5001 2.0773 0.5466 0.9030 
5.2101 0.4901 2.0801 0.5956 0.9040 
5.2101 0.4901 2.0801 0.5956 0.9040 
5.2101 0.5001 2.0773 0.5466 0.9030 
5.2001 0.5101 2.0734 0.4981 0.9378 
5.2101 0.4901 2.0801 0.5956 0.9040 
5.2101 0.4901 2.0801 0.5956 0.9040 
5.2101 0.5001 2.0773 0.5466 0.9030 
5.2201 0.4849 2.0801 0.6157 0.8706 
5.2101 0.4801 2.0775 0.6338 0.9105 
5.2401 0.4901 2.0776 0.5833 0.8005 
5.2101 0.4801 2.0775 0.6338 0.9105 
5.2301 0.4801 2.0731 0.6195 0.8425 
5.2401 0.4901 2.0776 0.5833 0.8005 
5.2101 0.4901 2.0801 0.5956 0.9040 
5.2101 0.4801 2.0775 0.6338 0.9105 
5.2201 0.4849 2.0801 0.6157 0.8706 
5.2101 0.4901 2.0801 0.5956 0.9040 
5.2101 0.4901 2.0801 0.5956 0.9040 
5.2101 0.4801 2.0775 0.6338 0.9105 
5.2101 0.4901 2.0801 0.5956 0.9040 
5.2101 0.4701 2.0814 0.6870 0.9105 
5.2101 0.4801 2.0775 0.6338 0.9105 
5.2301 0.4701 2.0815 0.6824 0.8384 
5.2301 0.4801 2.0731 0.6195 0.8425 
5.2101 0.4801 2.0775 0.6338 0.9105 
5.2801 0.4201 2.0912 0.9287 0.6574 
5.2401 0.4201 2.0957 0.9461 0.8041 
5.2701 0.4101 2.0953 0.9893 0.6937 
5.2701 0.4101 2.0953 0.9893 0.6937 
5.2401 0.4201 2.0957 0.9461 0.8041 
5.2201 0.4201 2.0949 0.9502 0.8796 
5.2801 0.4401 2.0812 0.8117 0.6606 
5.2901 0.4301 2.0754 0.8491 0.6251 
5.3001 0.4501 2.0776 0.7513 0.5876 
5.2801 0.4301 2.0762 0.8531 0.6632 
5.2801 0.4201 2.0912 0.9287 0.6574 
5.3001 0.4201 2.0935 0.9269 0.5822 
5.2901 0.4301 2.0754 0.8491 0.6251 
5.2801 0.4301 2.0762 0.8531 0.6632 
5.3001 0.4201 2.0935 0.9269 0.5822 
5.3001 0.4401 2.0681 0.7820 0.5891 
5.3001 0.4501 2.0776 0.7513 0.5876 
5.2901 0.4301 2.0754 0.8491 0.6251 
5.3001 0.4401 2.0681 0.7820 0.5891 
5.2901 0.4301 2.0754 0.8491 0.6251 
5.3001 0.4201 2.0935 0.9269 0.5822 
5.2801 0.4401 2.0812 0.8117 0.6606 
5.2801 0.4301 2.0762 0.8531 0.6632 
5.2901 0.4301 2.0754 0.8491 0.6251 
5.2801 0.4301 2.0762 0.8531 0.6632 
5.2801 0.4401 2.0812 0.8117 0.6606 
5.2701 0.4501 2.0917 0.7848 0.6919 
5.2801 0.4301 2.0762 0.8531 0.6632 
5.2701 0.4501 2.0917 0.7848 0.6919 
5.2501 0.4301 2.0575 0.8273 0.7931 
5.2801 0.4301 2.0762 0.8531 0.6632 
5.2401 0.4201 2.0957 0.9461 0.8041 
5.2801 0.4201 2.0912 0.9287 0.6574 
5.2801 0.4301 2.0762 0.8531 0.6632 
5.2501 0.4301 2.0575 0.8273 0.7931 
5.2401 0.4201 2.0957 0.9461 0.8041 
5.2501 0.4301 2.0575 0.8273 0.7931 
5.2701 0.4501 2.0917 0.7848 0.6919 
5.2401 0.4401 2.0931 0.8424 0.8011 
5.2701 0.4501 2.0917 0.7848 0.6919 
5.2201 0.4501 2.0958 0.8042 0.8682 
5.2401 0.4401 2.0931 0.8424 0.8011 
5.2401 0.4401 2.0931 0.8424 0.8011 
5.2201 0.4501 2.0958 0.8042 0.8682 
5.2101 0.4401 2.0941 0.8517 0.9096 
5.2201 0.4501 2.0958 0.8042 0.8682 
5.2101 0.4601 2.0930 0.7551 0.9029 
5.2101 0.4401 2.0941 0.8517 0.9096 
5.2401 0.4401 2.0931 0.8424 0.8011 
5.2301 0.4301 2.0812 0.8749 0.8512 
5.2501 0.4301 2.0575 0.8273 0.7931 
5.2301 0.4301 2.0812 0.8749 0.8512 
5.2401 0.4401 2.0931 0.8424 0.8011 
5.2101 0.4401 2.0941 0.8517 0.9096 
5.2401 0.4201 2.0957 0.9461 0.8041 
5.2301 0.4301 2.0812 0.8749 0.8512 
5.2201 0.4201 2.0949 0.9502 0.8796 
5.2301 0.4301 2.0812 0.8749 0.8512 
5.2101 0.4301 2.0656 0.8535 0.9460 
5.2201 0.4201 2.0949 0.9502 0.8796 
5.2101 0.4301 2.0656 0.8535 0.9460 
5.1871 0.4201 2.1001 0.9663 0.9970 
5.2201 0.4201 2.0949 0.9502 0.8796 
5.2101 0.4301 2.0656 0.8535 0.9460 
5.2301 0.4301 2.0812 0.8749 0.8512 
5.2101 0.4401 2.0941 0.8517 0.9096 
5.2501 0.4301 2.0575 0.8273 0.7931 
5.2301 0.4301 2.0812 0.8749 0.8512 
5.2401 0.4201 2.0957 0.9461 0.8041 
5.2101 0.4901 2.0801 0.5956 0.9040 
5.1901 0.4901 2.0925 0.6264 0.9607 
5.1901 0.4801 2.0857 0.6555 0.9730 
5.2101 0.4901 2.0801 0.5956 0.9040 
5.1901 0.4801 2.0857 0.6555 0.9730 
5.2101 0.4701 2.0814 0.6870 0.9105 
5.1901 0.4901 2.0925 0.6264 0.9607 
5.2101 0.4901 2.0801 0.5956 0.9040 
5.1901 0.5001 2.0813 0.5601 0.9685 
5.2101 0.4901 2.0801 0.5956 0.9040 
5.2001 0.5101 2.0734 0.4981 0.9378 
5.1901 0.5001 2.0813 0.5601 0.9685 
