NUMPOLLIES 175.000000 

4.1901 -0.1199 2.1437 0.9580 0.9071 
4.2101 -0.1199 2.1469 0.9556 0.9889 
4.2101 -0.1099 2.1521 0.9976 0.9754 
4.2101 -0.1199 2.1469 0.9556 0.9889 
4.1901 -0.1199 2.1437 0.9580 0.9071 
4.2001 -0.1299 2.1406 0.9114 0.9607 
4.1201 -0.1199 2.1534 0.9132 0.5986 
4.0801 -0.1099 2.1559 0.9508 0.4286 
4.0901 -0.1199 2.1483 0.9168 0.4713 
4.1501 -0.1199 2.1497 0.9311 0.7281 
4.1301 -0.1099 2.1493 0.9822 0.6397 
4.1201 -0.1199 2.1534 0.9132 0.5986 
4.1301 -0.1499 2.1482 0.7565 0.6527 
4.1501 -0.1199 2.1497 0.9311 0.7281 
4.1201 -0.1199 2.1534 0.9132 0.5986 
4.1201 -0.1199 2.1534 0.9132 0.5986 
4.0901 -0.1199 2.1483 0.9168 0.4713 
4.1301 -0.1499 2.1482 0.7565 0.6527 
4.1501 -0.1499 2.1520 0.7553 0.7371 
4.1601 -0.1699 2.1543 0.6383 0.7860 
4.1801 -0.1599 2.1450 0.7189 0.8801 
4.1701 -0.1699 2.1485 0.6502 0.8359 
4.1661 -0.1899 2.1501 0.5267 0.8250 
4.1901 -0.1899 2.1474 0.5374 0.9359 
4.1001 -0.1499 2.1516 0.7411 0.5211 
4.1101 -0.1699 2.1550 0.6221 0.5689 
4.1101 -0.1399 2.1474 0.8103 0.5626 
4.1001 -0.1699 2.1527 0.6223 0.5258 
4.1101 -0.1699 2.1550 0.6221 0.5689 
4.1001 -0.1499 2.1516 0.7411 0.5211 
4.1301 -0.1499 2.1482 0.7565 0.6527 
4.1261 -0.1799 2.1501 0.5745 0.6436 
4.1501 -0.1699 2.1508 0.6405 0.7455 
4.1101 -0.1699 2.1550 0.6221 0.5689 
4.1261 -0.1799 2.1501 0.5745 0.6436 
4.1301 -0.1499 2.1482 0.7565 0.6527 
4.1261 -0.1799 2.1501 0.5745 0.6436 
4.1101 -0.1699 2.1550 0.6221 0.5689 
4.1201 -0.1899 2.1501 0.5122 0.6201 
4.1201 -0.1899 2.1501 0.5122 0.6201 
4.1101 -0.1699 2.1550 0.6221 0.5689 
4.1101 -0.1899 2.1533 0.5056 0.5747 
4.1201 -0.1899 2.1501 0.5122 0.6201 
4.1101 -0.1899 2.1533 0.5056 0.5747 
4.1201 -0.1899 2.1501 0.5122 0.6201 
4.1101 -0.1699 2.1550 0.6221 0.5689 
4.1001 -0.1699 2.1527 0.6223 0.5258 
4.1101 -0.1899 2.1533 0.5056 0.5747 
4.1101 -0.1899 2.1533 0.5056 0.5747 
4.1001 -0.2099 2.1467 0.3855 0.5364 
4.1201 -0.1999 2.1508 0.4506 0.6229 
4.1201 -0.1899 2.1501 0.5122 0.6201 
4.1101 -0.1899 2.1533 0.5056 0.5747 
4.1201 -0.1999 2.1508 0.4506 0.6229 
4.1201 -0.1899 2.1501 0.5122 0.6201 
4.1201 -0.1999 2.1508 0.4506 0.6229 
4.1201 -0.1899 2.1501 0.5122 0.6201 
4.0801 -0.2004 2.1501 0.4352 0.4438 
4.1001 -0.2099 2.1467 0.3855 0.5364 
4.1101 -0.1899 2.1533 0.5056 0.5747 
4.0801 -0.2004 2.1501 0.4352 0.4438 
4.1101 -0.1899 2.1533 0.5056 0.5747 
4.1001 -0.1699 2.1527 0.6223 0.5258 
4.1901 -0.1199 2.1437 0.9580 0.9071 
4.1801 -0.1299 2.1459 0.8924 0.8653 
4.2001 -0.1299 2.1406 0.9114 0.9607 
4.2001 -0.1499 2.1489 0.7763 0.9576 
4.1801 -0.1299 2.1459 0.8924 0.8653 
4.1801 -0.1599 2.1450 0.7189 0.8801 
4.2001 -0.1299 2.1406 0.9114 0.9607 
4.1801 -0.1299 2.1459 0.8924 0.8653 
4.2001 -0.1499 2.1489 0.7763 0.9576 
4.1801 -0.1299 2.1459 0.8924 0.8653 
4.1701 -0.1399 2.1442 0.8355 0.8280 
4.1801 -0.1599 2.1450 0.7189 0.8801 
4.1501 -0.1499 2.1520 0.7553 0.7371 
4.1801 -0.1599 2.1450 0.7189 0.8801 
4.1701 -0.1399 2.1442 0.8355 0.8280 
4.1701 -0.1399 2.1442 0.8355 0.8280 
4.1301 -0.1499 2.1482 0.7565 0.6527 
4.1501 -0.1499 2.1520 0.7553 0.7371 
4.1501 -0.1199 2.1497 0.9311 0.7281 
4.1301 -0.1499 2.1482 0.7565 0.6527 
4.1701 -0.1399 2.1442 0.8355 0.8280 
4.0901 -0.1199 2.1483 0.9168 0.4713 
4.1101 -0.1399 2.1474 0.8103 0.5626 
4.1301 -0.1499 2.1482 0.7565 0.6527 
4.2001 -0.1599 2.1468 0.7217 0.9661 
4.2001 -0.1499 2.1489 0.7763 0.9576 
4.1801 -0.1599 2.1450 0.7189 0.8801 
4.1501 -0.1499 2.1520 0.7553 0.7371 
4.1501 -0.1699 2.1508 0.6405 0.7455 
4.1601 -0.1699 2.1543 0.6383 0.7860 
4.1801 -0.1599 2.1450 0.7189 0.8801 
4.1701 -0.1699 2.1485 0.6502 0.8359 
4.2001 -0.1599 2.1468 0.7217 0.9661 
4.1601 -0.1699 2.1543 0.6383 0.7860 
4.1701 -0.1699 2.1485 0.6502 0.8359 
4.1801 -0.1599 2.1450 0.7189 0.8801 
4.2001 -0.1799 2.1490 0.5991 0.9729 
4.2001 -0.1599 2.1468 0.7217 0.9661 
4.1901 -0.1899 2.1474 0.5374 0.9359 
4.1701 -0.1699 2.1485 0.6502 0.8359 
4.1901 -0.1899 2.1474 0.5374 0.9359 
4.2001 -0.1599 2.1468 0.7217 0.9661 
4.1601 -0.1699 2.1543 0.6383 0.7860 
4.1601 -0.1799 2.1397 0.5996 0.8053 
4.1701 -0.1699 2.1485 0.6502 0.8359 
4.1501 -0.1699 2.1508 0.6405 0.7455 
4.1601 -0.1799 2.1397 0.5996 0.8053 
4.1601 -0.1699 2.1543 0.6383 0.7860 
4.1501 -0.1799 2.1442 0.5900 0.7551 
4.1601 -0.1799 2.1397 0.5996 0.8053 
4.1501 -0.1699 2.1508 0.6405 0.7455 
4.1601 -0.1799 2.1397 0.5996 0.8053 
4.1661 -0.1899 2.1501 0.5267 0.8250 
4.1701 -0.1699 2.1485 0.6502 0.8359 
4.1601 -0.1799 2.1397 0.5996 0.8053 
4.1501 -0.1799 2.1442 0.5900 0.7551 
4.1661 -0.1899 2.1501 0.5267 0.8250 
4.1501 -0.1499 2.1520 0.7553 0.7371 
4.1301 -0.1499 2.1482 0.7565 0.6527 
4.1501 -0.1699 2.1508 0.6405 0.7455 
4.1301 -0.1499 2.1482 0.7565 0.6527 
4.1101 -0.1399 2.1474 0.8103 0.5626 
4.1101 -0.1699 2.1550 0.6221 0.5689 
4.1261 -0.1799 2.1501 0.5745 0.6436 
4.1501 -0.1799 2.1442 0.5900 0.7551 
4.1501 -0.1699 2.1508 0.6405 0.7455 
4.1501 -0.2099 2.1486 0.4003 0.7630 
4.1261 -0.1799 2.1501 0.5745 0.6436 
4.1301 -0.1999 2.1486 0.4558 0.6689 
4.1501 -0.1799 2.1442 0.5900 0.7551 
4.1261 -0.1799 2.1501 0.5745 0.6436 
4.1501 -0.2099 2.1486 0.4003 0.7630 
4.1261 -0.1799 2.1501 0.5745 0.6436 
4.1201 -0.1899 2.1501 0.5122 0.6201 
4.1301 -0.1999 2.1486 0.4558 0.6689 
4.1261 -0.1799 2.1501 0.5745 0.6436 
4.1201 -0.1899 2.1501 0.5122 0.6201 
4.1201 -0.1899 2.1501 0.5122 0.6201 
4.1201 -0.1899 2.1501 0.5122 0.6201 
4.1201 -0.1899 2.1501 0.5122 0.6201 
4.1201 -0.1899 2.1501 0.5122 0.6201 
4.1201 -0.1899 2.1501 0.5122 0.6201 
4.1301 -0.1999 2.1486 0.4558 0.6689 
4.1201 -0.1899 2.1501 0.5122 0.6201 
4.1201 -0.1899 2.1501 0.5122 0.6201 
4.1201 -0.1999 2.1508 0.4506 0.6229 
4.1301 -0.1999 2.1486 0.4558 0.6689 
4.1201 -0.1899 2.1501 0.5122 0.6201 
4.1201 -0.1899 2.1501 0.5122 0.6201 
4.1201 -0.1899 2.1501 0.5122 0.6201 
4.1661 -0.1899 2.1501 0.5267 0.8250 
4.1801 -0.2099 2.1434 0.4139 0.9065 
4.1901 -0.1899 2.1474 0.5374 0.9359 
4.1701 -0.2099 2.1530 0.4036 0.8482 
4.1801 -0.2099 2.1434 0.4139 0.9065 
4.1661 -0.1899 2.1501 0.5267 0.8250 
4.1501 -0.2099 2.1486 0.4003 0.7630 
4.1701 -0.2099 2.1530 0.4036 0.8482 
4.1661 -0.1899 2.1501 0.5267 0.8250 
4.1661 -0.1899 2.1501 0.5267 0.8250 
4.1501 -0.1799 2.1442 0.5900 0.7551 
4.1501 -0.2099 2.1486 0.4003 0.7630 
4.1801 -0.2099 2.1434 0.4139 0.9065 
4.1601 -0.2199 2.1409 0.3453 0.8216 
4.1801 -0.2299 2.1472 0.2858 0.9110 
4.1701 -0.2099 2.1530 0.4036 0.8482 
4.1601 -0.2199 2.1409 0.3453 0.8216 
4.1801 -0.2099 2.1434 0.4139 0.9065 
4.1701 -0.2099 2.1530 0.4036 0.8482 
4.1501 -0.2099 2.1486 0.4003 0.7630 
4.1601 -0.2199 2.1409 0.3453 0.8216 
4.1801 -0.2299 2.1472 0.2858 0.9110 
4.1501 -0.2099 2.1486 0.4003 0.7630 
4.1401 -0.2299 2.1469 0.2729 0.7266 
4.1601 -0.2199 2.1409 0.3453 0.8216 
4.1501 -0.2099 2.1486 0.4003 0.7630 
4.1801 -0.2299 2.1472 0.2858 0.9110 
4.1701 -0.2499 2.1486 0.1594 0.8725 
4.1801 -0.2299 2.1472 0.2858 0.9110 
4.1401 -0.2299 2.1469 0.2729 0.7266 
4.1701 -0.2499 2.1486 0.1594 0.8725 
4.1401 -0.2299 2.1469 0.2729 0.7266 
4.1401 -0.2499 2.1471 0.1500 0.7342 
4.1501 -0.2099 2.1486 0.4003 0.7630 
4.1301 -0.1999 2.1486 0.4558 0.6689 
4.1301 -0.2199 2.1474 0.3322 0.6765 
4.1001 -0.2099 2.1467 0.3855 0.5364 
4.1301 -0.1999 2.1486 0.4558 0.6689 
4.1201 -0.1999 2.1508 0.4506 0.6229 
4.1301 -0.2199 2.1474 0.3322 0.6765 
4.1401 -0.2199 2.1384 0.3399 0.7298 
4.1501 -0.2099 2.1486 0.4003 0.7630 
4.1301 -0.2199 2.1474 0.3322 0.6765 
4.1301 -0.1999 2.1486 0.4558 0.6689 
4.1101 -0.2199 2.1493 0.3249 0.5842 
4.1301 -0.1999 2.1486 0.4558 0.6689 
4.1001 -0.2099 2.1467 0.3855 0.5364 
4.1101 -0.2199 2.1493 0.3249 0.5842 
4.1401 -0.2299 2.1469 0.2729 0.7266 
4.1501 -0.2099 2.1486 0.4003 0.7630 
4.1401 -0.2199 2.1384 0.3399 0.7298 
4.1301 -0.2199 2.1474 0.3322 0.6765 
4.1301 -0.2399 2.1403 0.2072 0.6885 
4.1401 -0.2299 2.1469 0.2729 0.7266 
4.1401 -0.2199 2.1384 0.3399 0.7298 
4.1301 -0.2199 2.1474 0.3322 0.6765 
4.1401 -0.2299 2.1469 0.2729 0.7266 
4.1301 -0.2199 2.1474 0.3322 0.6765 
4.1101 -0.2199 2.1493 0.3249 0.5842 
4.1301 -0.2399 2.1403 0.2072 0.6885 
4.1301 -0.2399 2.1403 0.2072 0.6885 
4.1101 -0.2199 2.1493 0.3249 0.5842 
4.1101 -0.2399 2.1413 0.2007 0.5927 
4.1101 -0.2199 2.1493 0.3249 0.5842 
4.1001 -0.2499 2.1493 0.1386 0.5466 
4.1101 -0.2399 2.1413 0.2007 0.5927 
4.1401 -0.2299 2.1469 0.2729 0.7266 
4.1301 -0.2399 2.1403 0.2072 0.6885 
4.1401 -0.2499 2.1471 0.1500 0.7342 
4.1101 -0.2399 2.1413 0.2007 0.5927 
4.1001 -0.2499 2.1493 0.1386 0.5466 
4.1301 -0.2399 2.1403 0.2072 0.6885 
4.1901 -0.2599 2.1404 0.1072 0.9855 
4.1701 -0.2499 2.1486 0.1594 0.8725 
4.1801 -0.2599 2.1448 0.1061 0.9301 
4.1801 -0.2599 2.1448 0.1061 0.9301 
4.1701 -0.2499 2.1486 0.1594 0.8725 
4.1601 -0.2599 2.1355 0.0980 0.8474 
4.1701 -0.2499 2.1486 0.1594 0.8725 
4.1401 -0.2499 2.1471 0.1500 0.7342 
4.1601 -0.2599 2.1355 0.0980 0.8474 
4.1401 -0.2499 2.1471 0.1500 0.7342 
4.1301 -0.2399 2.1403 0.2072 0.6885 
4.1201 -0.2599 2.1490 0.0932 0.6429 
4.1401 -0.2499 2.1471 0.1500 0.7342 
4.1201 -0.2599 2.1490 0.0932 0.6429 
4.1401 -0.2599 2.1300 0.0915 0.7543 
4.1301 -0.2399 2.1403 0.2072 0.6885 
4.1001 -0.2499 2.1493 0.1386 0.5466 
4.1201 -0.2599 2.1490 0.0932 0.6429 
4.1401 -0.2599 2.1300 0.0915 0.7543 
4.1601 -0.2599 2.1355 0.0980 0.8474 
4.1401 -0.2499 2.1471 0.1500 0.7342 
4.0901 -0.1199 2.1483 0.9168 0.4713 
4.0801 -0.1099 2.1559 0.9508 0.4286 
4.0701 -0.1199 2.1530 0.8999 0.3873 
4.0701 -0.1199 2.1530 0.8999 0.3873 
4.0801 -0.1099 2.1559 0.9508 0.4286 
4.0501 -0.1099 2.1559 0.9425 0.3040 
4.0701 -0.1199 2.1530 0.8999 0.3873 
4.0501 -0.1099 2.1559 0.9425 0.3040 
4.0501 -0.1199 2.1472 0.9079 0.2992 
4.0701 -0.1399 2.1504 0.7923 0.3894 
4.0701 -0.1199 2.1530 0.8999 0.3873 
4.0601 -0.1299 2.1550 0.8364 0.3475 
4.0501 -0.1199 2.1472 0.9079 0.2992 
4.0601 -0.1299 2.1550 0.8364 0.3475 
4.0701 -0.1199 2.1530 0.8999 0.3873 
4.0901 -0.1199 2.1483 0.9168 0.4713 
4.0701 -0.1199 2.1530 0.8999 0.3873 
4.1101 -0.1399 2.1474 0.8103 0.5626 
4.0701 -0.1199 2.1530 0.8999 0.3873 
4.0701 -0.1399 2.1504 0.7923 0.3894 
4.1101 -0.1399 2.1474 0.8103 0.5626 
4.0701 -0.1399 2.1504 0.7923 0.3894 
4.0601 -0.1299 2.1550 0.8364 0.3475 
4.0401 -0.1399 2.1510 0.7820 0.2611 
4.0801 -0.1499 2.1594 0.7212 0.4364 
4.1001 -0.1499 2.1516 0.7411 0.5211 
4.0701 -0.1399 2.1504 0.7923 0.3894 
4.0701 -0.1399 2.1504 0.7923 0.3894 
4.1001 -0.1499 2.1516 0.7411 0.5211 
4.1101 -0.1399 2.1474 0.8103 0.5626 
4.0301 -0.0999 2.1535 0.9976 0.2190 
4.0001 -0.0999 2.1535 0.9890 0.1010 
4.0401 -0.1099 2.1599 0.9300 0.2659 
4.0501 -0.1099 2.1559 0.9425 0.3040 
4.0401 -0.1099 2.1599 0.9300 0.2659 
4.0501 -0.1199 2.1472 0.9079 0.2992 
4.0501 -0.1199 2.1472 0.9079 0.2992 
4.0401 -0.1099 2.1599 0.9300 0.2659 
4.0201 -0.1199 2.1484 0.8962 0.1734 
4.0201 -0.1199 2.1484 0.8962 0.1734 
4.0001 -0.0999 2.1535 0.9890 0.1010 
4.0101 -0.1299 2.1561 0.8195 0.1418 
4.0401 -0.1099 2.1599 0.9300 0.2659 
4.0001 -0.0999 2.1535 0.9890 0.1010 
4.0201 -0.1199 2.1484 0.8962 0.1734 
4.0301 -0.1299 2.1607 0.8159 0.2271 
4.0601 -0.1299 2.1550 0.8364 0.3475 
4.0501 -0.1199 2.1472 0.9079 0.2992 
4.0501 -0.1199 2.1472 0.9079 0.2992 
4.0201 -0.1199 2.1484 0.8962 0.1734 
4.0301 -0.1299 2.1607 0.8159 0.2271 
4.0201 -0.1199 2.1484 0.8962 0.1734 
4.0101 -0.1299 2.1561 0.8195 0.1418 
4.0301 -0.1299 2.1607 0.8159 0.2271 
4.0601 -0.1299 2.1550 0.8364 0.3475 
4.0301 -0.1299 2.1607 0.8159 0.2271 
4.0401 -0.1399 2.1510 0.7820 0.2611 
4.0401 -0.1399 2.1510 0.7820 0.2611 
4.0301 -0.1299 2.1607 0.8159 0.2271 
4.0101 -0.1299 2.1561 0.8195 0.1418 
4.0401 -0.1399 2.1510 0.7820 0.2611 
4.0101 -0.1299 2.1561 0.8195 0.1418 
4.0001 -0.1399 2.1497 0.7726 0.0956 
4.0001 -0.1399 2.1497 0.7726 0.0956 
4.0301 -0.1499 2.1590 0.7071 0.2267 
4.0401 -0.1399 2.1510 0.7820 0.2611 
4.0001 -0.1499 2.1570 0.7016 0.1041 
4.0301 -0.1499 2.1590 0.7071 0.2267 
4.0001 -0.1399 2.1497 0.7726 0.0956 
4.1001 -0.1699 2.1527 0.6223 0.5258 
4.0801 -0.1499 2.1594 0.7212 0.4364 
4.0701 -0.1599 2.1541 0.6698 0.3939 
4.1001 -0.1499 2.1516 0.7411 0.5211 
4.0801 -0.1499 2.1594 0.7212 0.4364 
4.1001 -0.1699 2.1527 0.6223 0.5258 
4.0801 -0.1499 2.1594 0.7212 0.4364 
4.0701 -0.1399 2.1504 0.7923 0.3894 
4.0701 -0.1599 2.1541 0.6698 0.3939 
4.0701 -0.1399 2.1504 0.7923 0.3894 
4.0601 -0.1499 2.1577 0.7181 0.3515 
4.0701 -0.1599 2.1541 0.6698 0.3939 
4.0701 -0.1599 2.1541 0.6698 0.3939 
4.0401 -0.1399 2.1510 0.7820 0.2611 
4.0601 -0.1699 2.1555 0.6062 0.3530 
4.0601 -0.1499 2.1577 0.7181 0.3515 
4.0401 -0.1399 2.1510 0.7820 0.2611 
4.0701 -0.1599 2.1541 0.6698 0.3939 
4.0901 -0.1699 2.1593 0.6100 0.4826 
4.1001 -0.1699 2.1527 0.6223 0.5258 
4.0701 -0.1599 2.1541 0.6698 0.3939 
4.0901 -0.1699 2.1593 0.6100 0.4826 
4.0701 -0.1599 2.1541 0.6698 0.3939 
4.0682 -0.1699 2.1501 0.6163 0.3858 
4.0701 -0.1599 2.1541 0.6698 0.3939 
4.0601 -0.1699 2.1555 0.6062 0.3530 
4.0682 -0.1699 2.1501 0.6163 0.3858 
4.0601 -0.1699 2.1555 0.6062 0.3530 
4.0601 -0.1899 2.1495 0.4939 0.3525 
4.0682 -0.1699 2.1501 0.6163 0.3858 
4.0601 -0.1899 2.1495 0.4939 0.3525 
4.0601 -0.1699 2.1555 0.6062 0.3530 
4.0401 -0.1799 2.1530 0.5441 0.2659 
4.1001 -0.1699 2.1527 0.6223 0.5258 
4.0901 -0.1699 2.1593 0.6100 0.4826 
4.0801 -0.2004 2.1501 0.4352 0.4438 
4.0801 -0.2004 2.1501 0.4352 0.4438 
4.0901 -0.1699 2.1593 0.6100 0.4826 
4.0801 -0.1799 2.1561 0.5527 0.4412 
4.0801 -0.1799 2.1561 0.5527 0.4412 
4.0682 -0.1699 2.1501 0.6163 0.3858 
4.0601 -0.1899 2.1495 0.4939 0.3525 
4.0801 -0.2004 2.1501 0.4352 0.4438 
4.0801 -0.1799 2.1561 0.5527 0.4412 
4.0601 -0.1899 2.1495 0.4939 0.3525 
4.0601 -0.1899 2.1495 0.4939 0.3525 
4.0401 -0.1799 2.1530 0.5441 0.2659 
4.0401 -0.1999 2.1566 0.4207 0.2704 
4.0601 -0.1699 2.1555 0.6062 0.3530 
4.0401 -0.1399 2.1510 0.7820 0.2611 
4.0301 -0.1499 2.1590 0.7071 0.2267 
4.0301 -0.1499 2.1590 0.7071 0.2267 
4.0001 -0.1499 2.1570 0.7016 0.1041 
4.0201 -0.1699 2.1506 0.6007 0.1771 
4.0201 -0.1699 2.1506 0.6007 0.1771 
4.0001 -0.1499 2.1570 0.7016 0.1041 
3.9987 -0.1699 2.1501 0.5948 0.0902 
4.0401 -0.1799 2.1530 0.5441 0.2659 
4.0601 -0.1699 2.1555 0.6062 0.3530 
4.0301 -0.1499 2.1590 0.7071 0.2267 
4.0301 -0.1499 2.1590 0.7071 0.2267 
4.0201 -0.1699 2.1506 0.6007 0.1771 
4.0401 -0.1799 2.1530 0.5441 0.2659 
3.9987 -0.1699 2.1501 0.5948 0.0902 
4.0001 -0.1799 2.1625 0.5211 0.1102 
4.0201 -0.1699 2.1506 0.6007 0.1771 
4.0201 -0.1899 2.1532 0.4776 0.1805 
4.0401 -0.1799 2.1530 0.5441 0.2659 
4.0201 -0.1699 2.1506 0.6007 0.1771 
4.0201 -0.1699 2.1506 0.6007 0.1771 
4.0001 -0.1799 2.1625 0.5211 0.1102 
4.0201 -0.1899 2.1532 0.4776 0.1805 
4.0001 -0.1799 2.1625 0.5211 0.1102 
4.0001 -0.1899 2.1534 0.4711 0.0990 
4.0201 -0.1899 2.1532 0.4776 0.1805 
4.0401 -0.1999 2.1566 0.4207 0.2704 
4.0401 -0.1799 2.1530 0.5441 0.2659 
4.0201 -0.1899 2.1532 0.4776 0.1805 
4.0201 -0.1899 2.1532 0.4776 0.1805 
4.0001 -0.1899 2.1534 0.4711 0.0990 
4.0201 -0.1999 2.1588 0.4129 0.1868 
4.0601 -0.1499 2.1577 0.7181 0.3515 
4.0701 -0.1399 2.1504 0.7923 0.3894 
4.0401 -0.1399 2.1510 0.7820 0.2611 
4.0901 -0.1699 2.1593 0.6100 0.4826 
4.0682 -0.1699 2.1501 0.6163 0.3858 
4.0801 -0.1799 2.1561 0.5527 0.4412 
4.0001 -0.0999 2.1535 0.9890 0.1010 
3.9801 -0.1099 2.1547 0.9254 0.0528 
4.0101 -0.1299 2.1561 0.8195 0.1418 
4.0001 -0.1399 2.1497 0.7726 0.0956 
4.0101 -0.1299 2.1561 0.8195 0.1418 
3.9801 -0.1399 2.1562 0.7542 0.0528 
4.0001 -0.1399 2.1497 0.7726 0.0956 
3.9801 -0.1399 2.1562 0.7542 0.0528 
4.0001 -0.1499 2.1570 0.7016 0.1041 
4.0001 -0.1499 2.1570 0.7016 0.1041 
3.9901 -0.1599 2.1514 0.6496 0.0648 
3.9987 -0.1699 2.1501 0.5948 0.0902 
4.0201 -0.1999 2.1588 0.4129 0.1868 
4.0001 -0.1899 2.1534 0.4711 0.0990 
3.9901 -0.2099 2.1586 0.3437 0.0703 
4.1001 -0.2099 2.1467 0.3855 0.5364 
4.0801 -0.2004 2.1501 0.4352 0.4438 
4.0901 -0.2099 2.1552 0.3769 0.4910 
4.0601 -0.1899 2.1495 0.4939 0.3525 
4.0501 -0.2099 2.1558 0.3640 0.3145 
4.0901 -0.2099 2.1552 0.3769 0.4910 
4.0601 -0.1899 2.1495 0.4939 0.3525 
4.0901 -0.2099 2.1552 0.3769 0.4910 
4.0801 -0.2004 2.1501 0.4352 0.4438 
4.0401 -0.1999 2.1566 0.4207 0.2704 
4.0501 -0.2099 2.1558 0.3640 0.3145 
4.0601 -0.1899 2.1495 0.4939 0.3525 
4.1001 -0.2099 2.1467 0.3855 0.5364 
4.0901 -0.2099 2.1552 0.3769 0.4910 
4.0901 -0.2199 2.1478 0.3190 0.4930 
4.0501 -0.2099 2.1558 0.3640 0.3145 
4.0401 -0.1999 2.1566 0.4207 0.2704 
4.0401 -0.2099 2.1637 0.3566 0.2769 
4.0401 -0.2099 2.1637 0.3566 0.2769 
4.0401 -0.1999 2.1566 0.4207 0.2704 
4.0201 -0.1899 2.1532 0.4776 0.1805 
4.0401 -0.2099 2.1637 0.3566 0.2769 
4.0201 -0.1999 2.1588 0.4129 0.1868 
4.0201 -0.2099 2.1510 0.3571 0.1785 
4.0201 -0.1899 2.1532 0.4776 0.1805 
4.0201 -0.1999 2.1588 0.4129 0.1868 
4.0401 -0.2099 2.1637 0.3566 0.2769 
4.0201 -0.2099 2.1510 0.3571 0.1785 
4.0201 -0.1999 2.1588 0.4129 0.1868 
3.9901 -0.2099 2.1586 0.3437 0.0703 
4.0401 -0.2099 2.1637 0.3566 0.2769 
4.0301 -0.2199 2.1417 0.3017 0.2134 
4.0501 -0.2099 2.1558 0.3640 0.3145 
4.0401 -0.2099 2.1637 0.3566 0.2769 
4.0201 -0.2099 2.1510 0.3571 0.1785 
4.0301 -0.2199 2.1417 0.3017 0.2134 
4.0301 -0.2299 2.1488 0.2369 0.2212 
4.0301 -0.2599 2.1548 0.0791 0.2290 
4.0501 -0.2599 2.1481 0.0802 0.3150 
4.0301 -0.2599 2.1548 0.0791 0.2290 
4.0301 -0.2299 2.1488 0.2369 0.2212 
4.0101 -0.2499 2.1534 0.1146 0.1387 
4.0301 -0.2299 2.1488 0.2369 0.2212 
4.0001 -0.2299 2.1482 0.2273 0.0914 
4.0101 -0.2499 2.1534 0.1146 0.1387 
4.0101 -0.2599 2.1491 0.0758 0.1333 
4.0301 -0.2599 2.1548 0.0791 0.2290 
4.0101 -0.2499 2.1534 0.1146 0.1387 
4.1001 -0.2099 2.1467 0.3855 0.5364 
4.0901 -0.2199 2.1478 0.3190 0.4930 
4.1101 -0.2199 2.1493 0.3249 0.5842 
4.0901 -0.2099 2.1552 0.3769 0.4910 
4.0701 -0.2199 2.1440 0.3140 0.4001 
4.0901 -0.2199 2.1478 0.3190 0.4930 
4.0501 -0.2099 2.1558 0.3640 0.3145 
4.0701 -0.2199 2.1440 0.3140 0.4001 
4.0901 -0.2099 2.1552 0.3769 0.4910 
4.1001 -0.2499 2.1493 0.1386 0.5466 
4.0901 -0.2199 2.1478 0.3190 0.4930 
4.0701 -0.2199 2.1440 0.3140 0.4001 
4.1101 -0.2199 2.1493 0.3249 0.5842 
4.0901 -0.2199 2.1478 0.3190 0.4930 
4.1001 -0.2499 2.1493 0.1386 0.5466 
4.0701 -0.2199 2.1440 0.3140 0.4001 
4.0501 -0.2099 2.1558 0.3640 0.3145 
4.0501 -0.2299 2.1465 0.2437 0.3105 
4.1001 -0.2499 2.1493 0.1386 0.5466 
4.0701 -0.2199 2.1440 0.3140 0.4001 
4.0901 -0.2499 2.1475 0.1352 0.5001 
4.0901 -0.2499 2.1475 0.1352 0.5001 
4.0701 -0.2199 2.1440 0.3140 0.4001 
4.0701 -0.2399 2.1483 0.1882 0.4052 
4.0501 -0.2299 2.1465 0.2437 0.3105 
4.0701 -0.2399 2.1483 0.1882 0.4052 
4.0701 -0.2199 2.1440 0.3140 0.4001 
4.0701 -0.2399 2.1483 0.1882 0.4052 
4.0501 -0.2599 2.1481 0.0802 0.3150 
4.0901 -0.2499 2.1475 0.1352 0.5001 
4.0201 -0.2199 2.1374 0.2999 0.1627 
4.0301 -0.2199 2.1417 0.3017 0.2134 
4.0201 -0.2099 2.1510 0.3571 0.1785 
3.9901 -0.2099 2.1586 0.3437 0.0703 
4.0201 -0.2199 2.1374 0.2999 0.1627 
4.0201 -0.2099 2.1510 0.3571 0.1785 
3.9901 -0.2199 2.1481 0.2864 0.0600 
4.0201 -0.2199 2.1374 0.2999 0.1627 
3.9901 -0.2099 2.1586 0.3437 0.0703 
4.0501 -0.2099 2.1558 0.3640 0.3145 
4.0301 -0.2199 2.1417 0.3017 0.2134 
4.0501 -0.2299 2.1465 0.2437 0.3105 
4.0501 -0.2299 2.1465 0.2437 0.3105 
4.0301 -0.2199 2.1417 0.3017 0.2134 
4.0301 -0.2299 2.1488 0.2369 0.2212 
4.0201 -0.2199 2.1374 0.2999 0.1627 
4.0301 -0.2299 2.1488 0.2369 0.2212 
4.0301 -0.2199 2.1417 0.3017 0.2134 
4.0001 -0.2299 2.1482 0.2273 0.0914 
4.0301 -0.2299 2.1488 0.2369 0.2212 
4.0201 -0.2199 2.1374 0.2999 0.1627 
3.9901 -0.2199 2.1481 0.2864 0.0600 
4.0001 -0.2299 2.1482 0.2273 0.0914 
4.0201 -0.2199 2.1374 0.2999 0.1627 
4.0701 -0.2399 2.1483 0.1882 0.4052 
4.0501 -0.2299 2.1465 0.2437 0.3105 
4.0501 -0.2599 2.1481 0.0802 0.3150 
4.0301 -0.2299 2.1488 0.2369 0.2212 
4.0501 -0.2599 2.1481 0.0802 0.3150 
4.0501 -0.2299 2.1465 0.2437 0.3105 
