NUMPOLLIES 703.000000 

5.5101 0.6301 2.0501 0.7885 0.0592 
5.5102 0.6301 2.0501 0.7885 0.0590 
5.5101 0.6301 2.0503 0.7890 0.0592 
5.4101 0.6001 2.0501 0.8945 0.2812 
5.4201 0.6001 2.0544 0.9032 0.2552 
5.4201 0.5973 2.0501 0.9019 0.2521 
5.4101 0.6001 2.0501 0.8945 0.2812 
5.4201 0.6001 2.0544 0.9032 0.2552 
5.4101 0.6001 2.0501 0.8945 0.2812 
5.4101 0.6001 2.0501 0.8945 0.2812 
5.4101 0.6001 2.0501 0.8945 0.2812 
5.4101 0.6001 2.0501 0.8945 0.2812 
5.5001 0.6644 2.0101 0.5954 0.0786 
5.4601 0.6469 2.0101 0.6461 0.1602 
5.4701 0.6451 2.0201 0.6766 0.1384 
5.4301 0.6465 2.0001 0.6238 0.2350 
5.4301 0.6610 2.0201 0.6399 0.2504 
5.4501 0.6567 2.0201 0.6484 0.1966 
5.4101 0.6461 2.0101 0.6553 0.2923 
5.4201 0.6433 2.0201 0.6885 0.2671 
5.4301 0.6610 2.0201 0.6399 0.2504 
5.4301 0.6465 2.0001 0.6238 0.2350 
5.4101 0.6461 2.0101 0.6553 0.2923 
5.4301 0.6610 2.0201 0.6399 0.2504 
5.4001 0.6515 2.0101 0.6422 0.3218 
5.4001 0.6613 2.0201 0.6432 0.3285 
5.4101 0.6461 2.0101 0.6553 0.2923 
5.4301 0.6465 2.0001 0.6238 0.2350 
5.4501 0.6496 2.0101 0.6404 0.1879 
5.4601 0.6497 2.0001 0.6113 0.1574 
5.4101 0.6461 2.0101 0.6553 0.2923 
5.4001 0.6521 1.9901 0.5848 0.3168 
5.4001 0.6515 2.0101 0.6422 0.3218 
5.5101 0.6374 2.0401 0.7433 0.0592 
5.4801 0.6356 2.0401 0.7528 0.1171 
5.4901 0.5821 2.0501 0.9398 0.0640 
5.4801 0.6356 2.0401 0.7528 0.1171 
5.5101 0.6374 2.0401 0.7433 0.0592 
5.4901 0.6083 2.0301 0.8057 0.0712 
5.4901 0.6083 2.0301 0.8057 0.0712 
5.5101 0.6374 2.0401 0.7433 0.0592 
5.5001 0.5936 2.0301 0.8502 0.0529 
5.4901 0.6083 2.0301 0.8057 0.0712 
5.4801 0.5987 2.0301 0.8372 0.0854 
5.4801 0.6356 2.0401 0.7528 0.1171 
5.4739 0.5901 2.0401 0.8914 0.0987 
5.4801 0.6356 2.0401 0.7528 0.1171 
5.4801 0.5987 2.0301 0.8372 0.0854 
5.4549 0.6101 2.0301 0.8056 0.1573 
5.4501 0.5801 2.0358 0.9181 0.1511 
5.4601 0.6244 2.0301 0.7622 0.1539 
5.5001 0.6403 2.0201 0.6854 0.0682 
5.4701 0.6451 2.0201 0.6766 0.1384 
5.4801 0.5987 2.0301 0.8372 0.0854 
5.4801 0.5987 2.0301 0.8372 0.0854 
5.4701 0.6451 2.0201 0.6766 0.1384 
5.4701 0.6105 2.0301 0.8021 0.1183 
5.4601 0.6150 2.0201 0.7637 0.1423 
5.4701 0.6105 2.0301 0.8021 0.1183 
5.4701 0.6451 2.0201 0.6766 0.1384 
5.4601 0.6150 2.0201 0.7637 0.1423 
5.4701 0.6451 2.0201 0.6766 0.1384 
5.4601 0.6469 2.0101 0.6461 0.1602 
5.5001 0.6403 2.0201 0.6854 0.0682 
5.4801 0.5987 2.0301 0.8372 0.0854 
5.4901 0.6083 2.0301 0.8057 0.0712 
5.4601 0.6244 2.0301 0.7622 0.1539 
5.4701 0.6105 2.0301 0.8021 0.1183 
5.4601 0.6150 2.0201 0.7637 0.1423 
5.4601 0.6244 2.0301 0.7622 0.1539 
5.4601 0.6150 2.0201 0.7637 0.1423 
5.4549 0.6101 2.0301 0.8056 0.1573 
5.4501 0.6401 2.0243 0.7039 0.1878 
5.4549 0.6101 2.0301 0.8056 0.1573 
5.4601 0.6150 2.0201 0.7637 0.1423 
5.4901 0.6083 2.0301 0.8057 0.0712 
5.5001 0.5936 2.0301 0.8502 0.0529 
5.5001 0.6403 2.0201 0.6854 0.0682 
5.4701 0.6451 2.0201 0.6766 0.1384 
5.5001 0.6403 2.0201 0.6854 0.0682 
5.5001 0.6644 2.0101 0.5954 0.0786 
5.4501 0.6496 2.0101 0.6404 0.1879 
5.4501 0.6567 2.0201 0.6484 0.1966 
5.4501 0.6401 2.0243 0.7039 0.1878 
5.4501 0.6496 2.0101 0.6404 0.1879 
5.4501 0.6401 2.0243 0.7039 0.1878 
5.4601 0.6469 2.0101 0.6461 0.1602 
5.4601 0.6150 2.0201 0.7637 0.1423 
5.4601 0.6469 2.0101 0.6461 0.1602 
5.4501 0.6401 2.0243 0.7039 0.1878 
5.5001 0.6465 2.0001 0.6142 0.0638 
5.4801 0.6397 2.0001 0.6352 0.1001 
5.5001 0.6644 2.0101 0.5954 0.0786 
5.4801 0.6397 2.0001 0.6352 0.1001 
5.4601 0.6469 2.0101 0.6461 0.1602 
5.5001 0.6644 2.0101 0.5954 0.0786 
5.4801 0.6397 2.0001 0.6352 0.1001 
5.4601 0.6497 2.0001 0.6113 0.1574 
5.4601 0.6469 2.0101 0.6461 0.1602 
5.4601 0.6497 2.0001 0.6113 0.1574 
5.4501 0.6496 2.0101 0.6404 0.1879 
5.4601 0.6469 2.0101 0.6461 0.1602 
5.4101 0.6251 2.0401 0.7931 0.2908 
5.4001 0.6273 2.0401 0.7882 0.3187 
5.4001 0.5801 2.0482 0.9578 0.2983 
5.3901 0.6494 2.0201 0.6761 0.3501 
5.4001 0.6273 2.0401 0.7882 0.3187 
5.4101 0.6251 2.0401 0.7931 0.2908 
5.4201 0.6201 2.0291 0.7783 0.2575 
5.4501 0.5801 2.0358 0.9181 0.1511 
5.4401 0.6201 2.0292 0.7754 0.2034 
5.4501 0.6401 2.0243 0.7039 0.1878 
5.4501 0.6567 2.0201 0.6484 0.1966 
5.4301 0.6610 2.0201 0.6399 0.2504 
5.4201 0.6433 2.0201 0.6885 0.2671 
5.4001 0.6613 2.0201 0.6432 0.3285 
5.4101 0.6251 2.0401 0.7931 0.2908 
5.4101 0.6251 2.0401 0.7931 0.2908 
5.4001 0.6613 2.0201 0.6432 0.3285 
5.3901 0.6494 2.0201 0.6761 0.3501 
5.4501 0.6401 2.0243 0.7039 0.1878 
5.4301 0.6610 2.0201 0.6399 0.2504 
5.4401 0.6201 2.0292 0.7754 0.2034 
5.4401 0.6201 2.0292 0.7754 0.2034 
5.4201 0.6433 2.0201 0.6885 0.2671 
5.4201 0.6201 2.0291 0.7783 0.2575 
5.4301 0.6610 2.0201 0.6399 0.2504 
5.4201 0.6433 2.0201 0.6885 0.2671 
5.4401 0.6201 2.0292 0.7754 0.2034 
5.4201 0.6201 2.0291 0.7783 0.2575 
5.4201 0.6433 2.0201 0.6885 0.2671 
5.4101 0.6251 2.0401 0.7931 0.2908 
5.4401 0.6201 2.0292 0.7754 0.2034 
5.4549 0.6101 2.0301 0.8056 0.1573 
5.4501 0.6401 2.0243 0.7039 0.1878 
5.4501 0.5801 2.0358 0.9181 0.1511 
5.4549 0.6101 2.0301 0.8056 0.1573 
5.4401 0.6201 2.0292 0.7754 0.2034 
5.4301 0.6465 2.0001 0.6238 0.2350 
5.4501 0.6567 2.0201 0.6484 0.1966 
5.4501 0.6496 2.0101 0.6404 0.1879 
5.4101 0.6461 2.0101 0.6553 0.2923 
5.4001 0.6613 2.0201 0.6432 0.3285 
5.4201 0.6433 2.0201 0.6885 0.2671 
5.3401 0.6291 2.0501 0.8168 0.4821 
5.3301 0.6101 2.0519 0.8805 0.5064 
5.3601 0.6099 2.0501 0.8717 0.4232 
5.3155 0.6101 2.0501 0.8784 0.5473 
5.3301 0.6101 2.0519 0.8805 0.5064 
5.3401 0.6291 2.0501 0.8168 0.4821 
5.3601 0.6099 2.0501 0.8717 0.4232 
5.3301 0.6101 2.0519 0.8805 0.5064 
5.3155 0.6101 2.0501 0.8784 0.5473 
5.3701 0.6498 2.0201 0.6779 0.4038 
5.3601 0.6462 2.0301 0.7152 0.4308 
5.3901 0.6444 2.0301 0.7158 0.3502 
5.4001 0.6515 2.0101 0.6422 0.3218 
5.3901 0.6494 2.0201 0.6761 0.3501 
5.4001 0.6613 2.0201 0.6432 0.3285 
5.3901 0.6432 2.0001 0.6386 0.3431 
5.4001 0.6515 2.0101 0.6422 0.3218 
5.4001 0.6521 1.9901 0.5848 0.3168 
5.3701 0.6498 2.0201 0.6779 0.4038 
5.3801 0.6469 2.0001 0.6299 0.3723 
5.3701 0.6675 2.0001 0.5773 0.4064 
5.3701 0.6498 2.0201 0.6779 0.4038 
5.3701 0.6675 2.0001 0.5773 0.4064 
5.3601 0.6522 2.0001 0.6184 0.4293 
5.3601 0.6522 2.0001 0.6184 0.4293 
5.3501 0.6527 2.0101 0.6460 0.4577 
5.3701 0.6498 2.0201 0.6779 0.4038 
5.3601 0.6522 2.0001 0.6184 0.4293 
5.3501 0.6666 2.0001 0.5821 0.4601 
5.3501 0.6527 2.0101 0.6460 0.4577 
5.3301 0.6487 2.0101 0.6595 0.5119 
5.3101 0.6497 2.0101 0.6596 0.5673 
5.3201 0.6442 2.0301 0.7263 0.5382 
5.3001 0.6650 2.0101 0.6204 0.5948 
5.3001 0.6485 2.0201 0.6913 0.5937 
5.3101 0.6497 2.0101 0.6596 0.5673 
5.3101 0.6497 2.0101 0.6596 0.5673 
5.3201 0.6493 2.0001 0.6317 0.5402 
5.3001 0.6555 2.0001 0.6179 0.5963 
5.3501 0.6527 2.0101 0.6460 0.4577 
5.3501 0.6666 2.0001 0.5821 0.4601 
5.3301 0.6487 2.0101 0.6595 0.5119 
5.3501 0.6666 2.0001 0.5821 0.4601 
5.3301 0.6689 2.0001 0.5790 0.5146 
5.3301 0.6487 2.0101 0.6595 0.5119 
5.3301 0.6487 2.0101 0.6595 0.5119 
5.3201 0.6493 2.0001 0.6317 0.5402 
5.3101 0.6497 2.0101 0.6596 0.5673 
5.3201 0.6493 2.0001 0.6317 0.5402 
5.3301 0.6487 2.0101 0.6595 0.5119 
5.3301 0.6689 2.0001 0.5790 0.5146 
5.3001 0.6650 2.0101 0.6204 0.5948 
5.3101 0.6497 2.0101 0.6596 0.5673 
5.3001 0.6555 2.0001 0.6179 0.5963 
5.3601 0.6462 2.0301 0.7152 0.4308 
5.3701 0.6301 2.0341 0.7694 0.3997 
5.3901 0.6444 2.0301 0.7158 0.3502 
5.3501 0.6527 2.0301 0.6988 0.4590 
5.3401 0.6294 2.0401 0.7912 0.4818 
5.3601 0.6462 2.0301 0.7152 0.4308 
5.3901 0.6444 2.0301 0.7158 0.3502 
5.4001 0.6273 2.0401 0.7882 0.3187 
5.3901 0.6494 2.0201 0.6761 0.3501 
5.3601 0.6462 2.0301 0.7152 0.4308 
5.3401 0.6294 2.0401 0.7912 0.4818 
5.3701 0.6301 2.0341 0.7694 0.3997 
5.4001 0.5801 2.0482 0.9578 0.2983 
5.4001 0.6273 2.0401 0.7882 0.3187 
5.3901 0.6444 2.0301 0.7158 0.3502 
5.3901 0.6494 2.0201 0.6761 0.3501 
5.3801 0.6571 2.0201 0.6568 0.3795 
5.3901 0.6444 2.0301 0.7158 0.3502 
5.3801 0.6571 2.0201 0.6568 0.3795 
5.3701 0.6498 2.0201 0.6779 0.4038 
5.3901 0.6444 2.0301 0.7158 0.3502 
5.3501 0.6527 2.0101 0.6460 0.4577 
5.3601 0.6462 2.0301 0.7152 0.4308 
5.3701 0.6498 2.0201 0.6779 0.4038 
5.3501 0.6527 2.0301 0.6988 0.4590 
5.3601 0.6462 2.0301 0.7152 0.4308 
5.3501 0.6527 2.0101 0.6460 0.4577 
5.3801 0.6469 2.0001 0.6299 0.3723 
5.3901 0.6494 2.0201 0.6761 0.3501 
5.4001 0.6515 2.0101 0.6422 0.3218 
5.3801 0.6571 2.0201 0.6568 0.3795 
5.3901 0.6494 2.0201 0.6761 0.3501 
5.3801 0.6469 2.0001 0.6299 0.3723 
5.3701 0.6498 2.0201 0.6779 0.4038 
5.3801 0.6571 2.0201 0.6568 0.3795 
5.3801 0.6469 2.0001 0.6299 0.3723 
5.3901 0.6432 2.0001 0.6386 0.3431 
5.3801 0.6469 2.0001 0.6299 0.3723 
5.4001 0.6515 2.0101 0.6422 0.3218 
5.3401 0.6294 2.0401 0.7912 0.4818 
5.3301 0.6294 2.0401 0.7926 0.5091 
5.3401 0.5857 2.0501 0.9539 0.4739 
5.3401 0.6446 2.0301 0.7225 0.4842 
5.3401 0.6294 2.0401 0.7912 0.4818 
5.3501 0.6527 2.0301 0.6988 0.4590 
5.3401 0.6294 2.0401 0.7912 0.4818 
5.3301 0.6486 2.0301 0.7128 0.5117 
5.3301 0.6294 2.0401 0.7926 0.5091 
5.3401 0.6446 2.0301 0.7225 0.4842 
5.3301 0.6486 2.0301 0.7128 0.5117 
5.3401 0.6294 2.0401 0.7912 0.4818 
5.3301 0.6486 2.0301 0.7128 0.5117 
5.3201 0.6442 2.0301 0.7263 0.5382 
5.3301 0.6294 2.0401 0.7926 0.5091 
5.3201 0.5901 2.0429 0.9248 0.5328 
5.3201 0.6442 2.0301 0.7263 0.5382 
5.3101 0.6366 2.0401 0.7749 0.5642 
5.3201 0.5901 2.0429 0.9248 0.5328 
5.3301 0.6294 2.0401 0.7926 0.5091 
5.3201 0.6442 2.0301 0.7263 0.5382 
5.3501 0.6527 2.0301 0.6988 0.4590 
5.3501 0.6527 2.0101 0.6460 0.4577 
5.3401 0.6446 2.0301 0.7225 0.4842 
5.3301 0.6487 2.0101 0.6595 0.5119 
5.3301 0.6486 2.0301 0.7128 0.5117 
5.3401 0.6446 2.0301 0.7225 0.4842 
5.3301 0.6486 2.0301 0.7128 0.5117 
5.3301 0.6487 2.0101 0.6595 0.5119 
5.3201 0.6442 2.0301 0.7263 0.5382 
5.3001 0.6485 2.0201 0.6913 0.5937 
5.3101 0.6366 2.0401 0.7749 0.5642 
5.3201 0.6442 2.0301 0.7263 0.5382 
5.3101 0.6497 2.0101 0.6596 0.5673 
5.3001 0.6485 2.0201 0.6913 0.5937 
5.3201 0.6442 2.0301 0.7263 0.5382 
5.3501 0.6527 2.0101 0.6460 0.4577 
5.3301 0.6487 2.0101 0.6595 0.5119 
5.3401 0.6446 2.0301 0.7225 0.4842 
5.4201 0.6001 2.0544 0.9032 0.2552 
5.4101 0.6001 2.0501 0.8945 0.2812 
5.4201 0.5973 2.0501 0.9019 0.2521 
5.4201 0.5973 2.0501 0.9019 0.2521 
5.4101 0.6001 2.0501 0.8945 0.2812 
5.4101 0.6001 2.0501 0.8945 0.2812 
5.4101 0.6001 2.0501 0.8945 0.2812 
5.4101 0.6001 2.0501 0.8945 0.2812 
5.4101 0.6001 2.0501 0.8945 0.2812 
5.4401 0.5806 2.0501 0.9537 0.1862 
5.4401 0.5801 2.0507 0.9568 0.1861 
5.4410 0.5801 2.0501 0.9552 0.1833 
5.4401 0.5806 2.0501 0.9537 0.1862 
5.4401 0.5798 2.0501 0.9566 0.1856 
5.4401 0.5801 2.0507 0.9568 0.1861 
5.4410 0.5801 2.0501 0.9552 0.1833 
5.4401 0.5801 2.0507 0.9568 0.1861 
5.4401 0.5798 2.0501 0.9566 0.1856 
5.4701 0.6105 2.0301 0.8021 0.1183 
5.4739 0.5901 2.0401 0.8914 0.0987 
5.4801 0.5987 2.0301 0.8372 0.0854 
5.4701 0.6105 2.0301 0.8021 0.1183 
5.4601 0.6244 2.0301 0.7622 0.1539 
5.4739 0.5901 2.0401 0.8914 0.0987 
5.4101 0.6251 2.0401 0.7931 0.2908 
5.4001 0.5801 2.0482 0.9578 0.2983 
5.4101 0.5707 2.0501 0.9934 0.2649 
5.4101 0.6251 2.0401 0.7931 0.2908 
5.4101 0.5707 2.0501 0.9934 0.2649 
5.4231 0.5701 2.0401 0.9687 0.2230 
5.4231 0.5701 2.0401 0.9687 0.2230 
5.4201 0.6201 2.0291 0.7783 0.2575 
5.4101 0.6251 2.0401 0.7931 0.2908 
5.3901 0.6444 2.0301 0.7158 0.3502 
5.3911 0.5901 2.0401 0.9056 0.3267 
5.4001 0.5801 2.0482 0.9578 0.2983 
5.3701 0.6301 2.0341 0.7694 0.3997 
5.3901 0.5805 2.0501 0.9630 0.3278 
5.3911 0.5901 2.0401 0.9056 0.3267 
5.3701 0.6301 2.0341 0.7694 0.3997 
5.3701 0.5865 2.0401 0.9215 0.3859 
5.3901 0.5805 2.0501 0.9630 0.3278 
5.3911 0.5901 2.0401 0.9056 0.3267 
5.3901 0.5805 2.0501 0.9630 0.3278 
5.4001 0.5801 2.0482 0.9578 0.2983 
5.4101 0.5707 2.0501 0.9934 0.2649 
5.4001 0.5801 2.0482 0.9578 0.2983 
5.3901 0.5805 2.0501 0.9630 0.3278 
5.3911 0.5901 2.0401 0.9056 0.3267 
5.3901 0.6444 2.0301 0.7158 0.3502 
5.3701 0.6301 2.0341 0.7694 0.3997 
5.3201 0.5901 2.0429 0.9248 0.5328 
5.3401 0.5857 2.0501 0.9539 0.4739 
5.3301 0.6294 2.0401 0.7926 0.5091 
5.3043 0.6201 2.0501 0.8493 0.5786 
5.2907 0.6201 2.0501 0.8514 0.6160 
5.3001 0.6201 2.0529 0.8566 0.5898 
5.2907 0.6201 2.0501 0.8514 0.6160 
5.2801 0.6101 2.0501 0.8841 0.6464 
5.3001 0.6201 2.0529 0.8566 0.5898 
5.2401 0.6101 2.0564 0.9059 0.7571 
5.2601 0.6101 2.0579 0.9062 0.7005 
5.2601 0.6194 2.0501 0.8586 0.7010 
5.3001 0.6201 2.0529 0.8566 0.5898 
5.2801 0.6101 2.0501 0.8841 0.6464 
5.3043 0.6201 2.0501 0.8493 0.5786 
5.2601 0.6194 2.0501 0.8586 0.7010 
5.2601 0.6101 2.0579 0.9062 0.7005 
5.2512 0.6001 2.0501 0.9212 0.7303 
5.2601 0.6101 2.0579 0.9062 0.7005 
5.2401 0.6101 2.0564 0.9059 0.7571 
5.2512 0.6001 2.0501 0.9212 0.7303 
5.2301 0.6246 2.0501 0.8474 0.7829 
5.2401 0.6101 2.0564 0.9059 0.7571 
5.2601 0.6194 2.0501 0.8586 0.7010 
5.2401 0.6101 2.0564 0.9059 0.7571 
5.2301 0.6246 2.0501 0.8474 0.7829 
5.1901 0.6201 2.0555 0.8805 0.8935 
5.2301 0.5964 2.0501 0.9370 0.7927 
5.1901 0.6201 2.0555 0.8805 0.8935 
5.2201 0.6001 2.0524 0.9320 0.8192 
5.2401 0.6101 2.0564 0.9059 0.7571 
5.1901 0.6201 2.0555 0.8805 0.8935 
5.2301 0.5964 2.0501 0.9370 0.7927 
5.2001 0.6001 2.0566 0.9457 0.8748 
5.2201 0.6001 2.0524 0.9320 0.8192 
5.1901 0.6201 2.0555 0.8805 0.8935 
5.2901 0.6597 2.0101 0.6357 0.6222 
5.3001 0.6485 2.0201 0.6913 0.5937 
5.3001 0.6650 2.0101 0.6204 0.5948 
5.2901 0.6597 2.0101 0.6357 0.6222 
5.2801 0.6448 2.0301 0.7305 0.6470 
5.3001 0.6485 2.0201 0.6913 0.5937 
5.2901 0.6597 2.0101 0.6357 0.6222 
5.2801 0.6663 2.0101 0.6198 0.6489 
5.2801 0.6448 2.0301 0.7305 0.6470 
5.2501 0.6441 2.0201 0.7108 0.7325 
5.2701 0.6440 2.0201 0.7082 0.6769 
5.2801 0.6663 2.0101 0.6198 0.6489 
5.2501 0.6626 2.0101 0.6333 0.7312 
5.2501 0.6441 2.0201 0.7108 0.7325 
5.2801 0.6663 2.0101 0.6198 0.6489 
5.2901 0.6597 2.0101 0.6357 0.6222 
5.3001 0.6650 2.0101 0.6204 0.5948 
5.3001 0.6555 2.0001 0.6179 0.5963 
5.2901 0.6597 2.0101 0.6357 0.6222 
5.2601 0.6346 1.9901 0.6532 0.7159 
5.2801 0.6663 2.0101 0.6198 0.6489 
5.2501 0.6522 2.0001 0.6337 0.7372 
5.2501 0.6626 2.0101 0.6333 0.7312 
5.2801 0.6663 2.0101 0.6198 0.6489 
5.2501 0.6522 2.0001 0.6337 0.7372 
5.2801 0.6663 2.0101 0.6198 0.6489 
5.2601 0.6346 1.9901 0.6532 0.7159 
5.2301 0.6633 2.0101 0.6343 0.7860 
5.2301 0.6474 2.0201 0.7044 0.7873 
5.2401 0.6459 2.0101 0.6803 0.7636 
5.2301 0.6474 2.0201 0.7044 0.7873 
5.2301 0.6633 2.0101 0.6343 0.7860 
5.2201 0.6409 2.0201 0.7241 0.8177 
5.2201 0.6409 2.0201 0.7241 0.8177 
5.2101 0.6640 2.0101 0.6353 0.8407 
5.2101 0.6492 2.0201 0.7021 0.8423 
5.2301 0.6633 2.0101 0.6343 0.7860 
5.2101 0.6640 2.0101 0.6353 0.8407 
5.2201 0.6409 2.0201 0.7241 0.8177 
5.2101 0.6640 2.0101 0.6353 0.8407 
5.2001 0.6469 2.0101 0.6833 0.8766 
5.2101 0.6492 2.0201 0.7021 0.8423 
5.2401 0.6501 2.0001 0.6409 0.7661 
5.2426 0.6501 2.0101 0.6682 0.7553 
5.2401 0.6501 2.0001 0.6409 0.7661 
5.2501 0.6626 2.0101 0.6333 0.7312 
5.2501 0.6522 2.0001 0.6337 0.7372 
5.2401 0.6501 2.0001 0.6409 0.7661 
5.2501 0.6626 2.0101 0.6333 0.7312 
5.2401 0.6501 2.0001 0.6409 0.7661 
5.2426 0.6501 2.0101 0.6682 0.7553 
5.2401 0.6501 2.0001 0.6409 0.7661 
5.2401 0.6501 2.0001 0.6409 0.7661 
5.2401 0.6501 2.0001 0.6409 0.7661 
5.2401 0.6459 2.0101 0.6803 0.7636 
5.2301 0.6462 2.0001 0.6532 0.7961 
5.2301 0.6633 2.0101 0.6343 0.7860 
5.2301 0.6462 2.0001 0.6532 0.7961 
5.2101 0.6486 2.0001 0.6495 0.8525 
5.2301 0.6633 2.0101 0.6343 0.7860 
5.2301 0.6633 2.0101 0.6343 0.7860 
5.2101 0.6486 2.0001 0.6495 0.8525 
5.2101 0.6640 2.0101 0.6353 0.8407 
5.2101 0.6486 2.0001 0.6495 0.8525 
5.2001 0.6469 2.0101 0.6833 0.8766 
5.2101 0.6640 2.0101 0.6353 0.8407 
5.2701 0.6312 2.0401 0.7966 0.6739 
5.2501 0.6348 2.0401 0.7891 0.7283 
5.2801 0.5901 2.0459 0.9392 0.6494 
5.2601 0.6428 2.0301 0.7391 0.7021 
5.2701 0.6312 2.0401 0.7966 0.6739 
5.2801 0.6448 2.0301 0.7305 0.6470 
5.2501 0.6530 2.0301 0.7122 0.7272 
5.2501 0.6348 2.0401 0.7891 0.7283 
5.2601 0.6428 2.0301 0.7391 0.7021 
5.3101 0.6366 2.0401 0.7749 0.5642 
5.2801 0.6448 2.0301 0.7305 0.6470 
5.2901 0.6282 2.0401 0.8024 0.6190 
5.2701 0.6312 2.0401 0.7966 0.6739 
5.2601 0.6428 2.0301 0.7391 0.7021 
5.2501 0.6348 2.0401 0.7891 0.7283 
5.2801 0.5901 2.0459 0.9392 0.6494 
5.2901 0.6282 2.0401 0.8024 0.6190 
5.2801 0.6448 2.0301 0.7305 0.6470 
5.2801 0.5901 2.0459 0.9392 0.6494 
5.2801 0.6448 2.0301 0.7305 0.6470 
5.2701 0.6312 2.0401 0.7966 0.6739 
5.3001 0.6485 2.0201 0.6913 0.5937 
5.2801 0.6448 2.0301 0.7305 0.6470 
5.3101 0.6366 2.0401 0.7749 0.5642 
5.2801 0.6448 2.0301 0.7305 0.6470 
5.2801 0.6663 2.0101 0.6198 0.6489 
5.2701 0.6440 2.0201 0.7082 0.6769 
5.2501 0.6441 2.0201 0.7108 0.7325 
5.2601 0.6428 2.0301 0.7391 0.7021 
5.2801 0.6448 2.0301 0.7305 0.6470 
5.2701 0.6440 2.0201 0.7082 0.6769 
5.2501 0.6441 2.0201 0.7108 0.7325 
5.2801 0.6448 2.0301 0.7305 0.6470 
5.2501 0.6530 2.0301 0.7122 0.7272 
5.2601 0.6428 2.0301 0.7391 0.7021 
5.2501 0.6441 2.0201 0.7108 0.7325 
5.2501 0.6348 2.0401 0.7891 0.7283 
5.2201 0.6311 2.0401 0.8044 0.8125 
5.2401 0.6329 2.0501 0.8208 0.7528 
5.1901 0.6407 2.0401 0.7810 0.8914 
5.2001 0.6265 2.0501 0.8461 0.8654 
5.2201 0.6311 2.0401 0.8044 0.8125 
5.2401 0.6329 2.0501 0.8208 0.7528 
5.2201 0.6311 2.0401 0.8044 0.8125 
5.2001 0.6265 2.0501 0.8461 0.8654 
5.2401 0.6416 2.0301 0.7454 0.7575 
5.2501 0.6348 2.0401 0.7891 0.7283 
5.2501 0.6530 2.0301 0.7122 0.7272 
5.2201 0.6311 2.0401 0.8044 0.8125 
5.2201 0.6458 2.0301 0.7364 0.8113 
5.1901 0.6407 2.0401 0.7810 0.8914 
5.2501 0.6348 2.0401 0.7891 0.7283 
5.2401 0.6416 2.0301 0.7454 0.7575 
5.2201 0.6311 2.0401 0.8044 0.8125 
5.2401 0.6416 2.0301 0.7454 0.7575 
5.2201 0.6458 2.0301 0.7364 0.8113 
5.2201 0.6311 2.0401 0.8044 0.8125 
5.2501 0.6530 2.0301 0.7122 0.7272 
5.2501 0.6441 2.0201 0.7108 0.7325 
5.2401 0.6416 2.0301 0.7454 0.7575 
5.2301 0.6474 2.0201 0.7044 0.7873 
5.2201 0.6458 2.0301 0.7364 0.8113 
5.2401 0.6416 2.0301 0.7454 0.7575 
5.2501 0.6441 2.0201 0.7108 0.7325 
5.2301 0.6474 2.0201 0.7044 0.7873 
5.2401 0.6416 2.0301 0.7454 0.7575 
5.2301 0.6474 2.0201 0.7044 0.7873 
5.2201 0.6409 2.0201 0.7241 0.8177 
5.2201 0.6458 2.0301 0.7364 0.8113 
5.2201 0.6409 2.0201 0.7241 0.8177 
5.2101 0.6492 2.0201 0.7021 0.8423 
5.2201 0.6458 2.0301 0.7364 0.8113 
5.2001 0.6469 2.0101 0.6833 0.8766 
5.1901 0.6407 2.0401 0.7810 0.8914 
5.2201 0.6458 2.0301 0.7364 0.8113 
5.2101 0.6492 2.0201 0.7021 0.8423 
5.2001 0.6469 2.0101 0.6833 0.8766 
5.2201 0.6458 2.0301 0.7364 0.8113 
5.2501 0.6626 2.0101 0.6333 0.7312 
5.2401 0.6459 2.0101 0.6803 0.7636 
5.2501 0.6441 2.0201 0.7108 0.7325 
5.2501 0.6626 2.0101 0.6333 0.7312 
5.2426 0.6501 2.0101 0.6682 0.7553 
5.2401 0.6459 2.0101 0.6803 0.7636 
5.2401 0.6459 2.0101 0.6803 0.7636 
5.2301 0.6474 2.0201 0.7044 0.7873 
5.2501 0.6441 2.0201 0.7108 0.7325 
5.2426 0.6501 2.0101 0.6682 0.7553 
5.2401 0.6501 2.0001 0.6409 0.7661 
5.2401 0.6459 2.0101 0.6803 0.7636 
5.2401 0.6501 2.0001 0.6409 0.7661 
5.2301 0.6462 2.0001 0.6532 0.7961 
5.2401 0.6459 2.0101 0.6803 0.7636 
5.2401 0.6501 2.0001 0.6409 0.7661 
5.2401 0.6501 2.0001 0.6409 0.7661 
5.2401 0.6459 2.0101 0.6803 0.7636 
5.1901 0.6590 2.0101 0.6513 0.8986 
5.2001 0.6469 2.0101 0.6833 0.8766 
5.2101 0.6486 2.0001 0.6495 0.8525 
5.2301 0.6246 2.0501 0.8474 0.7829 
5.1601 0.6301 2.0538 0.8505 0.9721 
5.1901 0.6201 2.0555 0.8805 0.8935 
5.1901 0.6201 2.0555 0.8805 0.8935 
5.1601 0.6301 2.0538 0.8505 0.9721 
5.1801 0.6201 2.0599 0.8927 0.9188 
5.1801 0.6201 2.0599 0.8927 0.9188 
5.1801 0.6101 2.0659 0.9383 0.9209 
5.1901 0.6201 2.0555 0.8805 0.8935 
5.1801 0.6101 2.0659 0.9383 0.9209 
5.1801 0.6201 2.0599 0.8927 0.9188 
5.1701 0.6101 2.0511 0.9048 0.9586 
5.1701 0.6101 2.0511 0.9048 0.9586 
5.1801 0.6201 2.0599 0.8927 0.9188 
5.1601 0.6001 2.0589 0.9581 0.9888 
5.2001 0.6001 2.0566 0.9457 0.8748 
5.1801 0.6101 2.0659 0.9383 0.9209 
5.1799 0.5901 2.0501 0.9674 0.9436 
5.1901 0.6201 2.0555 0.8805 0.8935 
5.1801 0.6101 2.0659 0.9383 0.9209 
5.2001 0.6001 2.0566 0.9457 0.8748 
5.1701 0.6001 2.0579 0.9540 0.9606 
5.1801 0.6101 2.0659 0.9383 0.9209 
5.1701 0.6101 2.0511 0.9048 0.9586 
5.1701 0.6101 2.0511 0.9048 0.9586 
5.1601 0.6001 2.0589 0.9581 0.9888 
5.1701 0.6001 2.0579 0.9540 0.9606 
5.1901 0.6590 2.0101 0.6513 0.8986 
5.1901 0.6467 2.0201 0.7123 0.8995 
5.2001 0.6469 2.0101 0.6833 0.8766 
5.1901 0.6590 2.0101 0.6513 0.8986 
5.1901 0.6514 1.9901 0.6160 0.9145 
5.1801 0.6580 2.0001 0.6279 0.9332 
5.1901 0.6590 2.0101 0.6513 0.8986 
5.1801 0.6580 2.0001 0.6279 0.9332 
5.1701 0.6476 2.0001 0.6580 0.9685 
5.1601 0.6379 2.0401 0.7936 0.9762 
5.1801 0.6193 2.0501 0.8717 0.9252 
5.1901 0.6407 2.0401 0.7810 0.8914 
5.1601 0.6379 2.0401 0.7936 0.9762 
5.1501 0.6401 2.0438 0.7979 0.9999 
5.1501 0.6342 2.0501 0.8310 0.9996 
5.1901 0.5934 2.0501 0.9544 0.9114 
5.2001 0.6265 2.0501 0.8461 0.8654 
5.1901 0.6407 2.0401 0.7810 0.8914 
5.1901 0.6407 2.0401 0.7810 0.8914 
5.1801 0.6193 2.0501 0.8717 0.9252 
5.1901 0.5934 2.0501 0.9544 0.9114 
5.1501 0.6342 2.0501 0.8310 0.9996 
5.1801 0.6193 2.0501 0.8717 0.9252 
5.1601 0.6379 2.0401 0.7936 0.9762 
5.1901 0.6407 2.0401 0.7810 0.8914 
5.1901 0.6467 2.0201 0.7123 0.8995 
5.1601 0.6379 2.0401 0.7936 0.9762 
5.2001 0.6469 2.0101 0.6833 0.8766 
5.1901 0.6467 2.0201 0.7123 0.8995 
5.1901 0.6407 2.0401 0.7810 0.8914 
5.1901 0.6467 2.0201 0.7123 0.8995 
5.1601 0.6412 2.0201 0.7323 0.9877 
5.1601 0.6379 2.0401 0.7936 0.9762 
5.1901 0.6467 2.0201 0.7123 0.8995 
5.1901 0.6590 2.0101 0.6513 0.8986 
5.1701 0.6476 2.0001 0.6580 0.9685 
5.1701 0.6476 2.0001 0.6580 0.9685 
5.1701 0.6482 2.0101 0.6839 0.9613 
5.1901 0.6467 2.0201 0.7123 0.8995 
5.1701 0.6482 2.0101 0.6839 0.9613 
5.1601 0.6412 2.0201 0.7323 0.9877 
5.1901 0.6467 2.0201 0.7123 0.8995 
5.2101 0.5901 2.0511 0.9644 0.8535 
5.2001 0.6001 2.0566 0.9457 0.8748 
5.1901 0.5901 2.0582 0.9850 0.9083 
5.2101 0.5901 2.0511 0.9644 0.8535 
5.2201 0.6001 2.0524 0.9320 0.8192 
5.2001 0.6001 2.0566 0.9457 0.8748 
5.2512 0.6001 2.0501 0.9212 0.7303 
5.2401 0.6101 2.0564 0.9059 0.7571 
5.2301 0.5964 2.0501 0.9370 0.7927 
5.2301 0.5964 2.0501 0.9370 0.7927 
5.2201 0.6001 2.0524 0.9320 0.8192 
5.2201 0.5836 2.0501 0.9827 0.8273 
5.2201 0.6001 2.0524 0.9320 0.8192 
5.2101 0.5901 2.0511 0.9644 0.8535 
5.2201 0.5836 2.0501 0.9827 0.8273 
5.3101 0.6366 2.0401 0.7749 0.5642 
5.2901 0.6282 2.0401 0.8024 0.6190 
5.2801 0.5901 2.0459 0.9392 0.6494 
5.1799 0.5901 2.0501 0.9674 0.9436 
5.1801 0.6101 2.0659 0.9383 0.9209 
5.1701 0.6001 2.0579 0.9540 0.9606 
5.1901 0.5901 2.0582 0.9850 0.9083 
5.2001 0.6001 2.0566 0.9457 0.8748 
5.1799 0.5901 2.0501 0.9674 0.9436 
5.5101 0.6511 1.9901 0.5725 0.0531 
5.4901 0.6472 1.9901 0.5853 0.0781 
5.5001 0.6465 2.0001 0.6142 0.0638 
5.4701 0.6663 1.9901 0.5390 0.1389 
5.4801 0.6397 2.0001 0.6352 0.1001 
5.4901 0.6472 1.9901 0.5853 0.0781 
5.4601 0.6497 2.0001 0.6113 0.1574 
5.4801 0.6397 2.0001 0.6352 0.1001 
5.4701 0.6663 1.9901 0.5390 0.1389 
5.4601 0.6497 2.0001 0.6113 0.1574 
5.4701 0.6663 1.9901 0.5390 0.1389 
5.4501 0.6492 1.9901 0.5856 0.1787 
5.5001 0.6460 1.9801 0.5579 0.0570 
5.4901 0.6472 1.9901 0.5853 0.0781 
5.5101 0.6511 1.9901 0.5725 0.0531 
5.4707 0.6501 1.9801 0.5512 0.1206 
5.4701 0.6663 1.9901 0.5390 0.1389 
5.4901 0.6472 1.9901 0.5853 0.0781 
5.4707 0.6501 1.9801 0.5512 0.1206 
5.4901 0.6472 1.9901 0.5853 0.0781 
5.4801 0.6596 1.9801 0.5257 0.1044 
5.4707 0.6501 1.9801 0.5512 0.1206 
5.4501 0.6480 1.9801 0.5595 0.1733 
5.4701 0.6663 1.9901 0.5390 0.1389 
5.4501 0.6480 1.9801 0.5595 0.1733 
5.4501 0.6492 1.9901 0.5856 0.1787 
5.4701 0.6663 1.9901 0.5390 0.1389 
5.5001 0.6460 1.9801 0.5579 0.0570 
5.4901 0.6512 1.9701 0.5160 0.0714 
5.4801 0.6596 1.9801 0.5257 0.1044 
5.4901 0.6512 1.9701 0.5160 0.0714 
5.4701 0.6488 1.9701 0.5248 0.1159 
5.4801 0.6596 1.9801 0.5257 0.1044 
5.4701 0.6488 1.9701 0.5248 0.1159 
5.4707 0.6501 1.9801 0.5512 0.1206 
5.4801 0.6596 1.9801 0.5257 0.1044 
5.4707 0.6501 1.9801 0.5512 0.1206 
5.4701 0.6488 1.9701 0.5248 0.1159 
5.4601 0.6619 1.9701 0.4928 0.1516 
5.4501 0.6480 1.9801 0.5595 0.1733 
5.4707 0.6501 1.9801 0.5512 0.1206 
5.4601 0.6619 1.9701 0.4928 0.1516 
5.4901 0.6512 1.9701 0.5160 0.0714 
5.4801 0.6650 1.9601 0.4521 0.0981 
5.4701 0.6488 1.9701 0.5248 0.1159 
5.4701 0.6488 1.9701 0.5248 0.1159 
5.4801 0.6650 1.9601 0.4521 0.0981 
5.4601 0.6619 1.9701 0.4928 0.1516 
5.4401 0.6482 1.9701 0.5303 0.1962 
5.4601 0.6619 1.9701 0.4928 0.1516 
5.4401 0.6658 1.9501 0.4237 0.1992 
5.4901 0.6615 1.9501 0.4279 0.0690 
5.4801 0.6650 1.9601 0.4521 0.0981 
5.4901 0.6512 1.9701 0.5160 0.0714 
5.4401 0.6658 1.9501 0.4237 0.1992 
5.4601 0.6619 1.9701 0.4928 0.1516 
5.4801 0.6650 1.9601 0.4521 0.0981 
5.4101 0.6689 1.9901 0.5404 0.2976 
5.4001 0.6521 1.9901 0.5848 0.3168 
5.4101 0.6461 2.0101 0.6553 0.2923 
5.4301 0.6465 2.0001 0.6238 0.2350 
5.4601 0.6497 2.0001 0.6113 0.1574 
5.4501 0.6492 1.9901 0.5856 0.1787 
5.4101 0.6461 2.0101 0.6553 0.2923 
5.4201 0.6501 1.9801 0.5581 0.2571 
5.4101 0.6689 1.9901 0.5404 0.2976 
5.4101 0.6689 1.9901 0.5404 0.2976 
5.4126 0.6601 1.9801 0.5332 0.2833 
5.4101 0.6545 1.9701 0.5181 0.2842 
5.4001 0.6503 1.9701 0.5302 0.3104 
5.4001 0.6521 1.9901 0.5848 0.3168 
5.4101 0.6545 1.9701 0.5181 0.2842 
5.4101 0.6545 1.9701 0.5181 0.2842 
5.4001 0.6521 1.9901 0.5848 0.3168 
5.4101 0.6689 1.9901 0.5404 0.2976 
5.4201 0.6501 1.9801 0.5581 0.2571 
5.4201 0.6501 1.9801 0.5581 0.2571 
5.4201 0.6501 1.9801 0.5581 0.2571 
5.4201 0.6501 1.9801 0.5581 0.2571 
5.4126 0.6601 1.9801 0.5332 0.2833 
5.4101 0.6689 1.9901 0.5404 0.2976 
5.4201 0.6501 1.9801 0.5581 0.2571 
5.4201 0.6501 1.9801 0.5581 0.2571 
5.4126 0.6601 1.9801 0.5332 0.2833 
5.4401 0.6482 1.9701 0.5303 0.1962 
5.4401 0.6605 1.9801 0.5287 0.2086 
5.4501 0.6480 1.9801 0.5595 0.1733 
5.4401 0.6482 1.9701 0.5303 0.1962 
5.4301 0.6487 1.9801 0.5605 0.2285 
5.4401 0.6605 1.9801 0.5287 0.2086 
5.4301 0.6501 1.9750 0.5417 0.2274 
5.4201 0.6706 1.9601 0.4459 0.2617 
5.4201 0.6501 1.9801 0.5581 0.2571 
5.4301 0.6501 1.9750 0.5417 0.2274 
5.4201 0.6501 1.9801 0.5581 0.2571 
5.4201 0.6501 1.9801 0.5581 0.2571 
5.4101 0.6545 1.9701 0.5181 0.2842 
5.4201 0.6501 1.9801 0.5581 0.2571 
5.4201 0.6706 1.9601 0.4459 0.2617 
5.4101 0.6545 1.9701 0.5181 0.2842 
5.4126 0.6601 1.9801 0.5332 0.2833 
5.4201 0.6501 1.9801 0.5581 0.2571 
5.4001 0.6660 1.9601 0.4597 0.3152 
5.4101 0.6545 1.9701 0.5181 0.2842 
5.4201 0.6706 1.9601 0.4459 0.2617 
5.4401 0.6658 1.9501 0.4237 0.1992 
5.4201 0.6706 1.9601 0.4459 0.2617 
5.4401 0.6482 1.9701 0.5303 0.1962 
5.4301 0.6501 1.9750 0.5417 0.2274 
5.4401 0.6482 1.9701 0.5303 0.1962 
5.4201 0.6706 1.9601 0.4459 0.2617 
5.4101 0.6545 1.9701 0.5181 0.2842 
5.4001 0.6660 1.9601 0.4597 0.3152 
5.4001 0.6503 1.9701 0.5302 0.3104 
5.4401 0.6658 1.9501 0.4237 0.1992 
5.4301 0.6692 1.9401 0.3846 0.2252 
5.4201 0.6706 1.9601 0.4459 0.2617 
5.4901 0.6472 1.9901 0.5853 0.0781 
5.4801 0.6397 2.0001 0.6352 0.1001 
5.5001 0.6465 2.0001 0.6142 0.0638 
5.4801 0.6596 1.9801 0.5257 0.1044 
5.4901 0.6472 1.9901 0.5853 0.0781 
5.5001 0.6460 1.9801 0.5579 0.0570 
5.4501 0.6480 1.9801 0.5595 0.1733 
5.4601 0.6619 1.9701 0.4928 0.1516 
5.4401 0.6482 1.9701 0.5303 0.1962 
5.4501 0.6492 1.9901 0.5856 0.1787 
5.4401 0.6347 1.9901 0.6263 0.1960 
5.4301 0.6465 2.0001 0.6238 0.2350 
5.4401 0.6347 1.9901 0.6263 0.1960 
5.4301 0.6487 1.9801 0.5605 0.2285 
5.4301 0.6465 2.0001 0.6238 0.2350 
5.4301 0.6465 2.0001 0.6238 0.2350 
5.4201 0.6501 1.9801 0.5581 0.2571 
5.4101 0.6461 2.0101 0.6553 0.2923 
5.4301 0.6487 1.9801 0.5605 0.2285 
5.4201 0.6501 1.9801 0.5581 0.2571 
5.4301 0.6465 2.0001 0.6238 0.2350 
5.4501 0.6480 1.9801 0.5595 0.1733 
5.4401 0.6347 1.9901 0.6263 0.1960 
5.4501 0.6492 1.9901 0.5856 0.1787 
5.4501 0.6480 1.9801 0.5595 0.1733 
5.4401 0.6605 1.9801 0.5287 0.2086 
5.4401 0.6347 1.9901 0.6263 0.1960 
5.4401 0.6347 1.9901 0.6263 0.1960 
5.4401 0.6605 1.9801 0.5287 0.2086 
5.4301 0.6487 1.9801 0.5605 0.2285 
5.4201 0.6501 1.9801 0.5581 0.2571 
5.4201 0.6501 1.9801 0.5581 0.2571 
5.4301 0.6487 1.9801 0.5605 0.2285 
5.4301 0.6501 1.9750 0.5417 0.2274 
5.4301 0.6487 1.9801 0.5605 0.2285 
5.4401 0.6482 1.9701 0.5303 0.1962 
5.4301 0.6501 1.9750 0.5417 0.2274 
5.4201 0.6501 1.9801 0.5581 0.2571 
5.4301 0.6487 1.9801 0.5605 0.2285 
5.4801 0.6640 1.9401 0.3907 0.0870 
5.4801 0.6650 1.9601 0.4521 0.0981 
5.4901 0.6615 1.9501 0.4279 0.0690 
5.4801 0.6640 1.9401 0.3907 0.0870 
5.4401 0.6658 1.9501 0.4237 0.1992 
5.4801 0.6650 1.9601 0.4521 0.0981 
5.4801 0.6640 1.9401 0.3907 0.0870 
5.4401 0.6627 1.9401 0.3988 0.1925 
5.4401 0.6658 1.9501 0.4237 0.1992 
5.4901 0.6693 1.9301 0.3441 0.0651 
5.4501 0.6701 1.9301 0.3470 0.1649 
5.4801 0.6640 1.9401 0.3907 0.0870 
5.4501 0.6701 1.9301 0.3470 0.1649 
5.4401 0.6627 1.9401 0.3988 0.1925 
5.4801 0.6640 1.9401 0.3907 0.0870 
5.4801 0.6404 1.9201 0.3809 0.0613 
5.4901 0.6693 1.9301 0.3441 0.0651 
5.4901 0.6680 1.9201 0.3133 0.0605 
5.4801 0.6404 1.9201 0.3809 0.0613 
5.4601 0.6409 1.9201 0.3823 0.1084 
5.4501 0.6701 1.9301 0.3470 0.1649 
5.4901 0.6693 1.9301 0.3441 0.0651 
5.4801 0.6404 1.9201 0.3809 0.0613 
5.4501 0.6701 1.9301 0.3470 0.1649 
5.4501 0.6701 1.9301 0.3470 0.1649 
5.4601 0.6409 1.9201 0.3823 0.1084 
5.4401 0.6658 1.9201 0.3243 0.1852 
5.4833 0.6401 1.9101 0.3454 0.0543 
5.4801 0.6404 1.9201 0.3809 0.0613 
5.4901 0.6680 1.9201 0.3133 0.0605 
5.4601 0.6409 1.9201 0.3823 0.1084 
5.4601 0.6620 1.9101 0.2955 0.1201 
5.4401 0.6658 1.9201 0.3243 0.1852 
5.4801 0.6664 1.9001 0.2475 0.0685 
5.4701 0.6415 1.9101 0.3436 0.0773 
5.4901 0.6561 1.9001 0.2696 0.0527 
5.4801 0.6664 1.9001 0.2475 0.0685 
5.4701 0.6394 1.9001 0.3118 0.0705 
5.4701 0.6415 1.9101 0.3436 0.0773 
5.4601 0.6620 1.9101 0.2955 0.1201 
5.4701 0.6415 1.9101 0.3436 0.0773 
5.4501 0.6649 1.9001 0.2542 0.1452 
5.4401 0.6627 1.9401 0.3988 0.1925 
5.4301 0.6692 1.9401 0.3846 0.2252 
5.4401 0.6658 1.9501 0.4237 0.1992 
5.4201 0.6584 1.9401 0.4118 0.2471 
5.4201 0.6706 1.9601 0.4459 0.2617 
5.4301 0.6692 1.9401 0.3846 0.2252 
5.4101 0.6683 1.9401 0.3892 0.2818 
5.4001 0.6660 1.9601 0.4597 0.3152 
5.4201 0.6706 1.9601 0.4459 0.2617 
5.4201 0.6584 1.9401 0.4118 0.2471 
5.4101 0.6683 1.9401 0.3892 0.2818 
5.4201 0.6706 1.9601 0.4459 0.2617 
5.4201 0.6700 1.9301 0.3509 0.2503 
5.4301 0.6692 1.9401 0.3846 0.2252 
5.4401 0.6627 1.9401 0.3988 0.1925 
5.4501 0.6701 1.9301 0.3470 0.1649 
5.4201 0.6700 1.9301 0.3509 0.2503 
5.4401 0.6627 1.9401 0.3988 0.1925 
5.4201 0.6584 1.9401 0.4118 0.2471 
5.4301 0.6692 1.9401 0.3846 0.2252 
5.4201 0.6700 1.9301 0.3509 0.2503 
5.4201 0.6700 1.9301 0.3509 0.2503 
5.4101 0.6683 1.9401 0.3892 0.2818 
5.4201 0.6584 1.9401 0.4118 0.2471 
5.4101 0.6697 1.9001 0.2483 0.2685 
5.4101 0.6683 1.9401 0.3892 0.2818 
5.4201 0.6700 1.9301 0.3509 0.2503 
5.4301 0.6622 1.9201 0.3337 0.2119 
5.4201 0.6700 1.9301 0.3509 0.2503 
5.4501 0.6701 1.9301 0.3470 0.1649 
5.4401 0.6658 1.9201 0.3243 0.1852 
5.4301 0.6622 1.9201 0.3337 0.2119 
5.4501 0.6701 1.9301 0.3470 0.1649 
5.4601 0.6620 1.9101 0.2955 0.1201 
5.4301 0.6653 1.9001 0.2556 0.2049 
5.4401 0.6658 1.9201 0.3243 0.1852 
5.4501 0.6649 1.9001 0.2542 0.1452 
5.4301 0.6653 1.9001 0.2556 0.2049 
5.4601 0.6620 1.9101 0.2955 0.1201 
5.4301 0.6653 1.9001 0.2556 0.2049 
5.4301 0.6622 1.9201 0.3337 0.2119 
5.4401 0.6658 1.9201 0.3243 0.1852 
5.4301 0.6653 1.9001 0.2556 0.2049 
5.4101 0.6697 1.9001 0.2483 0.2685 
5.4301 0.6622 1.9201 0.3337 0.2119 
5.4101 0.6697 1.9001 0.2483 0.2685 
5.4201 0.6700 1.9301 0.3509 0.2503 
5.4301 0.6622 1.9201 0.3337 0.2119 
5.4801 0.6640 1.9401 0.3907 0.0870 
5.4901 0.6615 1.9501 0.4279 0.0690 
5.4901 0.6370 1.9401 0.4574 0.0541 
5.4901 0.6370 1.9401 0.4574 0.0541 
5.4901 0.6693 1.9301 0.3441 0.0651 
5.4801 0.6640 1.9401 0.3907 0.0870 
5.4801 0.6404 1.9201 0.3809 0.0613 
5.4833 0.6401 1.9101 0.3454 0.0543 
5.4701 0.6415 1.9101 0.3436 0.0773 
5.4701 0.6415 1.9101 0.3436 0.0773 
5.4601 0.6620 1.9101 0.2955 0.1201 
5.4601 0.6409 1.9201 0.3823 0.1084 
5.4701 0.6415 1.9101 0.3436 0.0773 
5.4601 0.6409 1.9201 0.3823 0.1084 
5.4801 0.6404 1.9201 0.3809 0.0613 
5.4701 0.6415 1.9101 0.3436 0.0773 
5.4833 0.6401 1.9101 0.3454 0.0543 
5.4901 0.6561 1.9001 0.2696 0.0527 
5.4501 0.6649 1.9001 0.2542 0.1452 
5.4701 0.6415 1.9101 0.3436 0.0773 
5.4701 0.6394 1.9001 0.3118 0.0705 
5.3901 0.6674 1.9901 0.5468 0.3507 
5.3901 0.6432 2.0001 0.6386 0.3431 
5.4001 0.6521 1.9901 0.5848 0.3168 
5.3801 0.6469 2.0001 0.6299 0.3723 
5.3641 0.6501 1.9901 0.5950 0.4164 
5.3701 0.6675 2.0001 0.5773 0.4064 
5.3641 0.6501 1.9901 0.5950 0.4164 
5.3601 0.6599 1.9801 0.5407 0.4293 
5.3601 0.6522 2.0001 0.6184 0.4293 
5.3641 0.6501 1.9901 0.5950 0.4164 
5.3601 0.6522 2.0001 0.6184 0.4293 
5.3701 0.6675 2.0001 0.5773 0.4064 
5.3601 0.6599 1.9801 0.5407 0.4293 
5.3401 0.6489 1.9901 0.6015 0.4839 
5.3601 0.6522 2.0001 0.6184 0.4293 
5.3501 0.6666 2.0001 0.5821 0.4601 
5.3601 0.6522 2.0001 0.6184 0.4293 
5.3401 0.6489 1.9901 0.6015 0.4839 
5.3801 0.6501 1.9801 0.5636 0.3697 
5.4001 0.6521 1.9901 0.5848 0.3168 
5.4001 0.6503 1.9701 0.5302 0.3104 
5.3901 0.6674 1.9901 0.5468 0.3507 
5.4001 0.6521 1.9901 0.5848 0.3168 
5.3801 0.6501 1.9801 0.5636 0.3697 
5.3601 0.6599 1.9801 0.5407 0.4293 
5.3801 0.6401 1.9884 0.6150 0.3675 
5.3801 0.6501 1.9801 0.5636 0.3697 
5.3641 0.6501 1.9901 0.5950 0.4164 
5.3801 0.6401 1.9884 0.6150 0.3675 
5.3601 0.6599 1.9801 0.5407 0.4293 
5.3801 0.6501 1.9801 0.5636 0.3697 
5.3726 0.6601 1.9701 0.5087 0.3926 
5.3601 0.6599 1.9801 0.5407 0.4293 
5.3601 0.6599 1.9801 0.5407 0.4293 
5.3726 0.6601 1.9701 0.5087 0.3926 
5.3701 0.6621 1.9701 0.5038 0.4005 
5.3801 0.6542 1.9701 0.5229 0.3692 
5.3801 0.6501 1.9801 0.5636 0.3697 
5.4001 0.6503 1.9701 0.5302 0.3104 
5.3801 0.6501 1.9801 0.5636 0.3697 
5.3801 0.6542 1.9701 0.5229 0.3692 
5.3801 0.6501 1.9801 0.5636 0.3697 
5.3801 0.6501 1.9801 0.5636 0.3697 
5.3726 0.6601 1.9701 0.5087 0.3926 
5.3801 0.6501 1.9801 0.5636 0.3697 
5.3801 0.6501 1.9801 0.5636 0.3697 
5.3801 0.6542 1.9701 0.5229 0.3692 
5.3726 0.6601 1.9701 0.5087 0.3926 
5.3501 0.6573 1.9701 0.5189 0.4561 
5.3601 0.6599 1.9801 0.5407 0.4293 
5.3701 0.6621 1.9701 0.5038 0.4005 
5.3701 0.6701 1.9601 0.4534 0.4016 
5.3701 0.6701 1.9601 0.4534 0.4016 
5.3701 0.6701 1.9601 0.4534 0.4016 
5.3701 0.6701 1.9601 0.4534 0.4016 
5.3701 0.6701 1.9601 0.4534 0.4016 
5.3701 0.6701 1.9601 0.4534 0.4016 
5.3801 0.6648 1.9601 0.4652 0.3713 
5.3801 0.6542 1.9701 0.5229 0.3692 
5.4001 0.6660 1.9601 0.4597 0.3152 
5.3801 0.6648 1.9601 0.4652 0.3713 
5.3701 0.6701 1.9601 0.4534 0.4016 
5.3701 0.6701 1.9601 0.4534 0.4016 
5.3801 0.6648 1.9601 0.4652 0.3713 
5.3701 0.6701 1.9601 0.4534 0.4016 
5.3701 0.6621 1.9701 0.5038 0.4005 
5.3801 0.6648 1.9601 0.4652 0.3713 
5.3701 0.6621 1.9701 0.5038 0.4005 
5.3726 0.6601 1.9701 0.5087 0.3926 
5.3701 0.6701 1.9601 0.4534 0.4016 
5.3701 0.6621 1.9701 0.5038 0.4005 
5.3701 0.6701 1.9601 0.4534 0.4016 
5.3501 0.6573 1.9701 0.5189 0.4561 
5.3701 0.6621 1.9701 0.5038 0.4005 
5.3401 0.6703 1.9601 0.4567 0.4869 
5.3401 0.6703 1.9601 0.4567 0.4869 
5.3701 0.6621 1.9701 0.5038 0.4005 
5.3701 0.6701 1.9601 0.4534 0.4016 
5.4001 0.6503 1.9701 0.5302 0.3104 
5.4001 0.6660 1.9601 0.4597 0.3152 
5.3801 0.6542 1.9701 0.5229 0.3692 
5.3801 0.6648 1.9601 0.4652 0.3713 
5.3726 0.6601 1.9701 0.5087 0.3926 
5.3801 0.6542 1.9701 0.5229 0.3692 
5.3701 0.6701 1.9601 0.4534 0.4016 
5.3764 0.6701 1.9501 0.4213 0.3821 
5.3701 0.6701 1.9601 0.4534 0.4016 
5.3701 0.6701 1.9601 0.4534 0.4016 
5.3764 0.6701 1.9501 0.4213 0.3821 
5.3601 0.6704 1.9501 0.4226 0.4289 
5.3701 0.6701 1.9601 0.4534 0.4016 
5.3701 0.6701 1.9601 0.4534 0.4016 
5.3601 0.6704 1.9501 0.4226 0.4289 
5.3764 0.6701 1.9501 0.4213 0.3821 
5.3801 0.6648 1.9601 0.4652 0.3713 
5.4001 0.6660 1.9601 0.4597 0.3152 
5.3764 0.6701 1.9501 0.4213 0.3821 
5.3701 0.6701 1.9601 0.4534 0.4016 
5.3801 0.6648 1.9601 0.4652 0.3713 
5.3701 0.6701 1.9601 0.4534 0.4016 
5.3401 0.6698 1.9501 0.4265 0.4866 
5.3401 0.6703 1.9601 0.4567 0.4869 
5.3701 0.6701 1.9601 0.4534 0.4016 
5.3601 0.6704 1.9501 0.4226 0.4289 
5.3401 0.6698 1.9501 0.4265 0.4866 
5.3301 0.6689 2.0001 0.5790 0.5146 
5.3501 0.6666 2.0001 0.5821 0.4601 
5.3301 0.6595 1.9901 0.5750 0.5136 
5.3301 0.6595 1.9901 0.5750 0.5136 
5.3201 0.6493 2.0001 0.6317 0.5402 
5.3301 0.6689 2.0001 0.5790 0.5146 
5.3401 0.6489 1.9901 0.6015 0.4839 
5.3301 0.6595 1.9901 0.5750 0.5136 
5.3501 0.6666 2.0001 0.5821 0.4601 
5.3201 0.6604 1.9901 0.5740 0.5416 
5.3201 0.6493 2.0001 0.6317 0.5402 
5.3301 0.6595 1.9901 0.5750 0.5136 
5.3401 0.6489 1.9901 0.6015 0.4839 
5.3601 0.6599 1.9801 0.5407 0.4293 
5.3374 0.6601 1.9801 0.5432 0.4932 
5.3374 0.6601 1.9801 0.5432 0.4932 
5.3301 0.6595 1.9901 0.5750 0.5136 
5.3401 0.6489 1.9901 0.6015 0.4839 
5.3201 0.6645 1.9701 0.5045 0.5431 
5.3201 0.6604 1.9901 0.5740 0.5416 
5.3301 0.6595 1.9901 0.5750 0.5136 
5.3201 0.6645 1.9701 0.5045 0.5431 
5.3101 0.6332 1.9901 0.6496 0.5687 
5.3201 0.6604 1.9901 0.5740 0.5416 
5.3601 0.6599 1.9801 0.5407 0.4293 
5.3501 0.6573 1.9701 0.5189 0.4561 
5.3374 0.6601 1.9801 0.5432 0.4932 
5.3301 0.6595 1.9901 0.5750 0.5136 
5.3501 0.6573 1.9701 0.5189 0.4561 
5.3301 0.6528 1.9701 0.5332 0.5131 
5.3374 0.6601 1.9801 0.5432 0.4932 
5.3501 0.6573 1.9701 0.5189 0.4561 
5.3301 0.6595 1.9901 0.5750 0.5136 
5.3301 0.6528 1.9701 0.5332 0.5131 
5.3201 0.6645 1.9701 0.5045 0.5431 
5.3301 0.6595 1.9901 0.5750 0.5136 
5.2901 0.6545 1.9701 0.5342 0.6297 
5.3101 0.6332 1.9901 0.6496 0.5687 
5.3201 0.6645 1.9701 0.5045 0.5431 
5.3301 0.6701 1.9501 0.4271 0.5156 
5.3501 0.6573 1.9701 0.5189 0.4561 
5.3401 0.6703 1.9601 0.4567 0.4869 
5.3301 0.6701 1.9501 0.4271 0.5156 
5.3201 0.6701 1.9501 0.4283 0.5447 
5.3201 0.6645 1.9701 0.5045 0.5431 
5.3201 0.6645 1.9701 0.5045 0.5431 
5.2801 0.6616 1.9701 0.5171 0.6581 
5.2901 0.6545 1.9701 0.5342 0.6297 
5.3501 0.6573 1.9701 0.5189 0.4561 
5.3301 0.6701 1.9501 0.4271 0.5156 
5.3301 0.6528 1.9701 0.5332 0.5131 
5.3301 0.6701 1.9501 0.4271 0.5156 
5.3201 0.6645 1.9701 0.5045 0.5431 
5.3301 0.6528 1.9701 0.5332 0.5131 
5.3301 0.6701 1.9501 0.4271 0.5156 
5.3301 0.6701 1.9501 0.4271 0.5156 
5.3301 0.6701 1.9501 0.4271 0.5156 
5.3201 0.6701 1.9501 0.4283 0.5447 
5.3301 0.6701 1.9501 0.4271 0.5156 
5.3201 0.6701 1.9501 0.4283 0.5447 
5.3201 0.6701 1.9501 0.4283 0.5447 
5.3301 0.6701 1.9501 0.4271 0.5156 
5.3301 0.6701 1.9501 0.4271 0.5156 
5.3201 0.6701 1.9501 0.4283 0.5447 
5.3201 0.6701 1.9501 0.4283 0.5447 
5.3201 0.6701 1.9501 0.4283 0.5447 
5.3301 0.6701 1.9501 0.4271 0.5156 
5.3301 0.6701 1.9501 0.4271 0.5156 
5.3401 0.6698 1.9501 0.4265 0.4866 
5.3401 0.6703 1.9601 0.4567 0.4869 
5.3401 0.6698 1.9501 0.4265 0.4866 
5.3301 0.6701 1.9501 0.4271 0.5156 
5.3201 0.6701 1.9501 0.4283 0.5447 
5.3101 0.6669 1.9501 0.4374 0.5738 
5.3201 0.6645 1.9701 0.5045 0.5431 
5.3201 0.6701 1.9501 0.4283 0.5447 
5.3201 0.6701 1.9501 0.4283 0.5447 
5.3101 0.6669 1.9501 0.4374 0.5738 
5.3001 0.6673 1.9501 0.4377 0.6031 
5.2801 0.6616 1.9701 0.5171 0.6581 
5.3201 0.6645 1.9701 0.5045 0.5431 
5.3101 0.6669 1.9501 0.4374 0.5738 
5.3001 0.6673 1.9501 0.4377 0.6031 
5.3201 0.6645 1.9701 0.5045 0.5431 
5.3901 0.6432 2.0001 0.6386 0.3431 
5.3901 0.6674 1.9901 0.5468 0.3507 
5.3808 0.6401 1.9901 0.6199 0.3658 
5.3901 0.6432 2.0001 0.6386 0.3431 
5.3808 0.6401 1.9901 0.6199 0.3658 
5.3801 0.6469 2.0001 0.6299 0.3723 
5.3808 0.6401 1.9901 0.6199 0.3658 
5.3801 0.6401 1.9884 0.6150 0.3675 
5.3641 0.6501 1.9901 0.5950 0.4164 
5.3801 0.6469 2.0001 0.6299 0.3723 
5.3808 0.6401 1.9901 0.6199 0.3658 
5.3641 0.6501 1.9901 0.5950 0.4164 
5.3801 0.6501 1.9801 0.5636 0.3697 
5.3808 0.6401 1.9901 0.6199 0.3658 
5.3901 0.6674 1.9901 0.5468 0.3507 
5.3801 0.6501 1.9801 0.5636 0.3697 
5.3808 0.6401 1.9901 0.6199 0.3658 
5.3801 0.6501 1.9801 0.5636 0.3697 
5.3801 0.6501 1.9801 0.5636 0.3697 
5.3801 0.6401 1.9884 0.6150 0.3675 
5.3808 0.6401 1.9901 0.6199 0.3658 
5.3801 0.6501 1.9801 0.5636 0.3697 
5.3801 0.6401 1.9884 0.6150 0.3675 
5.3801 0.6501 1.9801 0.5636 0.3697 
5.3801 0.6501 1.9801 0.5636 0.3697 
5.3801 0.6501 1.9801 0.5636 0.3697 
5.3801 0.6501 1.9801 0.5636 0.3697 
5.3801 0.6501 1.9801 0.5636 0.3697 
5.3801 0.6501 1.9801 0.5636 0.3697 
5.3801 0.6501 1.9801 0.5636 0.3697 
5.3201 0.6604 1.9901 0.5740 0.5416 
5.3101 0.6332 1.9901 0.6496 0.5687 
5.3201 0.6493 2.0001 0.6317 0.5402 
5.3101 0.6332 1.9901 0.6496 0.5687 
5.3001 0.6555 2.0001 0.6179 0.5963 
5.3201 0.6493 2.0001 0.6317 0.5402 
5.3101 0.6332 1.9901 0.6496 0.5687 
5.3001 0.6346 1.9801 0.6177 0.5995 
5.3001 0.6555 2.0001 0.6179 0.5963 
5.3001 0.6346 1.9801 0.6177 0.5995 
5.3101 0.6332 1.9901 0.6496 0.5687 
5.2901 0.6545 1.9701 0.5342 0.6297 
5.4001 0.6660 1.9601 0.4597 0.3152 
5.4101 0.6683 1.9401 0.3892 0.2818 
5.3901 0.6717 1.9301 0.3504 0.3387 
5.4001 0.6660 1.9601 0.4597 0.3152 
5.3801 0.6651 1.9301 0.3673 0.3654 
5.3764 0.6701 1.9501 0.4213 0.3821 
5.4001 0.6660 1.9601 0.4597 0.3152 
5.3901 0.6717 1.9301 0.3504 0.3387 
5.3801 0.6651 1.9301 0.3673 0.3654 
5.3764 0.6701 1.9501 0.4213 0.3821 
5.3701 0.6701 1.9270 0.3460 0.3964 
5.3601 0.6704 1.9501 0.4226 0.4289 
5.3601 0.6704 1.9501 0.4226 0.4289 
5.3701 0.6701 1.9270 0.3460 0.3964 
5.3501 0.6585 1.9401 0.4207 0.4542 
5.3601 0.6704 1.9501 0.4226 0.4289 
5.3501 0.6585 1.9401 0.4207 0.4542 
5.3401 0.6698 1.9501 0.4265 0.4866 
5.3701 0.6701 1.9270 0.3460 0.3964 
5.3764 0.6701 1.9501 0.4213 0.3821 
5.3801 0.6651 1.9301 0.3673 0.3654 
5.3501 0.6585 1.9401 0.4207 0.4542 
5.3701 0.6701 1.9270 0.3460 0.3964 
5.3501 0.6678 1.9201 0.3304 0.4550 
5.4101 0.6683 1.9401 0.3892 0.2818 
5.4101 0.6697 1.9001 0.2483 0.2685 
5.3901 0.6717 1.9301 0.3504 0.3387 
5.3601 0.6701 1.9201 0.3238 0.4254 
5.3701 0.6701 1.9270 0.3460 0.3964 
5.3601 0.6701 1.9201 0.3238 0.4254 
5.3601 0.6701 1.9201 0.3238 0.4254 
5.3701 0.6701 1.9270 0.3460 0.3964 
5.3701 0.6714 1.9201 0.3197 0.3957 
5.3601 0.6701 1.9201 0.3238 0.4254 
5.3601 0.6701 1.9201 0.3238 0.4254 
5.3601 0.6701 1.9201 0.3238 0.4254 
5.3801 0.6651 1.9301 0.3673 0.3654 
5.3901 0.6717 1.9301 0.3504 0.3387 
5.3701 0.6714 1.9201 0.3197 0.3957 
5.3701 0.6714 1.9201 0.3197 0.3957 
5.3701 0.6701 1.9270 0.3460 0.3964 
5.3801 0.6651 1.9301 0.3673 0.3654 
5.3601 0.6701 1.9201 0.3238 0.4254 
5.3501 0.6678 1.9201 0.3304 0.4550 
5.3701 0.6701 1.9270 0.3460 0.3964 
5.3601 0.6701 1.9201 0.3238 0.4254 
5.3601 0.6701 1.9201 0.3238 0.4254 
5.3501 0.6678 1.9201 0.3304 0.4550 
5.3601 0.6701 1.9201 0.3238 0.4254 
5.3701 0.6714 1.9201 0.3197 0.3957 
5.3601 0.6701 1.9201 0.3238 0.4254 
5.3601 0.6701 1.9201 0.3238 0.4254 
5.3601 0.6701 1.9201 0.3238 0.4254 
5.3601 0.6701 1.9201 0.3238 0.4254 
5.3701 0.6714 1.9201 0.3197 0.3957 
5.3901 0.6717 1.9301 0.3504 0.3387 
5.3801 0.6637 1.9101 0.3012 0.3604 
5.3701 0.6714 1.9201 0.3197 0.3957 
5.3601 0.6690 1.9101 0.2915 0.4238 
5.3601 0.6701 1.9201 0.3238 0.4254 
5.3601 0.6701 1.9201 0.3238 0.4254 
5.3601 0.6690 1.9101 0.2915 0.4238 
5.3501 0.6678 1.9201 0.3304 0.4550 
5.3601 0.6701 1.9201 0.3238 0.4254 
5.3601 0.6701 1.9201 0.3238 0.4254 
5.3601 0.6690 1.9101 0.2915 0.4238 
5.3901 0.6701 1.9001 0.2497 0.3300 
5.3901 0.6717 1.9301 0.3504 0.3387 
5.4101 0.6697 1.9001 0.2483 0.2685 
5.3801 0.6637 1.9101 0.3012 0.3604 
5.3901 0.6701 1.9001 0.2497 0.3300 
5.3701 0.6691 1.8901 0.2176 0.3896 
5.3901 0.6717 1.9301 0.3504 0.3387 
5.3901 0.6701 1.9001 0.2497 0.3300 
5.3801 0.6637 1.9101 0.3012 0.3604 
5.3601 0.6690 1.9101 0.2915 0.4238 
5.3701 0.6714 1.9201 0.3197 0.3957 
5.3801 0.6637 1.9101 0.3012 0.3604 
5.3701 0.6691 1.8901 0.2176 0.3896 
5.3601 0.6690 1.9101 0.2915 0.4238 
5.3801 0.6637 1.9101 0.3012 0.3604 
5.3301 0.6701 1.9501 0.4271 0.5156 
5.3301 0.6701 1.9501 0.4271 0.5156 
5.3301 0.6701 1.9501 0.4271 0.5156 
5.3201 0.6701 1.9501 0.4283 0.5447 
5.3301 0.6701 1.9501 0.4271 0.5156 
5.3201 0.6701 1.9501 0.4283 0.5447 
5.3201 0.6701 1.9501 0.4283 0.5447 
5.3301 0.6701 1.9501 0.4271 0.5156 
5.3301 0.6701 1.9501 0.4271 0.5156 
5.3201 0.6701 1.9501 0.4283 0.5447 
5.3201 0.6701 1.9501 0.4283 0.5447 
5.3201 0.6701 1.9501 0.4283 0.5447 
5.3301 0.6701 1.9501 0.4271 0.5156 
5.3401 0.6698 1.9501 0.4265 0.4866 
5.3201 0.6649 1.9401 0.4087 0.5450 
5.3301 0.6701 1.9501 0.4271 0.5156 
5.3301 0.6701 1.9501 0.4271 0.5156 
5.3401 0.6698 1.9501 0.4265 0.4866 
5.3301 0.6701 1.9501 0.4271 0.5156 
5.3201 0.6649 1.9401 0.4087 0.5450 
5.3201 0.6701 1.9501 0.4283 0.5447 
5.3101 0.6669 1.9501 0.4374 0.5738 
5.3201 0.6649 1.9401 0.4087 0.5450 
5.3001 0.6679 1.9301 0.3705 0.6063 
5.3201 0.6701 1.9501 0.4283 0.5447 
5.3201 0.6649 1.9401 0.4087 0.5450 
5.3101 0.6669 1.9501 0.4374 0.5738 
5.3201 0.6701 1.9501 0.4283 0.5447 
5.3201 0.6701 1.9501 0.4283 0.5447 
5.3201 0.6649 1.9401 0.4087 0.5450 
5.3001 0.6679 1.9301 0.3705 0.6063 
5.3001 0.6673 1.9501 0.4377 0.6031 
5.3101 0.6669 1.9501 0.4374 0.5738 
5.3501 0.6678 1.9201 0.3304 0.4550 
5.3401 0.6698 1.9501 0.4265 0.4866 
5.3501 0.6585 1.9401 0.4207 0.4542 
5.3401 0.6698 1.9501 0.4265 0.4866 
5.3301 0.6701 1.9197 0.3261 0.5163 
5.3201 0.6649 1.9401 0.4087 0.5450 
5.3301 0.6701 1.9197 0.3261 0.5163 
5.3101 0.6697 1.9201 0.3309 0.5772 
5.3201 0.6649 1.9401 0.4087 0.5450 
5.3401 0.6698 1.9501 0.4265 0.4866 
5.3501 0.6678 1.9201 0.3304 0.4550 
5.3301 0.6701 1.9197 0.3261 0.5163 
5.3101 0.6697 1.9201 0.3309 0.5772 
5.3001 0.6679 1.9301 0.3705 0.6063 
5.3201 0.6649 1.9401 0.4087 0.5450 
5.3401 0.6672 1.9001 0.2619 0.4848 
5.3301 0.6701 1.9197 0.3261 0.5163 
5.3501 0.6678 1.9201 0.3304 0.4550 
5.3401 0.6672 1.9001 0.2619 0.4848 
5.3301 0.6634 1.9001 0.2717 0.5158 
5.3301 0.6701 1.9197 0.3261 0.5163 
5.3301 0.6634 1.9001 0.2717 0.5158 
5.3201 0.6413 1.9001 0.3268 0.5458 
5.3301 0.6701 1.9197 0.3261 0.5163 
5.3401 0.6672 1.9001 0.2619 0.4848 
5.3501 0.6678 1.9201 0.3304 0.4550 
5.3601 0.6690 1.9101 0.2915 0.4238 
5.3201 0.6413 1.9001 0.3268 0.5458 
5.3101 0.6697 1.9201 0.3309 0.5772 
5.3301 0.6701 1.9197 0.3261 0.5163 
5.3201 0.6413 1.9001 0.3268 0.5458 
5.3001 0.6375 1.9001 0.3391 0.6129 
5.3101 0.6697 1.9201 0.3309 0.5772 
5.4501 0.6701 1.8901 0.2068 0.1439 
5.4501 0.6701 1.8901 0.2068 0.1439 
5.4501 0.6701 1.8901 0.2068 0.1439 
5.4701 0.6394 1.9001 0.3118 0.0705 
5.4801 0.6664 1.9001 0.2475 0.0685 
5.4601 0.6696 1.8901 0.2068 0.1149 
5.4601 0.6696 1.8901 0.2068 0.1149 
5.4501 0.6701 1.8901 0.2068 0.1439 
5.4501 0.6701 1.8901 0.2068 0.1439 
5.4601 0.6696 1.8901 0.2068 0.1149 
5.4501 0.6701 1.8901 0.2068 0.1439 
5.4501 0.6649 1.9001 0.2542 0.1452 
5.4701 0.6394 1.9001 0.3118 0.0705 
5.4601 0.6696 1.8901 0.2068 0.1149 
5.4501 0.6649 1.9001 0.2542 0.1452 
5.4501 0.6701 1.8901 0.2068 0.1439 
5.4501 0.6701 1.8901 0.2068 0.1439 
5.4501 0.6701 1.8901 0.2068 0.1439 
5.4701 0.6639 1.8801 0.1809 0.0782 
5.4601 0.6696 1.8901 0.2068 0.1149 
5.4801 0.6664 1.9001 0.2475 0.0685 
5.4601 0.6696 1.8901 0.2068 0.1149 
5.4501 0.6701 1.8901 0.2068 0.1439 
5.4501 0.6701 1.8901 0.2068 0.1439 
5.4701 0.6639 1.8801 0.1809 0.0782 
5.4601 0.6381 1.8801 0.2392 0.0822 
5.4601 0.6696 1.8901 0.2068 0.1149 
5.4601 0.6696 1.8901 0.2068 0.1149 
5.4601 0.6381 1.8801 0.2392 0.0822 
5.4501 0.6701 1.8901 0.2068 0.1439 
5.4701 0.6717 1.8501 0.0765 0.0682 
5.4601 0.6721 1.8601 0.0985 0.0993 
5.4701 0.6388 1.8701 0.1967 0.0570 
5.4601 0.6721 1.8601 0.0985 0.0993 
5.4501 0.6661 1.8601 0.1080 0.1230 
5.4501 0.6418 1.8701 0.1923 0.1074 
5.4501 0.6676 1.8501 0.0802 0.1182 
5.4601 0.6721 1.8601 0.0985 0.0993 
5.4701 0.6717 1.8501 0.0765 0.0682 
5.4501 0.6661 1.8601 0.1080 0.1230 
5.4601 0.6721 1.8601 0.0985 0.0993 
5.4501 0.6676 1.8501 0.0802 0.1182 
5.4501 0.6701 1.8901 0.2068 0.1439 
5.4501 0.6701 1.8901 0.2068 0.1439 
5.4501 0.6701 1.8901 0.2068 0.1439 
5.4201 0.6692 1.8901 0.2119 0.2335 
5.4101 0.6697 1.9001 0.2483 0.2685 
5.4301 0.6653 1.9001 0.2556 0.2049 
5.4501 0.6649 1.9001 0.2542 0.1452 
5.4401 0.6646 1.8901 0.2196 0.1691 
5.4301 0.6653 1.9001 0.2556 0.2049 
5.4501 0.6701 1.8901 0.2068 0.1439 
5.4401 0.6646 1.8901 0.2196 0.1691 
5.4501 0.6649 1.9001 0.2542 0.1452 
5.4501 0.6701 1.8901 0.2068 0.1439 
5.4501 0.6701 1.8901 0.2068 0.1439 
5.4401 0.6646 1.8901 0.2196 0.1691 
5.4201 0.6692 1.8901 0.2119 0.2335 
5.4301 0.6653 1.9001 0.2556 0.2049 
5.4401 0.6646 1.8901 0.2196 0.1691 
5.4101 0.6697 1.9001 0.2483 0.2685 
5.4201 0.6692 1.8901 0.2119 0.2335 
5.4101 0.6715 1.8701 0.1361 0.2578 
5.4064 0.6601 1.8901 0.2333 0.2704 
5.3901 0.6701 1.9001 0.2497 0.3300 
5.4101 0.6697 1.9001 0.2483 0.2685 
5.4064 0.6601 1.8901 0.2333 0.2704 
5.4101 0.6697 1.9001 0.2483 0.2685 
5.4101 0.6715 1.8701 0.1361 0.2578 
5.4501 0.6701 1.8901 0.2068 0.1439 
5.4501 0.6701 1.8901 0.2068 0.1439 
5.4501 0.6701 1.8901 0.2068 0.1439 
5.4101 0.6715 1.8701 0.1361 0.2578 
5.4201 0.6692 1.8901 0.2119 0.2335 
5.4201 0.6725 1.8701 0.1333 0.2268 
5.4401 0.6646 1.8901 0.2196 0.1691 
5.4501 0.6701 1.8901 0.2068 0.1439 
5.4501 0.6701 1.8901 0.2068 0.1439 
5.4401 0.6646 1.8801 0.1826 0.1637 
5.4401 0.6646 1.8901 0.2196 0.1691 
5.4501 0.6701 1.8901 0.2068 0.1439 
5.4201 0.6725 1.8701 0.1333 0.2268 
5.4401 0.6646 1.8901 0.2196 0.1691 
5.4401 0.6646 1.8801 0.1826 0.1637 
5.4201 0.6692 1.8901 0.2119 0.2335 
5.4401 0.6646 1.8901 0.2196 0.1691 
5.4201 0.6725 1.8701 0.1333 0.2268 
5.4101 0.6715 1.8701 0.1361 0.2578 
5.4001 0.6652 1.8701 0.1487 0.2861 
5.4064 0.6601 1.8901 0.2333 0.2704 
5.4501 0.6701 1.8901 0.2068 0.1439 
5.4601 0.6381 1.8801 0.2392 0.0822 
5.4401 0.6646 1.8801 0.1826 0.1637 
5.4501 0.6661 1.8601 0.1080 0.1230 
5.4201 0.6711 1.8501 0.0787 0.2163 
5.4201 0.6725 1.8701 0.1333 0.2268 
5.4101 0.6715 1.8701 0.1361 0.2578 
5.4201 0.6725 1.8701 0.1333 0.2268 
5.4201 0.6711 1.8501 0.0787 0.2163 
5.4501 0.6661 1.8601 0.1080 0.1230 
5.4201 0.6725 1.8701 0.1333 0.2268 
5.4401 0.6646 1.8801 0.1826 0.1637 
5.4101 0.6715 1.8701 0.1361 0.2578 
5.4001 0.6427 1.8601 0.1564 0.2675 
5.4001 0.6652 1.8701 0.1487 0.2861 
5.4501 0.6418 1.8701 0.1923 0.1074 
5.4501 0.6661 1.8601 0.1080 0.1230 
5.4401 0.6646 1.8801 0.1826 0.1637 
5.4501 0.6676 1.8501 0.0802 0.1182 
5.4201 0.6711 1.8501 0.0787 0.2163 
5.4501 0.6661 1.8601 0.1080 0.1230 
5.4201 0.6711 1.8501 0.0787 0.2163 
5.4001 0.6427 1.8601 0.1564 0.2675 
5.4101 0.6715 1.8701 0.1361 0.2578 
5.4701 0.6388 1.8701 0.1967 0.0570 
5.4601 0.6381 1.8801 0.2392 0.0822 
5.4701 0.6639 1.8801 0.1809 0.0782 
5.4601 0.6381 1.8801 0.2392 0.0822 
5.4701 0.6388 1.8701 0.1967 0.0570 
5.4501 0.6418 1.8701 0.1923 0.1074 
5.4701 0.6388 1.8701 0.1967 0.0570 
5.4601 0.6721 1.8601 0.0985 0.0993 
5.4501 0.6418 1.8701 0.1923 0.1074 
5.4064 0.6601 1.8901 0.2333 0.2704 
5.3942 0.6601 1.8901 0.2347 0.3088 
5.3901 0.6701 1.9001 0.2497 0.3300 
5.4064 0.6601 1.8901 0.2333 0.2704 
5.4001 0.6652 1.8701 0.1487 0.2861 
5.3942 0.6601 1.8901 0.2347 0.3088 
5.4501 0.6418 1.8701 0.1923 0.1074 
5.4401 0.6646 1.8801 0.1826 0.1637 
5.4601 0.6381 1.8801 0.2392 0.0822 
5.4701 0.6717 1.8501 0.0765 0.0682 
5.4401 0.6431 1.8401 0.0836 0.1204 
5.4501 0.6676 1.8501 0.0802 0.1182 
5.4501 0.6676 1.8501 0.0802 0.1182 
5.4401 0.6431 1.8401 0.0836 0.1204 
5.4201 0.6711 1.8501 0.0787 0.2163 
5.4201 0.6711 1.8501 0.0787 0.2163 
5.4401 0.6431 1.8401 0.0836 0.1204 
5.4101 0.6441 1.8401 0.0843 0.2242 
5.4101 0.6441 1.8401 0.0843 0.2242 
5.4001 0.6427 1.8601 0.1564 0.2675 
5.4201 0.6711 1.8501 0.0787 0.2163 
5.3601 0.6428 1.8901 0.2794 0.4122 
5.3601 0.6690 1.9101 0.2915 0.4238 
5.3701 0.6691 1.8901 0.2176 0.3896 
5.3601 0.6690 1.9101 0.2915 0.4238 
5.3601 0.6428 1.8901 0.2794 0.4122 
5.3501 0.6689 1.8801 0.1835 0.4521 
5.3901 0.6701 1.9001 0.2497 0.3300 
5.3901 0.6683 1.8701 0.1438 0.3203 
5.3801 0.6708 1.8801 0.1764 0.3564 
5.3901 0.6701 1.9001 0.2497 0.3300 
5.3801 0.6708 1.8801 0.1764 0.3564 
5.3701 0.6691 1.8901 0.2176 0.3896 
5.3942 0.6601 1.8901 0.2347 0.3088 
5.3901 0.6683 1.8701 0.1438 0.3203 
5.3901 0.6701 1.9001 0.2497 0.3300 
5.4001 0.6652 1.8701 0.1487 0.2861 
5.3901 0.6683 1.8701 0.1438 0.3203 
5.3942 0.6601 1.8901 0.2347 0.3088 
5.3801 0.6708 1.8801 0.1764 0.3564 
5.3601 0.6428 1.8901 0.2794 0.4122 
5.3701 0.6691 1.8901 0.2176 0.3896 
5.3501 0.6689 1.8801 0.1835 0.4521 
5.3601 0.6428 1.8901 0.2794 0.4122 
5.3601 0.6412 1.8801 0.2442 0.4100 
5.3801 0.6708 1.8801 0.1764 0.3564 
5.3901 0.6683 1.8701 0.1438 0.3203 
5.3801 0.6405 1.8701 0.2033 0.3389 
5.3601 0.6428 1.8901 0.2794 0.4122 
5.3801 0.6708 1.8801 0.1764 0.3564 
5.3801 0.6405 1.8701 0.2033 0.3389 
5.3601 0.6412 1.8801 0.2442 0.4100 
5.3501 0.6425 1.8701 0.2024 0.4436 
5.3501 0.6689 1.8801 0.1835 0.4521 
5.4001 0.6427 1.8601 0.1564 0.2675 
5.3901 0.6450 1.8601 0.1527 0.3036 
5.3901 0.6683 1.8701 0.1438 0.3203 
5.4001 0.6652 1.8701 0.1487 0.2861 
5.4001 0.6427 1.8601 0.1564 0.2675 
5.3901 0.6683 1.8701 0.1438 0.3203 
5.3901 0.6450 1.8601 0.1527 0.3036 
5.3801 0.6694 1.8601 0.1087 0.3507 
5.3801 0.6405 1.8701 0.2033 0.3389 
5.3801 0.6405 1.8701 0.2033 0.3389 
5.3801 0.6694 1.8601 0.1087 0.3507 
5.3701 0.6400 1.8701 0.2058 0.3732 
5.3801 0.6694 1.8601 0.1087 0.3507 
5.3601 0.6429 1.8601 0.1603 0.4073 
5.3701 0.6400 1.8701 0.2058 0.3732 
5.3901 0.6450 1.8601 0.1527 0.3036 
5.3801 0.6438 1.8501 0.1182 0.3346 
5.3801 0.6694 1.8601 0.1087 0.3507 
5.3801 0.6438 1.8501 0.1182 0.3346 
5.3601 0.6429 1.8601 0.1603 0.4073 
5.3801 0.6694 1.8601 0.1087 0.3507 
5.3501 0.6689 1.8801 0.1835 0.4521 
5.3401 0.6672 1.9001 0.2619 0.4848 
5.3601 0.6690 1.9101 0.2915 0.4238 
5.3301 0.6634 1.9001 0.2717 0.5158 
5.3401 0.6672 1.9001 0.2619 0.4848 
5.3201 0.6688 1.8901 0.2240 0.5488 
5.3201 0.6413 1.9001 0.3268 0.5458 
5.3301 0.6634 1.9001 0.2717 0.5158 
5.3201 0.6688 1.8901 0.2240 0.5488 
5.3201 0.6688 1.8901 0.2240 0.5488 
5.3001 0.6673 1.8901 0.2295 0.6132 
5.3001 0.6375 1.9001 0.3391 0.6129 
5.3501 0.6689 1.8801 0.1835 0.4521 
5.3301 0.6699 1.8801 0.1835 0.5171 
5.3401 0.6672 1.9001 0.2619 0.4848 
5.3301 0.6699 1.8801 0.1835 0.5171 
5.3201 0.6688 1.8901 0.2240 0.5488 
5.3401 0.6672 1.9001 0.2619 0.4848 
5.3001 0.6660 1.8701 0.1574 0.6171 
5.3001 0.6673 1.8901 0.2295 0.6132 
5.3201 0.6688 1.8901 0.2240 0.5488 
5.3301 0.6699 1.8801 0.1835 0.5171 
5.3001 0.6660 1.8701 0.1574 0.6171 
5.3201 0.6688 1.8901 0.2240 0.5488 
5.3201 0.6609 1.8701 0.1656 0.5498 
5.3001 0.6660 1.8701 0.1574 0.6171 
5.3301 0.6699 1.8801 0.1835 0.5171 
5.3501 0.6425 1.8701 0.2024 0.4436 
5.3301 0.6409 1.8701 0.2084 0.5130 
5.3301 0.6699 1.8801 0.1835 0.5171 
5.3501 0.6689 1.8801 0.1835 0.4521 
5.3501 0.6425 1.8701 0.2024 0.4436 
5.3301 0.6699 1.8801 0.1835 0.5171 
5.3301 0.6699 1.8801 0.1835 0.5171 
5.3301 0.6409 1.8701 0.2084 0.5130 
5.3201 0.6609 1.8701 0.1656 0.5498 
5.3101 0.6669 1.8601 0.1186 0.5850 
5.3001 0.6660 1.8701 0.1574 0.6171 
5.3201 0.6609 1.8701 0.1656 0.5498 
5.3101 0.6669 1.8601 0.1186 0.5850 
5.2901 0.6650 1.8601 0.1238 0.6534 
5.3001 0.6660 1.8701 0.1574 0.6171 
5.3101 0.6669 1.8601 0.1186 0.5850 
5.3201 0.6609 1.8701 0.1656 0.5498 
5.3301 0.6434 1.8501 0.1238 0.5138 
5.3201 0.6446 1.8501 0.1225 0.5502 
5.3101 0.6669 1.8601 0.1186 0.5850 
5.3301 0.6434 1.8501 0.1238 0.5138 
5.3101 0.6669 1.8601 0.1186 0.5850 
5.3201 0.6446 1.8501 0.1225 0.5502 
5.2901 0.6650 1.8601 0.1238 0.6534 
5.3801 0.6405 1.8701 0.2033 0.3389 
5.3701 0.6400 1.8701 0.2058 0.3732 
5.3601 0.6428 1.8901 0.2794 0.4122 
5.3601 0.6412 1.8801 0.2442 0.4100 
5.3601 0.6428 1.8901 0.2794 0.4122 
5.3701 0.6400 1.8701 0.2058 0.3732 
5.3501 0.6425 1.8701 0.2024 0.4436 
5.3601 0.6412 1.8801 0.2442 0.4100 
5.3601 0.6429 1.8601 0.1603 0.4073 
5.3701 0.6400 1.8701 0.2058 0.3732 
5.3601 0.6429 1.8601 0.1603 0.4073 
5.3601 0.6412 1.8801 0.2442 0.4100 
5.3901 0.6683 1.8701 0.1438 0.3203 
5.3901 0.6450 1.8601 0.1527 0.3036 
5.3801 0.6405 1.8701 0.2033 0.3389 
5.3001 0.6375 1.9001 0.3391 0.6129 
5.3201 0.6413 1.9001 0.3268 0.5458 
5.3201 0.6688 1.8901 0.2240 0.5488 
5.3301 0.6434 1.8501 0.1238 0.5138 
5.3301 0.6409 1.8701 0.2084 0.5130 
5.3501 0.6425 1.8701 0.2024 0.4436 
5.3301 0.6434 1.8501 0.1238 0.5138 
5.3201 0.6609 1.8701 0.1656 0.5498 
5.3301 0.6409 1.8701 0.2084 0.5130 
5.3401 0.6433 1.8301 0.0734 0.4767 
5.3501 0.6425 1.8701 0.2024 0.4436 
5.3601 0.6429 1.8601 0.1603 0.4073 
5.3401 0.6433 1.8301 0.0734 0.4767 
5.3301 0.6434 1.8501 0.1238 0.5138 
5.3501 0.6425 1.8701 0.2024 0.4436 
5.3401 0.6433 1.8301 0.0734 0.4767 
5.3601 0.6429 1.8601 0.1603 0.4073 
5.3801 0.6438 1.8501 0.1182 0.3346 
5.2701 0.6502 1.9901 0.6078 0.6836 
5.2901 0.6597 2.0101 0.6357 0.6222 
5.3001 0.6555 2.0001 0.6179 0.5963 
5.2801 0.6616 1.9701 0.5171 0.6581 
5.2801 0.6389 1.9801 0.6086 0.6586 
5.2901 0.6545 1.9701 0.5342 0.6297 
5.2601 0.6643 1.9601 0.4821 0.7187 
5.2801 0.6389 1.9801 0.6086 0.6586 
5.2801 0.6616 1.9701 0.5171 0.6581 
5.2501 0.6341 1.9901 0.6560 0.7456 
5.2601 0.6643 1.9601 0.4821 0.7187 
5.2501 0.6601 1.9654 0.5105 0.7473 
5.2501 0.6601 1.9654 0.5105 0.7473 
5.2601 0.6643 1.9601 0.4821 0.7187 
5.2501 0.6649 1.9601 0.4819 0.7479 
5.2801 0.6616 1.9401 0.4219 0.6653 
5.2601 0.6643 1.9601 0.4821 0.7187 
5.2801 0.6616 1.9701 0.5171 0.6581 
5.3001 0.6673 1.9501 0.4377 0.6031 
5.2801 0.6616 1.9401 0.4219 0.6653 
5.2801 0.6616 1.9701 0.5171 0.6581 
5.2601 0.6643 1.9601 0.4821 0.7187 
5.2601 0.6566 1.9501 0.4701 0.7239 
5.2501 0.6649 1.9601 0.4819 0.7479 
5.2401 0.6501 2.0001 0.6409 0.7661 
5.2501 0.6522 2.0001 0.6337 0.7372 
5.2401 0.6501 2.0001 0.6409 0.7661 
5.2401 0.6501 2.0001 0.6409 0.7661 
5.2401 0.6501 2.0001 0.6409 0.7661 
5.2401 0.6501 2.0001 0.6409 0.7661 
5.2201 0.6481 1.9801 0.5916 0.8337 
5.2101 0.6486 2.0001 0.6495 0.8525 
5.2201 0.6589 1.9901 0.5915 0.8243 
5.2401 0.6601 1.9601 0.4955 0.7789 
5.2501 0.6601 1.9654 0.5105 0.7473 
5.2401 0.6601 1.9601 0.4955 0.7789 
5.2401 0.6601 1.9601 0.4955 0.7789 
5.2501 0.6601 1.9654 0.5105 0.7473 
5.2501 0.6649 1.9601 0.4819 0.7479 
5.2401 0.6601 1.9601 0.4955 0.7789 
5.2401 0.6601 1.9601 0.4955 0.7789 
5.2401 0.6601 1.9601 0.4955 0.7789 
5.2301 0.6568 1.9601 0.5056 0.8100 
5.2401 0.6601 1.9601 0.4955 0.7789 
5.2401 0.6601 1.9601 0.4955 0.7789 
5.2301 0.6568 1.9601 0.5056 0.8100 
5.2101 0.6517 1.9601 0.5218 0.8727 
5.2201 0.6580 1.9701 0.5346 0.8343 
5.2401 0.6601 1.9601 0.4955 0.7789 
5.2501 0.6649 1.9601 0.4819 0.7479 
5.2401 0.6601 1.9601 0.4955 0.7789 
5.2401 0.6601 1.9601 0.4955 0.7789 
5.2401 0.6601 1.9601 0.4955 0.7789 
5.2401 0.6601 1.9601 0.4955 0.7789 
5.2501 0.6649 1.9601 0.4819 0.7479 
5.2401 0.6554 1.9501 0.4759 0.7849 
5.2401 0.6601 1.9601 0.4955 0.7789 
5.2301 0.6568 1.9601 0.5056 0.8100 
5.2401 0.6554 1.9501 0.4759 0.7849 
5.2301 0.6504 1.9501 0.4905 0.8175 
5.2401 0.6601 1.9601 0.4955 0.7789 
5.2401 0.6554 1.9501 0.4759 0.7849 
5.2301 0.6568 1.9601 0.5056 0.8100 
5.2401 0.6601 1.9601 0.4955 0.7789 
5.2401 0.6601 1.9601 0.4955 0.7789 
5.2401 0.6554 1.9501 0.4759 0.7849 
5.2301 0.6504 1.9501 0.4905 0.8175 
5.2101 0.6517 1.9601 0.5218 0.8727 
5.2301 0.6568 1.9601 0.5056 0.8100 
5.2301 0.6504 1.9501 0.4905 0.8175 
5.2001 0.6578 1.9501 0.4751 0.9057 
5.2101 0.6517 1.9601 0.5218 0.8727 
5.2901 0.6597 2.0101 0.6357 0.6222 
5.2701 0.6502 1.9901 0.6078 0.6836 
5.2601 0.6346 1.9901 0.6532 0.7159 
5.2601 0.6346 1.9901 0.6532 0.7159 
5.2501 0.6341 1.9901 0.6560 0.7456 
5.2501 0.6522 2.0001 0.6337 0.7372 
5.2801 0.6389 1.9801 0.6086 0.6586 
5.3001 0.6555 2.0001 0.6179 0.5963 
5.3001 0.6346 1.9801 0.6177 0.5995 
5.3001 0.6555 2.0001 0.6179 0.5963 
5.2801 0.6389 1.9801 0.6086 0.6586 
5.2701 0.6502 1.9901 0.6078 0.6836 
5.2801 0.6389 1.9801 0.6086 0.6586 
5.2601 0.6346 1.9901 0.6532 0.7159 
5.2701 0.6502 1.9901 0.6078 0.6836 
5.2601 0.6346 1.9901 0.6532 0.7159 
5.2801 0.6389 1.9801 0.6086 0.6586 
5.2501 0.6341 1.9901 0.6560 0.7456 
5.3001 0.6346 1.9801 0.6177 0.5995 
5.2901 0.6545 1.9701 0.5342 0.6297 
5.2801 0.6389 1.9801 0.6086 0.6586 
5.2801 0.6389 1.9801 0.6086 0.6586 
5.2601 0.6643 1.9601 0.4821 0.7187 
5.2501 0.6341 1.9901 0.6560 0.7456 
5.2501 0.6341 1.9901 0.6560 0.7456 
5.2401 0.6346 1.9901 0.6561 0.7752 
5.2401 0.6501 2.0001 0.6409 0.7661 
5.2501 0.6522 2.0001 0.6337 0.7372 
5.2501 0.6341 1.9901 0.6560 0.7456 
5.2401 0.6501 2.0001 0.6409 0.7661 
5.2401 0.6346 1.9901 0.6561 0.7752 
5.2201 0.6589 1.9901 0.5915 0.8243 
5.2301 0.6462 2.0001 0.6532 0.7961 
5.2401 0.6501 2.0001 0.6409 0.7661 
5.2301 0.6462 2.0001 0.6532 0.7961 
5.2401 0.6501 2.0001 0.6409 0.7661 
5.2401 0.6501 2.0001 0.6409 0.7661 
5.2401 0.6346 1.9901 0.6561 0.7752 
5.2301 0.6462 2.0001 0.6532 0.7961 
5.2301 0.6462 2.0001 0.6532 0.7961 
5.2201 0.6589 1.9901 0.5915 0.8243 
5.2101 0.6486 2.0001 0.6495 0.8525 
5.2001 0.6467 1.9801 0.5983 0.8938 
5.1901 0.6590 2.0101 0.6513 0.8986 
5.2101 0.6486 2.0001 0.6495 0.8525 
5.2301 0.6354 1.9801 0.6258 0.8093 
5.2201 0.6589 1.9901 0.5915 0.8243 
5.2401 0.6346 1.9901 0.6561 0.7752 
5.2301 0.6354 1.9801 0.6258 0.8093 
5.2201 0.6481 1.9801 0.5916 0.8337 
5.2201 0.6589 1.9901 0.5915 0.8243 
5.2101 0.6486 2.0001 0.6495 0.8525 
5.2201 0.6481 1.9801 0.5916 0.8337 
5.2001 0.6467 1.9801 0.5983 0.8938 
5.2501 0.6341 1.9901 0.6560 0.7456 
5.2401 0.6369 1.9701 0.5897 0.7829 
5.2401 0.6346 1.9901 0.6561 0.7752 
5.2301 0.6354 1.9801 0.6258 0.8093 
5.2401 0.6346 1.9901 0.6561 0.7752 
5.2401 0.6369 1.9701 0.5897 0.7829 
5.2501 0.6341 1.9901 0.6560 0.7456 
5.2501 0.6601 1.9654 0.5105 0.7473 
5.2401 0.6369 1.9701 0.5897 0.7829 
5.2201 0.6481 1.9801 0.5916 0.8337 
5.2301 0.6354 1.9801 0.6258 0.8093 
5.2201 0.6580 1.9701 0.5346 0.8343 
5.2201 0.6481 1.9801 0.5916 0.8337 
5.2201 0.6580 1.9701 0.5346 0.8343 
5.2001 0.6344 1.9701 0.6029 0.9070 
5.2201 0.6481 1.9801 0.5916 0.8337 
5.2001 0.6344 1.9701 0.6029 0.9070 
5.2001 0.6467 1.9801 0.5983 0.8938 
5.2401 0.6369 1.9701 0.5897 0.7829 
5.2501 0.6601 1.9654 0.5105 0.7473 
5.2401 0.6601 1.9601 0.4955 0.7789 
5.2401 0.6369 1.9701 0.5897 0.7829 
5.2301 0.6568 1.9601 0.5056 0.8100 
5.2301 0.6354 1.9801 0.6258 0.8093 
5.2401 0.6601 1.9601 0.4955 0.7789 
5.2301 0.6568 1.9601 0.5056 0.8100 
5.2401 0.6369 1.9701 0.5897 0.7829 
5.2301 0.6354 1.9801 0.6258 0.8093 
5.2301 0.6568 1.9601 0.5056 0.8100 
5.2201 0.6580 1.9701 0.5346 0.8343 
5.2001 0.6344 1.9701 0.6029 0.9070 
5.2201 0.6580 1.9701 0.5346 0.8343 
5.2101 0.6517 1.9601 0.5218 0.8727 
5.2001 0.6578 1.9501 0.4751 0.9057 
5.2001 0.6344 1.9701 0.6029 0.9070 
5.2101 0.6517 1.9601 0.5218 0.8727 
5.2801 0.6616 1.9401 0.4219 0.6653 
5.3001 0.6673 1.9501 0.4377 0.6031 
5.3001 0.6679 1.9301 0.3705 0.6063 
5.2701 0.6644 1.9301 0.3828 0.6981 
5.2601 0.6643 1.9601 0.4821 0.7187 
5.2801 0.6616 1.9401 0.4219 0.6653 
5.2701 0.6644 1.9301 0.3828 0.6981 
5.2601 0.6566 1.9501 0.4701 0.7239 
5.2601 0.6643 1.9601 0.4821 0.7187 
5.2601 0.6491 1.9301 0.4229 0.7330 
5.2601 0.6566 1.9501 0.4701 0.7239 
5.2701 0.6644 1.9301 0.3828 0.6981 
5.3101 0.6697 1.9201 0.3309 0.5772 
5.2801 0.6625 1.9201 0.3519 0.6704 
5.3001 0.6679 1.9301 0.3705 0.6063 
5.3001 0.6679 1.9301 0.3705 0.6063 
5.2801 0.6625 1.9201 0.3519 0.6704 
5.2801 0.6616 1.9401 0.4219 0.6653 
5.2801 0.6625 1.9201 0.3519 0.6704 
5.2701 0.6644 1.9301 0.3828 0.6981 
5.2801 0.6616 1.9401 0.4219 0.6653 
5.2601 0.6491 1.9301 0.4229 0.7330 
5.2701 0.6644 1.9301 0.3828 0.6981 
5.2589 0.6601 1.9201 0.3603 0.7376 
5.2589 0.6601 1.9201 0.3603 0.7376 
5.2501 0.6487 1.9101 0.3542 0.7737 
5.2601 0.6491 1.9301 0.4229 0.7330 
5.2801 0.6579 1.9001 0.2908 0.6768 
5.2801 0.6625 1.9201 0.3519 0.6704 
5.3101 0.6697 1.9201 0.3309 0.5772 
5.2701 0.6628 1.9101 0.3168 0.7049 
5.2701 0.6644 1.9301 0.3828 0.6981 
5.2801 0.6625 1.9201 0.3519 0.6704 
5.2701 0.6628 1.9101 0.3168 0.7049 
5.2589 0.6601 1.9201 0.3603 0.7376 
5.2701 0.6644 1.9301 0.3828 0.6981 
5.2501 0.6487 1.9101 0.3542 0.7737 
5.2589 0.6601 1.9201 0.3603 0.7376 
5.2701 0.6628 1.9101 0.3168 0.7049 
5.2701 0.6628 1.9101 0.3168 0.7049 
5.2801 0.6625 1.9201 0.3519 0.6704 
5.2801 0.6579 1.9001 0.2908 0.6768 
5.2901 0.6683 1.9001 0.2653 0.6431 
5.2801 0.6579 1.9001 0.2908 0.6768 
5.3101 0.6697 1.9201 0.3309 0.5772 
5.3001 0.6375 1.9001 0.3391 0.6129 
5.2901 0.6683 1.9001 0.2653 0.6431 
5.3101 0.6697 1.9201 0.3309 0.5772 
5.2701 0.6628 1.9101 0.3168 0.7049 
5.2801 0.6579 1.9001 0.2908 0.6768 
5.2701 0.6592 1.8901 0.2514 0.7126 
5.2701 0.6592 1.8901 0.2514 0.7126 
5.2501 0.6592 1.9001 0.2913 0.7743 
5.2701 0.6628 1.9101 0.3168 0.7049 
5.2701 0.6628 1.9101 0.3168 0.7049 
5.2501 0.6592 1.9001 0.2913 0.7743 
5.2501 0.6487 1.9101 0.3542 0.7737 
5.2001 0.6578 1.9501 0.4751 0.9057 
5.2201 0.6620 1.9401 0.4289 0.8481 
5.1901 0.6608 1.9401 0.4359 0.9412 
5.2601 0.6566 1.9501 0.4701 0.7239 
5.2401 0.6554 1.9501 0.4759 0.7849 
5.2501 0.6649 1.9601 0.4819 0.7479 
5.2301 0.6407 1.9401 0.4838 0.8270 
5.2301 0.6504 1.9501 0.4905 0.8175 
5.2401 0.6554 1.9501 0.4759 0.7849 
5.2201 0.6620 1.9401 0.4289 0.8481 
5.2301 0.6504 1.9501 0.4905 0.8175 
5.2301 0.6407 1.9401 0.4838 0.8270 
5.2301 0.6504 1.9501 0.4905 0.8175 
5.2201 0.6620 1.9401 0.4289 0.8481 
5.2001 0.6578 1.9501 0.4751 0.9057 
5.1901 0.6608 1.9401 0.4359 0.9412 
5.2201 0.6620 1.9401 0.4289 0.8481 
5.1901 0.6514 1.9301 0.4265 0.9548 
5.2601 0.6491 1.9301 0.4229 0.7330 
5.2401 0.6554 1.9501 0.4759 0.7849 
5.2601 0.6566 1.9501 0.4701 0.7239 
5.2301 0.6578 1.9201 0.3698 0.8296 
5.2401 0.6554 1.9501 0.4759 0.7849 
5.2601 0.6491 1.9301 0.4229 0.7330 
5.2301 0.6578 1.9201 0.3698 0.8296 
5.2301 0.6407 1.9401 0.4838 0.8270 
5.2401 0.6554 1.9501 0.4759 0.7849 
5.2301 0.6578 1.9201 0.3698 0.8296 
5.2201 0.6498 1.9301 0.4265 0.8599 
5.2301 0.6407 1.9401 0.4838 0.8270 
5.2201 0.6620 1.9401 0.4289 0.8481 
5.2301 0.6407 1.9401 0.4838 0.8270 
5.2201 0.6498 1.9301 0.4265 0.8599 
5.2201 0.6498 1.9301 0.4265 0.8599 
5.1901 0.6514 1.9301 0.4265 0.9548 
5.2201 0.6620 1.9401 0.4289 0.8481 
5.2501 0.6487 1.9101 0.3542 0.7737 
5.2301 0.6578 1.9201 0.3698 0.8296 
5.2601 0.6491 1.9301 0.4229 0.7330 
5.2201 0.6417 1.9101 0.3766 0.8766 
5.2201 0.6498 1.9301 0.4265 0.8599 
5.2301 0.6578 1.9201 0.3698 0.8296 
5.2101 0.6693 1.9201 0.3441 0.8868 
5.2201 0.6498 1.9301 0.4265 0.8599 
5.2201 0.6417 1.9101 0.3766 0.8766 
5.1901 0.6514 1.9301 0.4265 0.9548 
5.2201 0.6498 1.9301 0.4265 0.8599 
5.2101 0.6693 1.9201 0.3441 0.8868 
5.2201 0.6417 1.9101 0.3766 0.8766 
5.2301 0.6578 1.9201 0.3698 0.8296 
5.2501 0.6487 1.9101 0.3542 0.7737 
5.2101 0.6601 1.9101 0.3309 0.8985 
5.2101 0.6693 1.9201 0.3441 0.8868 
5.2201 0.6417 1.9101 0.3766 0.8766 
5.2101 0.6601 1.9101 0.3309 0.8985 
5.2201 0.6610 1.9001 0.2909 0.8717 
5.1937 0.6601 1.9001 0.2963 0.9593 
5.2501 0.6592 1.9001 0.2913 0.7743 
5.2401 0.6601 1.9017 0.2965 0.8058 
5.2501 0.6487 1.9101 0.3542 0.7737 
5.2301 0.6501 1.9069 0.3417 0.8406 
5.2501 0.6487 1.9101 0.3542 0.7737 
5.2401 0.6601 1.9017 0.2965 0.8058 
5.2301 0.6601 1.9001 0.2917 0.8394 
5.2301 0.6501 1.9069 0.3417 0.8406 
5.2401 0.6601 1.9017 0.2965 0.8058 
5.2301 0.6601 1.9001 0.2917 0.8394 
5.2401 0.6601 1.9017 0.2965 0.8058 
5.2301 0.6601 1.9001 0.2917 0.8394 
5.2301 0.6601 1.9001 0.2917 0.8394 
5.2201 0.6610 1.9001 0.2909 0.8717 
5.2301 0.6501 1.9069 0.3417 0.8406 
5.2301 0.6601 1.9001 0.2917 0.8394 
5.2301 0.6501 1.9069 0.3417 0.8406 
5.2301 0.6601 1.9001 0.2917 0.8394 
5.2201 0.6417 1.9101 0.3766 0.8766 
5.2201 0.6610 1.9001 0.2909 0.8717 
5.2101 0.6601 1.9101 0.3309 0.8985 
5.2001 0.6435 1.9101 0.3745 0.9425 
5.2101 0.6601 1.9101 0.3309 0.8985 
5.1937 0.6601 1.9001 0.2963 0.9593 
5.2101 0.6601 1.9101 0.3309 0.8985 
5.2001 0.6435 1.9101 0.3745 0.9425 
5.2101 0.6693 1.9201 0.3441 0.8868 
5.2501 0.6487 1.9101 0.3542 0.7737 
5.2301 0.6501 1.9069 0.3417 0.8406 
5.2201 0.6417 1.9101 0.3766 0.8766 
5.2301 0.6501 1.9069 0.3417 0.8406 
5.2201 0.6610 1.9001 0.2909 0.8717 
5.2201 0.6417 1.9101 0.3766 0.8766 
5.2001 0.6467 1.9801 0.5983 0.8938 
5.1901 0.6514 1.9901 0.6160 0.9145 
5.1901 0.6590 2.0101 0.6513 0.8986 
5.1801 0.6396 1.9901 0.6506 0.9512 
5.1801 0.6580 2.0001 0.6279 0.9332 
5.1901 0.6514 1.9901 0.6160 0.9145 
5.1801 0.6396 1.9901 0.6506 0.9512 
5.1701 0.6476 2.0001 0.6580 0.9685 
5.1801 0.6580 2.0001 0.6279 0.9332 
5.1801 0.6396 1.9901 0.6506 0.9512 
5.1701 0.6598 1.9901 0.5960 0.9672 
5.1701 0.6476 2.0001 0.6580 0.9685 
5.1701 0.6598 1.9901 0.5960 0.9672 
5.1801 0.6396 1.9901 0.6506 0.9512 
5.1701 0.6489 1.9801 0.5964 0.9817 
5.1901 0.6477 1.9701 0.5667 0.9294 
5.1801 0.6597 1.9501 0.4729 0.9656 
5.1801 0.6429 1.9601 0.5502 0.9702 
5.2001 0.6467 1.9801 0.5983 0.8938 
5.2001 0.6344 1.9701 0.6029 0.9070 
5.1901 0.6514 1.9901 0.6160 0.9145 
5.2001 0.6344 1.9701 0.6029 0.9070 
5.1801 0.6396 1.9901 0.6506 0.9512 
5.1901 0.6514 1.9901 0.6160 0.9145 
5.1701 0.6489 1.9801 0.5964 0.9817 
5.1801 0.6396 1.9901 0.6506 0.9512 
5.2001 0.6344 1.9701 0.6029 0.9070 
5.2001 0.6344 1.9701 0.6029 0.9070 
5.1901 0.6477 1.9701 0.5667 0.9294 
5.1701 0.6489 1.9801 0.5964 0.9817 
5.2001 0.6578 1.9501 0.4751 0.9057 
5.1901 0.6477 1.9701 0.5667 0.9294 
5.2001 0.6344 1.9701 0.6029 0.9070 
5.2001 0.6578 1.9501 0.4751 0.9057 
5.1901 0.6608 1.9401 0.4359 0.9412 
5.1901 0.6477 1.9701 0.5667 0.9294 
5.1901 0.6477 1.9701 0.5667 0.9294 
5.1901 0.6608 1.9401 0.4359 0.9412 
5.1801 0.6597 1.9501 0.4729 0.9656 
5.1801 0.6601 1.9274 0.3959 0.9822 
5.1801 0.6597 1.9501 0.4729 0.9656 
5.1901 0.6608 1.9401 0.4359 0.9412 
5.1801 0.6601 1.9274 0.3959 0.9822 
5.1901 0.6608 1.9401 0.4359 0.9412 
5.1901 0.6514 1.9301 0.4265 0.9548 
5.2101 0.6693 1.9201 0.3441 0.8868 
5.1901 0.6415 1.9201 0.4178 0.9697 
5.1901 0.6514 1.9301 0.4265 0.9548 
5.1937 0.6601 1.9001 0.2963 0.9593 
5.1901 0.6415 1.9201 0.4178 0.9697 
5.2001 0.6435 1.9101 0.3745 0.9425 
5.1901 0.6415 1.9201 0.4178 0.9697 
5.2101 0.6693 1.9201 0.3441 0.8868 
5.2001 0.6435 1.9101 0.3745 0.9425 
5.3001 0.6673 1.8901 0.2295 0.6132 
5.3001 0.6660 1.8701 0.1574 0.6171 
5.2901 0.6683 1.9001 0.2653 0.6431 
5.3001 0.6673 1.8901 0.2295 0.6132 
5.2901 0.6683 1.9001 0.2653 0.6431 
5.3001 0.6375 1.9001 0.3391 0.6129 
5.2901 0.6683 1.9001 0.2653 0.6431 
5.3001 0.6660 1.8701 0.1574 0.6171 
5.2801 0.6605 1.8901 0.2473 0.6793 
5.2901 0.6683 1.9001 0.2653 0.6431 
5.2801 0.6605 1.8901 0.2473 0.6793 
5.2801 0.6579 1.9001 0.2908 0.6768 
5.2701 0.6592 1.8901 0.2514 0.7126 
5.2601 0.6636 1.8801 0.2047 0.7485 
5.2501 0.6592 1.9001 0.2913 0.7743 
5.2401 0.6647 1.8901 0.2424 0.8098 
5.2501 0.6592 1.9001 0.2913 0.7743 
5.2601 0.6636 1.8801 0.2047 0.7485 
5.2801 0.6605 1.8901 0.2473 0.6793 
5.2701 0.6592 1.8901 0.2514 0.7126 
5.2801 0.6579 1.9001 0.2908 0.6768 
5.3001 0.6660 1.8701 0.1574 0.6171 
5.2901 0.6414 1.8701 0.2121 0.6541 
5.2801 0.6605 1.8901 0.2473 0.6793 
5.2401 0.6647 1.8901 0.2424 0.8098 
5.2601 0.6636 1.8801 0.2047 0.7485 
5.2401 0.6362 1.8801 0.2720 0.8291 
5.2701 0.6592 1.8901 0.2514 0.7126 
5.2601 0.6384 1.8701 0.2230 0.7619 
5.2601 0.6636 1.8801 0.2047 0.7485 
5.2901 0.6414 1.8701 0.2121 0.6541 
5.3001 0.6660 1.8701 0.1574 0.6171 
5.2901 0.6650 1.8601 0.1238 0.6534 
5.2901 0.6414 1.8701 0.2121 0.6541 
5.2901 0.6650 1.8601 0.1238 0.6534 
5.2601 0.6384 1.8701 0.2230 0.7619 
5.2901 0.6650 1.8601 0.1238 0.6534 
5.2501 0.6629 1.8601 0.1317 0.7922 
5.2601 0.6384 1.8701 0.2230 0.7619 
5.2901 0.6650 1.8601 0.1238 0.6534 
5.2501 0.6392 1.8501 0.1404 0.8088 
5.2501 0.6629 1.8601 0.1317 0.7922 
5.2501 0.6592 1.9001 0.2913 0.7743 
5.2401 0.6647 1.8901 0.2424 0.8098 
5.2401 0.6601 1.9017 0.2965 0.8058 
5.2401 0.6601 1.9017 0.2965 0.8058 
5.2401 0.6647 1.8901 0.2424 0.8098 
5.2301 0.6619 1.8901 0.2499 0.8442 
5.2301 0.6601 1.9001 0.2917 0.8394 
5.2401 0.6601 1.9017 0.2965 0.8058 
5.2301 0.6619 1.8901 0.2499 0.8442 
5.2301 0.6601 1.9001 0.2917 0.8394 
5.2301 0.6619 1.8901 0.2499 0.8442 
5.2301 0.6601 1.9001 0.2917 0.8394 
5.2301 0.6619 1.8901 0.2499 0.8442 
5.2201 0.6623 1.8901 0.2504 0.8773 
5.2201 0.6610 1.9001 0.2909 0.8717 
5.2301 0.6601 1.9001 0.2917 0.8394 
5.2301 0.6619 1.8901 0.2499 0.8442 
5.2201 0.6610 1.9001 0.2909 0.8717 
5.2301 0.6601 1.9001 0.2917 0.8394 
5.2201 0.6610 1.9001 0.2909 0.8717 
5.2301 0.6601 1.9001 0.2917 0.8394 
5.2101 0.6593 1.8901 0.2584 0.9125 
5.2201 0.6610 1.9001 0.2909 0.8717 
5.2201 0.6623 1.8901 0.2504 0.8773 
5.1937 0.6601 1.9001 0.2963 0.9593 
5.2201 0.6610 1.9001 0.2909 0.8717 
5.2101 0.6593 1.8901 0.2584 0.9125 
5.2301 0.6601 1.9001 0.2917 0.8394 
5.2301 0.6601 1.9001 0.2917 0.8394 
5.2301 0.6601 1.9001 0.2917 0.8394 
5.2301 0.6601 1.9001 0.2917 0.8394 
5.2301 0.6601 1.9001 0.2917 0.8394 
5.2301 0.6601 1.9001 0.2917 0.8394 
5.2301 0.6637 1.8801 0.2077 0.8491 
5.2301 0.6619 1.8901 0.2499 0.8442 
5.2401 0.6647 1.8901 0.2424 0.8098 
5.2201 0.6623 1.8901 0.2504 0.8773 
5.2301 0.6619 1.8901 0.2499 0.8442 
5.2301 0.6637 1.8801 0.2077 0.8491 
5.2401 0.6647 1.8901 0.2424 0.8098 
5.2401 0.6362 1.8801 0.2720 0.8291 
5.2301 0.6637 1.8801 0.2077 0.8491 
5.2359 0.6601 1.8701 0.1765 0.8371 
5.2201 0.6598 1.8701 0.1789 0.8920 
5.2301 0.6637 1.8801 0.2077 0.8491 
5.2301 0.6376 1.8601 0.1873 0.8776 
5.2359 0.6601 1.8701 0.1765 0.8371 
5.2401 0.6591 1.8501 0.1043 0.8350 
5.2401 0.6591 1.8501 0.1043 0.8350 
5.2359 0.6601 1.8701 0.1765 0.8371 
5.2501 0.6629 1.8601 0.1317 0.7922 
5.2201 0.6598 1.8701 0.1789 0.8920 
5.2001 0.6601 1.8598 0.1409 0.9697 
5.2001 0.6315 1.8701 0.2479 0.9852 
5.2101 0.6595 1.8601 0.1421 0.9346 
5.2001 0.6601 1.8598 0.1409 0.9697 
5.2201 0.6598 1.8701 0.1789 0.8920 
5.2501 0.6392 1.8501 0.1404 0.8088 
5.2401 0.6591 1.8501 0.1043 0.8350 
5.2501 0.6629 1.8601 0.1317 0.7922 
5.2201 0.6370 1.8601 0.1899 0.9150 
5.2301 0.6376 1.8601 0.1873 0.8776 
5.2401 0.6591 1.8501 0.1043 0.8350 
5.2201 0.6643 1.8501 0.0980 0.9032 
5.2201 0.6370 1.8601 0.1899 0.9150 
5.2401 0.6591 1.8501 0.1043 0.8350 
5.2101 0.6345 1.8501 0.1550 0.9630 
5.2201 0.6370 1.8601 0.1899 0.9150 
5.2201 0.6643 1.8501 0.0980 0.9032 
5.2801 0.6605 1.8901 0.2473 0.6793 
5.2601 0.6384 1.8701 0.2230 0.7619 
5.2701 0.6592 1.8901 0.2514 0.7126 
5.2901 0.6414 1.8701 0.2121 0.6541 
5.2601 0.6384 1.8701 0.2230 0.7619 
5.2801 0.6605 1.8901 0.2473 0.6793 
5.2401 0.6362 1.8801 0.2720 0.8291 
5.2601 0.6636 1.8801 0.2047 0.7485 
5.2601 0.6384 1.8701 0.2230 0.7619 
5.3201 0.6446 1.8501 0.1225 0.5502 
5.2501 0.6392 1.8501 0.1404 0.8088 
5.2901 0.6650 1.8601 0.1238 0.6534 
5.2201 0.6623 1.8901 0.2504 0.8773 
5.2301 0.6637 1.8801 0.2077 0.8491 
5.2101 0.6344 1.8801 0.2807 0.9378 
5.2201 0.6623 1.8901 0.2504 0.8773 
5.2101 0.6344 1.8801 0.2807 0.9378 
5.2101 0.6593 1.8901 0.2584 0.9125 
5.2101 0.6593 1.8901 0.2584 0.9125 
5.2101 0.6344 1.8801 0.2807 0.9378 
5.2001 0.6605 1.8801 0.2186 0.9530 
5.2359 0.6601 1.8701 0.1765 0.8371 
5.2401 0.6362 1.8801 0.2720 0.8291 
5.2501 0.6629 1.8601 0.1317 0.7922 
5.2501 0.6629 1.8601 0.1317 0.7922 
5.2401 0.6362 1.8801 0.2720 0.8291 
5.2601 0.6384 1.8701 0.2230 0.7619 
5.2401 0.6362 1.8801 0.2720 0.8291 
5.2359 0.6601 1.8701 0.1765 0.8371 
5.2301 0.6637 1.8801 0.2077 0.8491 
5.2101 0.6344 1.8801 0.2807 0.9378 
5.2301 0.6637 1.8801 0.2077 0.8491 
5.2201 0.6598 1.8701 0.1789 0.8920 
5.2001 0.6315 1.8701 0.2479 0.9852 
5.2101 0.6344 1.8801 0.2807 0.9378 
5.2201 0.6598 1.8701 0.1789 0.8920 
5.2001 0.6315 1.8701 0.2479 0.9852 
5.2001 0.6605 1.8801 0.2186 0.9530 
5.2101 0.6344 1.8801 0.2807 0.9378 
5.2301 0.6376 1.8601 0.1873 0.8776 
5.2201 0.6370 1.8601 0.1899 0.9150 
5.2201 0.6598 1.8701 0.1789 0.8920 
5.2359 0.6601 1.8701 0.1765 0.8371 
5.2301 0.6376 1.8601 0.1873 0.8776 
5.2201 0.6598 1.8701 0.1789 0.8920 
5.2201 0.6598 1.8701 0.1789 0.8920 
5.2201 0.6370 1.8601 0.1899 0.9150 
5.2101 0.6595 1.8601 0.1421 0.9346 
5.2101 0.6595 1.8601 0.1421 0.9346 
5.2101 0.6345 1.8501 0.1550 0.9630 
5.2001 0.6601 1.8598 0.1409 0.9697 
5.2101 0.6345 1.8501 0.1550 0.9630 
5.2101 0.6595 1.8601 0.1421 0.9346 
5.2201 0.6370 1.8601 0.1899 0.9150 
5.3201 0.6446 1.8501 0.1225 0.5502 
5.2801 0.6668 1.8401 0.0737 0.6941 
5.2501 0.6392 1.8501 0.1404 0.8088 
5.2901 0.6678 1.8401 0.0735 0.6585 
5.2801 0.6668 1.8401 0.0737 0.6941 
5.3201 0.6446 1.8501 0.1225 0.5502 
5.2801 0.6668 1.8401 0.0737 0.6941 
5.2501 0.6659 1.8401 0.0743 0.8015 
5.2501 0.6392 1.8501 0.1404 0.8088 
5.2901 0.6678 1.8401 0.0735 0.6585 
5.2901 0.6411 1.8301 0.0746 0.6660 
5.2801 0.6668 1.8401 0.0737 0.6941 
5.2401 0.6591 1.8501 0.1043 0.8350 
5.2501 0.6659 1.8401 0.0743 0.8015 
5.2301 0.6593 1.8401 0.0786 0.8775 
5.2301 0.6593 1.8401 0.0786 0.8775 
5.2201 0.6643 1.8501 0.0980 0.9032 
5.2401 0.6591 1.8501 0.1043 0.8350 
5.2501 0.6392 1.8501 0.1404 0.8088 
5.2501 0.6659 1.8401 0.0743 0.8015 
5.2401 0.6591 1.8501 0.1043 0.8350 
5.2201 0.6643 1.8501 0.0980 0.9032 
5.2301 0.6593 1.8401 0.0786 0.8775 
5.2201 0.6373 1.8401 0.1087 0.9310 
5.2201 0.6373 1.8401 0.1087 0.9310 
5.2101 0.6345 1.8501 0.1550 0.9630 
5.2201 0.6643 1.8501 0.0980 0.9032 
5.2501 0.6382 1.8301 0.0774 0.8215 
5.2201 0.6373 1.8401 0.1087 0.9310 
5.2301 0.6593 1.8401 0.0786 0.8775 
5.2501 0.6659 1.8401 0.0743 0.8015 
5.2501 0.6382 1.8301 0.0774 0.8215 
5.2301 0.6593 1.8401 0.0786 0.8775 
