NUMPOLLIES 334.000000 

5.3701 -0.0599 2.1001 0.1876 0.1333 
5.3801 -0.0624 2.1001 0.1979 0.0900 
5.3701 -0.0499 2.1030 0.1249 0.1273 
5.3701 -0.0599 2.1001 0.1876 0.1333 
5.3701 -0.0499 2.1030 0.1249 0.1273 
5.3701 -0.0599 2.1001 0.1876 0.1333 
5.3701 -0.0599 2.1001 0.1876 0.1333 
5.3701 -0.0499 2.1030 0.1249 0.1273 
5.3601 -0.0599 2.1009 0.1868 0.1828 
5.3701 -0.0599 2.1001 0.1876 0.1333 
5.3601 -0.0599 2.1009 0.1868 0.1828 
5.3701 -0.0599 2.1001 0.1876 0.1333 
5.3701 -0.0599 2.1001 0.1876 0.1333 
5.3601 -0.0599 2.1009 0.1868 0.1828 
5.3501 -0.0699 2.1055 0.2208 0.2414 
5.3701 -0.0699 2.0969 0.2532 0.1387 
5.3701 -0.0599 2.1001 0.1876 0.1333 
5.3501 -0.0699 2.1055 0.2208 0.2414 
5.3701 -0.0699 2.0969 0.2532 0.1387 
5.3501 -0.0699 2.1055 0.2208 0.2414 
5.3501 -0.0999 2.0959 0.4037 0.2503 
5.3701 -0.0499 2.1030 0.1249 0.1273 
5.3301 -0.0599 2.1055 0.1756 0.3358 
5.3601 -0.0599 2.1009 0.1868 0.1828 
5.3301 -0.0599 2.1055 0.1756 0.3358 
5.3101 -0.0499 2.1144 0.1010 0.4379 
5.3201 -0.0699 2.0992 0.2558 0.3849 
5.3201 -0.0399 2.1044 0.0885 0.3833 
5.3101 -0.0499 2.1144 0.1010 0.4379 
5.3301 -0.0599 2.1055 0.1756 0.3358 
5.3101 -0.0499 2.1144 0.1010 0.4379 
5.3001 -0.0699 2.0948 0.2808 0.4832 
5.3201 -0.0699 2.0992 0.2558 0.3849 
5.2901 -0.0499 2.1054 0.1365 0.5392 
5.3001 -0.0699 2.0948 0.2808 0.4832 
5.3101 -0.0499 2.1144 0.1010 0.4379 
5.3601 -0.0599 2.1009 0.1868 0.1828 
5.3301 -0.0599 2.1055 0.1756 0.3358 
5.3501 -0.0699 2.1055 0.2208 0.2414 
5.3501 -0.0699 2.1055 0.2208 0.2414 
5.3301 -0.0599 2.1055 0.1756 0.3358 
5.3201 -0.0699 2.0992 0.2558 0.3849 
5.3001 -0.0899 2.1067 0.3228 0.4801 
5.3301 -0.0799 2.0995 0.3009 0.3382 
5.3201 -0.0699 2.0992 0.2558 0.3849 
5.3001 -0.0899 2.1067 0.3228 0.4801 
5.3001 -0.1099 2.0982 0.4460 0.4763 
5.3101 -0.0999 2.0963 0.4107 0.4324 
5.3701 -0.0599 2.1001 0.1876 0.1333 
5.3701 -0.0599 2.1001 0.1876 0.1333 
5.3701 -0.0599 2.1001 0.1876 0.1333 
5.3701 -0.0599 2.1001 0.1876 0.1333 
5.3701 -0.0599 2.1001 0.1876 0.1333 
5.3701 -0.0599 2.1001 0.1876 0.1333 
5.3801 -0.0624 2.1001 0.1979 0.0900 
5.3701 -0.0599 2.1001 0.1876 0.1333 
5.3701 -0.0699 2.0969 0.2532 0.1387 
5.3801 -0.0624 2.1001 0.1979 0.0900 
5.3701 -0.0599 2.1001 0.1876 0.1333 
5.3701 -0.0599 2.1001 0.1876 0.1333 
5.3701 -0.0699 2.0969 0.2532 0.1387 
5.3701 -0.0599 2.1001 0.1876 0.1333 
5.3701 -0.0599 2.1001 0.1876 0.1333 
5.3701 -0.0899 2.0963 0.3524 0.1537 
5.3701 -0.0699 2.0969 0.2532 0.1387 
5.3501 -0.0999 2.0959 0.4037 0.2503 
5.3301 -0.0799 2.0995 0.3009 0.3382 
5.3501 -0.0699 2.1055 0.2208 0.2414 
5.3201 -0.0699 2.0992 0.2558 0.3849 
5.3201 -0.0699 2.0992 0.2558 0.3849 
5.3001 -0.0699 2.0948 0.2808 0.4832 
5.3001 -0.0899 2.1067 0.3228 0.4801 
5.3501 -0.0699 2.1055 0.2208 0.2414 
5.3301 -0.0799 2.0995 0.3009 0.3382 
5.3501 -0.0999 2.0959 0.4037 0.2503 
5.3001 -0.0899 2.1067 0.3228 0.4801 
5.3101 -0.0999 2.0963 0.4107 0.4324 
5.3301 -0.0799 2.0995 0.3009 0.3382 
5.3501 -0.0999 2.0959 0.4037 0.2503 
5.3101 -0.0999 2.0963 0.4107 0.4324 
5.3301 -0.1099 2.1029 0.4185 0.3459 
5.3301 -0.0799 2.0995 0.3009 0.3382 
5.3101 -0.0999 2.0963 0.4107 0.4324 
5.3501 -0.0999 2.0959 0.4037 0.2503 
5.2501 -0.0399 2.1030 0.1075 0.7558 
5.2701 -0.0399 2.1049 0.0970 0.6491 
5.2601 -0.0299 2.1050 0.0734 0.7114 
5.2901 -0.0499 2.1054 0.1365 0.5392 
5.3201 -0.0399 2.1044 0.0885 0.3833 
5.2701 -0.0399 2.1049 0.0970 0.6491 
5.3101 -0.0499 2.1144 0.1010 0.4379 
5.3201 -0.0399 2.1044 0.0885 0.3833 
5.2901 -0.0499 2.1054 0.1365 0.5392 
5.2501 -0.0399 2.1030 0.1075 0.7558 
5.2501 -0.0499 2.1065 0.1424 0.7428 
5.2701 -0.0399 2.1049 0.0970 0.6491 
5.2601 -0.0299 2.1050 0.0734 0.7114 
5.2301 -0.0299 2.1041 0.0752 0.8747 
5.2501 -0.0399 2.1030 0.1075 0.7558 
5.2401 -0.0499 2.1133 0.1203 0.7883 
5.2501 -0.0499 2.1065 0.1424 0.7428 
5.2501 -0.0399 2.1030 0.1075 0.7558 
5.2501 -0.0399 2.1030 0.1075 0.7558 
5.2301 -0.0299 2.1041 0.0752 0.8747 
5.2401 -0.0499 2.1133 0.1203 0.7883 
5.2201 -0.0399 2.1059 0.1049 0.9102 
5.2401 -0.0499 2.1133 0.1203 0.7883 
5.2301 -0.0299 2.1041 0.0752 0.8747 
5.2901 -0.0499 2.1054 0.1365 0.5392 
5.2701 -0.0399 2.1049 0.0970 0.6491 
5.2801 -0.0699 2.1063 0.2353 0.5801 
5.2701 -0.0399 2.1049 0.0970 0.6491 
5.2501 -0.0499 2.1065 0.1424 0.7428 
5.2801 -0.0699 2.1063 0.2353 0.5801 
5.2901 -0.0499 2.1054 0.1365 0.5392 
5.2801 -0.0699 2.1063 0.2353 0.5801 
5.3001 -0.0699 2.0948 0.2808 0.4832 
5.3001 -0.0699 2.0948 0.2808 0.4832 
5.2801 -0.0699 2.1063 0.2353 0.5801 
5.2901 -0.0799 2.1012 0.3029 0.5290 
5.2901 -0.0799 2.1012 0.3029 0.5290 
5.2401 -0.0599 2.1046 0.2031 0.7834 
5.2501 -0.0799 2.1012 0.3128 0.7177 
5.2801 -0.0699 2.1063 0.2353 0.5801 
5.2401 -0.0599 2.1046 0.2031 0.7834 
5.2901 -0.0799 2.1012 0.3029 0.5290 
5.2901 -0.0799 2.1012 0.3029 0.5290 
5.2501 -0.0799 2.1012 0.3128 0.7177 
5.2601 -0.0899 2.1063 0.3337 0.6616 
5.2901 -0.0799 2.1012 0.3029 0.5290 
5.3001 -0.1099 2.0982 0.4460 0.4763 
5.3001 -0.0899 2.1067 0.3228 0.4801 
5.2901 -0.0799 2.1012 0.3029 0.5290 
5.2601 -0.0899 2.1063 0.3337 0.6616 
5.2696 -0.1099 2.1001 0.4437 0.6097 
5.2601 -0.0899 2.1063 0.3337 0.6616 
5.2501 -0.0799 2.1012 0.3128 0.7177 
5.2401 -0.0899 2.1003 0.3647 0.7553 
5.2501 -0.0499 2.1065 0.1424 0.7428 
5.2401 -0.0599 2.1046 0.2031 0.7834 
5.2801 -0.0699 2.1063 0.2353 0.5801 
5.2501 -0.0499 2.1065 0.1424 0.7428 
5.2401 -0.0499 2.1133 0.1203 0.7883 
5.2401 -0.0599 2.1046 0.2031 0.7834 
5.2401 -0.0499 2.1133 0.1203 0.7883 
5.2201 -0.0399 2.1059 0.1049 0.9102 
5.2401 -0.0599 2.1046 0.2031 0.7834 
5.2501 -0.0799 2.1012 0.3128 0.7177 
5.2401 -0.0599 2.1046 0.2031 0.7834 
5.2401 -0.0899 2.1003 0.3647 0.7553 
5.2401 -0.0599 2.1046 0.2031 0.7834 
5.2201 -0.0399 2.1059 0.1049 0.9102 
5.2401 -0.0899 2.1003 0.3647 0.7553 
5.2401 -0.0899 2.1003 0.3647 0.7553 
5.2001 -0.0499 2.1033 0.1681 0.9983 
5.2201 -0.0899 2.1006 0.3680 0.8460 
5.2201 -0.0399 2.1059 0.1049 0.9102 
5.2001 -0.0499 2.1033 0.1681 0.9983 
5.2401 -0.0899 2.1003 0.3647 0.7553 
5.2301 -0.0999 2.1086 0.3735 0.7849 
5.2201 -0.0899 2.1006 0.3680 0.8460 
5.2301 -0.1099 2.1020 0.4437 0.7794 
5.2401 -0.0899 2.1003 0.3647 0.7553 
5.2201 -0.0899 2.1006 0.3680 0.8460 
5.2301 -0.0999 2.1086 0.3735 0.7849 
5.2301 -0.1099 2.1020 0.4437 0.7794 
5.2201 -0.0899 2.1006 0.3680 0.8460 
5.2201 -0.1299 2.1032 0.5161 0.8010 
5.2201 -0.1299 2.1032 0.5161 0.8010 
5.2201 -0.0899 2.1006 0.3680 0.8460 
5.1801 -0.1099 2.1013 0.4567 0.9932 
5.3001 -0.0899 2.1067 0.3228 0.4801 
5.3001 -0.0699 2.0948 0.2808 0.4832 
5.2901 -0.0799 2.1012 0.3029 0.5290 
5.2901 -0.0799 2.1012 0.3029 0.5290 
5.2696 -0.1099 2.1001 0.4437 0.6097 
5.3001 -0.1099 2.0982 0.4460 0.4763 
5.3701 -0.1299 2.1001 0.5011 0.1831 
5.3701 -0.1299 2.1001 0.5011 0.1831 
5.3701 -0.1299 2.1001 0.5011 0.1831 
5.3601 -0.1299 2.1017 0.4959 0.2251 
5.3701 -0.1299 2.1001 0.5011 0.1831 
5.3601 -0.1269 2.1001 0.4917 0.2226 
5.3601 -0.1269 2.1001 0.4917 0.2226 
5.3701 -0.1299 2.1001 0.5011 0.1831 
5.3701 -0.1299 2.1001 0.5011 0.1831 
5.3701 -0.1299 2.1001 0.5011 0.1831 
5.3701 -0.1299 2.1001 0.5011 0.1831 
5.3701 -0.1299 2.1001 0.5011 0.1831 
5.3701 -0.1299 2.1001 0.5011 0.1831 
5.3601 -0.1299 2.1017 0.4959 0.2251 
5.3701 -0.1299 2.1001 0.5011 0.1831 
5.3601 -0.1299 2.1017 0.4959 0.2251 
5.3601 -0.1269 2.1001 0.4917 0.2226 
5.3701 -0.1399 2.0973 0.5499 0.1871 
5.3301 -0.1099 2.1029 0.4185 0.3459 
5.3101 -0.0999 2.0963 0.4107 0.4324 
5.3301 -0.1199 2.0975 0.4828 0.3459 
5.3301 -0.1199 2.0975 0.4828 0.3459 
5.3101 -0.0999 2.0963 0.4107 0.4324 
5.3001 -0.1099 2.0982 0.4460 0.4763 
5.3401 -0.1399 2.1035 0.5284 0.3112 
5.3701 -0.1399 2.0973 0.5499 0.1871 
5.3601 -0.1269 2.1001 0.4917 0.2226 
5.3301 -0.1299 2.1088 0.4709 0.3515 
5.3201 -0.1399 2.1034 0.5322 0.3918 
5.3401 -0.1399 2.1035 0.5284 0.3112 
5.3201 -0.1399 2.1034 0.5322 0.3918 
5.3301 -0.1299 2.1088 0.4709 0.3515 
5.3301 -0.1199 2.0975 0.4828 0.3459 
5.3201 -0.1399 2.1034 0.5322 0.3918 
5.3001 -0.1399 2.1008 0.5473 0.4722 
5.3101 -0.1599 2.1003 0.6145 0.4310 
5.3601 -0.1699 2.0994 0.6417 0.2418 
5.3601 -0.1499 2.1012 0.5692 0.2342 
5.3501 -0.1699 2.1001 0.6402 0.2797 
5.3501 -0.1799 2.1032 0.6571 0.2842 
5.3601 -0.1699 2.0994 0.6417 0.2418 
5.3501 -0.1699 2.1001 0.6402 0.2797 
5.3701 -0.1999 2.1019 0.7161 0.2194 
5.3601 -0.1699 2.0994 0.6417 0.2418 
5.3501 -0.1799 2.1032 0.6571 0.2842 
5.3401 -0.1899 2.1020 0.6922 0.3226 
5.3701 -0.1999 2.1019 0.7161 0.2194 
5.3501 -0.1799 2.1032 0.6571 0.2842 
5.3401 -0.1399 2.1035 0.5284 0.3112 
5.3201 -0.1399 2.1034 0.5322 0.3918 
5.3101 -0.1599 2.1003 0.6145 0.4310 
5.3501 -0.1699 2.1001 0.6402 0.2797 
5.3601 -0.1499 2.1012 0.5692 0.2342 
5.3401 -0.1681 2.1001 0.6364 0.3170 
5.3401 -0.1681 2.1001 0.6364 0.3170 
5.3401 -0.1899 2.1020 0.6922 0.3226 
5.3501 -0.1799 2.1032 0.6571 0.2842 
5.3501 -0.1699 2.1001 0.6402 0.2797 
5.3401 -0.1681 2.1001 0.6364 0.3170 
5.3501 -0.1799 2.1032 0.6571 0.2842 
5.3501 -0.1699 2.1001 0.6402 0.2797 
5.3501 -0.1799 2.1032 0.6571 0.2842 
5.3501 -0.1699 2.1001 0.6402 0.2797 
5.3401 -0.1899 2.1020 0.6922 0.3226 
5.3101 -0.1599 2.1003 0.6145 0.4310 
5.3001 -0.1799 2.1035 0.6633 0.4675 
5.3401 -0.1681 2.1001 0.6364 0.3170 
5.3101 -0.1599 2.1003 0.6145 0.4310 
5.3401 -0.1899 2.1020 0.6922 0.3226 
5.3401 -0.1899 2.1020 0.6922 0.3226 
5.3001 -0.1799 2.1035 0.6633 0.4675 
5.3201 -0.1999 2.1101 0.6895 0.3966 
5.3401 -0.1899 2.1020 0.6922 0.3226 
5.3201 -0.1999 2.1101 0.6895 0.3966 
5.3301 -0.2099 2.1028 0.7442 0.3613 
5.3001 -0.1799 2.1035 0.6633 0.4675 
5.3001 -0.1999 2.1054 0.7116 0.4655 
5.3201 -0.1999 2.1101 0.6895 0.3966 
5.4101 -0.2199 2.1001 0.7701 0.0975 
5.4101 -0.2199 2.1001 0.7701 0.0975 
5.4101 -0.2199 2.1001 0.7701 0.0975 
5.4001 -0.2199 2.1001 0.7714 0.1281 
5.4101 -0.2199 2.1001 0.7701 0.0975 
5.4101 -0.2199 2.1001 0.7701 0.0975 
5.4101 -0.2199 2.1001 0.7701 0.0975 
5.4101 -0.2199 2.1001 0.7701 0.0975 
5.4201 -0.2299 2.1003 0.7926 0.0761 
5.4101 -0.2199 2.1001 0.7701 0.0975 
5.4001 -0.2199 2.1001 0.7714 0.1281 
5.4201 -0.2299 2.1003 0.7926 0.0761 
5.4201 -0.2299 2.1003 0.7926 0.0761 
5.4101 -0.2499 2.1023 0.8318 0.1160 
5.4301 -0.2599 2.1021 0.8523 0.0694 
5.4201 -0.2299 2.1003 0.7926 0.0761 
5.4001 -0.2199 2.1001 0.7714 0.1281 
5.4101 -0.2499 2.1023 0.8318 0.1160 
5.4301 -0.2599 2.1021 0.8523 0.0694 
5.4101 -0.2499 2.1023 0.8318 0.1160 
5.3901 -0.2599 2.1042 0.8486 0.1819 
5.4301 -0.2599 2.1021 0.8523 0.0694 
5.3901 -0.2599 2.1042 0.8486 0.1819 
5.4301 -0.2899 2.1003 0.9202 0.0831 
5.4301 -0.2899 2.1003 0.9202 0.0831 
5.3901 -0.2599 2.1042 0.8486 0.1819 
5.3901 -0.2999 2.1070 0.9174 0.1997 
5.4301 -0.2599 2.1021 0.8523 0.0694 
5.4301 -0.2899 2.1003 0.9202 0.0831 
5.4401 -0.3099 2.1032 0.9450 0.0722 
5.4401 -0.3099 2.1032 0.9450 0.0722 
5.4301 -0.2899 2.1003 0.9202 0.0831 
5.4101 -0.2999 2.1058 0.9198 0.1433 
5.4301 -0.2899 2.1003 0.9202 0.0831 
5.3901 -0.2999 2.1070 0.9174 0.1997 
5.4101 -0.2999 2.1058 0.9198 0.1433 
5.3701 -0.1999 2.1019 0.7161 0.2194 
5.3401 -0.1899 2.1020 0.6922 0.3226 
5.3701 -0.2299 2.1043 0.7828 0.2326 
5.4001 -0.2199 2.1001 0.7714 0.1281 
5.3701 -0.1999 2.1019 0.7161 0.2194 
5.3701 -0.2299 2.1043 0.7828 0.2326 
5.4101 -0.2499 2.1023 0.8318 0.1160 
5.3701 -0.2299 2.1043 0.7828 0.2326 
5.3901 -0.2599 2.1042 0.8486 0.1819 
5.4001 -0.2199 2.1001 0.7714 0.1281 
5.3701 -0.2299 2.1043 0.7828 0.2326 
5.4101 -0.2499 2.1023 0.8318 0.1160 
5.3801 -0.2599 2.1023 0.8572 0.2115 
5.3301 -0.2299 2.1044 0.7872 0.3640 
5.3601 -0.2499 2.1050 0.8271 0.2716 
5.3701 -0.2299 2.1043 0.7828 0.2326 
5.3301 -0.2299 2.1044 0.7872 0.3640 
5.3801 -0.2599 2.1023 0.8572 0.2115 
5.3901 -0.2599 2.1042 0.8486 0.1819 
5.3701 -0.2299 2.1043 0.7828 0.2326 
5.3801 -0.2599 2.1023 0.8572 0.2115 
5.3401 -0.1899 2.1020 0.6922 0.3226 
5.3301 -0.2099 2.1028 0.7442 0.3613 
5.3701 -0.2299 2.1043 0.7828 0.2326 
5.3301 -0.2099 2.1028 0.7442 0.3613 
5.3201 -0.1999 2.1101 0.6895 0.3966 
5.3101 -0.2099 2.1036 0.7436 0.4301 
5.3201 -0.1999 2.1101 0.6895 0.3966 
5.3001 -0.1999 2.1054 0.7116 0.4655 
5.3101 -0.2099 2.1036 0.7436 0.4301 
5.3301 -0.2099 2.1028 0.7442 0.3613 
5.3101 -0.2099 2.1036 0.7436 0.4301 
5.3301 -0.2299 2.1044 0.7872 0.3640 
5.3701 -0.2299 2.1043 0.7828 0.2326 
5.3301 -0.2099 2.1028 0.7442 0.3613 
5.3301 -0.2299 2.1044 0.7872 0.3640 
5.3601 -0.2499 2.1050 0.8271 0.2716 
5.3301 -0.2299 2.1044 0.7872 0.3640 
5.3601 -0.2599 2.1034 0.8551 0.2738 
5.3601 -0.2599 2.1034 0.8551 0.2738 
5.3301 -0.2299 2.1044 0.7872 0.3640 
5.3201 -0.2599 2.1063 0.8480 0.3985 
5.3301 -0.2299 2.1044 0.7872 0.3640 
5.3101 -0.2399 2.1035 0.8165 0.4294 
5.3201 -0.2599 2.1063 0.8480 0.3985 
5.3801 -0.2599 2.1023 0.8572 0.2115 
5.3601 -0.2499 2.1050 0.8271 0.2716 
5.3701 -0.2899 2.1061 0.9039 0.2534 
5.3601 -0.2499 2.1050 0.8271 0.2716 
5.3601 -0.2599 2.1034 0.8551 0.2738 
5.3701 -0.2899 2.1061 0.9039 0.2534 
5.3901 -0.2999 2.1070 0.9174 0.1997 
5.3801 -0.2599 2.1023 0.8572 0.2115 
5.3701 -0.2899 2.1061 0.9039 0.2534 
5.3901 -0.2599 2.1042 0.8486 0.1819 
5.3801 -0.2599 2.1023 0.8572 0.2115 
5.3901 -0.2999 2.1070 0.9174 0.1997 
5.3701 -0.2999 2.1122 0.9004 0.2585 
5.3901 -0.2999 2.1070 0.9174 0.1997 
5.3701 -0.2899 2.1061 0.9039 0.2534 
5.3701 -0.2999 2.1122 0.9004 0.2585 
5.3701 -0.2899 2.1061 0.9039 0.2534 
5.3701 -0.3099 2.1071 0.9371 0.2595 
5.3701 -0.2899 2.1061 0.9039 0.2534 
5.3201 -0.2599 2.1063 0.8480 0.3985 
5.3301 -0.2799 2.1048 0.8936 0.3691 
5.3601 -0.2599 2.1034 0.8551 0.2738 
5.3201 -0.2599 2.1063 0.8480 0.3985 
5.3701 -0.2899 2.1061 0.9039 0.2534 
5.3301 -0.2799 2.1048 0.8936 0.3691 
5.2901 -0.2699 2.1077 0.8666 0.4897 
5.3101 -0.2799 2.1084 0.8818 0.4292 
5.3201 -0.2599 2.1063 0.8480 0.3985 
5.2901 -0.2699 2.1077 0.8666 0.4897 
5.3301 -0.2799 2.1048 0.8936 0.3691 
5.3701 -0.3099 2.1071 0.9371 0.2595 
5.3701 -0.2899 2.1061 0.9039 0.2534 
5.3301 -0.2799 2.1048 0.8936 0.3691 
5.3501 -0.3299 2.1092 0.9657 0.3198 
5.3101 -0.2799 2.1084 0.8818 0.4292 
5.3101 -0.3099 2.1096 0.9337 0.4288 
5.3301 -0.2799 2.1048 0.8936 0.3691 
5.3101 -0.2799 2.1084 0.8818 0.4292 
5.3501 -0.3299 2.1092 0.9657 0.3198 
5.3101 -0.3099 2.1096 0.9337 0.4288 
5.3101 -0.2799 2.1084 0.8818 0.4292 
5.2901 -0.2899 2.1052 0.9153 0.4871 
5.3501 -0.0999 2.0959 0.4037 0.2503 
5.3601 -0.1099 2.0997 0.4263 0.2135 
5.3701 -0.0899 2.0963 0.3524 0.1537 
5.3701 -0.0899 2.0963 0.3524 0.1537 
5.3601 -0.1099 2.0997 0.4263 0.2135 
5.3801 -0.1299 2.0970 0.5132 0.1405 
5.3801 -0.1299 2.0970 0.5132 0.1405 
5.3601 -0.1099 2.0997 0.4263 0.2135 
5.3301 -0.1199 2.0975 0.4828 0.3459 
5.3701 -0.1299 2.1001 0.5011 0.1831 
5.3701 -0.1299 2.1001 0.5011 0.1831 
5.3801 -0.1299 2.0970 0.5132 0.1405 
5.3701 -0.1299 2.1001 0.5011 0.1831 
5.3801 -0.1299 2.0970 0.5132 0.1405 
5.3601 -0.1269 2.1001 0.4917 0.2226 
5.3801 -0.1299 2.0970 0.5132 0.1405 
5.3301 -0.1199 2.0975 0.4828 0.3459 
5.3601 -0.1269 2.1001 0.4917 0.2226 
5.3701 -0.1299 2.1001 0.5011 0.1831 
5.3701 -0.1399 2.0973 0.5499 0.1871 
5.3801 -0.1299 2.0970 0.5132 0.1405 
5.3701 -0.1299 2.1001 0.5011 0.1831 
5.3701 -0.1299 2.1001 0.5011 0.1831 
5.3701 -0.1399 2.0973 0.5499 0.1871 
5.3601 -0.1299 2.1017 0.4959 0.2251 
5.3701 -0.1399 2.0973 0.5499 0.1871 
5.3701 -0.1299 2.1001 0.5011 0.1831 
5.3801 -0.1299 2.0970 0.5132 0.1405 
5.3701 -0.1399 2.0973 0.5499 0.1871 
5.4001 -0.1599 2.0983 0.6082 0.0894 
5.3601 -0.1099 2.0997 0.4263 0.2135 
5.3501 -0.0999 2.0959 0.4037 0.2503 
5.3301 -0.1099 2.1029 0.4185 0.3459 
5.3301 -0.1099 2.1029 0.4185 0.3459 
5.3301 -0.1199 2.0975 0.4828 0.3459 
5.3601 -0.1099 2.0997 0.4263 0.2135 
5.3601 -0.1269 2.1001 0.4917 0.2226 
5.3301 -0.1199 2.0975 0.4828 0.3459 
5.3401 -0.1399 2.1035 0.5284 0.3112 
5.3301 -0.1199 2.0975 0.4828 0.3459 
5.3301 -0.1299 2.1088 0.4709 0.3515 
5.3401 -0.1399 2.1035 0.5284 0.3112 
5.3301 -0.1199 2.0975 0.4828 0.3459 
5.3001 -0.1099 2.0982 0.4460 0.4763 
5.3201 -0.1399 2.1034 0.5322 0.3918 
5.3001 -0.1099 2.0982 0.4460 0.4763 
5.2901 -0.1299 2.0994 0.5196 0.5150 
5.3201 -0.1399 2.1034 0.5322 0.3918 
5.3201 -0.1399 2.1034 0.5322 0.3918 
5.2901 -0.1299 2.0994 0.5196 0.5150 
5.3001 -0.1399 2.1008 0.5473 0.4722 
5.3401 -0.1399 2.1035 0.5284 0.3112 
5.3401 -0.1681 2.1001 0.6364 0.3170 
5.3701 -0.1399 2.0973 0.5499 0.1871 
5.3701 -0.1399 2.0973 0.5499 0.1871 
5.3401 -0.1681 2.1001 0.6364 0.3170 
5.3601 -0.1499 2.1012 0.5692 0.2342 
5.4001 -0.1599 2.0983 0.6082 0.0894 
5.3701 -0.1399 2.0973 0.5499 0.1871 
5.3601 -0.1699 2.0994 0.6417 0.2418 
5.3701 -0.1399 2.0973 0.5499 0.1871 
5.3601 -0.1499 2.1012 0.5692 0.2342 
5.3601 -0.1699 2.0994 0.6417 0.2418 
5.3601 -0.1699 2.0994 0.6417 0.2418 
5.3501 -0.1699 2.1001 0.6402 0.2797 
5.3501 -0.1699 2.1001 0.6402 0.2797 
5.3601 -0.1699 2.0994 0.6417 0.2418 
5.4001 -0.2199 2.1001 0.7714 0.1281 
5.4001 -0.1599 2.0983 0.6082 0.0894 
5.3601 -0.1699 2.0994 0.6417 0.2418 
5.3701 -0.1999 2.1019 0.7161 0.2194 
5.4001 -0.2199 2.1001 0.7714 0.1281 
5.3401 -0.1681 2.1001 0.6364 0.3170 
5.3401 -0.1399 2.1035 0.5284 0.3112 
5.3101 -0.1599 2.1003 0.6145 0.4310 
5.3401 -0.1681 2.1001 0.6364 0.3170 
5.3501 -0.1699 2.1001 0.6402 0.2797 
5.3501 -0.1699 2.1001 0.6402 0.2797 
5.3501 -0.1699 2.1001 0.6402 0.2797 
5.3501 -0.1699 2.1001 0.6402 0.2797 
5.3501 -0.1699 2.1001 0.6402 0.2797 
5.4101 -0.2199 2.1001 0.7701 0.0975 
5.4201 -0.2199 2.0998 0.7699 0.0706 
5.4001 -0.2199 2.1001 0.7714 0.1281 
5.4101 -0.2199 2.1001 0.7701 0.0975 
5.4101 -0.2199 2.1001 0.7701 0.0975 
5.4201 -0.2199 2.0998 0.7699 0.0706 
5.4201 -0.2199 2.0998 0.7699 0.0706 
5.4101 -0.2199 2.1001 0.7701 0.0975 
5.4201 -0.2299 2.1003 0.7926 0.0761 
5.4201 -0.2199 2.0998 0.7699 0.0706 
5.4201 -0.2299 2.1003 0.7926 0.0761 
5.4301 -0.2599 2.1021 0.8523 0.0694 
5.2601 -0.0899 2.1063 0.3337 0.6616 
5.2401 -0.0899 2.1003 0.3647 0.7553 
5.2696 -0.1099 2.1001 0.4437 0.6097 
5.2696 -0.1099 2.1001 0.4437 0.6097 
5.2701 -0.1299 2.1003 0.5195 0.5977 
5.2701 -0.1199 2.1001 0.4829 0.6024 
5.2701 -0.1299 2.1003 0.5195 0.5977 
5.2696 -0.1099 2.1001 0.4437 0.6097 
5.2301 -0.1099 2.1020 0.4437 0.7794 
5.2701 -0.1199 2.1001 0.4829 0.6024 
5.2701 -0.1299 2.1003 0.5195 0.5977 
5.2801 -0.1299 2.1001 0.5184 0.5564 
5.2701 -0.1199 2.1001 0.4829 0.6024 
5.2701 -0.1299 2.1003 0.5195 0.5977 
5.2701 -0.1199 2.1001 0.4829 0.6024 
5.2701 -0.1299 2.1003 0.5195 0.5977 
5.2301 -0.1099 2.1020 0.4437 0.7794 
5.2501 -0.1399 2.1028 0.5478 0.6727 
5.2801 -0.1399 2.1021 0.5453 0.5527 
5.3001 -0.1399 2.1008 0.5473 0.4722 
5.2801 -0.1299 2.1001 0.5184 0.5564 
5.2801 -0.1299 2.1001 0.5184 0.5564 
5.3001 -0.1399 2.1008 0.5473 0.4722 
5.2901 -0.1299 2.0994 0.5196 0.5150 
5.2801 -0.1299 2.1001 0.5184 0.5564 
5.2701 -0.1299 2.1003 0.5195 0.5977 
5.2801 -0.1399 2.1021 0.5453 0.5527 
5.2801 -0.1299 2.1001 0.5184 0.5564 
5.2801 -0.1399 2.1021 0.5453 0.5527 
5.2801 -0.1299 2.1001 0.5184 0.5564 
5.3001 -0.1399 2.1008 0.5473 0.4722 
5.2801 -0.1399 2.1021 0.5453 0.5527 
5.2901 -0.1499 2.1075 0.5545 0.5102 
5.2901 -0.1499 2.1075 0.5545 0.5102 
5.2701 -0.1299 2.1003 0.5195 0.5977 
5.2701 -0.1599 2.1045 0.6030 0.5843 
5.2801 -0.1399 2.1021 0.5453 0.5527 
5.2701 -0.1299 2.1003 0.5195 0.5977 
5.2901 -0.1499 2.1075 0.5545 0.5102 
5.2701 -0.1599 2.1045 0.6030 0.5843 
5.2501 -0.1399 2.1028 0.5478 0.6727 
5.2601 -0.1599 2.1104 0.5800 0.6209 
5.2701 -0.1299 2.1003 0.5195 0.5977 
5.2501 -0.1399 2.1028 0.5478 0.6727 
5.2701 -0.1599 2.1045 0.6030 0.5843 
5.2401 -0.0899 2.1003 0.3647 0.7553 
5.2301 -0.0999 2.1086 0.3735 0.7849 
5.2696 -0.1099 2.1001 0.4437 0.6097 
5.2696 -0.1099 2.1001 0.4437 0.6097 
5.2301 -0.0999 2.1086 0.3735 0.7849 
5.2301 -0.1099 2.1020 0.4437 0.7794 
5.2501 -0.1399 2.1028 0.5478 0.6727 
5.2301 -0.1099 2.1020 0.4437 0.7794 
5.2201 -0.1299 2.1032 0.5161 0.8010 
5.2501 -0.1399 2.1028 0.5478 0.6727 
5.2201 -0.1299 2.1032 0.5161 0.8010 
5.2201 -0.1399 2.1048 0.5444 0.7907 
5.2201 -0.1299 2.1032 0.5161 0.8010 
5.1801 -0.1099 2.1013 0.4567 0.9932 
5.2201 -0.1399 2.1048 0.5444 0.7907 
5.2201 -0.1399 2.1048 0.5444 0.7907 
5.1801 -0.1099 2.1013 0.4567 0.9932 
5.2201 -0.1499 2.1012 0.5936 0.7838 
5.2501 -0.1399 2.1028 0.5478 0.6727 
5.2201 -0.1399 2.1048 0.5444 0.7907 
5.2401 -0.1499 2.1017 0.5880 0.7059 
5.2901 -0.1499 2.1075 0.5545 0.5102 
5.2701 -0.1599 2.1045 0.6030 0.5843 
5.3101 -0.1599 2.1003 0.6145 0.4310 
5.2401 -0.1499 2.1017 0.5880 0.7059 
5.2601 -0.1599 2.1104 0.5800 0.6209 
5.2501 -0.1399 2.1028 0.5478 0.6727 
5.3001 -0.1799 2.1035 0.6633 0.4675 
5.3101 -0.1599 2.1003 0.6145 0.4310 
5.2701 -0.1599 2.1045 0.6030 0.5843 
5.2701 -0.1599 2.1045 0.6030 0.5843 
5.2601 -0.1599 2.1104 0.5800 0.6209 
5.2501 -0.1799 2.1037 0.6702 0.6496 
5.2601 -0.1599 2.1104 0.5800 0.6209 
5.2401 -0.1499 2.1017 0.5880 0.7059 
5.2501 -0.1799 2.1037 0.6702 0.6496 
5.3001 -0.1799 2.1035 0.6633 0.4675 
5.2701 -0.1599 2.1045 0.6030 0.5843 
5.2801 -0.1899 2.1020 0.7012 0.5380 
5.2701 -0.1599 2.1045 0.6030 0.5843 
5.2501 -0.1799 2.1037 0.6702 0.6496 
5.2801 -0.1899 2.1020 0.7012 0.5380 
5.3001 -0.1799 2.1035 0.6633 0.4675 
5.2801 -0.1899 2.1020 0.7012 0.5380 
5.3001 -0.1999 2.1054 0.7116 0.4655 
5.2801 -0.1899 2.1020 0.7012 0.5380 
5.2501 -0.1799 2.1037 0.6702 0.6496 
5.2501 -0.1899 2.1070 0.6847 0.6437 
5.2801 -0.1899 2.1020 0.7012 0.5380 
5.2501 -0.1899 2.1070 0.6847 0.6437 
5.2801 -0.2099 2.1045 0.7439 0.5328 
5.2801 -0.2099 2.1045 0.7439 0.5328 
5.2501 -0.1899 2.1070 0.6847 0.6437 
5.2401 -0.2099 2.1056 0.7447 0.6684 
5.2401 -0.1499 2.1017 0.5880 0.7059 
5.2201 -0.1399 2.1048 0.5444 0.7907 
5.2201 -0.1499 2.1012 0.5936 0.7838 
5.2501 -0.1799 2.1037 0.6702 0.6496 
5.2401 -0.1499 2.1017 0.5880 0.7059 
5.2201 -0.1499 2.1012 0.5936 0.7838 
5.2501 -0.1799 2.1037 0.6702 0.6496 
5.2201 -0.1499 2.1012 0.5936 0.7838 
5.2201 -0.1799 2.1048 0.6700 0.7575 
5.2201 -0.1799 2.1048 0.6700 0.7575 
5.2201 -0.1499 2.1012 0.5936 0.7838 
5.1901 -0.1699 2.1042 0.6480 0.8756 
5.2201 -0.1799 2.1048 0.6700 0.7575 
5.1901 -0.1699 2.1042 0.6480 0.8756 
5.2401 -0.2099 2.1056 0.7447 0.6684 
5.2501 -0.1799 2.1037 0.6702 0.6496 
5.2201 -0.1799 2.1048 0.6700 0.7575 
5.2501 -0.1899 2.1070 0.6847 0.6437 
5.2401 -0.2099 2.1056 0.7447 0.6684 
5.1901 -0.1699 2.1042 0.6480 0.8756 
5.1901 -0.1899 2.1038 0.7062 0.8559 
5.2501 -0.1899 2.1070 0.6847 0.6437 
5.2201 -0.1799 2.1048 0.6700 0.7575 
5.2401 -0.2099 2.1056 0.7447 0.6684 
5.1801 -0.1099 2.1013 0.4567 0.9932 
5.1801 -0.1499 2.1039 0.5886 0.9359 
5.2201 -0.1499 2.1012 0.5936 0.7838 
5.2201 -0.1499 2.1012 0.5936 0.7838 
5.1801 -0.1499 2.1039 0.5886 0.9359 
5.1901 -0.1699 2.1042 0.6480 0.8756 
5.1901 -0.1899 2.1038 0.7062 0.8559 
5.1901 -0.1699 2.1042 0.6480 0.8756 
5.1901 -0.2199 2.1051 0.7779 0.8284 
5.3101 -0.2099 2.1036 0.7436 0.4301 
5.3001 -0.1999 2.1054 0.7116 0.4655 
5.2801 -0.2099 2.1045 0.7439 0.5328 
5.3001 -0.1999 2.1054 0.7116 0.4655 
5.2801 -0.1899 2.1020 0.7012 0.5380 
5.2801 -0.2099 2.1045 0.7439 0.5328 
5.3101 -0.2099 2.1036 0.7436 0.4301 
5.2801 -0.2099 2.1045 0.7439 0.5328 
5.3301 -0.2299 2.1044 0.7872 0.3640 
5.2801 -0.2099 2.1045 0.7439 0.5328 
5.2401 -0.2099 2.1056 0.7447 0.6684 
5.2501 -0.2399 2.1070 0.8094 0.6215 
5.3301 -0.2299 2.1044 0.7872 0.3640 
5.2801 -0.2099 2.1045 0.7439 0.5328 
5.3101 -0.2399 2.1035 0.8165 0.4294 
5.2801 -0.2099 2.1045 0.7439 0.5328 
5.2501 -0.2399 2.1070 0.8094 0.6215 
5.2901 -0.2699 2.1077 0.8666 0.4897 
5.3101 -0.2399 2.1035 0.8165 0.4294 
5.2801 -0.2099 2.1045 0.7439 0.5328 
5.3201 -0.2599 2.1063 0.8480 0.3985 
5.2801 -0.2099 2.1045 0.7439 0.5328 
5.2901 -0.2699 2.1077 0.8666 0.4897 
5.3201 -0.2599 2.1063 0.8480 0.3985 
5.2901 -0.2699 2.1077 0.8666 0.4897 
5.2501 -0.2399 2.1070 0.8094 0.6215 
5.2701 -0.2699 2.1086 0.8654 0.5499 
5.2401 -0.2099 2.1056 0.7447 0.6684 
5.1901 -0.1899 2.1038 0.7062 0.8559 
5.2201 -0.2099 2.1091 0.7334 0.7345 
5.1901 -0.1899 2.1038 0.7062 0.8559 
5.1901 -0.2199 2.1051 0.7779 0.8284 
5.2201 -0.2099 2.1091 0.7334 0.7345 
5.2501 -0.2399 2.1070 0.8094 0.6215 
5.2401 -0.2099 2.1056 0.7447 0.6684 
5.2201 -0.2099 2.1091 0.7334 0.7345 
5.2501 -0.2399 2.1070 0.8094 0.6215 
5.1901 -0.2199 2.1051 0.7779 0.8284 
5.2301 -0.2499 2.1071 0.8334 0.6799 
5.2201 -0.2099 2.1091 0.7334 0.7345 
5.1901 -0.2199 2.1051 0.7779 0.8284 
5.2501 -0.2399 2.1070 0.8094 0.6215 
5.2701 -0.2699 2.1086 0.8654 0.5499 
5.2801 -0.2799 2.1139 0.8647 0.5179 
5.2901 -0.2699 2.1077 0.8666 0.4897 
5.2801 -0.2889 2.1101 0.8961 0.5164 
5.2801 -0.2799 2.1139 0.8647 0.5179 
5.2701 -0.2899 2.1101 0.8989 0.5452 
5.2801 -0.2889 2.1101 0.8961 0.5164 
5.2701 -0.2899 2.1101 0.8989 0.5452 
5.2701 -0.2899 2.1101 0.8989 0.5452 
5.2601 -0.2999 2.1107 0.9161 0.5713 
5.2701 -0.2899 2.1101 0.8989 0.5452 
5.2801 -0.2799 2.1139 0.8647 0.5179 
5.2601 -0.2999 2.1107 0.9161 0.5713 
5.2801 -0.2799 2.1139 0.8647 0.5179 
5.2701 -0.2699 2.1086 0.8654 0.5499 
5.2501 -0.2899 2.1142 0.8858 0.6023 
5.2601 -0.2999 2.1107 0.9161 0.5713 
5.2401 -0.2799 2.1099 0.8836 0.6356 
5.2701 -0.2899 2.1101 0.8989 0.5452 
5.2701 -0.2899 2.1101 0.8989 0.5452 
5.2701 -0.2899 2.1101 0.8989 0.5452 
5.2701 -0.2899 2.1101 0.8989 0.5452 
5.2701 -0.2899 2.1101 0.8989 0.5452 
5.2601 -0.2999 2.1107 0.9161 0.5713 
5.2601 -0.2999 2.1107 0.9161 0.5713 
5.2501 -0.2899 2.1142 0.8858 0.6023 
5.2401 -0.2999 2.1101 0.9203 0.6280 
5.2701 -0.2699 2.1086 0.8654 0.5499 
5.2501 -0.2399 2.1070 0.8094 0.6215 
5.2301 -0.2499 2.1071 0.8334 0.6799 
5.3101 -0.2799 2.1084 0.8818 0.4292 
5.2901 -0.2699 2.1077 0.8666 0.4897 
5.2801 -0.2799 2.1139 0.8647 0.5179 
5.2801 -0.2799 2.1139 0.8647 0.5179 
5.2901 -0.2899 2.1052 0.9153 0.4871 
5.3101 -0.2799 2.1084 0.8818 0.4292 
5.2801 -0.2889 2.1101 0.8961 0.5164 
5.2801 -0.2899 2.1097 0.8995 0.5162 
5.2801 -0.2799 2.1139 0.8647 0.5179 
5.2801 -0.2899 2.1097 0.8995 0.5162 
5.2901 -0.2899 2.1052 0.9153 0.4871 
5.2801 -0.2799 2.1139 0.8647 0.5179 
5.2801 -0.2899 2.1097 0.8995 0.5162 
5.2801 -0.2889 2.1101 0.8961 0.5164 
5.2701 -0.2899 2.1101 0.8989 0.5452 
5.2601 -0.2999 2.1107 0.9161 0.5713 
5.2701 -0.2699 2.1086 0.8654 0.5499 
5.2401 -0.2799 2.1099 0.8836 0.6356 
5.2701 -0.2899 2.1101 0.8989 0.5452 
5.2701 -0.2899 2.1101 0.8989 0.5452 
5.2801 -0.2899 2.1097 0.8995 0.5162 
5.2401 -0.2899 2.1101 0.9019 0.6317 
5.2501 -0.2899 2.1142 0.8858 0.6023 
5.2401 -0.2899 2.1101 0.9019 0.6317 
5.2401 -0.2899 2.1101 0.9019 0.6317 
5.2501 -0.2899 2.1142 0.8858 0.6023 
5.2401 -0.2799 2.1099 0.8836 0.6356 
5.2401 -0.2899 2.1101 0.9019 0.6317 
5.2401 -0.2899 2.1101 0.9019 0.6317 
5.2401 -0.2899 2.1101 0.9019 0.6317 
5.2501 -0.2899 2.1142 0.8858 0.6023 
5.2401 -0.2899 2.1101 0.9019 0.6317 
5.2401 -0.2999 2.1101 0.9203 0.6280 
5.2401 -0.2899 2.1101 0.9019 0.6317 
5.2401 -0.2999 2.1101 0.9203 0.6280 
5.2401 -0.2899 2.1101 0.9019 0.6317 
5.2701 -0.2699 2.1086 0.8654 0.5499 
5.2301 -0.2499 2.1071 0.8334 0.6799 
5.2401 -0.2799 2.1099 0.8836 0.6356 
5.2301 -0.2499 2.1071 0.8334 0.6799 
5.2001 -0.2799 2.1095 0.8890 0.7527 
5.2401 -0.2899 2.1101 0.9019 0.6317 
5.2401 -0.2799 2.1099 0.8836 0.6356 
5.2301 -0.2499 2.1071 0.8334 0.6799 
5.2401 -0.2899 2.1101 0.9019 0.6317 
5.2401 -0.2899 2.1101 0.9019 0.6317 
5.2401 -0.2899 2.1101 0.9019 0.6317 
5.2401 -0.2799 2.1099 0.8836 0.6356 
5.2401 -0.2999 2.1101 0.9203 0.6280 
5.2401 -0.2899 2.1101 0.9019 0.6317 
5.2201 -0.2999 2.1088 0.9268 0.6848 
5.2401 -0.2899 2.1101 0.9019 0.6317 
5.2001 -0.2799 2.1095 0.8890 0.7527 
5.2201 -0.2999 2.1088 0.9268 0.6848 
5.1801 -0.2399 2.1083 0.8125 0.8420 
5.1901 -0.2199 2.1051 0.7779 0.8284 
5.1501 -0.2199 2.1056 0.7807 0.9588 
5.1801 -0.2399 2.1083 0.8125 0.8420 
5.1501 -0.2199 2.1056 0.7807 0.9588 
5.1601 -0.2399 2.1074 0.8183 0.9052 
5.1901 -0.2199 2.1051 0.7779 0.8284 
5.1801 -0.2399 2.1083 0.8125 0.8420 
5.2301 -0.2499 2.1071 0.8334 0.6799 
5.1501 -0.2199 2.1056 0.7807 0.9588 
5.1301 -0.2399 2.1076 0.8213 0.9986 
5.1601 -0.2399 2.1074 0.8183 0.9052 
5.1801 -0.2999 2.1088 0.9308 0.7975 
5.2001 -0.2799 2.1095 0.8890 0.7527 
5.1801 -0.2799 2.1097 0.8903 0.8108 
5.1801 -0.2799 2.1097 0.8903 0.8108 
5.1501 -0.2899 2.1076 0.9198 0.8904 
5.1801 -0.2899 2.1141 0.8930 0.8019 
5.2301 -0.2499 2.1071 0.8334 0.6799 
5.1801 -0.2399 2.1083 0.8125 0.8420 
5.2001 -0.2799 2.1095 0.8890 0.7527 
5.2001 -0.2799 2.1095 0.8890 0.7527 
5.1801 -0.2399 2.1083 0.8125 0.8420 
5.1801 -0.2799 2.1097 0.8903 0.8108 
5.1801 -0.2399 2.1083 0.8125 0.8420 
5.1601 -0.2399 2.1074 0.8183 0.9052 
5.1801 -0.2799 2.1097 0.8903 0.8108 
5.1801 -0.2799 2.1097 0.8903 0.8108 
5.1601 -0.2399 2.1074 0.8183 0.9052 
5.1601 -0.2699 2.1071 0.8824 0.8785 
5.1801 -0.2799 2.1097 0.8903 0.8108 
5.1801 -0.2899 2.1141 0.8930 0.8019 
5.1801 -0.2999 2.1088 0.9308 0.7975 
5.1801 -0.2899 2.1141 0.8930 0.8019 
5.1501 -0.2899 2.1076 0.9198 0.8904 
5.1801 -0.2999 2.1088 0.9308 0.7975 
5.1601 -0.2399 2.1074 0.8183 0.9052 
5.1301 -0.2399 2.1076 0.8213 0.9986 
5.1601 -0.2699 2.1071 0.8824 0.8785 
5.1801 -0.2799 2.1097 0.8903 0.8108 
5.1601 -0.2699 2.1071 0.8824 0.8785 
5.1501 -0.2899 2.1076 0.9198 0.8904 
5.2701 -0.1199 2.1001 0.4829 0.6024 
5.3001 -0.1099 2.0982 0.4460 0.4763 
5.2696 -0.1099 2.1001 0.4437 0.6097 
5.2701 -0.1199 2.1001 0.4829 0.6024 
5.2901 -0.1299 2.0994 0.5196 0.5150 
5.3001 -0.1099 2.0982 0.4460 0.4763 
5.2701 -0.1199 2.1001 0.4829 0.6024 
5.2701 -0.1199 2.1001 0.4829 0.6024 
5.2696 -0.1099 2.1001 0.4437 0.6097 
5.2901 -0.1299 2.0994 0.5196 0.5150 
5.2701 -0.1199 2.1001 0.4829 0.6024 
5.2801 -0.1299 2.1001 0.5184 0.5564 
5.2701 -0.1199 2.1001 0.4829 0.6024 
5.2801 -0.1299 2.1001 0.5184 0.5564 
5.2701 -0.1199 2.1001 0.4829 0.6024 
5.2701 -0.1199 2.1001 0.4829 0.6024 
5.2801 -0.1299 2.1001 0.5184 0.5564 
5.2801 -0.1299 2.1001 0.5184 0.5564 
5.2701 -0.1199 2.1001 0.4829 0.6024 
5.2701 -0.1199 2.1001 0.4829 0.6024 
5.2701 -0.1199 2.1001 0.4829 0.6024 
5.2901 -0.1299 2.0994 0.5196 0.5150 
5.2801 -0.1299 2.1001 0.5184 0.5564 
5.2801 -0.1299 2.1001 0.5184 0.5564 
5.2801 -0.1299 2.1001 0.5184 0.5564 
5.2801 -0.1299 2.1001 0.5184 0.5564 
5.2801 -0.1299 2.1001 0.5184 0.5564 
5.3901 -0.2999 2.1070 0.9174 0.1997 
5.3701 -0.3099 2.1071 0.9371 0.2595 
5.4001 -0.3199 2.1056 0.9574 0.1792 
5.3901 -0.2999 2.1070 0.9174 0.1997 
5.3701 -0.2999 2.1122 0.9004 0.2585 
5.3701 -0.3099 2.1071 0.9371 0.2595 
5.3701 -0.3099 2.1071 0.9371 0.2595 
5.3501 -0.3299 2.1092 0.9657 0.3198 
5.3601 -0.3199 2.1059 0.9601 0.2894 
5.4001 -0.3199 2.1056 0.9574 0.1792 
5.3701 -0.3099 2.1071 0.9371 0.2595 
5.3801 -0.3399 2.1087 0.9814 0.2412 
5.3601 -0.3199 2.1059 0.9601 0.2894 
5.3801 -0.3399 2.1087 0.9814 0.2412 
5.3701 -0.3099 2.1071 0.9371 0.2595 
5.3601 -0.3499 2.1157 0.9746 0.2985 
5.3801 -0.3399 2.1087 0.9814 0.2412 
5.3601 -0.3199 2.1059 0.9601 0.2894 
5.3601 -0.3499 2.1157 0.9746 0.2985 
5.3601 -0.3199 2.1059 0.9601 0.2894 
5.3501 -0.3299 2.1092 0.9657 0.3198 
5.2901 -0.2899 2.1052 0.9153 0.4871 
5.2801 -0.3099 2.1098 0.9356 0.5129 
5.3101 -0.3099 2.1096 0.9337 0.4288 
5.3101 -0.3199 2.1101 0.9492 0.4287 
5.3101 -0.3199 2.1101 0.9492 0.4287 
5.3101 -0.3199 2.1101 0.9492 0.4287 
5.3101 -0.3199 2.1101 0.9492 0.4287 
5.3101 -0.3199 2.1101 0.9492 0.4287 
5.3101 -0.3199 2.1101 0.9492 0.4287 
5.3101 -0.3099 2.1096 0.9337 0.4288 
5.2801 -0.3099 2.1098 0.9356 0.5129 
5.3001 -0.3245 2.1101 0.9579 0.4559 
5.3101 -0.3199 2.1101 0.9492 0.4287 
5.3001 -0.3245 2.1101 0.9579 0.4559 
5.3201 -0.3299 2.1104 0.9643 0.4014 
5.3101 -0.3199 2.1101 0.9492 0.4287 
5.3101 -0.3199 2.1101 0.9492 0.4287 
5.3201 -0.3299 2.1104 0.9643 0.4014 
5.3001 -0.3245 2.1101 0.9579 0.4559 
5.3101 -0.3199 2.1101 0.9492 0.4287 
5.3101 -0.3199 2.1101 0.9492 0.4287 
5.3201 -0.3399 2.1190 0.9506 0.4029 
5.3601 -0.3499 2.1157 0.9746 0.2985 
5.3201 -0.3299 2.1104 0.9643 0.4014 
5.3201 -0.3299 2.1104 0.9643 0.4014 
5.3601 -0.3499 2.1157 0.9746 0.2985 
5.3501 -0.3299 2.1092 0.9657 0.3198 
5.3201 -0.3299 2.1104 0.9643 0.4014 
5.3001 -0.3245 2.1101 0.9579 0.4559 
5.3201 -0.3399 2.1190 0.9506 0.4029 
5.3201 -0.3399 2.1190 0.9506 0.4029 
5.3001 -0.3245 2.1101 0.9579 0.4559 
5.2801 -0.3399 2.1198 0.9512 0.5081 
5.3201 -0.3399 2.1190 0.9506 0.4029 
5.2801 -0.3399 2.1198 0.9512 0.5081 
5.3101 -0.3499 2.1110 0.9951 0.4283 
5.3701 -0.3099 2.1071 0.9371 0.2595 
5.3301 -0.2799 2.1048 0.8936 0.3691 
5.3501 -0.3299 2.1092 0.9657 0.3198 
5.3501 -0.3299 2.1092 0.9657 0.3198 
5.3101 -0.3099 2.1096 0.9337 0.4288 
5.3201 -0.3199 2.1096 0.9502 0.4010 
5.3101 -0.3199 2.1101 0.9492 0.4287 
5.3201 -0.3199 2.1096 0.9502 0.4010 
5.3101 -0.3099 2.1096 0.9337 0.4288 
5.3101 -0.3199 2.1101 0.9492 0.4287 
5.3101 -0.3199 2.1101 0.9492 0.4287 
5.3201 -0.3199 2.1096 0.9502 0.4010 
5.3101 -0.3199 2.1101 0.9492 0.4287 
5.3101 -0.3099 2.1096 0.9337 0.4288 
5.3001 -0.3245 2.1101 0.9579 0.4559 
5.3101 -0.3199 2.1101 0.9492 0.4287 
5.3101 -0.3199 2.1101 0.9492 0.4287 
5.3101 -0.3099 2.1096 0.9337 0.4288 
5.3501 -0.3299 2.1092 0.9657 0.3198 
5.3201 -0.3199 2.1096 0.9502 0.4010 
5.3201 -0.3299 2.1104 0.9643 0.4014 
5.3201 -0.3199 2.1096 0.9502 0.4010 
5.3101 -0.3199 2.1101 0.9492 0.4287 
5.3201 -0.3299 2.1104 0.9643 0.4014 
5.2901 -0.2899 2.1052 0.9153 0.4871 
5.2801 -0.2899 2.1097 0.8995 0.5162 
5.2801 -0.3099 2.1098 0.9356 0.5129 
5.2801 -0.3099 2.1098 0.9356 0.5129 
5.2801 -0.2899 2.1097 0.8995 0.5162 
5.2701 -0.2899 2.1101 0.8989 0.5452 
5.2701 -0.2899 2.1101 0.8989 0.5452 
5.2601 -0.2999 2.1107 0.9161 0.5713 
5.2801 -0.3099 2.1098 0.9356 0.5129 
5.2601 -0.2999 2.1107 0.9161 0.5713 
5.2401 -0.2999 2.1101 0.9203 0.6280 
5.2801 -0.3099 2.1098 0.9356 0.5129 
5.2801 -0.3099 2.1098 0.9356 0.5129 
5.2501 -0.3299 2.1182 0.9428 0.5897 
5.2801 -0.3199 2.1189 0.9208 0.5112 
5.2801 -0.3199 2.1189 0.9208 0.5112 
5.2801 -0.3399 2.1198 0.9512 0.5081 
5.3001 -0.3245 2.1101 0.9579 0.4559 
5.2801 -0.3399 2.1198 0.9512 0.5081 
5.2801 -0.3199 2.1189 0.9208 0.5112 
5.2701 -0.3299 2.1175 0.9435 0.5364 
5.2801 -0.3199 2.1189 0.9208 0.5112 
5.2501 -0.3299 2.1182 0.9428 0.5897 
5.2701 -0.3299 2.1175 0.9435 0.5364 
5.3101 -0.3499 2.1110 0.9951 0.4283 
5.2801 -0.3399 2.1198 0.9512 0.5081 
5.2701 -0.3499 2.1115 0.9965 0.5329 
5.2801 -0.3399 2.1198 0.9512 0.5081 
5.2701 -0.3299 2.1175 0.9435 0.5364 
5.2701 -0.3499 2.1115 0.9965 0.5329 
5.2701 -0.3499 2.1115 0.9965 0.5329 
5.2701 -0.3299 2.1175 0.9435 0.5364 
5.2401 -0.3399 2.1109 0.9855 0.6142 
5.2801 -0.3099 2.1098 0.9356 0.5129 
5.2801 -0.3199 2.1189 0.9208 0.5112 
5.3001 -0.3245 2.1101 0.9579 0.4559 
5.2201 -0.2999 2.1088 0.9268 0.6848 
5.2801 -0.3099 2.1098 0.9356 0.5129 
5.2401 -0.2999 2.1101 0.9203 0.6280 
5.2501 -0.3299 2.1182 0.9428 0.5897 
5.2201 -0.2999 2.1088 0.9268 0.6848 
5.2301 -0.3299 2.1143 0.9581 0.6436 
5.2801 -0.3099 2.1098 0.9356 0.5129 
5.2201 -0.2999 2.1088 0.9268 0.6848 
5.2501 -0.3299 2.1182 0.9428 0.5897 
5.2301 -0.3299 2.1143 0.9581 0.6436 
5.2201 -0.2999 2.1088 0.9268 0.6848 
5.1901 -0.3199 2.1099 0.9606 0.7572 
5.2301 -0.3299 2.1143 0.9581 0.6436 
5.1901 -0.3199 2.1099 0.9606 0.7572 
5.2101 -0.3299 2.1168 0.9512 0.6962 
5.2701 -0.3299 2.1175 0.9435 0.5364 
5.2501 -0.3299 2.1182 0.9428 0.5897 
5.2401 -0.3399 2.1109 0.9855 0.6142 
5.2501 -0.3299 2.1182 0.9428 0.5897 
5.2301 -0.3299 2.1143 0.9581 0.6436 
5.2401 -0.3399 2.1109 0.9855 0.6142 
5.2301 -0.3299 2.1143 0.9581 0.6436 
5.2101 -0.3299 2.1168 0.9512 0.6962 
5.2401 -0.3399 2.1109 0.9855 0.6142 
5.2401 -0.3399 2.1109 0.9855 0.6142 
5.2101 -0.3299 2.1168 0.9512 0.6962 
5.2101 -0.3499 2.1131 0.9958 0.6883 
5.2201 -0.2999 2.1088 0.9268 0.6848 
5.2001 -0.2799 2.1095 0.8890 0.7527 
5.1901 -0.3199 2.1099 0.9606 0.7572 
5.1801 -0.2999 2.1088 0.9308 0.7975 
5.1901 -0.3199 2.1099 0.9606 0.7572 
5.2001 -0.2799 2.1095 0.8890 0.7527 
5.1701 -0.3099 2.1095 0.9468 0.8183 
5.1801 -0.3299 2.1151 0.9597 0.7763 
5.1901 -0.3199 2.1099 0.9606 0.7572 
5.1401 -0.3299 2.1164 0.9586 0.8812 
5.1801 -0.3299 2.1151 0.9597 0.7763 
5.1701 -0.3099 2.1095 0.9468 0.8183 
5.2101 -0.3499 2.1131 0.9958 0.6883 
5.1901 -0.3199 2.1099 0.9606 0.7572 
5.1801 -0.3399 2.1127 0.9839 0.7714 
5.2101 -0.3299 2.1168 0.9512 0.6962 
5.1901 -0.3199 2.1099 0.9606 0.7572 
5.2101 -0.3499 2.1131 0.9958 0.6883 
5.1901 -0.3199 2.1099 0.9606 0.7572 
5.1801 -0.3299 2.1151 0.9597 0.7763 
5.1801 -0.3399 2.1127 0.9839 0.7714 
5.1801 -0.3399 2.1127 0.9839 0.7714 
5.1801 -0.3299 2.1151 0.9597 0.7763 
5.1501 -0.3399 2.1121 0.9885 0.8498 
5.1801 -0.3299 2.1151 0.9597 0.7763 
5.1401 -0.3299 2.1164 0.9586 0.8812 
5.1501 -0.3399 2.1121 0.9885 0.8498 
5.2101 -0.3499 2.1131 0.9958 0.6883 
5.1801 -0.3399 2.1127 0.9839 0.7714 
5.1901 -0.3599 2.1186 0.9940 0.7332 
5.1901 -0.3199 2.1099 0.9606 0.7572 
5.1801 -0.2999 2.1088 0.9308 0.7975 
5.1701 -0.3099 2.1095 0.9468 0.8183 
5.1801 -0.2999 2.1088 0.9308 0.7975 
5.1501 -0.2899 2.1076 0.9198 0.8904 
5.1701 -0.3099 2.1095 0.9468 0.8183 
5.1401 -0.3199 2.1105 0.9628 0.8920 
5.1201 -0.2999 2.1118 0.9253 0.9631 
5.1101 -0.3199 2.1152 0.9486 0.9694 
5.1301 -0.3099 2.1164 0.9258 0.9239 
5.1201 -0.2999 2.1118 0.9253 0.9631 
5.1401 -0.3199 2.1105 0.9628 0.8920 
5.1201 -0.2999 2.1118 0.9253 0.9631 
5.1101 -0.2999 2.1095 0.9345 0.9924 
5.1101 -0.3199 2.1152 0.9486 0.9694 
5.1401 -0.3199 2.1105 0.9628 0.8920 
5.1401 -0.3299 2.1164 0.9586 0.8812 
5.1701 -0.3099 2.1095 0.9468 0.8183 
5.1401 -0.3299 2.1164 0.9586 0.8812 
5.1101 -0.3199 2.1152 0.9486 0.9694 
5.1101 -0.3399 2.1127 0.9900 0.9533 
5.1401 -0.3199 2.1105 0.9628 0.8920 
5.1101 -0.3199 2.1152 0.9486 0.9694 
5.1401 -0.3299 2.1164 0.9586 0.8812 
5.1301 -0.3099 2.1164 0.9258 0.9239 
5.1401 -0.3199 2.1105 0.9628 0.8920 
5.1501 -0.2899 2.1076 0.9198 0.8904 
5.1401 -0.3199 2.1105 0.9628 0.8920 
5.1701 -0.3099 2.1095 0.9468 0.8183 
5.1501 -0.2899 2.1076 0.9198 0.8904 
