NUMPOLLIES 763.000000 

4.3201 0.6301 2.1201 0.9438 0.0751 
4.3301 0.6201 2.1271 0.9849 0.0585 
4.3401 0.6282 2.1301 0.9664 0.0537 
4.3201 0.6301 2.1201 0.9438 0.0751 
4.3201 0.6286 2.1301 0.9681 0.0783 
4.3301 0.6201 2.1271 0.9849 0.0585 
4.3201 0.6301 2.1201 0.9438 0.0751 
4.3201 0.6301 2.1201 0.9438 0.0751 
4.3201 0.6286 2.1301 0.9681 0.0783 
4.3201 0.6286 2.1301 0.9681 0.0783 
4.3201 0.6301 2.1201 0.9438 0.0751 
4.3081 0.6201 2.1301 0.9943 0.0958 
4.3001 0.6324 2.1301 0.9604 0.1202 
4.3081 0.6201 2.1301 0.9943 0.0958 
4.3201 0.6301 2.1201 0.9438 0.0751 
4.3201 0.6301 2.1201 0.9438 0.0751 
4.3401 0.6282 2.1301 0.9664 0.0537 
4.3201 0.6313 2.1101 0.9196 0.0719 
4.3201 0.6301 2.1201 0.9438 0.0751 
4.3201 0.6313 2.1101 0.9196 0.0719 
4.3201 0.6301 2.1201 0.9438 0.0751 
4.3301 0.6205 2.0901 0.9065 0.0528 
4.3201 0.6313 2.1101 0.9196 0.0719 
4.3401 0.6282 2.1301 0.9664 0.0537 
4.3201 0.6301 2.1201 0.9438 0.0751 
4.3201 0.6301 2.1201 0.9438 0.0751 
4.3201 0.6301 2.1201 0.9438 0.0751 
4.3201 0.6301 2.1201 0.9438 0.0751 
4.3101 0.6248 2.1101 0.9398 0.0860 
4.3201 0.6301 2.1201 0.9438 0.0751 
4.3201 0.6301 2.1201 0.9438 0.0751 
4.3201 0.6313 2.1101 0.9196 0.0719 
4.3101 0.6248 2.1101 0.9398 0.0860 
4.3301 0.6205 2.0901 0.9065 0.0528 
4.3201 0.6245 2.1001 0.9181 0.0646 
4.3201 0.6313 2.1101 0.9196 0.0719 
4.3201 0.6313 2.1101 0.9196 0.0719 
4.3201 0.6245 2.1001 0.9181 0.0646 
4.3101 0.6248 2.1101 0.9398 0.0860 
4.3201 0.6245 2.1001 0.9181 0.0646 
4.3001 0.6236 2.1001 0.9235 0.1012 
4.3101 0.6248 2.1101 0.9398 0.0860 
4.3001 0.6101 2.1096 0.9834 0.0966 
4.3011 0.6101 2.1101 0.9844 0.0948 
4.3001 0.6101 2.1105 0.9853 0.0970 
4.3201 0.6245 2.1001 0.9181 0.0646 
4.3101 0.6243 2.0901 0.8985 0.0771 
4.3001 0.6236 2.1001 0.9235 0.1012 
4.3301 0.6279 2.0801 0.8629 0.0528 
4.3201 0.6245 2.1001 0.9181 0.0646 
4.3301 0.6205 2.0901 0.9065 0.0528 
4.3101 0.6194 2.0701 0.8677 0.0662 
4.3101 0.6243 2.0901 0.8985 0.0771 
4.3201 0.6245 2.1001 0.9181 0.0646 
4.3101 0.6194 2.0701 0.8677 0.0662 
4.3201 0.6245 2.1001 0.9181 0.0646 
4.3301 0.6279 2.0801 0.8629 0.0528 
4.3001 0.6200 2.0601 0.8439 0.0803 
4.3101 0.6243 2.0901 0.8985 0.0771 
4.3101 0.6194 2.0701 0.8677 0.0662 
4.3001 0.6200 2.0601 0.8439 0.0803 
4.3101 0.6194 2.0701 0.8677 0.0662 
4.3001 0.6221 2.0401 0.7890 0.0727 
4.3101 0.6183 2.0401 0.7985 0.0562 
4.3101 0.6276 2.0301 0.7461 0.0569 
4.3001 0.6180 2.0301 0.7753 0.0661 
4.3001 0.6180 2.0301 0.7753 0.0661 
4.3001 0.6221 2.0401 0.7890 0.0727 
4.3101 0.6183 2.0401 0.7985 0.0562 
4.3001 0.6180 2.0301 0.7753 0.0661 
4.3101 0.6276 2.0301 0.7461 0.0569 
4.3001 0.6229 2.0201 0.7349 0.0648 
4.3001 0.6324 2.1301 0.9604 0.1202 
4.3201 0.6301 2.1201 0.9438 0.0751 
4.2901 0.6317 2.1301 0.9638 0.1414 
4.2428 0.6301 2.1201 0.9551 0.2455 
4.2501 0.6201 2.1261 0.9950 0.2250 
4.2601 0.6201 2.1297 1.0007 0.2027 
4.2701 0.6294 2.1201 0.9532 0.1811 
4.2428 0.6301 2.1201 0.9551 0.2455 
4.2601 0.6201 2.1297 1.0007 0.2027 
4.2428 0.6301 2.1201 0.9551 0.2455 
4.2701 0.6294 2.1201 0.9532 0.1811 
4.2501 0.6260 2.1001 0.9243 0.2190 
4.3101 0.6248 2.1101 0.9398 0.0860 
4.2901 0.6317 2.1301 0.9638 0.1414 
4.3201 0.6301 2.1201 0.9438 0.0751 
4.2901 0.6311 2.1001 0.9034 0.1280 
4.2901 0.6317 2.1301 0.9638 0.1414 
4.3101 0.6248 2.1101 0.9398 0.0860 
4.2901 0.6317 2.1301 0.9638 0.1414 
4.2701 0.6299 2.1001 0.9100 0.1734 
4.2848 0.6301 2.1301 0.9690 0.1522 
4.2901 0.6317 2.1301 0.9638 0.1414 
4.2901 0.6311 2.1001 0.9034 0.1280 
4.2701 0.6299 2.1001 0.9100 0.1734 
4.2701 0.6299 2.1001 0.9100 0.1734 
4.2701 0.6294 2.1201 0.9532 0.1811 
4.2848 0.6301 2.1301 0.9690 0.1522 
4.2501 0.6260 2.1001 0.9243 0.2190 
4.2701 0.6294 2.1201 0.9532 0.1811 
4.2701 0.6299 2.1001 0.9100 0.1734 
4.3001 0.6236 2.1001 0.9235 0.1012 
4.2901 0.6311 2.1001 0.9034 0.1280 
4.3101 0.6248 2.1101 0.9398 0.0860 
4.2601 0.6211 2.0901 0.9153 0.1879 
4.2501 0.6260 2.1001 0.9243 0.2190 
4.2701 0.6299 2.1001 0.9100 0.1734 
4.2428 0.6301 2.1201 0.9551 0.2455 
4.2401 0.6239 2.1301 0.9934 0.2519 
4.2501 0.6201 2.1261 0.9950 0.2250 
4.2401 0.6172 2.1001 0.9516 0.2387 
4.2428 0.6301 2.1201 0.9551 0.2455 
4.2501 0.6260 2.1001 0.9243 0.2190 
4.2401 0.6172 2.1001 0.9516 0.2387 
4.2301 0.6244 2.1001 0.9318 0.2671 
4.2428 0.6301 2.1201 0.9551 0.2455 
4.2301 0.6244 2.1001 0.9318 0.2671 
4.2101 0.6287 2.1101 0.9434 0.3207 
4.2428 0.6301 2.1201 0.9551 0.2455 
4.2101 0.6187 2.1001 0.9518 0.3142 
4.2101 0.6287 2.1101 0.9434 0.3207 
4.2301 0.6244 2.1001 0.9318 0.2671 
4.1801 0.6273 2.1101 0.9521 0.3938 
4.2101 0.6287 2.1101 0.9434 0.3207 
4.2101 0.6187 2.1001 0.9518 0.3142 
4.1901 0.6301 2.1401 1.0026 0.3750 
4.2001 0.6301 2.1404 1.0018 0.3515 
4.1901 0.6301 2.1401 1.0026 0.3750 
4.1901 0.6301 2.1401 1.0026 0.3750 
4.2001 0.6301 2.1404 1.0018 0.3515 
4.2001 0.6334 2.1401 0.9919 0.3525 
4.1901 0.6301 2.1401 1.0026 0.3750 
4.2001 0.6334 2.1401 0.9919 0.3525 
4.1901 0.6301 2.1401 1.0026 0.3750 
4.1901 0.6301 2.1401 1.0026 0.3750 
4.2001 0.6334 2.1401 0.9919 0.3525 
4.2001 0.6301 2.1404 1.0018 0.3515 
4.1801 0.6301 2.1388 1.0016 0.3985 
4.1901 0.6301 2.1401 1.0026 0.3750 
4.1901 0.6301 2.1401 1.0026 0.3750 
4.1601 0.6233 2.1201 0.9874 0.4432 
4.1601 0.6280 2.1301 0.9936 0.4449 
4.1901 0.6266 2.1301 0.9932 0.3723 
4.1601 0.6233 2.1201 0.9874 0.4432 
4.1501 0.6280 2.1101 0.9545 0.4682 
4.1601 0.6280 2.1301 0.9936 0.4449 
4.1801 0.6273 2.1101 0.9521 0.3938 
4.1901 0.6266 2.1301 0.9932 0.3723 
4.2001 0.6265 2.1201 0.9720 0.3463 
4.1801 0.6273 2.1101 0.9521 0.3938 
4.1601 0.6233 2.1201 0.9874 0.4432 
4.1901 0.6266 2.1301 0.9932 0.3723 
4.1801 0.6273 2.1101 0.9521 0.3938 
4.1501 0.6280 2.1101 0.9545 0.4682 
4.1601 0.6233 2.1201 0.9874 0.4432 
4.1801 0.6154 2.1001 0.9664 0.3887 
4.1801 0.6273 2.1101 0.9521 0.3938 
4.2101 0.6187 2.1001 0.9518 0.3142 
4.1601 0.6203 2.1001 0.9548 0.4409 
4.1801 0.6273 2.1101 0.9521 0.3938 
4.1801 0.6154 2.1001 0.9664 0.3887 
4.1601 0.6203 2.1001 0.9548 0.4409 
4.1501 0.6280 2.1101 0.9545 0.4682 
4.1801 0.6273 2.1101 0.9521 0.3938 
4.1401 0.6284 2.1301 0.9955 0.4934 
4.1501 0.6333 2.1401 0.9995 0.4704 
4.1601 0.6280 2.1301 0.9936 0.4449 
4.1301 0.6252 2.1201 0.9864 0.5175 
4.1401 0.6284 2.1301 0.9955 0.4934 
4.1601 0.6280 2.1301 0.9936 0.4449 
4.1501 0.6280 2.1101 0.9545 0.4682 
4.1301 0.6252 2.1201 0.9864 0.5175 
4.1601 0.6280 2.1301 0.9936 0.4449 
4.1301 0.6252 2.1201 0.9864 0.5175 
4.1201 0.6337 2.1101 0.9424 0.5433 
4.1201 0.6301 2.1301 0.9935 0.5421 
4.1101 0.6255 2.1201 0.9884 0.5671 
4.1201 0.6337 2.1101 0.9424 0.5433 
4.1101 0.6262 2.1101 0.9658 0.5679 
4.1201 0.6208 2.1001 0.9594 0.5430 
4.1301 0.6252 2.1201 0.9864 0.5175 
4.1501 0.6280 2.1101 0.9545 0.4682 
4.1201 0.6337 2.1101 0.9424 0.5433 
4.1301 0.6252 2.1201 0.9864 0.5175 
4.1201 0.6208 2.1001 0.9594 0.5430 
4.1101 0.6262 2.1101 0.9658 0.5679 
4.1201 0.6337 2.1101 0.9424 0.5433 
4.1201 0.6208 2.1001 0.9594 0.5430 
4.1101 0.6262 2.1101 0.9658 0.5679 
4.1201 0.6208 2.1001 0.9594 0.5430 
4.1001 0.6253 2.1001 0.9491 0.5942 
4.3001 0.6236 2.1001 0.9235 0.1012 
4.2701 0.6299 2.1001 0.9100 0.1734 
4.2901 0.6311 2.1001 0.9034 0.1280 
4.3001 0.6236 2.1001 0.9235 0.1012 
4.2601 0.6211 2.0901 0.9153 0.1879 
4.2701 0.6299 2.1001 0.9100 0.1734 
4.3001 0.6236 2.1001 0.9235 0.1012 
4.3101 0.6243 2.0901 0.8985 0.0771 
4.2801 0.6200 2.0801 0.8933 0.1345 
4.3001 0.6236 2.1001 0.9235 0.1012 
4.2801 0.6200 2.0801 0.8933 0.1345 
4.2601 0.6211 2.0901 0.9153 0.1879 
4.2601 0.6257 2.0801 0.8796 0.1867 
4.2601 0.6211 2.0901 0.9153 0.1879 
4.2801 0.6200 2.0801 0.8933 0.1345 
4.2601 0.6257 2.0801 0.8796 0.1867 
4.2501 0.6260 2.1001 0.9243 0.2190 
4.2601 0.6211 2.0901 0.9153 0.1879 
4.2801 0.6200 2.0801 0.8933 0.1345 
4.3101 0.6243 2.0901 0.8985 0.0771 
4.3001 0.6200 2.0601 0.8439 0.0803 
4.2701 0.6214 2.0701 0.8677 0.1551 
4.2801 0.6200 2.0801 0.8933 0.1345 
4.2801 0.6269 2.0501 0.8028 0.1250 
4.2701 0.6214 2.0701 0.8677 0.1551 
4.2401 0.6282 2.0601 0.8292 0.2306 
4.2601 0.6257 2.0801 0.8796 0.1867 
4.2701 0.6214 2.0701 0.8677 0.1551 
4.2601 0.6257 2.0801 0.8796 0.1867 
4.2801 0.6200 2.0801 0.8933 0.1345 
4.2701 0.6214 2.0701 0.8677 0.1551 
4.2801 0.6269 2.0501 0.8028 0.1250 
4.2701 0.6191 2.0601 0.8512 0.1489 
4.2701 0.6191 2.0601 0.8512 0.1489 
4.2401 0.6282 2.0601 0.8292 0.2306 
4.2701 0.6214 2.0701 0.8677 0.1551 
4.3001 0.6200 2.0601 0.8439 0.0803 
4.2801 0.6269 2.0501 0.8028 0.1250 
4.2801 0.6200 2.0801 0.8933 0.1345 
4.3001 0.6221 2.0401 0.7890 0.0727 
4.2801 0.6269 2.0501 0.8028 0.1250 
4.3001 0.6200 2.0601 0.8439 0.0803 
4.2801 0.6269 2.0501 0.8028 0.1250 
4.2501 0.6215 2.0501 0.8229 0.1969 
4.2701 0.6191 2.0601 0.8512 0.1489 
4.2501 0.6215 2.0501 0.8229 0.1969 
4.2401 0.6282 2.0601 0.8292 0.2306 
4.2701 0.6191 2.0601 0.8512 0.1489 
4.2401 0.6228 2.0901 0.9132 0.2383 
4.2301 0.6244 2.1001 0.9318 0.2671 
4.2401 0.6172 2.1001 0.9516 0.2387 
4.2501 0.6260 2.1001 0.9243 0.2190 
4.2401 0.6228 2.0901 0.9132 0.2383 
4.2401 0.6172 2.1001 0.9516 0.2387 
4.2401 0.6228 2.0901 0.9132 0.2383 
4.2501 0.6260 2.1001 0.9243 0.2190 
4.2601 0.6257 2.0801 0.8796 0.1867 
4.2401 0.6228 2.0901 0.9132 0.2383 
4.2601 0.6257 2.0801 0.8796 0.1867 
4.2401 0.6177 2.0801 0.9063 0.2319 
4.2401 0.6177 2.0801 0.9063 0.2319 
4.2301 0.6244 2.1001 0.9318 0.2671 
4.2401 0.6228 2.0901 0.9132 0.2383 
4.2101 0.6187 2.1001 0.9518 0.3142 
4.2301 0.6244 2.1001 0.9318 0.2671 
4.2001 0.6174 2.0701 0.8904 0.3321 
4.1901 0.6241 2.0801 0.8950 0.3627 
4.2101 0.6254 2.0901 0.9102 0.3145 
4.2001 0.6174 2.0701 0.8904 0.3321 
4.2001 0.6174 2.0701 0.8904 0.3321 
4.2101 0.6254 2.0901 0.9102 0.3145 
4.2101 0.6187 2.1001 0.9518 0.3142 
4.2401 0.6282 2.0601 0.8292 0.2306 
4.2401 0.6177 2.0801 0.9063 0.2319 
4.2601 0.6257 2.0801 0.8796 0.1867 
4.2101 0.6229 2.0601 0.8490 0.3057 
4.2301 0.6244 2.1001 0.9318 0.2671 
4.2401 0.6177 2.0801 0.9063 0.2319 
4.2001 0.6174 2.0701 0.8904 0.3321 
4.2301 0.6244 2.1001 0.9318 0.2671 
4.2101 0.6229 2.0601 0.8490 0.3057 
4.2401 0.6177 2.0801 0.9063 0.2319 
4.2401 0.6282 2.0601 0.8292 0.2306 
4.2201 0.6221 2.0501 0.8259 0.2760 
4.2401 0.6177 2.0801 0.9063 0.2319 
4.2201 0.6221 2.0501 0.8259 0.2760 
4.2101 0.6229 2.0601 0.8490 0.3057 
4.2401 0.6282 2.0601 0.8292 0.2306 
4.2301 0.6234 2.0401 0.7958 0.2467 
4.2201 0.6221 2.0501 0.8259 0.2760 
4.2201 0.6221 2.0501 0.8259 0.2760 
4.2101 0.6135 2.0501 0.8531 0.2985 
4.2101 0.6229 2.0601 0.8490 0.3057 
4.2101 0.6220 2.0401 0.8028 0.2997 
4.2001 0.6174 2.0701 0.8904 0.3321 
4.2101 0.6135 2.0501 0.8531 0.2985 
4.2001 0.6174 2.0701 0.8904 0.3321 
4.2101 0.6229 2.0601 0.8490 0.3057 
4.2101 0.6135 2.0501 0.8531 0.2985 
4.2601 0.6194 2.0301 0.7775 0.1604 
4.2501 0.6215 2.0501 0.8229 0.1969 
4.2801 0.6269 2.0501 0.8028 0.1250 
4.2801 0.6269 2.0501 0.8028 0.1250 
4.3001 0.6221 2.0401 0.7890 0.0727 
4.3001 0.6180 2.0301 0.7753 0.0661 
4.3001 0.6180 2.0301 0.7753 0.0661 
4.2801 0.6192 2.0401 0.8003 0.1147 
4.2801 0.6269 2.0501 0.8028 0.1250 
4.2801 0.6192 2.0401 0.8003 0.1147 
4.2601 0.6194 2.0301 0.7775 0.1604 
4.2801 0.6269 2.0501 0.8028 0.1250 
4.2401 0.6202 2.0301 0.7781 0.2142 
4.2501 0.6215 2.0501 0.8229 0.1969 
4.2601 0.6194 2.0301 0.7775 0.1604 
4.3001 0.6180 2.0301 0.7753 0.0661 
4.3001 0.6229 2.0201 0.7349 0.0648 
4.2801 0.6192 2.0401 0.8003 0.1147 
4.2701 0.6257 2.0201 0.7313 0.1342 
4.2601 0.6194 2.0301 0.7775 0.1604 
4.2801 0.6192 2.0401 0.8003 0.1147 
4.3001 0.6229 2.0201 0.7349 0.0648 
4.2701 0.6257 2.0201 0.7313 0.1342 
4.2801 0.6192 2.0401 0.8003 0.1147 
4.2601 0.6194 2.0301 0.7775 0.1604 
4.2501 0.6161 2.0201 0.7626 0.1801 
4.2401 0.6202 2.0301 0.7781 0.2142 
4.2601 0.6194 2.0301 0.7775 0.1604 
4.2701 0.6257 2.0201 0.7313 0.1342 
4.2501 0.6161 2.0201 0.7626 0.1801 
4.2701 0.6257 2.0201 0.7313 0.1342 
4.3001 0.6229 2.0201 0.7349 0.0648 
4.2801 0.6155 2.0101 0.7326 0.0965 
4.2501 0.6225 2.0101 0.7165 0.1799 
4.2701 0.6257 2.0201 0.7313 0.1342 
4.2801 0.6155 2.0101 0.7326 0.0965 
4.2501 0.6225 2.0101 0.7165 0.1799 
4.2501 0.6161 2.0201 0.7626 0.1801 
4.2701 0.6257 2.0201 0.7313 0.1342 
4.3001 0.6167 2.0101 0.7261 0.0583 
4.2801 0.6155 2.0101 0.7326 0.0965 
4.3001 0.6229 2.0201 0.7349 0.0648 
4.2801 0.6180 1.9901 0.6688 0.0878 
4.2801 0.6155 2.0101 0.7326 0.0965 
4.3001 0.6167 2.0101 0.7261 0.0583 
4.2801 0.6180 1.9901 0.6688 0.0878 
4.2701 0.6154 2.0001 0.7068 0.1161 
4.2801 0.6155 2.0101 0.7326 0.0965 
4.2701 0.6154 2.0001 0.7068 0.1161 
4.2501 0.6225 2.0101 0.7165 0.1799 
4.2801 0.6155 2.0101 0.7326 0.0965 
4.2501 0.6189 2.0001 0.6994 0.1726 
4.2501 0.6225 2.0101 0.7165 0.1799 
4.2701 0.6154 2.0001 0.7068 0.1161 
4.2401 0.6282 2.0601 0.8292 0.2306 
4.2501 0.6215 2.0501 0.8229 0.1969 
4.2301 0.6234 2.0401 0.7958 0.2467 
4.2201 0.6221 2.0501 0.8259 0.2760 
4.2301 0.6234 2.0401 0.7958 0.2467 
4.2101 0.6220 2.0401 0.8028 0.2997 
4.2201 0.6221 2.0501 0.8259 0.2760 
4.2101 0.6220 2.0401 0.8028 0.2997 
4.2101 0.6135 2.0501 0.8531 0.2985 
4.2401 0.6202 2.0301 0.7781 0.2142 
4.2301 0.6234 2.0401 0.7958 0.2467 
4.2501 0.6215 2.0501 0.8229 0.1969 
4.2401 0.6202 2.0301 0.7781 0.2142 
4.2301 0.6252 2.0301 0.7649 0.2441 
4.2301 0.6234 2.0401 0.7958 0.2467 
4.2101 0.6232 2.0201 0.7475 0.2944 
4.2101 0.6220 2.0401 0.8028 0.2997 
4.2301 0.6234 2.0401 0.7958 0.2467 
4.2301 0.6141 2.0201 0.7719 0.2337 
4.2101 0.6232 2.0201 0.7475 0.2944 
4.2301 0.6234 2.0401 0.7958 0.2467 
4.2301 0.6252 2.0301 0.7649 0.2441 
4.2301 0.6141 2.0201 0.7719 0.2337 
4.2301 0.6234 2.0401 0.7958 0.2467 
4.2401 0.6202 2.0301 0.7781 0.2142 
4.2501 0.6161 2.0201 0.7626 0.1801 
4.2301 0.6252 2.0301 0.7649 0.2441 
4.2501 0.6161 2.0201 0.7626 0.1801 
4.2301 0.6141 2.0201 0.7719 0.2337 
4.2301 0.6252 2.0301 0.7649 0.2441 
4.2101 0.6232 2.0201 0.7475 0.2944 
4.2201 0.6223 2.0101 0.7219 0.2627 
4.2001 0.6235 2.0101 0.7212 0.3197 
4.2001 0.6185 2.0201 0.7632 0.3200 
4.2101 0.6232 2.0201 0.7475 0.2944 
4.2001 0.6235 2.0101 0.7212 0.3197 
4.2501 0.6161 2.0201 0.7626 0.1801 
4.2501 0.6225 2.0101 0.7165 0.1799 
4.2301 0.6141 2.0201 0.7719 0.2337 
4.2501 0.6225 2.0101 0.7165 0.1799 
4.2201 0.6223 2.0101 0.7219 0.2627 
4.2301 0.6141 2.0201 0.7719 0.2337 
4.2301 0.6141 2.0201 0.7719 0.2337 
4.2201 0.6223 2.0101 0.7219 0.2627 
4.2101 0.6232 2.0201 0.7475 0.2944 
4.2501 0.6225 2.0101 0.7165 0.1799 
4.2501 0.6189 2.0001 0.6994 0.1726 
4.2201 0.6223 2.0101 0.7219 0.2627 
4.2501 0.6189 2.0001 0.6994 0.1726 
4.2301 0.6147 2.0001 0.7151 0.2260 
4.2201 0.6223 2.0101 0.7219 0.2627 
4.2301 0.6147 2.0001 0.7151 0.2260 
4.2101 0.6148 2.0001 0.7178 0.2837 
4.2201 0.6223 2.0101 0.7219 0.2627 
4.2201 0.6223 2.0101 0.7219 0.2627 
4.2001 0.6101 2.0001 0.7338 0.3103 
4.2001 0.6235 2.0101 0.7212 0.3197 
4.2101 0.6148 2.0001 0.7178 0.2837 
4.2001 0.6101 2.0001 0.7338 0.3103 
4.2201 0.6223 2.0101 0.7219 0.2627 
4.2101 0.6148 2.0001 0.7178 0.2837 
4.2001 0.6101 2.0001 0.7338 0.3103 
4.2001 0.6101 2.0001 0.7338 0.3103 
4.2001 0.6101 2.0001 0.7338 0.3103 
4.2001 0.6101 2.0001 0.7338 0.3103 
4.2001 0.6101 2.0001 0.7338 0.3103 
4.1901 0.6241 2.0801 0.8950 0.3627 
4.2101 0.6187 2.1001 0.9518 0.3142 
4.2101 0.6254 2.0901 0.9102 0.3145 
4.1801 0.6278 2.0901 0.9077 0.3911 
4.2101 0.6187 2.1001 0.9518 0.3142 
4.1901 0.6241 2.0801 0.8950 0.3627 
4.1801 0.6278 2.0901 0.9077 0.3911 
4.1701 0.6226 2.0901 0.9247 0.4150 
4.1601 0.6203 2.1001 0.9548 0.4409 
4.1701 0.6226 2.0901 0.9247 0.4150 
4.1601 0.6301 2.0905 0.9050 0.4424 
4.1601 0.6203 2.1001 0.9548 0.4409 
4.1601 0.6301 2.0905 0.9050 0.4424 
4.1501 0.6186 2.0901 0.9397 0.4655 
4.1501 0.6280 2.1101 0.9545 0.4682 
4.1601 0.6301 2.0905 0.9050 0.4424 
4.1501 0.6280 2.1101 0.9545 0.4682 
4.1601 0.6203 2.1001 0.9548 0.4409 
4.2101 0.6187 2.1001 0.9518 0.3142 
4.1801 0.6278 2.0901 0.9077 0.3911 
4.1801 0.6154 2.1001 0.9664 0.3887 
4.1801 0.6278 2.0901 0.9077 0.3911 
4.1601 0.6203 2.1001 0.9548 0.4409 
4.1801 0.6154 2.1001 0.9664 0.3887 
4.1601 0.6240 2.0801 0.8998 0.4401 
4.1701 0.6226 2.0901 0.9247 0.4150 
4.1801 0.6278 2.0901 0.9077 0.3911 
4.1901 0.6241 2.0801 0.8950 0.3627 
4.1601 0.6240 2.0801 0.8998 0.4401 
4.1801 0.6278 2.0901 0.9077 0.3911 
4.1601 0.6301 2.0905 0.9050 0.4424 
4.1701 0.6226 2.0901 0.9247 0.4150 
4.1601 0.6240 2.0801 0.8998 0.4401 
4.1601 0.6301 2.0905 0.9050 0.4424 
4.1601 0.6240 2.0801 0.8998 0.4401 
4.1501 0.6248 2.0801 0.8990 0.4662 
4.1601 0.6301 2.0905 0.9050 0.4424 
4.1501 0.6248 2.0801 0.8990 0.4662 
4.1501 0.6186 2.0901 0.9397 0.4655 
4.2001 0.6174 2.0701 0.8904 0.3321 
4.1901 0.6220 2.0601 0.8549 0.3581 
4.1901 0.6241 2.0801 0.8950 0.3627 
4.1901 0.6220 2.0601 0.8549 0.3581 
4.1801 0.6261 2.0701 0.8679 0.3875 
4.1901 0.6241 2.0801 0.8950 0.3627 
4.1801 0.6261 2.0701 0.8679 0.3875 
4.1601 0.6240 2.0801 0.8998 0.4401 
4.1901 0.6241 2.0801 0.8950 0.3627 
4.1601 0.6240 2.0801 0.8998 0.4401 
4.1801 0.6261 2.0701 0.8679 0.3875 
4.1601 0.6174 2.0601 0.8734 0.4367 
4.1601 0.6174 2.0601 0.8734 0.4367 
4.1501 0.6248 2.0801 0.8990 0.4662 
4.1601 0.6240 2.0801 0.8998 0.4401 
4.1901 0.6220 2.0601 0.8549 0.3581 
4.1701 0.6222 2.0601 0.8573 0.4113 
4.1801 0.6261 2.0701 0.8679 0.3875 
4.1701 0.6222 2.0601 0.8573 0.4113 
4.1601 0.6174 2.0601 0.8734 0.4367 
4.1801 0.6261 2.0701 0.8679 0.3875 
4.1501 0.6248 2.0801 0.8990 0.4662 
4.1601 0.6174 2.0601 0.8734 0.4367 
4.1401 0.6216 2.0701 0.8871 0.4916 
4.2101 0.6220 2.0401 0.8028 0.2997 
4.1901 0.6194 2.0401 0.8139 0.3529 
4.1901 0.6220 2.0601 0.8549 0.3581 
4.2101 0.6220 2.0401 0.8028 0.2997 
4.1901 0.6220 2.0601 0.8549 0.3581 
4.2001 0.6174 2.0701 0.8904 0.3321 
4.1901 0.6220 2.0601 0.8549 0.3581 
4.1901 0.6194 2.0401 0.8139 0.3529 
4.1701 0.6222 2.0601 0.8573 0.4113 
4.1601 0.6174 2.0601 0.8734 0.4367 
4.1701 0.6222 2.0601 0.8573 0.4113 
4.1601 0.6216 2.0401 0.8117 0.4359 
4.1601 0.6216 2.0401 0.8117 0.4359 
4.1401 0.6174 2.0501 0.8525 0.4906 
4.1401 0.6216 2.0701 0.8871 0.4916 
4.1601 0.6174 2.0601 0.8734 0.4367 
4.1601 0.6216 2.0401 0.8117 0.4359 
4.1401 0.6216 2.0701 0.8871 0.4916 
4.1501 0.6186 2.0901 0.9397 0.4655 
4.1201 0.6208 2.1001 0.9594 0.5430 
4.1501 0.6280 2.1101 0.9545 0.4682 
4.1501 0.6186 2.0901 0.9397 0.4655 
4.1201 0.6223 2.0901 0.9334 0.5436 
4.1201 0.6208 2.1001 0.9594 0.5430 
4.1201 0.6223 2.0901 0.9334 0.5436 
4.1001 0.6253 2.1001 0.9491 0.5942 
4.1201 0.6208 2.1001 0.9594 0.5430 
4.1501 0.6248 2.0801 0.8990 0.4662 
4.1401 0.6300 2.0801 0.8853 0.4930 
4.1501 0.6186 2.0901 0.9397 0.4655 
4.1201 0.6223 2.0901 0.9334 0.5436 
4.1501 0.6186 2.0901 0.9397 0.4655 
4.1401 0.6300 2.0801 0.8853 0.4930 
4.1201 0.6117 2.0801 0.9434 0.5434 
4.1001 0.6253 2.1001 0.9491 0.5942 
4.1201 0.6223 2.0901 0.9334 0.5436 
4.1401 0.6300 2.0801 0.8853 0.4930 
4.1201 0.6117 2.0801 0.9434 0.5434 
4.1201 0.6223 2.0901 0.9334 0.5436 
4.1401 0.6216 2.0701 0.8871 0.4916 
4.1401 0.6300 2.0801 0.8853 0.4930 
4.1501 0.6248 2.0801 0.8990 0.4662 
4.1401 0.6300 2.0801 0.8853 0.4930 
4.1201 0.6218 2.0701 0.8897 0.5447 
4.1201 0.6117 2.0801 0.9434 0.5434 
4.1201 0.6218 2.0701 0.8897 0.5447 
4.0901 0.6252 2.0701 0.8843 0.6246 
4.1201 0.6117 2.0801 0.9434 0.5434 
4.1401 0.6300 2.0801 0.8853 0.4930 
4.1401 0.6216 2.0701 0.8871 0.4916 
4.1201 0.6169 2.0601 0.8813 0.5450 
4.1201 0.6218 2.0701 0.8897 0.5447 
4.1401 0.6300 2.0801 0.8853 0.4930 
4.1201 0.6169 2.0601 0.8813 0.5450 
4.1101 0.6216 2.0601 0.8686 0.5723 
4.0901 0.6252 2.0701 0.8843 0.6246 
4.1201 0.6218 2.0701 0.8897 0.5447 
4.1001 0.6154 2.0601 0.8891 0.5995 
4.0901 0.6252 2.0701 0.8843 0.6246 
4.1101 0.6216 2.0601 0.8686 0.5723 
4.1101 0.6216 2.0601 0.8686 0.5723 
4.1201 0.6218 2.0701 0.8897 0.5447 
4.1201 0.6169 2.0601 0.8813 0.5450 
4.1401 0.6174 2.0501 0.8525 0.4906 
4.1201 0.6169 2.0601 0.8813 0.5450 
4.1401 0.6216 2.0701 0.8871 0.4916 
4.1901 0.6194 2.0401 0.8139 0.3529 
4.2101 0.6220 2.0401 0.8028 0.2997 
4.2101 0.6232 2.0201 0.7475 0.2944 
4.1801 0.6215 2.0401 0.8090 0.3810 
4.1701 0.6222 2.0601 0.8573 0.4113 
4.1901 0.6194 2.0401 0.8139 0.3529 
4.1801 0.6215 2.0401 0.8090 0.3810 
4.1601 0.6216 2.0401 0.8117 0.4359 
4.1701 0.6222 2.0601 0.8573 0.4113 
4.1701 0.6285 2.0301 0.7645 0.4092 
4.1501 0.6282 2.0301 0.7684 0.4643 
4.1601 0.6216 2.0401 0.8117 0.4359 
4.1801 0.6215 2.0401 0.8090 0.3810 
4.1701 0.6285 2.0301 0.7645 0.4092 
4.1601 0.6216 2.0401 0.8117 0.4359 
4.1901 0.6194 2.0401 0.8139 0.3529 
4.2101 0.6232 2.0201 0.7475 0.2944 
4.2001 0.6185 2.0201 0.7632 0.3200 
4.1901 0.6194 2.0401 0.8139 0.3529 
4.2001 0.6185 2.0201 0.7632 0.3200 
4.2001 0.6235 2.0101 0.7212 0.3197 
4.1801 0.6241 2.0201 0.7496 0.3784 
4.1801 0.6215 2.0401 0.8090 0.3810 
4.1901 0.6194 2.0401 0.8139 0.3529 
4.2001 0.6235 2.0101 0.7212 0.3197 
4.1801 0.6241 2.0201 0.7496 0.3784 
4.1901 0.6194 2.0401 0.8139 0.3529 
4.1701 0.6285 2.0301 0.7645 0.4092 
4.1801 0.6215 2.0401 0.8090 0.3810 
4.1801 0.6241 2.0201 0.7496 0.3784 
4.1701 0.6159 2.0101 0.7486 0.4024 
4.1701 0.6285 2.0301 0.7645 0.4092 
4.1801 0.6241 2.0201 0.7496 0.3784 
4.1601 0.6217 2.0201 0.7598 0.4340 
4.1501 0.6282 2.0301 0.7684 0.4643 
4.1701 0.6285 2.0301 0.7645 0.4092 
4.1601 0.6217 2.0201 0.7598 0.4340 
4.1701 0.6285 2.0301 0.7645 0.4092 
4.1701 0.6159 2.0101 0.7486 0.4024 
4.1901 0.6201 2.0085 0.7285 0.3461 
4.1801 0.6241 2.0201 0.7496 0.3784 
4.2001 0.6235 2.0101 0.7212 0.3197 
4.1601 0.6217 2.0201 0.7598 0.4340 
4.1701 0.6159 2.0101 0.7486 0.4024 
4.1501 0.6275 2.0001 0.6894 0.4624 
4.1701 0.6159 2.0101 0.7486 0.4024 
4.1601 0.6197 2.0001 0.7110 0.4313 
4.1501 0.6275 2.0001 0.6894 0.4624 
4.1701 0.6159 2.0101 0.7486 0.4024 
4.1801 0.6131 2.0001 0.7278 0.3704 
4.1601 0.6197 2.0001 0.7110 0.4313 
4.2001 0.6101 2.0001 0.7338 0.3103 
4.1901 0.6201 2.0085 0.7285 0.3461 
4.2001 0.6235 2.0101 0.7212 0.3197 
4.2001 0.6101 2.0001 0.7338 0.3103 
4.1901 0.6201 2.0085 0.7285 0.3461 
4.2001 0.6101 2.0001 0.7338 0.3103 
4.2001 0.6101 2.0001 0.7338 0.3103 
4.1901 0.6183 2.0001 0.7103 0.3434 
4.1901 0.6201 2.0085 0.7285 0.3461 
4.1901 0.6201 2.0085 0.7285 0.3461 
4.1901 0.6183 2.0001 0.7103 0.3434 
4.1801 0.6241 2.0201 0.7496 0.3784 
4.1901 0.6183 2.0001 0.7103 0.3434 
4.1801 0.6131 2.0001 0.7278 0.3704 
4.1801 0.6241 2.0201 0.7496 0.3784 
4.1701 0.6159 2.0101 0.7486 0.4024 
4.1801 0.6241 2.0201 0.7496 0.3784 
4.1801 0.6131 2.0001 0.7278 0.3704 
4.2001 0.6101 2.0001 0.7338 0.3103 
4.2001 0.6101 2.0001 0.7338 0.3103 
4.2001 0.6101 2.0001 0.7338 0.3103 
4.1101 0.6257 2.0301 0.7819 0.5754 
4.1001 0.6223 2.0401 0.8190 0.6022 
4.1101 0.6216 2.0601 0.8686 0.5723 
4.1201 0.6169 2.0601 0.8813 0.5450 
4.1101 0.6257 2.0301 0.7819 0.5754 
4.1101 0.6216 2.0601 0.8686 0.5723 
4.1001 0.6223 2.0401 0.8190 0.6022 
4.1001 0.6154 2.0601 0.8891 0.5995 
4.1101 0.6216 2.0601 0.8686 0.5723 
4.1401 0.6221 2.0401 0.8135 0.4912 
4.1401 0.6174 2.0501 0.8525 0.4906 
4.1601 0.6216 2.0401 0.8117 0.4359 
4.1401 0.6221 2.0401 0.8135 0.4912 
4.1101 0.6257 2.0301 0.7819 0.5754 
4.1401 0.6174 2.0501 0.8525 0.4906 
4.1401 0.6174 2.0501 0.8525 0.4906 
4.1101 0.6257 2.0301 0.7819 0.5754 
4.1201 0.6169 2.0601 0.8813 0.5450 
4.1601 0.6216 2.0401 0.8117 0.4359 
4.1501 0.6282 2.0301 0.7684 0.4643 
4.1401 0.6221 2.0401 0.8135 0.4912 
4.1401 0.6221 2.0401 0.8135 0.4912 
4.1201 0.6218 2.0201 0.7658 0.5478 
4.1101 0.6257 2.0301 0.7819 0.5754 
4.1401 0.6216 2.0101 0.7361 0.4906 
4.1401 0.6221 2.0401 0.8135 0.4912 
4.1501 0.6282 2.0301 0.7684 0.4643 
4.1601 0.6217 2.0201 0.7598 0.4340 
4.1401 0.6216 2.0101 0.7361 0.4906 
4.1501 0.6282 2.0301 0.7684 0.4643 
4.1401 0.6216 2.0101 0.7361 0.4906 
4.1201 0.6218 2.0201 0.7658 0.5478 
4.1401 0.6221 2.0401 0.8135 0.4912 
4.1001 0.6240 2.0201 0.7621 0.6050 
4.1101 0.6257 2.0301 0.7819 0.5754 
4.1201 0.6218 2.0201 0.7658 0.5478 
4.1101 0.6257 2.0301 0.7819 0.5754 
4.1001 0.6240 2.0201 0.7621 0.6050 
4.1001 0.6223 2.0401 0.8190 0.6022 
4.1301 0.6250 2.0101 0.7277 0.5199 
4.1201 0.6218 2.0201 0.7658 0.5478 
4.1401 0.6216 2.0101 0.7361 0.4906 
4.1201 0.6218 2.0201 0.7658 0.5478 
4.1001 0.6118 2.0101 0.7725 0.6070 
4.1001 0.6240 2.0201 0.7621 0.6050 
4.1401 0.6216 2.0101 0.7361 0.4906 
4.1601 0.6217 2.0201 0.7598 0.4340 
4.1501 0.6275 2.0001 0.6894 0.4624 
4.1201 0.6218 2.0201 0.7658 0.5478 
4.1301 0.6250 2.0101 0.7277 0.5199 
4.1201 0.6151 2.0001 0.7311 0.5487 
4.1201 0.6151 2.0001 0.7311 0.5487 
4.1001 0.6118 2.0101 0.7725 0.6070 
4.1201 0.6218 2.0201 0.7658 0.5478 
4.0901 0.6342 2.1201 0.9662 0.6164 
4.0801 0.6287 2.1201 0.9836 0.6414 
4.0901 0.6364 2.1401 0.9994 0.6135 
4.0623 0.6301 2.1301 1.0023 0.6831 
4.0701 0.6318 2.1201 0.9762 0.6659 
4.0601 0.6271 2.1201 0.9914 0.6914 
4.0401 0.6343 2.1201 0.9734 0.7398 
4.0601 0.6271 2.1201 0.9914 0.6914 
4.0501 0.6208 2.1001 0.9703 0.7234 
4.0901 0.6195 2.1101 0.9890 0.6185 
4.0801 0.6182 2.1001 0.9736 0.6460 
4.0801 0.6287 2.1201 0.9836 0.6414 
4.0901 0.6195 2.1101 0.9890 0.6185 
4.0801 0.6287 2.1201 0.9836 0.6414 
4.0901 0.6342 2.1201 0.9662 0.6164 
4.0601 0.6168 2.1001 0.9810 0.6982 
4.0601 0.6271 2.1201 0.9914 0.6914 
4.0701 0.6318 2.1201 0.9762 0.6659 
4.0501 0.6208 2.1001 0.9703 0.7234 
4.0601 0.6271 2.1201 0.9914 0.6914 
4.0601 0.6168 2.1001 0.9810 0.6982 
4.0901 0.6195 2.1101 0.9890 0.6185 
4.1001 0.6253 2.1001 0.9491 0.5942 
4.0801 0.6182 2.1001 0.9736 0.6460 
4.0501 0.6208 2.1001 0.9703 0.7234 
4.0401 0.6219 2.1101 0.9897 0.7459 
4.0401 0.6343 2.1201 0.9734 0.7398 
4.0001 0.6201 2.1001 0.9804 0.8540 
3.9901 0.6201 2.1028 0.9877 0.8789 
4.0101 0.6221 2.1001 0.9726 0.8271 
4.0001 0.6201 2.1001 0.9804 0.8540 
4.0101 0.6221 2.1001 0.9726 0.8271 
4.0001 0.6201 2.1001 0.9804 0.8540 
4.0001 0.6201 2.1001 0.9804 0.8540 
4.0001 0.6201 2.1001 0.9804 0.8540 
4.0001 0.6201 2.1001 0.9804 0.8540 
3.9901 0.6201 2.1028 0.9877 0.8789 
3.9801 0.6227 2.1001 0.9758 0.9053 
4.0001 0.6266 2.1201 1.0023 0.8423 
4.0001 0.6201 2.1001 0.9804 0.8540 
4.0001 0.6201 2.1001 0.9804 0.8540 
3.9901 0.6201 2.1028 0.9877 0.8789 
4.0001 0.6201 2.1001 0.9804 0.8540 
3.9901 0.6171 2.1001 0.9912 0.8817 
3.9901 0.6201 2.1028 0.9877 0.8789 
3.9801 0.6227 2.1001 0.9758 0.9053 
3.9901 0.6201 2.1028 0.9877 0.8789 
3.9901 0.6171 2.1001 0.9912 0.8817 
4.0801 0.6182 2.1001 0.9736 0.6460 
4.1001 0.6253 2.1001 0.9491 0.5942 
4.0801 0.6207 2.0801 0.9221 0.6497 
4.0801 0.6207 2.0801 0.9221 0.6497 
4.0701 0.6251 2.0901 0.9325 0.6733 
4.0801 0.6182 2.1001 0.9736 0.6460 
4.1201 0.6117 2.0801 0.9434 0.5434 
4.0901 0.6252 2.0701 0.8843 0.6246 
4.1001 0.6253 2.1001 0.9491 0.5942 
4.1001 0.6253 2.1001 0.9491 0.5942 
4.0901 0.6252 2.0701 0.8843 0.6246 
4.0801 0.6207 2.0801 0.9221 0.6497 
4.0701 0.6251 2.0901 0.9325 0.6733 
4.0801 0.6207 2.0801 0.9221 0.6497 
4.0601 0.6263 2.0701 0.8857 0.7045 
4.0701 0.6251 2.0901 0.9325 0.6733 
4.0601 0.6263 2.0701 0.8857 0.7045 
4.0601 0.6168 2.1001 0.9810 0.6982 
4.0601 0.6263 2.0701 0.8857 0.7045 
4.0501 0.6208 2.1001 0.9703 0.7234 
4.0601 0.6168 2.1001 0.9810 0.6982 
4.0901 0.6252 2.0701 0.8843 0.6246 
4.0801 0.6301 2.0698 0.8704 0.6508 
4.0801 0.6207 2.0801 0.9221 0.6497 
4.0801 0.6301 2.0698 0.8704 0.6508 
4.0801 0.6175 2.0601 0.8859 0.6542 
4.0801 0.6207 2.0801 0.9221 0.6497 
4.0801 0.6175 2.0601 0.8859 0.6542 
4.0601 0.6263 2.0701 0.8857 0.7045 
4.0801 0.6207 2.0801 0.9221 0.6497 
4.0801 0.6175 2.0601 0.8859 0.6542 
4.0701 0.6249 2.0601 0.8648 0.6805 
4.0601 0.6263 2.0701 0.8857 0.7045 
4.0601 0.6263 2.0701 0.8857 0.7045 
4.0701 0.6249 2.0601 0.8648 0.6805 
4.0501 0.6229 2.0601 0.8741 0.7353 
4.0601 0.6263 2.0701 0.8857 0.7045 
4.0501 0.6229 2.0601 0.8741 0.7353 
4.0401 0.6169 2.0801 0.9402 0.7572 
4.0901 0.6252 2.0701 0.8843 0.6246 
4.0801 0.6175 2.0601 0.8859 0.6542 
4.0801 0.6301 2.0698 0.8704 0.6508 
4.0501 0.6229 2.0601 0.8741 0.7353 
4.0701 0.6249 2.0601 0.8648 0.6805 
4.0501 0.6166 2.0501 0.8694 0.7403 
4.0901 0.6252 2.0701 0.8843 0.6246 
4.1001 0.6154 2.0601 0.8891 0.5995 
4.0801 0.6175 2.0601 0.8859 0.6542 
4.0701 0.6249 2.0601 0.8648 0.6805 
4.0801 0.6175 2.0601 0.8859 0.6542 
4.0701 0.6133 2.0501 0.8763 0.6849 
4.0701 0.6249 2.0601 0.8648 0.6805 
4.0701 0.6133 2.0501 0.8763 0.6849 
4.0501 0.6166 2.0501 0.8694 0.7403 
4.0301 0.6215 2.0901 0.9497 0.7789 
4.0101 0.6221 2.1001 0.9726 0.8271 
4.0401 0.6219 2.1101 0.9897 0.7459 
4.0301 0.6215 2.0901 0.9497 0.7789 
4.0001 0.6250 2.0901 0.9438 0.8567 
4.0101 0.6221 2.1001 0.9726 0.8271 
4.0001 0.6201 2.1001 0.9804 0.8540 
4.0101 0.6221 2.1001 0.9726 0.8271 
4.0001 0.6250 2.0901 0.9438 0.8567 
4.0001 0.6201 2.1001 0.9804 0.8540 
4.0001 0.6250 2.0901 0.9438 0.8567 
4.0001 0.6201 2.1001 0.9804 0.8540 
4.0401 0.6219 2.1101 0.9897 0.7459 
4.0501 0.6208 2.1001 0.9703 0.7234 
4.0301 0.6120 2.0701 0.9344 0.7897 
4.0301 0.6120 2.0701 0.9344 0.7897 
4.0301 0.6215 2.0901 0.9497 0.7789 
4.0401 0.6219 2.1101 0.9897 0.7459 
4.0001 0.6201 2.1001 0.9804 0.8540 
4.0001 0.6201 2.1001 0.9804 0.8540 
4.0001 0.6201 2.1001 0.9804 0.8540 
4.0401 0.6169 2.0801 0.9402 0.7572 
4.0501 0.6208 2.1001 0.9703 0.7234 
4.0601 0.6263 2.0701 0.8857 0.7045 
4.0201 0.6210 2.0701 0.9080 0.8139 
4.0001 0.6250 2.0901 0.9438 0.8567 
4.0301 0.6215 2.0901 0.9497 0.7789 
4.0301 0.6120 2.0701 0.9344 0.7897 
4.0501 0.6208 2.1001 0.9703 0.7234 
4.0401 0.6169 2.0801 0.9402 0.7572 
4.0401 0.6169 2.0801 0.9402 0.7572 
4.0301 0.6277 2.0601 0.8627 0.7885 
4.0301 0.6120 2.0701 0.9344 0.7897 
4.0201 0.6210 2.0701 0.9080 0.8139 
4.0301 0.6215 2.0901 0.9497 0.7789 
4.0301 0.6120 2.0701 0.9344 0.7897 
4.0401 0.6169 2.0801 0.9402 0.7572 
4.0501 0.6229 2.0601 0.8741 0.7353 
4.0301 0.6277 2.0601 0.8627 0.7885 
4.0301 0.6120 2.0701 0.9344 0.7897 
4.0301 0.6277 2.0601 0.8627 0.7885 
4.0201 0.6210 2.0701 0.9080 0.8139 
4.0101 0.6169 2.0501 0.8749 0.8526 
4.0201 0.6210 2.0701 0.9080 0.8139 
4.0301 0.6277 2.0601 0.8627 0.7885 
4.0501 0.6166 2.0501 0.8694 0.7403 
4.0501 0.6174 2.0401 0.8421 0.7435 
4.0501 0.6229 2.0601 0.8741 0.7353 
4.0301 0.6277 2.0601 0.8627 0.7885 
4.0501 0.6229 2.0601 0.8741 0.7353 
4.0501 0.6174 2.0401 0.8421 0.7435 
4.0301 0.6168 2.0501 0.8720 0.7963 
4.0301 0.6277 2.0601 0.8627 0.7885 
4.0501 0.6174 2.0401 0.8421 0.7435 
4.0101 0.6169 2.0501 0.8749 0.8526 
4.0301 0.6277 2.0601 0.8627 0.7885 
4.0301 0.6168 2.0501 0.8720 0.7963 
4.1001 0.6223 2.0401 0.8190 0.6022 
4.0901 0.6262 2.0201 0.7571 0.6335 
4.0801 0.6175 2.0601 0.8859 0.6542 
4.1001 0.6154 2.0601 0.8891 0.5995 
4.1001 0.6223 2.0401 0.8190 0.6022 
4.0801 0.6175 2.0601 0.8859 0.6542 
4.0701 0.6133 2.0501 0.8763 0.6849 
4.0801 0.6175 2.0601 0.8859 0.6542 
4.0901 0.6262 2.0201 0.7571 0.6335 
4.0701 0.6133 2.0501 0.8763 0.6849 
4.0501 0.6174 2.0401 0.8421 0.7435 
4.0501 0.6166 2.0501 0.8694 0.7403 
4.0801 0.6216 2.0201 0.7726 0.6627 
4.0701 0.6133 2.0501 0.8763 0.6849 
4.0901 0.6262 2.0201 0.7571 0.6335 
4.0501 0.6201 2.0301 0.8082 0.7463 
4.0501 0.6201 2.0301 0.8082 0.7463 
4.0501 0.6201 2.0301 0.8082 0.7463 
4.0701 0.6133 2.0501 0.8763 0.6849 
4.0801 0.6216 2.0201 0.7726 0.6627 
4.0601 0.6151 2.0301 0.8222 0.7188 
4.0601 0.6151 2.0301 0.8222 0.7188 
4.0501 0.6174 2.0401 0.8421 0.7435 
4.0701 0.6133 2.0501 0.8763 0.6849 
4.0501 0.6201 2.0301 0.8082 0.7463 
4.0501 0.6174 2.0401 0.8421 0.7435 
4.0601 0.6151 2.0301 0.8222 0.7188 
4.0501 0.6201 2.0301 0.8082 0.7463 
4.0501 0.6201 2.0301 0.8082 0.7463 
4.0501 0.6174 2.0401 0.8421 0.7435 
4.1001 0.6223 2.0401 0.8190 0.6022 
4.1001 0.6240 2.0201 0.7621 0.6050 
4.0901 0.6262 2.0201 0.7571 0.6335 
4.0601 0.6151 2.0301 0.8222 0.7188 
4.0801 0.6216 2.0201 0.7726 0.6627 
4.0701 0.6285 2.0201 0.7535 0.6903 
4.0701 0.6285 2.0201 0.7535 0.6903 
4.0601 0.6225 2.0101 0.7461 0.7236 
4.0601 0.6151 2.0301 0.8222 0.7188 
4.0501 0.6201 2.0301 0.8082 0.7463 
4.0525 0.6201 2.0201 0.7815 0.7430 
4.0501 0.6201 2.0301 0.8082 0.7463 
4.0601 0.6225 2.0101 0.7461 0.7236 
4.0525 0.6201 2.0201 0.7815 0.7430 
4.0601 0.6151 2.0301 0.8222 0.7188 
4.0525 0.6201 2.0201 0.7815 0.7430 
4.0501 0.6201 2.0301 0.8082 0.7463 
4.0601 0.6151 2.0301 0.8222 0.7188 
4.0701 0.6224 2.0101 0.7448 0.6943 
4.0701 0.6285 2.0201 0.7535 0.6903 
4.0801 0.6216 2.0201 0.7726 0.6627 
4.0701 0.6285 2.0201 0.7535 0.6903 
4.0701 0.6224 2.0101 0.7448 0.6943 
4.0601 0.6225 2.0101 0.7461 0.7236 
4.1001 0.6240 2.0201 0.7621 0.6050 
4.1001 0.6118 2.0101 0.7725 0.6070 
4.0901 0.6262 2.0201 0.7571 0.6335 
4.0901 0.6262 2.0201 0.7571 0.6335 
4.0701 0.6224 2.0101 0.7448 0.6943 
4.0801 0.6216 2.0201 0.7726 0.6627 
4.0601 0.6226 1.9901 0.6891 0.7304 
4.0601 0.6225 2.0101 0.7461 0.7236 
4.0701 0.6224 2.0101 0.7448 0.6943 
4.0801 0.6225 2.0001 0.7150 0.6675 
4.0601 0.6226 1.9901 0.6891 0.7304 
4.0701 0.6224 2.0101 0.7448 0.6943 
4.0901 0.6119 2.0001 0.7459 0.6388 
4.0901 0.6262 2.0201 0.7571 0.6335 
4.1001 0.6118 2.0101 0.7725 0.6070 
4.0901 0.6119 2.0001 0.7459 0.6388 
4.0701 0.6224 2.0101 0.7448 0.6943 
4.0901 0.6262 2.0201 0.7571 0.6335 
4.0801 0.6225 2.0001 0.7150 0.6675 
4.0701 0.6224 2.0101 0.7448 0.6943 
4.0901 0.6119 2.0001 0.7459 0.6388 
4.0301 0.6168 2.0501 0.8720 0.7963 
4.0101 0.6220 2.0401 0.8341 0.8553 
4.0101 0.6169 2.0501 0.8749 0.8526 
4.0401 0.6214 2.0301 0.8059 0.7746 
4.0501 0.6201 2.0301 0.8082 0.7463 
4.0501 0.6201 2.0301 0.8082 0.7463 
4.0401 0.6214 2.0301 0.8059 0.7746 
4.0101 0.6245 2.0101 0.7479 0.8701 
4.0301 0.6168 2.0501 0.8720 0.7963 
4.0101 0.6245 2.0101 0.7479 0.8701 
4.0101 0.6178 2.0201 0.7954 0.8680 
4.0301 0.6168 2.0501 0.8720 0.7963 
4.0101 0.6220 2.0401 0.8341 0.8553 
4.0301 0.6168 2.0501 0.8720 0.7963 
4.0101 0.6178 2.0201 0.7954 0.8680 
4.0501 0.6201 2.0301 0.8082 0.7463 
4.0401 0.6214 2.0301 0.8059 0.7746 
4.0501 0.6174 2.0401 0.8421 0.7435 
4.0401 0.6214 2.0301 0.8059 0.7746 
4.0301 0.6168 2.0501 0.8720 0.7963 
4.0501 0.6174 2.0401 0.8421 0.7435 
3.9901 0.6251 2.0201 0.7760 0.9226 
4.0101 0.6220 2.0401 0.8341 0.8553 
4.0101 0.6178 2.0201 0.7954 0.8680 
4.0401 0.6214 2.0301 0.8059 0.7746 
4.0501 0.6201 2.0301 0.8082 0.7463 
4.0525 0.6201 2.0201 0.7815 0.7430 
4.0401 0.6166 2.0201 0.7944 0.7803 
4.0101 0.6245 2.0101 0.7479 0.8701 
4.0401 0.6214 2.0301 0.8059 0.7746 
4.0525 0.6201 2.0201 0.7815 0.7430 
4.0401 0.6166 2.0201 0.7944 0.7803 
4.0401 0.6214 2.0301 0.8059 0.7746 
4.0525 0.6201 2.0201 0.7815 0.7430 
4.0601 0.6225 2.0101 0.7461 0.7236 
4.0301 0.6257 2.0001 0.7133 0.8153 
4.0525 0.6201 2.0201 0.7815 0.7430 
4.0301 0.6257 2.0001 0.7133 0.8153 
4.0401 0.6166 2.0201 0.7944 0.7803 
4.0201 0.6170 2.0001 0.7413 0.8493 
4.0101 0.6245 2.0101 0.7479 0.8701 
4.0401 0.6166 2.0201 0.7944 0.7803 
4.0301 0.6257 2.0001 0.7133 0.8153 
4.0201 0.6170 2.0001 0.7413 0.8493 
4.0401 0.6166 2.0201 0.7944 0.7803 
4.0101 0.6178 2.0201 0.7954 0.8680 
3.9901 0.6169 2.0101 0.7745 0.9341 
3.9901 0.6251 2.0201 0.7760 0.9226 
4.0101 0.6245 2.0101 0.7479 0.8701 
3.9901 0.6169 2.0101 0.7745 0.9341 
4.0101 0.6178 2.0201 0.7954 0.8680 
4.0401 0.6167 1.9901 0.7104 0.7933 
4.0301 0.6257 2.0001 0.7133 0.8153 
4.0601 0.6225 2.0101 0.7461 0.7236 
3.9901 0.6201 2.0001 0.7366 0.9387 
3.9901 0.6169 2.0101 0.7745 0.9341 
4.0201 0.6170 2.0001 0.7413 0.8493 
4.0101 0.6245 2.0101 0.7479 0.8701 
4.0201 0.6170 2.0001 0.7413 0.8493 
3.9901 0.6169 2.0101 0.7745 0.9341 
4.0001 0.6201 2.1001 0.9804 0.8540 
4.0001 0.6201 2.1001 0.9804 0.8540 
3.9901 0.6171 2.1001 0.9912 0.8817 
4.0001 0.6201 2.1001 0.9804 0.8540 
4.0001 0.6250 2.0901 0.9438 0.8567 
3.9901 0.6171 2.1001 0.9912 0.8817 
4.0201 0.6210 2.0701 0.9080 0.8139 
3.9901 0.6227 2.0801 0.9305 0.8894 
4.0001 0.6250 2.0901 0.9438 0.8567 
3.9901 0.6171 2.1001 0.9912 0.8817 
4.0001 0.6250 2.0901 0.9438 0.8567 
3.9901 0.6227 2.0801 0.9305 0.8894 
4.0101 0.6169 2.0501 0.8749 0.8526 
3.9901 0.6227 2.0801 0.9305 0.8894 
4.0201 0.6210 2.0701 0.9080 0.8139 
3.9901 0.6227 2.0801 0.9305 0.8894 
4.0101 0.6169 2.0501 0.8749 0.8526 
3.9801 0.6159 2.0601 0.9068 0.9319 
3.9801 0.6159 2.0601 0.9068 0.9319 
3.9801 0.6162 2.0701 0.9292 0.9257 
3.9901 0.6227 2.0801 0.9305 0.8894 
3.9901 0.6235 2.0501 0.8576 0.9056 
3.9601 0.6140 2.0501 0.8921 0.9964 
3.9801 0.6159 2.0601 0.9068 0.9319 
4.0101 0.6169 2.0501 0.8749 0.8526 
3.9901 0.6235 2.0501 0.8576 0.9056 
3.9801 0.6159 2.0601 0.9068 0.9319 
3.9901 0.6235 2.0501 0.8576 0.9056 
4.0101 0.6169 2.0501 0.8749 0.8526 
4.0101 0.6220 2.0401 0.8341 0.8553 
3.9601 0.6140 2.0501 0.8921 0.9964 
3.9901 0.6235 2.0501 0.8576 0.9056 
3.9701 0.6208 2.0301 0.8188 0.9770 
3.9701 0.6208 2.0301 0.8188 0.9770 
3.9601 0.6195 2.0401 0.8500 0.9997 
3.9601 0.6140 2.0501 0.8921 0.9964 
4.0101 0.6220 2.0401 0.8341 0.8553 
3.9901 0.6163 2.0401 0.8553 0.9155 
3.9901 0.6235 2.0501 0.8576 0.9056 
3.9701 0.6208 2.0301 0.8188 0.9770 
3.9901 0.6235 2.0501 0.8576 0.9056 
3.9901 0.6163 2.0401 0.8553 0.9155 
4.0101 0.6220 2.0401 0.8341 0.8553 
3.9901 0.6251 2.0201 0.7760 0.9226 
3.9901 0.6163 2.0401 0.8553 0.9155 
3.9901 0.6163 2.0401 0.8553 0.9155 
3.9901 0.6251 2.0201 0.7760 0.9226 
3.9801 0.6173 2.0201 0.8020 0.9570 
3.9901 0.6169 2.0101 0.7745 0.9341 
3.9801 0.6173 2.0201 0.8020 0.9570 
3.9901 0.6251 2.0201 0.7760 0.9226 
3.9901 0.6169 2.0101 0.7745 0.9341 
3.9701 0.6271 2.0001 0.7185 0.9944 
3.9801 0.6173 2.0201 0.8020 0.9570 
3.9901 0.6201 2.0001 0.7366 0.9387 
3.9801 0.6214 1.9901 0.7056 0.9755 
3.9701 0.6271 2.0001 0.7185 0.9944 
3.9901 0.6201 2.0001 0.7366 0.9387 
3.9701 0.6271 2.0001 0.7185 0.9944 
3.9901 0.6169 2.0101 0.7745 0.9341 
4.3001 0.6167 2.0101 0.7261 0.0583 
4.2801 0.6293 1.9801 0.6069 0.0910 
4.2801 0.6180 1.9901 0.6688 0.0878 
4.2801 0.6180 1.9901 0.6688 0.0878 
4.2701 0.6249 1.9901 0.6503 0.1180 
4.2701 0.6154 2.0001 0.7068 0.1161 
4.2501 0.6256 1.9901 0.6513 0.1726 
4.2701 0.6154 2.0001 0.7068 0.1161 
4.2701 0.6249 1.9901 0.6503 0.1180 
4.2701 0.6154 2.0001 0.7068 0.1161 
4.2501 0.6256 1.9901 0.6513 0.1726 
4.2501 0.6189 2.0001 0.6994 0.1726 
4.2801 0.6293 1.9801 0.6069 0.0910 
4.2701 0.6249 1.9901 0.6503 0.1180 
4.2801 0.6180 1.9901 0.6688 0.0878 
4.2501 0.6171 1.9801 0.6466 0.1613 
4.2501 0.6256 1.9901 0.6513 0.1726 
4.2701 0.6249 1.9901 0.6503 0.1180 
4.2701 0.6249 1.9901 0.6503 0.1180 
4.2801 0.6293 1.9801 0.6069 0.0910 
4.2801 0.6232 1.9701 0.5937 0.0812 
4.2701 0.6249 1.9901 0.6503 0.1180 
4.2801 0.6232 1.9701 0.5937 0.0812 
4.2801 0.6265 1.9601 0.5532 0.0784 
4.2601 0.6221 1.9601 0.5687 0.1263 
4.2501 0.6171 1.9801 0.6466 0.1613 
4.2701 0.6249 1.9901 0.6503 0.1180 
4.2901 0.6254 1.9601 0.5550 0.0591 
4.2801 0.6265 1.9601 0.5532 0.0784 
4.2801 0.6232 1.9701 0.5937 0.0812 
4.2501 0.6264 1.9501 0.5255 0.1528 
4.2501 0.6171 1.9801 0.6466 0.1613 
4.2601 0.6221 1.9601 0.5687 0.1263 
4.2701 0.6249 1.9901 0.6503 0.1180 
4.2801 0.6265 1.9601 0.5532 0.0784 
4.2701 0.6153 1.9601 0.5869 0.0939 
4.2701 0.6153 1.9601 0.5869 0.0939 
4.2601 0.6221 1.9601 0.5687 0.1263 
4.2701 0.6249 1.9901 0.6503 0.1180 
4.2701 0.6153 1.9601 0.5869 0.0939 
4.2801 0.6265 1.9601 0.5532 0.0784 
4.2701 0.6297 1.9501 0.5135 0.0999 
4.2701 0.6153 1.9601 0.5869 0.0939 
4.2701 0.6297 1.9501 0.5135 0.0999 
4.2601 0.6221 1.9601 0.5687 0.1263 
4.2501 0.6256 1.9901 0.6513 0.1726 
4.2301 0.6147 2.0001 0.7151 0.2260 
4.2501 0.6189 2.0001 0.6994 0.1726 
4.2101 0.6299 1.9901 0.6449 0.2885 
4.2101 0.6148 2.0001 0.7178 0.2837 
4.2301 0.6184 1.9801 0.6458 0.2200 
4.2101 0.6299 1.9901 0.6449 0.2885 
4.2001 0.6187 1.9901 0.6790 0.3117 
4.2101 0.6148 2.0001 0.7178 0.2837 
4.2301 0.6184 1.9801 0.6458 0.2200 
4.2101 0.6148 2.0001 0.7178 0.2837 
4.2301 0.6147 2.0001 0.7151 0.2260 
4.2001 0.6187 1.9901 0.6790 0.3117 
4.2001 0.6101 2.0001 0.7338 0.3103 
4.2101 0.6148 2.0001 0.7178 0.2837 
4.2001 0.6187 1.9901 0.6790 0.3117 
4.2001 0.6101 2.0001 0.7338 0.3103 
4.2001 0.6101 2.0001 0.7338 0.3103 
4.2001 0.6101 2.0001 0.7338 0.3103 
4.2001 0.6101 2.0001 0.7338 0.3103 
4.2001 0.6101 2.0001 0.7338 0.3103 
4.2501 0.6171 1.9801 0.6466 0.1613 
4.2301 0.6147 2.0001 0.7151 0.2260 
4.2501 0.6256 1.9901 0.6513 0.1726 
4.2301 0.6184 1.9801 0.6458 0.2200 
4.2101 0.6239 1.9801 0.6327 0.2819 
4.2101 0.6299 1.9901 0.6449 0.2885 
4.2001 0.6130 1.9801 0.6666 0.3058 
4.2001 0.6187 1.9901 0.6790 0.3117 
4.2101 0.6239 1.9801 0.6327 0.2819 
4.2101 0.6239 1.9801 0.6327 0.2819 
4.2001 0.6187 1.9901 0.6790 0.3117 
4.2101 0.6299 1.9901 0.6449 0.2885 
4.2501 0.6171 1.9801 0.6466 0.1613 
4.2301 0.6184 1.9801 0.6458 0.2200 
4.2301 0.6147 2.0001 0.7151 0.2260 
4.2301 0.6184 1.9801 0.6458 0.2200 
4.2501 0.6171 1.9801 0.6466 0.1613 
4.2301 0.6288 1.9601 0.5540 0.2182 
4.2301 0.6288 1.9601 0.5540 0.2182 
4.2101 0.6224 1.9601 0.5751 0.2741 
4.2301 0.6184 1.9801 0.6458 0.2200 
4.2101 0.6224 1.9601 0.5751 0.2741 
4.2101 0.6239 1.9801 0.6327 0.2819 
4.2301 0.6184 1.9801 0.6458 0.2200 
4.2001 0.6130 1.9801 0.6666 0.3058 
4.2101 0.6239 1.9801 0.6327 0.2819 
4.2001 0.6230 1.9701 0.6065 0.3079 
4.2301 0.6176 1.9401 0.5204 0.2009 
4.2301 0.6288 1.9601 0.5540 0.2182 
4.2501 0.6171 1.9801 0.6466 0.1613 
4.2501 0.6264 1.9501 0.5255 0.1528 
4.2301 0.6176 1.9401 0.5204 0.2009 
4.2501 0.6171 1.9801 0.6466 0.1613 
4.2101 0.6256 1.9501 0.5336 0.2723 
4.2101 0.6224 1.9601 0.5751 0.2741 
4.2301 0.6288 1.9601 0.5540 0.2182 
4.2001 0.6230 1.9701 0.6065 0.3079 
4.2101 0.6239 1.9801 0.6327 0.2819 
4.2101 0.6224 1.9601 0.5751 0.2741 
4.2101 0.6224 1.9601 0.5751 0.2741 
4.1960 0.6101 1.9501 0.5814 0.3074 
4.2001 0.6230 1.9701 0.6065 0.3079 
4.2201 0.6204 1.9501 0.5472 0.2383 
4.2301 0.6288 1.9601 0.5540 0.2182 
4.2301 0.6176 1.9401 0.5204 0.2009 
4.2201 0.6204 1.9501 0.5472 0.2383 
4.2101 0.6256 1.9501 0.5336 0.2723 
4.2301 0.6288 1.9601 0.5540 0.2182 
4.2101 0.6224 1.9601 0.5751 0.2741 
4.2101 0.6256 1.9501 0.5336 0.2723 
4.1960 0.6101 1.9501 0.5814 0.3074 
4.2701 0.6297 1.9501 0.5135 0.0999 
4.2801 0.6265 1.9601 0.5532 0.0784 
4.2801 0.6247 1.9401 0.4926 0.0673 
4.2601 0.6267 1.9401 0.4901 0.1188 
4.2601 0.6221 1.9601 0.5687 0.1263 
4.2701 0.6297 1.9501 0.5135 0.0999 
4.2501 0.6264 1.9501 0.5255 0.1528 
4.2601 0.6221 1.9601 0.5687 0.1263 
4.2601 0.6267 1.9401 0.4901 0.1188 
4.2801 0.6247 1.9401 0.4926 0.0673 
4.2601 0.6267 1.9401 0.4901 0.1188 
4.2701 0.6297 1.9501 0.5135 0.0999 
4.2801 0.6247 1.9401 0.4926 0.0673 
4.2701 0.6271 1.9301 0.4532 0.0864 
4.2601 0.6267 1.9401 0.4901 0.1188 
4.2601 0.6267 1.9401 0.4901 0.1188 
4.2701 0.6271 1.9301 0.4532 0.0864 
4.2301 0.6216 1.9301 0.4743 0.1989 
4.2301 0.6216 1.9301 0.4743 0.1989 
4.2701 0.6271 1.9301 0.4532 0.0864 
4.2601 0.6147 1.9201 0.4539 0.0966 
4.2801 0.6034 1.9201 0.4840 0.0527 
4.2601 0.6147 1.9201 0.4539 0.0966 
4.2701 0.6271 1.9301 0.4532 0.0864 
4.2601 0.6147 1.9201 0.4539 0.0966 
4.2501 0.6215 1.9001 0.3615 0.1196 
4.2401 0.6262 1.9101 0.3880 0.1607 
4.2701 0.6230 1.9001 0.3547 0.0670 
4.2501 0.6215 1.9001 0.3615 0.1196 
4.2601 0.6147 1.9201 0.4539 0.0966 
4.2301 0.6176 1.9401 0.5204 0.2009 
4.2501 0.6264 1.9501 0.5255 0.1528 
4.2601 0.6267 1.9401 0.4901 0.1188 
4.2001 0.6213 1.9401 0.5142 0.2973 
4.2101 0.6256 1.9501 0.5336 0.2723 
4.2201 0.6204 1.9501 0.5472 0.2383 
4.2301 0.6176 1.9401 0.5204 0.2009 
4.2001 0.6213 1.9401 0.5142 0.2973 
4.2201 0.6204 1.9501 0.5472 0.2383 
4.2101 0.6256 1.9501 0.5336 0.2723 
4.2001 0.6213 1.9401 0.5142 0.2973 
4.1960 0.6101 1.9501 0.5814 0.3074 
4.2301 0.6176 1.9401 0.5204 0.2009 
4.2601 0.6267 1.9401 0.4901 0.1188 
4.2301 0.6216 1.9301 0.4743 0.1989 
4.2301 0.6216 1.9301 0.4743 0.1989 
4.2201 0.6290 1.9301 0.4552 0.2355 
4.2301 0.6176 1.9401 0.5204 0.2009 
4.2201 0.6290 1.9301 0.4552 0.2355 
4.2001 0.6213 1.9401 0.5142 0.2973 
4.2301 0.6176 1.9401 0.5204 0.2009 
4.1901 0.6136 1.9301 0.5036 0.3219 
4.2001 0.6213 1.9401 0.5142 0.2973 
4.2201 0.6290 1.9301 0.4552 0.2355 
4.2601 0.6147 1.9201 0.4539 0.0966 
4.2301 0.6112 1.9201 0.4687 0.1855 
4.2301 0.6216 1.9301 0.4743 0.1989 
4.2301 0.6216 1.9301 0.4743 0.1989 
4.2301 0.6112 1.9201 0.4687 0.1855 
4.2201 0.6290 1.9301 0.4552 0.2355 
4.2301 0.6112 1.9201 0.4687 0.1855 
4.1901 0.6050 1.9201 0.4932 0.3139 
4.2201 0.6290 1.9301 0.4552 0.2355 
4.1901 0.6136 1.9301 0.5036 0.3219 
4.2201 0.6290 1.9301 0.4552 0.2355 
4.1901 0.6050 1.9201 0.4932 0.3139 
4.2301 0.6112 1.9201 0.4687 0.1855 
4.2601 0.6147 1.9201 0.4539 0.0966 
4.2401 0.6262 1.9101 0.3880 0.1607 
4.2201 0.6177 1.9101 0.4144 0.2180 
4.2301 0.6112 1.9201 0.4687 0.1855 
4.2401 0.6262 1.9101 0.3880 0.1607 
4.1901 0.6050 1.9201 0.4932 0.3139 
4.2301 0.6112 1.9201 0.4687 0.1855 
4.2201 0.6177 1.9101 0.4144 0.2180 
4.1801 0.6237 1.9101 0.4034 0.3545 
4.1901 0.6050 1.9201 0.4932 0.3139 
4.2201 0.6177 1.9101 0.4144 0.2180 
4.2301 0.6188 1.9001 0.3716 0.1809 
4.2401 0.6262 1.9101 0.3880 0.1607 
4.2501 0.6215 1.9001 0.3615 0.1196 
4.2301 0.6188 1.9001 0.3716 0.1809 
4.2201 0.6177 1.9101 0.4144 0.2180 
4.2401 0.6262 1.9101 0.3880 0.1607 
4.2301 0.6188 1.9001 0.3716 0.1809 
4.2201 0.6288 1.9001 0.3463 0.2215 
4.2201 0.6177 1.9101 0.4144 0.2180 
4.2201 0.6288 1.9001 0.3463 0.2215 
4.2101 0.6121 1.9001 0.3936 0.2425 
4.2201 0.6177 1.9101 0.4144 0.2180 
4.2101 0.6121 1.9001 0.3936 0.2425 
4.1801 0.6237 1.9101 0.4034 0.3545 
4.2201 0.6177 1.9101 0.4144 0.2180 
4.1701 0.6119 1.9801 0.6748 0.3962 
4.1601 0.6197 2.0001 0.7110 0.4313 
4.1801 0.6131 2.0001 0.7278 0.3704 
4.1501 0.6275 2.0001 0.6894 0.4624 
4.1601 0.6197 2.0001 0.7110 0.4313 
4.1501 0.6157 1.9901 0.6958 0.4591 
4.2001 0.6187 1.9901 0.6790 0.3117 
4.1901 0.6183 2.0001 0.7103 0.3434 
4.2001 0.6101 2.0001 0.7338 0.3103 
4.2001 0.6101 2.0001 0.7338 0.3103 
4.1901 0.6183 2.0001 0.7103 0.3434 
4.2001 0.6101 2.0001 0.7338 0.3103 
4.2001 0.6101 2.0001 0.7338 0.3103 
4.2001 0.6101 2.0001 0.7338 0.3103 
4.2001 0.6101 2.0001 0.7338 0.3103 
4.1901 0.6183 2.0001 0.7103 0.3434 
4.2001 0.6187 1.9901 0.6790 0.3117 
4.2001 0.6130 1.9801 0.6666 0.3058 
4.1601 0.6221 1.9801 0.6455 0.4298 
4.1601 0.6197 2.0001 0.7110 0.4313 
4.1701 0.6119 1.9801 0.6748 0.3962 
4.1501 0.6157 1.9901 0.6958 0.4591 
4.1601 0.6197 2.0001 0.7110 0.4313 
4.1501 0.6287 1.9701 0.5974 0.4608 
4.1501 0.6287 1.9701 0.5974 0.4608 
4.1601 0.6197 2.0001 0.7110 0.4313 
4.1601 0.6221 1.9801 0.6455 0.4298 
4.1801 0.6131 2.0001 0.7278 0.3704 
4.2001 0.6130 1.9801 0.6666 0.3058 
4.1801 0.6261 1.9701 0.6004 0.3695 
4.1901 0.6183 2.0001 0.7103 0.3434 
4.2001 0.6130 1.9801 0.6666 0.3058 
4.1801 0.6131 2.0001 0.7278 0.3704 
4.1801 0.6261 1.9701 0.6004 0.3695 
4.1701 0.6119 1.9801 0.6748 0.3962 
4.1801 0.6131 2.0001 0.7278 0.3704 
4.2001 0.6130 1.9801 0.6666 0.3058 
4.2001 0.6230 1.9701 0.6065 0.3079 
4.1801 0.6261 1.9701 0.6004 0.3695 
4.1801 0.6261 1.9701 0.6004 0.3695 
4.1601 0.6221 1.9801 0.6455 0.4298 
4.1701 0.6119 1.9801 0.6748 0.3962 
4.1901 0.6208 1.9601 0.5831 0.3343 
4.1801 0.6261 1.9701 0.6004 0.3695 
4.2001 0.6230 1.9701 0.6065 0.3079 
4.1901 0.6208 1.9601 0.5831 0.3343 
4.1701 0.6227 1.9601 0.5803 0.3967 
4.1801 0.6261 1.9701 0.6004 0.3695 
4.1601 0.6238 1.9501 0.5463 0.4268 
4.1601 0.6221 1.9801 0.6455 0.4298 
4.1801 0.6261 1.9701 0.6004 0.3695 
4.1701 0.6227 1.9601 0.5803 0.3967 
4.1601 0.6238 1.9501 0.5463 0.4268 
4.1801 0.6261 1.9701 0.6004 0.3695 
4.1601 0.6238 1.9501 0.5463 0.4268 
4.1501 0.6287 1.9701 0.5974 0.4608 
4.1601 0.6221 1.9801 0.6455 0.4298 
4.1901 0.6208 1.9601 0.5831 0.3343 
4.2001 0.6230 1.9701 0.6065 0.3079 
4.1960 0.6101 1.9501 0.5814 0.3074 
4.1801 0.6139 1.9401 0.5389 0.3574 
4.1801 0.6273 1.9501 0.5334 0.3656 
4.1901 0.6208 1.9601 0.5831 0.3343 
4.1701 0.6227 1.9601 0.5803 0.3967 
4.1901 0.6208 1.9601 0.5831 0.3343 
4.1801 0.6273 1.9501 0.5334 0.3656 
4.1960 0.6101 1.9501 0.5814 0.3074 
4.1801 0.6139 1.9401 0.5389 0.3574 
4.1901 0.6208 1.9601 0.5831 0.3343 
4.1501 0.6157 1.9901 0.6958 0.4591 
4.1401 0.6216 2.0101 0.7361 0.4906 
4.1501 0.6275 2.0001 0.6894 0.4624 
4.1301 0.6250 2.0101 0.7277 0.5199 
4.1401 0.6216 2.0101 0.7361 0.4906 
4.1301 0.6183 1.9901 0.6912 0.5196 
4.1301 0.6183 1.9901 0.6912 0.5196 
4.1401 0.6216 2.0101 0.7361 0.4906 
4.1501 0.6157 1.9901 0.6958 0.4591 
4.1301 0.6250 2.0101 0.7277 0.5199 
4.1301 0.6183 1.9901 0.6912 0.5196 
4.1201 0.6151 2.0001 0.7311 0.5487 
4.1301 0.6183 1.9901 0.6912 0.5196 
4.1101 0.6184 1.9901 0.6941 0.5798 
4.1201 0.6151 2.0001 0.7311 0.5487 
4.1101 0.6184 1.9901 0.6941 0.5798 
4.1001 0.6118 2.0101 0.7725 0.6070 
4.1201 0.6151 2.0001 0.7311 0.5487 
4.1501 0.6287 1.9701 0.5974 0.4608 
4.1401 0.6229 1.9701 0.6160 0.4900 
4.1501 0.6157 1.9901 0.6958 0.4591 
4.1301 0.6295 1.9801 0.6284 0.5212 
4.1301 0.6183 1.9901 0.6912 0.5196 
4.1401 0.6229 1.9701 0.6160 0.4900 
4.1301 0.6295 1.9801 0.6284 0.5212 
4.1201 0.6135 1.9801 0.6778 0.5501 
4.1301 0.6183 1.9901 0.6912 0.5196 
4.1401 0.6229 1.9701 0.6160 0.4900 
4.1301 0.6183 1.9901 0.6912 0.5196 
4.1501 0.6157 1.9901 0.6958 0.4591 
4.1201 0.6135 1.9801 0.6778 0.5501 
4.1101 0.6184 1.9901 0.6941 0.5798 
4.1301 0.6183 1.9901 0.6912 0.5196 
4.1101 0.6264 1.9701 0.6101 0.5823 
4.1101 0.6184 1.9901 0.6941 0.5798 
4.1201 0.6135 1.9801 0.6778 0.5501 
4.1101 0.6264 1.9701 0.6101 0.5823 
4.1001 0.6115 1.9801 0.6872 0.6120 
4.1101 0.6184 1.9901 0.6941 0.5798 
4.1401 0.6229 1.9701 0.6160 0.4900 
4.1201 0.6190 1.9701 0.6306 0.5512 
4.1301 0.6295 1.9801 0.6284 0.5212 
4.1201 0.6190 1.9701 0.6306 0.5512 
4.1201 0.6135 1.9801 0.6778 0.5501 
4.1301 0.6295 1.9801 0.6284 0.5212 
4.1201 0.6190 1.9701 0.6306 0.5512 
4.1101 0.6264 1.9701 0.6101 0.5823 
4.1201 0.6135 1.9801 0.6778 0.5501 
4.1101 0.6264 1.9701 0.6101 0.5823 
4.1001 0.6253 1.9701 0.6147 0.6131 
4.1001 0.6115 1.9801 0.6872 0.6120 
4.1401 0.6229 1.9701 0.6160 0.4900 
4.1201 0.6309 1.9601 0.5643 0.5528 
4.1201 0.6190 1.9701 0.6306 0.5512 
4.1501 0.6287 1.9701 0.5974 0.4608 
4.1201 0.6309 1.9601 0.5643 0.5528 
4.1401 0.6229 1.9701 0.6160 0.4900 
4.1201 0.6190 1.9701 0.6306 0.5512 
4.1101 0.6156 1.9601 0.6109 0.5836 
4.1101 0.6264 1.9701 0.6101 0.5823 
4.1101 0.6156 1.9601 0.6109 0.5836 
4.1201 0.6190 1.9701 0.6306 0.5512 
4.1201 0.6309 1.9601 0.5643 0.5528 
4.1001 0.6253 1.9701 0.6147 0.6131 
4.1101 0.6264 1.9701 0.6101 0.5823 
4.1101 0.6156 1.9601 0.6109 0.5836 
4.1401 0.6293 1.9501 0.5335 0.4908 
4.1201 0.6309 1.9601 0.5643 0.5528 
4.1501 0.6287 1.9701 0.5974 0.4608 
4.1401 0.6293 1.9501 0.5335 0.4908 
4.1201 0.6280 1.9501 0.5402 0.5534 
4.1201 0.6309 1.9601 0.5643 0.5528 
4.1401 0.6293 1.9501 0.5335 0.4908 
4.1501 0.6287 1.9701 0.5974 0.4608 
4.1601 0.6238 1.9501 0.5463 0.4268 
4.1101 0.6156 1.9601 0.6109 0.5836 
4.1201 0.6309 1.9601 0.5643 0.5528 
4.1201 0.6280 1.9501 0.5402 0.5534 
4.1201 0.6280 1.9501 0.5402 0.5534 
4.1001 0.6149 1.9501 0.5820 0.6174 
4.1101 0.6156 1.9601 0.6109 0.5836 
4.1960 0.6101 1.9501 0.5814 0.3074 
4.2001 0.6213 1.9401 0.5142 0.2973 
4.1801 0.6139 1.9401 0.5389 0.3574 
4.1801 0.6139 1.9401 0.5389 0.3574 
4.1701 0.6085 1.9401 0.5566 0.3876 
4.1801 0.6273 1.9501 0.5334 0.3656 
4.1801 0.6273 1.9501 0.5334 0.3656 
4.1701 0.6085 1.9401 0.5566 0.3876 
4.1701 0.6227 1.9601 0.5803 0.3967 
4.1701 0.6227 1.9601 0.5803 0.3967 
4.1701 0.6085 1.9401 0.5566 0.3876 
4.1601 0.6238 1.9501 0.5463 0.4268 
4.1501 0.6205 1.9401 0.5239 0.4566 
4.1601 0.6238 1.9501 0.5463 0.4268 
4.1701 0.6085 1.9401 0.5566 0.3876 
4.1601 0.6301 1.9301 0.4607 0.4262 
4.1501 0.6207 1.9301 0.4889 0.4559 
4.1501 0.6205 1.9401 0.5239 0.4566 
4.1801 0.6210 1.9301 0.4834 0.3582 
4.1801 0.6139 1.9401 0.5389 0.3574 
4.1901 0.6136 1.9301 0.5036 0.3219 
4.1801 0.6139 1.9401 0.5389 0.3574 
4.2001 0.6213 1.9401 0.5142 0.2973 
4.1901 0.6136 1.9301 0.5036 0.3219 
4.1701 0.6085 1.9401 0.5566 0.3876 
4.1801 0.6139 1.9401 0.5389 0.3574 
4.1801 0.6210 1.9301 0.4834 0.3582 
4.1801 0.6210 1.9301 0.4834 0.3582 
4.1601 0.6301 1.9301 0.4607 0.4262 
4.1701 0.6085 1.9401 0.5566 0.3876 
4.1701 0.6085 1.9401 0.5566 0.3876 
4.1601 0.6301 1.9301 0.4607 0.4262 
4.1501 0.6205 1.9401 0.5239 0.4566 
4.1801 0.6129 1.9201 0.4712 0.3518 
4.1801 0.6210 1.9301 0.4834 0.3582 
4.1901 0.6136 1.9301 0.5036 0.3219 
4.1801 0.6129 1.9201 0.4712 0.3518 
4.1601 0.6057 1.9201 0.4958 0.4166 
4.1601 0.6301 1.9301 0.4607 0.4262 
4.1801 0.6210 1.9301 0.4834 0.3582 
4.1801 0.6129 1.9201 0.4712 0.3518 
4.1601 0.6301 1.9301 0.4607 0.4262 
4.1601 0.6057 1.9201 0.4958 0.4166 
4.1401 0.6047 1.9201 0.5019 0.4851 
4.1501 0.6207 1.9301 0.4889 0.4559 
4.1601 0.6301 1.9301 0.4607 0.4262 
4.1601 0.6057 1.9201 0.4958 0.4166 
4.1501 0.6207 1.9301 0.4889 0.4559 
4.1801 0.6129 1.9201 0.4712 0.3518 
4.1901 0.6136 1.9301 0.5036 0.3219 
4.1901 0.6050 1.9201 0.4932 0.3139 
4.1801 0.6237 1.9101 0.4034 0.3545 
4.1801 0.6129 1.9201 0.4712 0.3518 
4.1901 0.6050 1.9201 0.4932 0.3139 
4.1801 0.6237 1.9101 0.4034 0.3545 
4.1701 0.6088 1.9101 0.4476 0.3815 
4.1801 0.6129 1.9201 0.4712 0.3518 
4.1630 0.6201 1.9001 0.3778 0.4087 
4.1601 0.6057 1.9201 0.4958 0.4166 
4.1701 0.6088 1.9101 0.4476 0.3815 
4.1630 0.6201 1.9001 0.3778 0.4087 
4.1501 0.6092 1.9101 0.4494 0.4510 
4.1601 0.6057 1.9201 0.4958 0.4166 
4.1701 0.6088 1.9101 0.4476 0.3815 
4.1601 0.6057 1.9201 0.4958 0.4166 
4.1801 0.6129 1.9201 0.4712 0.3518 
4.1601 0.6057 1.9201 0.4958 0.4166 
4.1501 0.6092 1.9101 0.4494 0.4510 
4.1401 0.6047 1.9201 0.5019 0.4851 
4.2101 0.6121 1.9001 0.3936 0.2425 
4.1701 0.6263 1.9001 0.3597 0.3870 
4.1801 0.6237 1.9101 0.4034 0.3545 
4.1701 0.6088 1.9101 0.4476 0.3815 
4.1801 0.6237 1.9101 0.4034 0.3545 
4.1701 0.6263 1.9001 0.3597 0.3870 
4.1630 0.6201 1.9001 0.3778 0.4087 
4.1701 0.6088 1.9101 0.4476 0.3815 
4.1701 0.6263 1.9001 0.3597 0.3870 
4.1501 0.6205 1.9401 0.5239 0.4566 
4.1401 0.6293 1.9501 0.5335 0.4908 
4.1601 0.6238 1.9501 0.5463 0.4268 
4.1201 0.6280 1.9501 0.5402 0.5534 
4.1401 0.6293 1.9501 0.5335 0.4908 
4.1301 0.6240 1.9401 0.5167 0.5218 
4.1001 0.6149 1.9501 0.5820 0.6174 
4.1201 0.6280 1.9501 0.5402 0.5534 
4.1101 0.6111 1.9401 0.5582 0.5863 
4.1201 0.6280 1.9501 0.5402 0.5534 
4.1301 0.6240 1.9401 0.5167 0.5218 
4.1101 0.6111 1.9401 0.5582 0.5863 
4.1001 0.6149 1.9501 0.5820 0.6174 
4.1101 0.6111 1.9401 0.5582 0.5863 
4.1001 0.6252 1.9301 0.4832 0.6206 
4.1401 0.6293 1.9501 0.5335 0.4908 
4.1501 0.6205 1.9401 0.5239 0.4566 
4.1501 0.6207 1.9301 0.4889 0.4559 
4.1001 0.6252 1.9301 0.4832 0.6206 
4.1101 0.6111 1.9401 0.5582 0.5863 
4.1201 0.6261 1.9301 0.4779 0.5550 
4.1501 0.6207 1.9301 0.4889 0.4559 
4.1301 0.6240 1.9401 0.5167 0.5218 
4.1401 0.6293 1.9501 0.5335 0.4908 
4.1101 0.6111 1.9401 0.5582 0.5863 
4.1301 0.6240 1.9401 0.5167 0.5218 
4.1201 0.6261 1.9301 0.4779 0.5550 
4.1201 0.6261 1.9301 0.4779 0.5550 
4.1301 0.6240 1.9401 0.5167 0.5218 
4.1301 0.6245 1.9201 0.4452 0.5225 
4.1001 0.6252 1.9301 0.4832 0.6206 
4.1201 0.6261 1.9301 0.4779 0.5550 
4.0901 0.6255 1.9201 0.4483 0.6561 
4.1501 0.6207 1.9301 0.4889 0.4559 
4.1401 0.6047 1.9201 0.5019 0.4851 
4.1301 0.6240 1.9401 0.5167 0.5218 
4.1301 0.6240 1.9401 0.5167 0.5218 
4.1401 0.6047 1.9201 0.5019 0.4851 
4.1301 0.6245 1.9201 0.4452 0.5225 
4.1301 0.6245 1.9201 0.4452 0.5225 
4.1201 0.6147 1.9201 0.4749 0.5552 
4.1201 0.6261 1.9301 0.4779 0.5550 
4.1201 0.6261 1.9301 0.4779 0.5550 
4.1201 0.6147 1.9201 0.4749 0.5552 
4.0901 0.6255 1.9201 0.4483 0.6561 
4.1201 0.6174 1.9101 0.4300 0.5563 
4.1301 0.6245 1.9201 0.4452 0.5225 
4.1401 0.6257 1.9101 0.4036 0.4892 
4.1401 0.6257 1.9101 0.4036 0.4892 
4.1401 0.6047 1.9201 0.5019 0.4851 
4.1501 0.6092 1.9101 0.4494 0.4510 
4.1401 0.6047 1.9201 0.5019 0.4851 
4.1401 0.6257 1.9101 0.4036 0.4892 
4.1301 0.6245 1.9201 0.4452 0.5225 
4.1201 0.6147 1.9201 0.4749 0.5552 
4.1301 0.6245 1.9201 0.4452 0.5225 
4.1201 0.6174 1.9101 0.4300 0.5563 
4.1201 0.6174 1.9101 0.4300 0.5563 
4.0901 0.6255 1.9201 0.4483 0.6561 
4.1201 0.6147 1.9201 0.4749 0.5552 
4.1201 0.6174 1.9101 0.4300 0.5563 
4.0901 0.6249 1.9101 0.4130 0.6589 
4.0901 0.6255 1.9201 0.4483 0.6561 
4.0901 0.6249 1.9101 0.4130 0.6589 
4.1201 0.6174 1.9101 0.4300 0.5563 
4.1001 0.6159 1.9001 0.3989 0.6277 
4.1501 0.6092 1.9101 0.4494 0.4510 
4.1401 0.6010 1.9001 0.4370 0.4836 
4.1401 0.6257 1.9101 0.4036 0.4892 
4.1201 0.6174 1.9101 0.4300 0.5563 
4.1401 0.6257 1.9101 0.4036 0.4892 
4.1201 0.6070 1.9001 0.4219 0.5566 
4.1001 0.6159 1.9001 0.3989 0.6277 
4.1201 0.6174 1.9101 0.4300 0.5563 
4.1201 0.6070 1.9001 0.4219 0.5566 
4.1401 0.6010 1.9001 0.4370 0.4836 
4.1501 0.6092 1.9101 0.4494 0.4510 
4.1630 0.6201 1.9001 0.3778 0.4087 
4.1401 0.6010 1.9001 0.4370 0.4836 
4.1201 0.6070 1.9001 0.4219 0.5566 
4.1401 0.6257 1.9101 0.4036 0.4892 
4.2701 0.6230 1.9001 0.3547 0.0670 
4.2501 0.6043 1.8901 0.3702 0.0972 
4.2501 0.6215 1.9001 0.3615 0.1196 
4.2794 0.6301 1.8801 0.2566 0.0527 
4.2701 0.6254 1.8701 0.2287 0.0559 
4.2601 0.6252 1.8701 0.2304 0.0754 
4.2401 0.6142 1.8901 0.3437 0.1381 
4.2301 0.6188 1.9001 0.3716 0.1809 
4.2501 0.6215 1.9001 0.3615 0.1196 
4.2401 0.6142 1.8901 0.3437 0.1381 
4.2501 0.6215 1.9001 0.3615 0.1196 
4.2501 0.6043 1.8901 0.3702 0.0972 
4.2201 0.6288 1.9001 0.3463 0.2215 
4.2301 0.6188 1.9001 0.3716 0.1809 
4.2201 0.6127 1.8901 0.3507 0.2038 
4.2201 0.6288 1.9001 0.3463 0.2215 
4.2201 0.6127 1.8901 0.3507 0.2038 
4.2101 0.6121 1.9001 0.3936 0.2425 
4.2101 0.6162 1.8801 0.3017 0.2361 
4.2101 0.6121 1.9001 0.3936 0.2425 
4.2101 0.6031 1.8901 0.3797 0.2309 
4.2201 0.6127 1.8901 0.3507 0.2038 
4.2101 0.6031 1.8901 0.3797 0.2309 
4.2101 0.6121 1.9001 0.3936 0.2425 
4.2301 0.6176 1.8701 0.2536 0.1621 
4.2301 0.6188 1.9001 0.3716 0.1809 
4.2401 0.6142 1.8901 0.3437 0.1381 
4.2301 0.6176 1.8701 0.2536 0.1621 
4.2201 0.6127 1.8901 0.3507 0.2038 
4.2301 0.6188 1.9001 0.3716 0.1809 
4.2201 0.6127 1.8901 0.3507 0.2038 
4.2301 0.6176 1.8701 0.2536 0.1621 
4.2101 0.6162 1.8801 0.3017 0.2361 
4.2201 0.6127 1.8901 0.3507 0.2038 
4.2101 0.6162 1.8801 0.3017 0.2361 
4.2101 0.6031 1.8901 0.3797 0.2309 
4.2601 0.6252 1.8701 0.2304 0.0754 
4.2401 0.6142 1.8901 0.3437 0.1381 
4.2501 0.6043 1.8901 0.3702 0.0972 
4.2101 0.6162 1.8801 0.3017 0.2361 
4.2201 0.6272 1.8701 0.2307 0.2049 
4.2001 0.6282 1.8701 0.2308 0.2753 
4.2001 0.6114 1.8801 0.3163 0.2679 
4.2101 0.6162 1.8801 0.3017 0.2361 
4.2001 0.6282 1.8701 0.2308 0.2753 
4.2601 0.6252 1.8701 0.2304 0.0754 
4.2301 0.6176 1.8701 0.2536 0.1621 
4.2401 0.6142 1.8901 0.3437 0.1381 
4.2301 0.6176 1.8701 0.2536 0.1621 
4.2201 0.6272 1.8701 0.2307 0.2049 
4.2101 0.6162 1.8801 0.3017 0.2361 
4.2201 0.6272 1.8701 0.2307 0.2049 
4.2301 0.6176 1.8701 0.2536 0.1621 
4.2401 0.6248 1.8501 0.1506 0.1220 
4.2301 0.6176 1.8701 0.2536 0.1621 
4.2601 0.6076 1.8601 0.2325 0.0576 
4.2401 0.6248 1.8501 0.1506 0.1220 
4.2301 0.6176 1.8701 0.2536 0.1621 
4.2601 0.6252 1.8701 0.2304 0.0754 
4.2601 0.6076 1.8601 0.2325 0.0576 
4.2401 0.6248 1.8501 0.1506 0.1220 
4.2601 0.6076 1.8601 0.2325 0.0576 
4.2544 0.6301 1.8501 0.1377 0.0825 
4.2401 0.6248 1.8501 0.1506 0.1220 
4.2301 0.6245 1.8501 0.1523 0.1560 
4.2201 0.6272 1.8701 0.2307 0.2049 
4.2301 0.6245 1.8501 0.1523 0.1560 
4.2001 0.6249 1.8401 0.1147 0.2595 
4.2201 0.6272 1.8701 0.2307 0.2049 
4.2001 0.6249 1.8401 0.1147 0.2595 
4.2001 0.6282 1.8701 0.2308 0.2753 
4.2201 0.6272 1.8701 0.2307 0.2049 
4.2601 0.6265 1.8401 0.1063 0.0603 
4.2544 0.6301 1.8501 0.1377 0.0825 
4.2701 0.6266 1.8501 0.1434 0.0528 
4.2601 0.6265 1.8401 0.1063 0.0603 
4.2501 0.6104 1.8301 0.0998 0.0644 
4.2544 0.6301 1.8501 0.1377 0.0825 
4.2101 0.6243 1.8301 0.0828 0.2163 
4.2001 0.6249 1.8401 0.1147 0.2595 
4.2301 0.6245 1.8501 0.1523 0.1560 
4.2544 0.6301 1.8501 0.1377 0.0825 
4.2301 0.6050 1.8401 0.1541 0.1297 
4.2401 0.6248 1.8501 0.1506 0.1220 
4.2501 0.6104 1.8301 0.0998 0.0644 
4.2301 0.6050 1.8401 0.1541 0.1297 
4.2544 0.6301 1.8501 0.1377 0.0825 
4.2401 0.6248 1.8501 0.1506 0.1220 
4.2301 0.6050 1.8401 0.1541 0.1297 
4.2301 0.6245 1.8501 0.1523 0.1560 
4.2101 0.6243 1.8301 0.0828 0.2163 
4.2301 0.6245 1.8501 0.1523 0.1560 
4.2101 0.6054 1.8201 0.0801 0.1927 
4.2101 0.6054 1.8201 0.0801 0.1927 
4.2301 0.6050 1.8401 0.1541 0.1297 
4.2301 0.6245 1.8301 0.0815 0.1426 
4.2001 0.6249 1.8401 0.1147 0.2595 
4.2101 0.6243 1.8301 0.0828 0.2163 
4.2001 0.6066 1.8301 0.1115 0.2396 
4.2101 0.6054 1.8201 0.0801 0.1927 
4.2301 0.6245 1.8501 0.1523 0.1560 
4.2301 0.6050 1.8401 0.1541 0.1297 
4.2001 0.6066 1.8301 0.1115 0.2396 
4.2101 0.6243 1.8301 0.0828 0.2163 
4.2101 0.6054 1.8201 0.0801 0.1927 
4.1701 0.6263 1.9001 0.3597 0.3870 
4.2101 0.6121 1.9001 0.3936 0.2425 
4.1901 0.6153 1.8901 0.3479 0.3097 
4.1901 0.6153 1.8901 0.3479 0.3097 
4.1701 0.6206 1.8901 0.3361 0.3824 
4.1701 0.6263 1.9001 0.3597 0.3870 
4.1701 0.6206 1.8901 0.3361 0.3824 
4.1630 0.6201 1.9001 0.3778 0.4087 
4.1701 0.6263 1.9001 0.3597 0.3870 
4.2101 0.6162 1.8801 0.3017 0.2361 
4.1901 0.6153 1.8901 0.3479 0.3097 
4.2101 0.6121 1.9001 0.3936 0.2425 
4.1630 0.6201 1.9001 0.3778 0.4087 
4.1701 0.6206 1.8901 0.3361 0.3824 
4.1401 0.6188 1.8801 0.3045 0.4870 
4.1701 0.6206 1.8901 0.3361 0.3824 
4.1801 0.6282 1.8701 0.2333 0.3458 
4.1501 0.6275 1.8701 0.2390 0.4526 
4.1901 0.6153 1.8901 0.3479 0.3097 
4.2101 0.6162 1.8801 0.3017 0.2361 
4.2001 0.6114 1.8801 0.3163 0.2679 
4.2001 0.6114 1.8801 0.3163 0.2679 
4.1701 0.6206 1.8901 0.3361 0.3824 
4.1901 0.6153 1.8901 0.3479 0.3097 
4.1701 0.6206 1.8901 0.3361 0.3824 
4.1401 0.6103 1.8701 0.2856 0.4847 
4.1401 0.6188 1.8801 0.3045 0.4870 
4.1701 0.6206 1.8901 0.3361 0.3824 
4.1501 0.6275 1.8701 0.2390 0.4526 
4.1401 0.6103 1.8701 0.2856 0.4847 
4.1801 0.6282 1.8701 0.2333 0.3458 
4.2001 0.6114 1.8801 0.3163 0.2679 
4.2001 0.6282 1.8701 0.2308 0.2753 
4.2001 0.6114 1.8801 0.3163 0.2679 
4.1801 0.6282 1.8701 0.2333 0.3458 
4.1701 0.6206 1.8901 0.3361 0.3824 
4.1901 0.6246 1.8601 0.1990 0.3045 
4.1801 0.6282 1.8701 0.2333 0.3458 
4.2001 0.6282 1.8701 0.2308 0.2753 
4.1501 0.6275 1.8701 0.2390 0.4526 
4.1801 0.6282 1.8701 0.2333 0.3458 
4.1701 0.6196 1.8601 0.2138 0.3750 
4.1801 0.6282 1.8701 0.2333 0.3458 
4.1901 0.6246 1.8601 0.1990 0.3045 
4.1801 0.6061 1.8601 0.2477 0.3301 
4.1801 0.6061 1.8601 0.2477 0.3301 
4.1701 0.6196 1.8601 0.2138 0.3750 
4.1801 0.6282 1.8701 0.2333 0.3458 
4.1701 0.6196 1.8601 0.2138 0.3750 
4.1601 0.6097 1.8601 0.2407 0.4080 
4.1501 0.6275 1.8701 0.2390 0.4526 
4.1601 0.6097 1.8601 0.2407 0.4080 
4.1501 0.6187 1.8601 0.2186 0.4489 
4.1501 0.6275 1.8701 0.2390 0.4526 
4.1901 0.6246 1.8601 0.1990 0.3045 
4.1701 0.6284 1.8401 0.1112 0.3743 
4.1801 0.6061 1.8601 0.2477 0.3301 
4.1701 0.6284 1.8401 0.1112 0.3743 
4.1701 0.6196 1.8601 0.2138 0.3750 
4.1801 0.6061 1.8601 0.2477 0.3301 
4.1601 0.6206 1.8501 0.1694 0.4107 
4.1701 0.6196 1.8601 0.2138 0.3750 
4.1701 0.6284 1.8401 0.1112 0.3743 
4.1601 0.6206 1.8501 0.1694 0.4107 
4.1601 0.6097 1.8601 0.2407 0.4080 
4.1701 0.6196 1.8601 0.2138 0.3750 
4.1601 0.6206 1.8501 0.1694 0.4107 
4.1501 0.6187 1.8601 0.2186 0.4489 
4.1601 0.6097 1.8601 0.2407 0.4080 
4.1601 0.6206 1.8501 0.1694 0.4107 
4.1501 0.6184 1.8501 0.1760 0.4478 
4.1501 0.6187 1.8601 0.2186 0.4489 
4.1101 0.6246 1.8901 0.3336 0.5939 
4.1201 0.6070 1.9001 0.4219 0.5566 
4.1201 0.6114 1.8901 0.3692 0.5579 
4.1101 0.6246 1.8901 0.3336 0.5939 
4.1001 0.6159 1.9001 0.3989 0.6277 
4.1201 0.6070 1.9001 0.4219 0.5566 
4.1630 0.6201 1.9001 0.3778 0.4087 
4.1401 0.6188 1.8801 0.3045 0.4870 
4.1401 0.6010 1.9001 0.4370 0.4836 
4.1401 0.6010 1.9001 0.4370 0.4836 
4.1201 0.6114 1.8901 0.3692 0.5579 
4.1201 0.6070 1.9001 0.4219 0.5566 
4.1201 0.6114 1.8901 0.3692 0.5579 
4.1401 0.6010 1.9001 0.4370 0.4836 
4.1401 0.6188 1.8801 0.3045 0.4870 
4.1101 0.6168 1.8801 0.3143 0.5958 
4.1201 0.6114 1.8901 0.3692 0.5579 
4.1401 0.6188 1.8801 0.3045 0.4870 
4.1101 0.6168 1.8801 0.3143 0.5958 
4.1101 0.6246 1.8901 0.3336 0.5939 
4.1201 0.6114 1.8901 0.3692 0.5579 
4.1001 0.6159 1.9001 0.3989 0.6277 
4.1101 0.6168 1.8801 0.3143 0.5958 
4.0901 0.6107 1.8801 0.3343 0.6702 
4.1101 0.6246 1.8901 0.3336 0.5939 
4.1101 0.6168 1.8801 0.3143 0.5958 
4.1001 0.6159 1.9001 0.3989 0.6277 
4.1101 0.6285 1.8701 0.2416 0.5973 
4.1101 0.6168 1.8801 0.3143 0.5958 
4.1201 0.6193 1.8601 0.2211 0.5616 
4.0901 0.6107 1.8801 0.3343 0.6702 
4.1101 0.6168 1.8801 0.3143 0.5958 
4.1101 0.6285 1.8701 0.2416 0.5973 
4.1401 0.6103 1.8701 0.2856 0.4847 
4.1201 0.6193 1.8601 0.2211 0.5616 
4.1401 0.6188 1.8801 0.3045 0.4870 
4.1201 0.6193 1.8601 0.2211 0.5616 
4.1101 0.6168 1.8801 0.3143 0.5958 
4.1401 0.6188 1.8801 0.3045 0.4870 
4.1501 0.6187 1.8601 0.2186 0.4489 
4.1401 0.6103 1.8701 0.2856 0.4847 
4.1501 0.6275 1.8701 0.2390 0.4526 
4.1401 0.6103 1.8701 0.2856 0.4847 
4.1501 0.6187 1.8601 0.2186 0.4489 
4.1501 0.6184 1.8501 0.1760 0.4478 
4.1501 0.6184 1.8501 0.1760 0.4478 
4.1201 0.6193 1.8601 0.2211 0.5616 
4.1401 0.6103 1.8701 0.2856 0.4847 
4.1101 0.6285 1.8701 0.2416 0.5973 
4.1201 0.6193 1.8601 0.2211 0.5616 
4.1001 0.6102 1.8501 0.2029 0.6410 
4.1101 0.6285 1.8701 0.2416 0.5973 
4.1001 0.6102 1.8501 0.2029 0.6410 
4.1001 0.6168 1.8601 0.2304 0.6375 
4.1201 0.6193 1.8601 0.2211 0.5616 
4.1501 0.6184 1.8501 0.1760 0.4478 
4.1401 0.6268 1.8501 0.1576 0.4879 
4.1101 0.6282 1.8501 0.1579 0.6009 
4.1201 0.6193 1.8601 0.2211 0.5616 
4.1401 0.6268 1.8501 0.1576 0.4879 
4.1201 0.6193 1.8601 0.2211 0.5616 
4.1101 0.6282 1.8501 0.1579 0.6009 
4.1001 0.6102 1.8501 0.2029 0.6410 
4.2001 0.6249 1.8401 0.1147 0.2595 
4.1901 0.6246 1.8601 0.1990 0.3045 
4.2001 0.6282 1.8701 0.2308 0.2753 
4.1701 0.6284 1.8401 0.1112 0.3743 
4.1601 0.6261 1.8301 0.0837 0.4092 
4.1601 0.6206 1.8501 0.1694 0.4107 
4.1901 0.6139 1.8301 0.0991 0.2849 
4.1901 0.6246 1.8601 0.1990 0.3045 
4.2001 0.6249 1.8401 0.1147 0.2595 
4.1601 0.6261 1.8301 0.0837 0.4092 
4.1701 0.6284 1.8401 0.1112 0.3743 
4.1901 0.6246 1.8601 0.1990 0.3045 
4.1901 0.6139 1.8301 0.0991 0.2849 
4.1601 0.6261 1.8301 0.0837 0.4092 
4.1901 0.6246 1.8601 0.1990 0.3045 
4.2001 0.6066 1.8301 0.1115 0.2396 
4.1901 0.6139 1.8301 0.0991 0.2849 
4.2001 0.6249 1.8401 0.1147 0.2595 
4.1801 0.6056 1.8201 0.0815 0.3149 
4.1601 0.6144 1.8201 0.0751 0.4020 
4.1601 0.6261 1.8301 0.0837 0.4092 
4.1901 0.6139 1.8301 0.0991 0.2849 
4.1801 0.6056 1.8201 0.0815 0.3149 
4.1601 0.6261 1.8301 0.0837 0.4092 
4.1501 0.6184 1.8501 0.1760 0.4478 
4.1401 0.6198 1.8401 0.1314 0.4860 
4.1401 0.6268 1.8501 0.1576 0.4879 
4.1501 0.6184 1.8501 0.1760 0.4478 
4.1601 0.6206 1.8501 0.1694 0.4107 
4.1401 0.6198 1.8401 0.1314 0.4860 
4.1101 0.6282 1.8501 0.1579 0.6009 
4.1401 0.6268 1.8501 0.1576 0.4879 
4.1101 0.6147 1.8401 0.1460 0.6034 
4.1101 0.6147 1.8401 0.1460 0.6034 
4.1401 0.6268 1.8501 0.1576 0.4879 
4.1201 0.6181 1.8401 0.1373 0.5639 
4.1101 0.6147 1.8401 0.1460 0.6034 
4.1001 0.6102 1.8501 0.2029 0.6410 
4.1101 0.6282 1.8501 0.1579 0.6009 
4.1401 0.6198 1.8401 0.1314 0.4860 
4.1201 0.6181 1.8401 0.1373 0.5639 
4.1401 0.6268 1.8501 0.1576 0.4879 
4.1001 0.6254 1.8401 0.1240 0.6418 
4.1001 0.6102 1.8501 0.2029 0.6410 
4.1101 0.6147 1.8401 0.1460 0.6034 
4.1401 0.6198 1.8401 0.1314 0.4860 
4.1601 0.6206 1.8501 0.1694 0.4107 
4.1601 0.6261 1.8301 0.0837 0.4092 
4.1101 0.6265 1.8301 0.0864 0.6050 
4.1401 0.6198 1.8401 0.1314 0.4860 
4.1601 0.6261 1.8301 0.0837 0.4092 
4.1101 0.6147 1.8401 0.1460 0.6034 
4.1201 0.6181 1.8401 0.1373 0.5639 
4.1101 0.6265 1.8301 0.0864 0.6050 
4.1401 0.6198 1.8401 0.1314 0.4860 
4.1101 0.6265 1.8301 0.0864 0.6050 
4.1201 0.6181 1.8401 0.1373 0.5639 
4.1101 0.6265 1.8301 0.0864 0.6050 
4.1001 0.6185 1.8301 0.0993 0.6456 
4.1101 0.6147 1.8401 0.1460 0.6034 
4.1001 0.6185 1.8301 0.0993 0.6456 
4.1001 0.6254 1.8401 0.1240 0.6418 
4.1101 0.6147 1.8401 0.1460 0.6034 
4.1101 0.6184 1.9901 0.6941 0.5798 
4.0901 0.6182 1.9901 0.6977 0.6403 
4.1001 0.6118 2.0101 0.7725 0.6070 
4.0501 0.6083 1.9901 0.7352 0.7654 
4.0601 0.6225 2.0101 0.7461 0.7236 
4.0601 0.6226 1.9901 0.6891 0.7304 
4.1001 0.6118 2.0101 0.7725 0.6070 
4.0901 0.6182 1.9901 0.6977 0.6403 
4.0901 0.6119 2.0001 0.7459 0.6388 
4.0801 0.6128 1.9801 0.6864 0.6742 
4.0601 0.6226 1.9901 0.6891 0.7304 
4.0801 0.6225 2.0001 0.7150 0.6675 
4.0901 0.6182 1.9901 0.6977 0.6403 
4.1101 0.6184 1.9901 0.6941 0.5798 
4.1001 0.6115 1.9801 0.6872 0.6120 
4.0901 0.6182 1.9901 0.6977 0.6403 
4.0801 0.6128 1.9801 0.6864 0.6742 
4.0901 0.6119 2.0001 0.7459 0.6388 
4.0801 0.6225 2.0001 0.7150 0.6675 
4.0901 0.6119 2.0001 0.7459 0.6388 
4.0801 0.6128 1.9801 0.6864 0.6742 
4.0501 0.6196 1.9801 0.6701 0.7658 
4.0501 0.6083 1.9901 0.7352 0.7654 
4.0601 0.6226 1.9901 0.6891 0.7304 
4.1001 0.6253 1.9701 0.6147 0.6131 
4.0901 0.6201 1.9701 0.6319 0.6445 
4.0901 0.6182 1.9901 0.6977 0.6403 
4.0901 0.6182 1.9901 0.6977 0.6403 
4.0901 0.6201 1.9701 0.6319 0.6445 
4.0701 0.6271 1.9601 0.5827 0.7087 
4.0801 0.6128 1.9801 0.6864 0.6742 
4.0601 0.6174 1.9701 0.6448 0.7392 
4.0601 0.6226 1.9901 0.6891 0.7304 
4.0601 0.6174 1.9701 0.6448 0.7392 
4.0501 0.6196 1.9801 0.6701 0.7658 
4.0601 0.6226 1.9901 0.6891 0.7304 
4.1001 0.6253 1.9701 0.6147 0.6131 
4.0901 0.6182 1.9901 0.6977 0.6403 
4.1001 0.6115 1.9801 0.6872 0.6120 
4.0901 0.6182 1.9901 0.6977 0.6403 
4.0701 0.6271 1.9601 0.5827 0.7087 
4.0801 0.6128 1.9801 0.6864 0.6742 
4.0701 0.6271 1.9601 0.5827 0.7087 
4.0601 0.6174 1.9701 0.6448 0.7392 
4.0801 0.6128 1.9801 0.6864 0.6742 
4.0801 0.6235 1.9501 0.5592 0.6809 
4.0901 0.6201 1.9701 0.6319 0.6445 
4.1001 0.6253 1.9701 0.6147 0.6131 
4.0801 0.6235 1.9501 0.5592 0.6809 
4.1001 0.6253 1.9701 0.6147 0.6131 
4.1101 0.6156 1.9601 0.6109 0.5836 
4.0601 0.6174 1.9701 0.6448 0.7392 
4.0701 0.6271 1.9601 0.5827 0.7087 
4.0601 0.6185 1.9601 0.6100 0.7428 
4.0601 0.6185 1.9601 0.6100 0.7428 
4.0501 0.6196 1.9801 0.6701 0.7658 
4.0601 0.6174 1.9701 0.6448 0.7392 
4.0701 0.6271 1.9601 0.5827 0.7087 
4.0901 0.6201 1.9701 0.6319 0.6445 
4.0801 0.6235 1.9501 0.5592 0.6809 
4.0801 0.6235 1.9501 0.5592 0.6809 
4.1101 0.6156 1.9601 0.6109 0.5836 
4.1001 0.6149 1.9501 0.5820 0.6174 
4.0601 0.6185 1.9601 0.6100 0.7428 
4.0701 0.6271 1.9601 0.5827 0.7087 
4.0601 0.6201 1.9464 0.5603 0.7478 
4.0501 0.6088 1.9501 0.6090 0.7832 
4.0601 0.6185 1.9601 0.6100 0.7428 
4.0601 0.6201 1.9464 0.5603 0.7478 
4.0401 0.6167 1.9901 0.7104 0.7933 
4.0601 0.6225 2.0101 0.7461 0.7236 
4.0501 0.6083 1.9901 0.7352 0.7654 
3.9901 0.6201 2.0001 0.7366 0.9387 
4.0201 0.6170 2.0001 0.7413 0.8493 
4.0101 0.6164 1.9901 0.7160 0.8860 
4.0401 0.6167 1.9901 0.7104 0.7933 
4.0301 0.6100 1.9801 0.7035 0.8324 
4.0301 0.6257 2.0001 0.7133 0.8153 
4.0201 0.6170 2.0001 0.7413 0.8493 
4.0301 0.6100 1.9801 0.7035 0.8324 
4.0101 0.6164 1.9901 0.7160 0.8860 
4.0201 0.6170 2.0001 0.7413 0.8493 
4.0301 0.6257 2.0001 0.7133 0.8153 
4.0301 0.6100 1.9801 0.7035 0.8324 
4.0501 0.6196 1.9801 0.6701 0.7658 
4.0399 0.6201 1.9801 0.6703 0.7972 
4.0401 0.6167 1.9901 0.7104 0.7933 
4.0501 0.6196 1.9801 0.6701 0.7658 
4.0401 0.6167 1.9901 0.7104 0.7933 
4.0501 0.6083 1.9901 0.7352 0.7654 
4.0399 0.6201 1.9801 0.6703 0.7972 
4.0301 0.6100 1.9801 0.7035 0.8324 
4.0401 0.6167 1.9901 0.7104 0.7933 
4.0201 0.6126 1.9801 0.6968 0.8627 
4.0101 0.6164 1.9901 0.7160 0.8860 
4.0301 0.6100 1.9801 0.7035 0.8324 
4.0201 0.6126 1.9801 0.6968 0.8627 
4.0101 0.6048 1.9801 0.7235 0.8991 
4.0101 0.6164 1.9901 0.7160 0.8860 
4.0501 0.6196 1.9801 0.6701 0.7658 
4.0401 0.6201 1.9701 0.6397 0.8014 
4.0399 0.6201 1.9801 0.6703 0.7972 
4.0401 0.6201 1.9701 0.6397 0.8014 
4.0399 0.6201 1.9801 0.6703 0.7972 
4.0401 0.6201 1.9701 0.6397 0.8014 
4.0401 0.6201 1.9701 0.6397 0.8014 
4.0301 0.6100 1.9801 0.7035 0.8324 
4.0399 0.6201 1.9801 0.6703 0.7972 
4.0301 0.6100 1.9801 0.7035 0.8324 
4.0101 0.6196 1.9701 0.6460 0.8966 
4.0201 0.6126 1.9801 0.6968 0.8627 
4.0201 0.6126 1.9801 0.6968 0.8627 
4.0101 0.6196 1.9701 0.6460 0.8966 
4.0101 0.6048 1.9801 0.7235 0.8991 
4.0101 0.6196 1.9701 0.6460 0.8966 
3.9901 0.6258 1.9701 0.6303 0.9558 
4.0101 0.6048 1.9801 0.7235 0.8991 
4.0401 0.6241 1.9601 0.5961 0.8046 
4.0401 0.6201 1.9701 0.6397 0.8014 
4.0501 0.6196 1.9801 0.6701 0.7658 
4.0601 0.6185 1.9601 0.6100 0.7428 
4.0401 0.6241 1.9601 0.5961 0.8046 
4.0501 0.6196 1.9801 0.6701 0.7658 
4.0201 0.6144 1.9601 0.6288 0.8737 
4.0401 0.6201 1.9701 0.6397 0.8014 
4.0401 0.6241 1.9601 0.5961 0.8046 
4.0401 0.6241 1.9601 0.5961 0.8046 
4.0401 0.6201 1.9701 0.6397 0.8014 
4.0401 0.6201 1.9701 0.6397 0.8014 
4.0101 0.6196 1.9701 0.6460 0.8966 
4.0001 0.6222 1.9501 0.5755 0.9408 
3.9901 0.6258 1.9701 0.6303 0.9558 
4.0301 0.6100 1.9801 0.7035 0.8324 
4.0401 0.6201 1.9701 0.6397 0.8014 
4.0201 0.6144 1.9601 0.6288 0.8737 
4.0201 0.6144 1.9601 0.6288 0.8737 
4.0101 0.6196 1.9701 0.6460 0.8966 
4.0301 0.6100 1.9801 0.7035 0.8324 
4.0201 0.6144 1.9601 0.6288 0.8737 
4.0201 0.6192 1.9501 0.5814 0.8772 
4.0101 0.6196 1.9701 0.6460 0.8966 
4.0101 0.6196 1.9701 0.6460 0.8966 
4.0201 0.6192 1.9501 0.5814 0.8772 
4.0001 0.6222 1.9501 0.5755 0.9408 
4.0501 0.6088 1.9501 0.6090 0.7832 
4.0401 0.6241 1.9601 0.5961 0.8046 
4.0601 0.6185 1.9601 0.6100 0.7428 
4.0201 0.6192 1.9501 0.5814 0.8772 
4.0201 0.6144 1.9601 0.6288 0.8737 
4.0401 0.6241 1.9601 0.5961 0.8046 
4.0801 0.6115 1.9401 0.5619 0.6862 
4.0801 0.6235 1.9501 0.5592 0.6809 
4.1001 0.6149 1.9501 0.5820 0.6174 
4.1001 0.6252 1.9301 0.4832 0.6206 
4.0801 0.6115 1.9401 0.5619 0.6862 
4.1001 0.6149 1.9501 0.5820 0.6174 
4.0801 0.6235 1.9501 0.5592 0.6809 
4.0801 0.6115 1.9401 0.5619 0.6862 
4.0701 0.6061 1.9401 0.5802 0.7212 
4.0801 0.6235 1.9501 0.5592 0.6809 
4.0701 0.6061 1.9401 0.5802 0.7212 
4.0701 0.6271 1.9601 0.5827 0.7087 
4.0601 0.6201 1.9464 0.5603 0.7478 
4.0701 0.6271 1.9601 0.5827 0.7087 
4.0701 0.6061 1.9401 0.5802 0.7212 
4.0601 0.6201 1.9464 0.5603 0.7478 
4.0701 0.6199 1.9301 0.5032 0.7212 
4.0601 0.6251 1.9301 0.4895 0.7529 
4.1001 0.6252 1.9301 0.4832 0.6206 
4.0801 0.6253 1.9301 0.4859 0.6866 
4.0801 0.6115 1.9401 0.5619 0.6862 
4.0701 0.6199 1.9301 0.5032 0.7212 
4.0801 0.6115 1.9401 0.5619 0.6862 
4.0801 0.6253 1.9301 0.4859 0.6866 
4.0701 0.6199 1.9301 0.5032 0.7212 
4.0701 0.6061 1.9401 0.5802 0.7212 
4.0801 0.6115 1.9401 0.5619 0.6862 
4.0701 0.6061 1.9401 0.5802 0.7212 
4.0701 0.6199 1.9301 0.5032 0.7212 
4.0601 0.6201 1.9464 0.5603 0.7478 
4.0601 0.6251 1.9301 0.4895 0.7529 
4.0501 0.6088 1.9501 0.6090 0.7832 
4.0601 0.6201 1.9464 0.5603 0.7478 
4.0501 0.6113 1.9301 0.5322 0.7920 
4.0501 0.6088 1.9501 0.6090 0.7832 
4.0601 0.6251 1.9301 0.4895 0.7529 
4.0801 0.6331 1.9201 0.4285 0.6882 
4.0801 0.6253 1.9301 0.4859 0.6866 
4.0901 0.6255 1.9201 0.4483 0.6561 
4.0901 0.6255 1.9201 0.4483 0.6561 
4.0801 0.6253 1.9301 0.4859 0.6866 
4.1001 0.6252 1.9301 0.4832 0.6206 
4.0801 0.6331 1.9201 0.4285 0.6882 
4.0701 0.6199 1.9301 0.5032 0.7212 
4.0801 0.6253 1.9301 0.4859 0.6866 
4.0801 0.6331 1.9201 0.4285 0.6882 
4.0601 0.6144 1.9201 0.4852 0.7611 
4.0701 0.6199 1.9301 0.5032 0.7212 
4.0601 0.6251 1.9301 0.4895 0.7529 
4.0701 0.6199 1.9301 0.5032 0.7212 
4.0601 0.6144 1.9201 0.4852 0.7611 
4.0601 0.6251 1.9301 0.4895 0.7529 
4.0601 0.6144 1.9201 0.4852 0.7611 
4.0501 0.6113 1.9301 0.5322 0.7920 
4.0901 0.6249 1.9101 0.4130 0.6589 
4.0801 0.6081 1.9101 0.4637 0.6970 
4.0801 0.6331 1.9201 0.4285 0.6882 
4.0901 0.6249 1.9101 0.4130 0.6589 
4.0801 0.6331 1.9201 0.4285 0.6882 
4.0901 0.6255 1.9201 0.4483 0.6561 
4.0801 0.6331 1.9201 0.4285 0.6882 
4.0801 0.6081 1.9101 0.4637 0.6970 
4.0601 0.6144 1.9201 0.4852 0.7611 
4.0501 0.6075 1.9101 0.4704 0.8043 
4.0501 0.6113 1.9301 0.5322 0.7920 
4.0601 0.6144 1.9201 0.4852 0.7611 
4.1001 0.6159 1.9001 0.3989 0.6277 
4.0801 0.6081 1.9101 0.4637 0.6970 
4.0901 0.6249 1.9101 0.4130 0.6589 
4.0501 0.6075 1.9101 0.4704 0.8043 
4.0601 0.6144 1.9201 0.4852 0.7611 
4.0501 0.6145 1.9001 0.4106 0.8065 
4.0701 0.6143 1.8901 0.3683 0.7392 
4.0601 0.6144 1.9201 0.4852 0.7611 
4.0801 0.6081 1.9101 0.4637 0.6970 
4.0001 0.6222 1.9501 0.5755 0.9408 
4.0201 0.6192 1.9501 0.5814 0.8772 
4.0101 0.6134 1.9401 0.5670 0.9209 
4.0401 0.6241 1.9601 0.5961 0.8046 
4.0501 0.6088 1.9501 0.6090 0.7832 
4.0401 0.6131 1.9401 0.5633 0.8199 
4.0401 0.6131 1.9401 0.5633 0.8199 
4.0201 0.6192 1.9501 0.5814 0.8772 
4.0401 0.6241 1.9601 0.5961 0.8046 
4.0401 0.6131 1.9401 0.5633 0.8199 
4.0101 0.6134 1.9401 0.5670 0.9209 
4.0201 0.6192 1.9501 0.5814 0.8772 
4.0101 0.6134 1.9401 0.5670 0.9209 
4.0301 0.6225 1.9301 0.5018 0.8545 
4.0101 0.6254 1.9301 0.4963 0.9199 
4.0501 0.6113 1.9301 0.5322 0.7920 
4.0301 0.6133 1.9201 0.4932 0.8659 
4.0401 0.6131 1.9401 0.5633 0.8199 
4.0501 0.6113 1.9301 0.5322 0.7920 
4.0401 0.6131 1.9401 0.5633 0.8199 
4.0501 0.6088 1.9501 0.6090 0.7832 
4.0301 0.6225 1.9301 0.5018 0.8545 
4.0401 0.6131 1.9401 0.5633 0.8199 
4.0301 0.6133 1.9201 0.4932 0.8659 
4.0101 0.6134 1.9401 0.5670 0.9209 
4.0401 0.6131 1.9401 0.5633 0.8199 
4.0301 0.6225 1.9301 0.5018 0.8545 
4.0101 0.6134 1.9401 0.5670 0.9209 
4.0101 0.6254 1.9301 0.4963 0.9199 
4.0001 0.6151 1.9301 0.5284 0.9614 
4.0101 0.6254 1.9301 0.4963 0.9199 
4.0301 0.6225 1.9301 0.5018 0.8545 
4.0101 0.6107 1.9201 0.5043 0.9379 
4.0301 0.6225 1.9301 0.5018 0.8545 
4.0301 0.6133 1.9201 0.4932 0.8659 
4.0101 0.6107 1.9201 0.5043 0.9379 
4.0101 0.6254 1.9301 0.4963 0.9199 
4.0101 0.6107 1.9201 0.5043 0.9379 
4.0001 0.6151 1.9301 0.5284 0.9614 
4.0501 0.6145 1.9001 0.4106 0.8065 
4.0301 0.6133 1.9201 0.4932 0.8659 
4.0501 0.6075 1.9101 0.4704 0.8043 
4.0501 0.6075 1.9101 0.4704 0.8043 
4.0301 0.6133 1.9201 0.4932 0.8659 
4.0501 0.6113 1.9301 0.5322 0.7920 
4.0001 0.6113 1.9001 0.4278 0.9902 
4.0101 0.6107 1.9201 0.5043 0.9379 
4.0301 0.6133 1.9201 0.4932 0.8659 
4.0301 0.6133 1.9201 0.4932 0.8659 
4.0501 0.6145 1.9001 0.4106 0.8065 
4.0301 0.6101 1.8974 0.4158 0.8834 
4.0301 0.6133 1.9201 0.4932 0.8659 
4.0301 0.6101 1.8974 0.4158 0.8834 
4.0001 0.6113 1.9001 0.4278 0.9902 
3.9801 0.6109 1.9801 0.7088 0.9911 
3.9701 0.6271 2.0001 0.7185 0.9944 
3.9801 0.6214 1.9901 0.7056 0.9755 
4.0101 0.6164 1.9901 0.7160 0.8860 
3.9801 0.6214 1.9901 0.7056 0.9755 
3.9901 0.6201 2.0001 0.7366 0.9387 
3.9801 0.6214 1.9901 0.7056 0.9755 
4.0101 0.6164 1.9901 0.7160 0.8860 
4.0101 0.6048 1.9801 0.7235 0.8991 
3.9801 0.6109 1.9801 0.7088 0.9911 
3.9801 0.6214 1.9901 0.7056 0.9755 
4.0101 0.6048 1.9801 0.7235 0.8991 
3.9801 0.6109 1.9801 0.7088 0.9911 
4.0101 0.6048 1.9801 0.7235 0.8991 
3.9901 0.6258 1.9701 0.6303 0.9558 
4.0001 0.6222 1.9501 0.5755 0.9408 
3.9901 0.6283 1.9601 0.5915 0.9615 
3.9901 0.6258 1.9701 0.6303 0.9558 
3.9801 0.6109 1.9801 0.7088 0.9911 
3.9901 0.6258 1.9701 0.6303 0.9558 
3.9901 0.6283 1.9601 0.5915 0.9615 
3.9801 0.6317 1.9501 0.5507 0.9987 
3.9901 0.6283 1.9601 0.5915 0.9615 
4.0001 0.6222 1.9501 0.5755 0.9408 
4.0101 0.6107 1.9201 0.5043 0.9379 
3.9901 0.6254 1.9301 0.4993 0.9873 
4.0001 0.6151 1.9301 0.5284 0.9614 
4.1001 0.6159 1.9001 0.3989 0.6277 
4.0801 0.6185 1.8901 0.3548 0.7017 
4.0801 0.6081 1.9101 0.4637 0.6970 
4.0801 0.6185 1.8901 0.3548 0.7017 
4.0701 0.6143 1.8901 0.3683 0.7392 
4.0801 0.6081 1.9101 0.4637 0.6970 
4.0701 0.6143 1.8901 0.3683 0.7392 
4.0501 0.6145 1.9001 0.4106 0.8065 
4.0601 0.6144 1.9201 0.4852 0.7611 
4.0901 0.6275 1.8701 0.2469 0.6702 
4.0801 0.6185 1.8901 0.3548 0.7017 
4.0901 0.6107 1.8801 0.3343 0.6702 
4.0701 0.6272 1.8701 0.2502 0.7437 
4.0801 0.6185 1.8901 0.3548 0.7017 
4.0901 0.6275 1.8701 0.2469 0.6702 
4.0701 0.6272 1.8701 0.2502 0.7437 
4.0501 0.6145 1.9001 0.4106 0.8065 
4.0701 0.6143 1.8901 0.3683 0.7392 
4.0901 0.6107 1.8801 0.3343 0.6702 
4.0801 0.6185 1.8901 0.3548 0.7017 
4.1001 0.6159 1.9001 0.3989 0.6277 
4.0801 0.6185 1.8901 0.3548 0.7017 
4.0701 0.6272 1.8701 0.2502 0.7437 
4.0701 0.6143 1.8901 0.3683 0.7392 
4.0901 0.6275 1.8701 0.2469 0.6702 
4.0901 0.6107 1.8801 0.3343 0.6702 
4.1101 0.6285 1.8701 0.2416 0.5973 
4.0901 0.6275 1.8701 0.2469 0.6702 
4.1101 0.6285 1.8701 0.2416 0.5973 
4.1001 0.6168 1.8601 0.2304 0.6375 
4.0701 0.6272 1.8701 0.2502 0.7437 
4.0901 0.6275 1.8701 0.2469 0.6702 
4.0701 0.6101 1.8601 0.2523 0.7549 
4.1001 0.6168 1.8601 0.2304 0.6375 
4.0701 0.6101 1.8601 0.2523 0.7549 
4.0901 0.6275 1.8701 0.2469 0.6702 
4.0601 0.6263 1.8601 0.2114 0.7863 
4.0701 0.6272 1.8701 0.2502 0.7437 
4.0701 0.6101 1.8601 0.2523 0.7549 
4.1001 0.6168 1.8601 0.2304 0.6375 
4.1001 0.6102 1.8501 0.2029 0.6410 
4.0901 0.6174 1.8501 0.1859 0.6789 
4.1001 0.6168 1.8601 0.2304 0.6375 
4.0901 0.6174 1.8501 0.1859 0.6789 
4.0701 0.6101 1.8601 0.2523 0.7549 
4.0901 0.6174 1.8501 0.1859 0.6789 
4.0601 0.6263 1.8601 0.2114 0.7863 
4.0701 0.6101 1.8601 0.2523 0.7549 
4.0601 0.6263 1.8601 0.2114 0.7863 
4.0601 0.6244 1.8501 0.1728 0.7928 
4.0401 0.6166 1.8601 0.2390 0.8681 
4.0501 0.6145 1.9001 0.4106 0.8065 
4.0401 0.6201 1.8834 0.3290 0.8499 
4.0301 0.6201 1.8901 0.3576 0.8820 
4.0501 0.6145 1.9001 0.4106 0.8065 
4.0301 0.6201 1.8901 0.3576 0.8820 
4.0301 0.6101 1.8974 0.4158 0.8834 
4.0301 0.6201 1.8901 0.3576 0.8820 
4.0201 0.6246 1.8901 0.3465 0.9151 
4.0301 0.6101 1.8974 0.4158 0.8834 
4.0301 0.6201 1.8901 0.3576 0.8820 
4.0301 0.6101 1.8974 0.4158 0.8834 
4.0301 0.6201 1.8901 0.3576 0.8820 
4.0301 0.6101 1.8974 0.4158 0.8834 
4.0201 0.6246 1.8901 0.3465 0.9151 
4.0001 0.6113 1.9001 0.4278 0.9902 
4.0501 0.6145 1.9001 0.4106 0.8065 
4.0701 0.6272 1.8701 0.2502 0.7437 
4.0401 0.6201 1.8834 0.3290 0.8499 
4.0401 0.6201 1.8834 0.3290 0.8499 
4.0401 0.6188 1.8701 0.2766 0.8597 
4.0201 0.6246 1.8901 0.3465 0.9151 
4.0301 0.6201 1.8901 0.3576 0.8820 
4.0401 0.6201 1.8834 0.3290 0.8499 
4.0201 0.6246 1.8901 0.3465 0.9151 
4.0301 0.6201 1.8901 0.3576 0.8820 
4.0201 0.6246 1.8901 0.3465 0.9151 
4.0301 0.6201 1.8901 0.3576 0.8820 
4.0201 0.6246 1.8901 0.3465 0.9151 
4.0401 0.6188 1.8701 0.2766 0.8597 
4.0201 0.6151 1.8701 0.2896 0.9384 
4.0401 0.6201 1.8834 0.3290 0.8499 
4.0301 0.6201 1.8901 0.3576 0.8820 
4.0301 0.6201 1.8901 0.3576 0.8820 
4.0301 0.6201 1.8901 0.3576 0.8820 
4.0301 0.6201 1.8901 0.3576 0.8820 
4.0301 0.6201 1.8901 0.3576 0.8820 
4.0401 0.6201 1.8834 0.3290 0.8499 
4.0701 0.6272 1.8701 0.2502 0.7437 
4.0601 0.6263 1.8601 0.2114 0.7863 
4.0401 0.6188 1.8701 0.2766 0.8597 
4.0401 0.6201 1.8834 0.3290 0.8499 
4.0601 0.6263 1.8601 0.2114 0.7863 
4.0401 0.6188 1.8701 0.2766 0.8597 
4.0601 0.6263 1.8601 0.2114 0.7863 
4.0401 0.6166 1.8601 0.2390 0.8681 
4.0401 0.6166 1.8601 0.2390 0.8681 
4.0201 0.6151 1.8701 0.2896 0.9384 
4.0401 0.6188 1.8701 0.2766 0.8597 
4.0101 0.6076 1.8601 0.2679 0.9935 
4.0101 0.6249 1.8701 0.2643 0.9681 
4.0201 0.6151 1.8701 0.2896 0.9384 
4.0401 0.6166 1.8601 0.2390 0.8681 
4.0601 0.6244 1.8501 0.1728 0.7928 
4.0101 0.6241 1.8501 0.1798 0.9874 
4.0401 0.6166 1.8601 0.2390 0.8681 
4.0101 0.6241 1.8501 0.1798 0.9874 
4.0201 0.6151 1.8701 0.2896 0.9384 
4.0101 0.6076 1.8601 0.2679 0.9935 
4.0201 0.6151 1.8701 0.2896 0.9384 
4.0101 0.6241 1.8501 0.1798 0.9874 
4.1001 0.6254 1.8401 0.1240 0.6418 
4.0801 0.6163 1.8401 0.1460 0.7227 
4.0901 0.6174 1.8501 0.1859 0.6789 
4.0901 0.6174 1.8501 0.1859 0.6789 
4.0701 0.6218 1.8401 0.1349 0.7604 
4.0601 0.6263 1.8601 0.2114 0.7863 
4.0601 0.6244 1.8501 0.1728 0.7928 
4.0601 0.6263 1.8601 0.2114 0.7863 
4.0701 0.6218 1.8401 0.1349 0.7604 
4.1001 0.6102 1.8501 0.2029 0.6410 
4.1001 0.6254 1.8401 0.1240 0.6418 
4.0901 0.6174 1.8501 0.1859 0.6789 
4.0801 0.6163 1.8401 0.1460 0.7227 
4.0701 0.6218 1.8401 0.1349 0.7604 
4.0901 0.6174 1.8501 0.1859 0.6789 
4.0601 0.6244 1.8501 0.1728 0.7928 
4.0701 0.6218 1.8401 0.1349 0.7604 
4.0601 0.6046 1.8401 0.1768 0.8092 
4.0501 0.6194 1.8301 0.1021 0.8482 
4.0601 0.6244 1.8501 0.1728 0.7928 
4.0601 0.6046 1.8401 0.1768 0.8092 
4.1001 0.6185 1.8301 0.0993 0.6456 
4.0801 0.6163 1.8401 0.1460 0.7227 
4.1001 0.6254 1.8401 0.1240 0.6418 
4.0601 0.6046 1.8401 0.1768 0.8092 
4.0701 0.6218 1.8401 0.1349 0.7604 
4.0601 0.6282 1.8301 0.0876 0.8027 
4.0601 0.6046 1.8401 0.1768 0.8092 
4.0601 0.6282 1.8301 0.0876 0.8027 
4.0501 0.6194 1.8301 0.1021 0.8482 
