NUMPOLLIES 393.000000 

5.3801 0.3001 2.1043 0.9438 0.6878 
5.3801 0.3201 2.1035 0.9813 0.6788 
5.3501 0.3201 2.1040 0.9768 0.5961 
5.3801 0.3201 2.1035 0.9813 0.6788 
5.3801 0.3001 2.1043 0.9438 0.6878 
5.4001 0.3101 2.0975 0.9883 0.7413 
5.4001 0.3101 2.0975 0.9883 0.7413 
5.3801 0.3001 2.1043 0.9438 0.6878 
5.4201 0.3101 2.1036 0.9677 0.7949 
5.3801 0.3001 2.1043 0.9438 0.6878 
5.3501 0.3201 2.1040 0.9768 0.5961 
5.3601 0.2801 2.1042 0.9054 0.6386 
5.3601 0.2801 2.1042 0.9054 0.6386 
5.3501 0.3201 2.1040 0.9768 0.5961 
5.3401 0.3001 2.1044 0.9400 0.5737 
5.3201 0.3101 2.1030 0.9611 0.5147 
5.2801 0.3301 2.1041 0.9873 0.4023 
5.3001 0.3001 2.1048 0.9346 0.4590 
5.4701 0.3001 2.0976 0.9773 0.9462 
5.4501 0.3101 2.0953 1.0009 0.8826 
5.4701 0.2901 2.0929 0.9776 0.9589 
5.4501 0.3101 2.0953 1.0009 0.8826 
5.4301 0.3001 2.0970 0.9758 0.8329 
5.4401 0.3001 2.0921 0.9953 0.8640 
5.4001 0.3101 2.0975 0.9883 0.7413 
5.3901 0.3301 2.1030 1.0002 0.7016 
5.3801 0.3201 2.1035 0.9813 0.6788 
5.2801 0.3301 2.1041 0.9873 0.4023 
5.2401 0.3201 2.1057 0.9611 0.2912 
5.2801 0.2901 2.1058 0.9105 0.4014 
5.3001 0.2801 2.1063 0.8913 0.4606 
5.2801 0.3301 2.1041 0.9873 0.4023 
5.2801 0.2901 2.1058 0.9105 0.4014 
5.3001 0.3001 2.1048 0.9346 0.4590 
5.2801 0.3301 2.1041 0.9873 0.4023 
5.3001 0.2801 2.1063 0.8913 0.4606 
5.2401 0.3201 2.1057 0.9611 0.2912 
5.2201 0.3301 2.1033 0.9849 0.2380 
5.2201 0.3101 2.1072 0.9364 0.2333 
5.2401 0.3201 2.1057 0.9611 0.2912 
5.2201 0.3101 2.1072 0.9364 0.2333 
5.2301 0.3001 2.1035 0.9329 0.2572 
5.2201 0.3101 2.1072 0.9364 0.2333 
5.2201 0.3301 2.1033 0.9849 0.2380 
5.2201 0.2801 2.1068 0.8814 0.2230 
5.2201 0.2801 2.1068 0.8814 0.2230 
5.1901 0.3301 2.1046 0.9777 0.1579 
5.2001 0.2901 2.1057 0.9029 0.1685 
5.2201 0.3301 2.1033 0.9849 0.2380 
5.1901 0.3301 2.1046 0.9777 0.1579 
5.2201 0.2801 2.1068 0.8814 0.2230 
5.1801 0.3001 2.1069 0.9154 0.1187 
5.1601 0.3301 2.1013 0.9871 0.0818 
5.1501 0.3101 2.1046 0.9394 0.0576 
5.2001 0.2901 2.1057 0.9029 0.1685 
5.1901 0.3301 2.1046 0.9777 0.1579 
5.1801 0.3001 2.1069 0.9154 0.1187 
5.1801 0.3001 2.1069 0.9154 0.1187 
5.1501 0.3101 2.1046 0.9394 0.0576 
5.1901 0.2701 2.1059 0.8614 0.1305 
5.4401 0.2501 2.0993 0.8724 0.9029 
5.4701 0.2501 2.0986 0.8782 0.9964 
5.4501 0.2601 2.0972 0.9023 0.9256 
5.4301 0.3001 2.0970 0.9758 0.8329 
5.4201 0.3101 2.1036 0.9677 0.7949 
5.4101 0.2901 2.1012 0.9404 0.7805 
5.4101 0.2901 2.1012 0.9404 0.7805 
5.4001 0.2601 2.1053 0.8653 0.7688 
5.4301 0.2801 2.0954 0.9460 0.8490 
5.4701 0.2501 2.0986 0.8782 0.9964 
5.4401 0.2501 2.0993 0.8724 0.9029 
5.4501 0.2401 2.0950 0.8693 0.9473 
5.4301 0.2301 2.1001 0.8243 0.8896 
5.4301 0.2301 2.1001 0.8243 0.8896 
5.4301 0.2301 2.1001 0.8243 0.8896 
5.4301 0.2301 2.1001 0.8243 0.8896 
5.4301 0.2301 2.1001 0.8243 0.8896 
5.4301 0.2301 2.1001 0.8243 0.8896 
5.4001 0.2401 2.1066 0.8174 0.7819 
5.4101 0.2301 2.1039 0.8066 0.8227 
5.4201 0.2301 2.0970 0.8356 0.8591 
5.4101 0.2301 2.1039 0.8066 0.8227 
5.4001 0.2401 2.1066 0.8174 0.7819 
5.4001 0.2301 2.0988 0.8258 0.7930 
5.4301 0.2301 2.1001 0.8243 0.8896 
5.4301 0.2301 2.1001 0.8243 0.8896 
5.4301 0.2301 2.1001 0.8243 0.8896 
5.4301 0.2301 2.1001 0.8243 0.8896 
5.4301 0.2301 2.1001 0.8243 0.8896 
5.4301 0.2301 2.1001 0.8243 0.8896 
5.4101 0.2101 2.1021 0.7658 0.8406 
5.4001 0.2301 2.0988 0.8258 0.7930 
5.3801 0.2201 2.1047 0.7764 0.7318 
5.4101 0.2301 2.1039 0.8066 0.8227 
5.4001 0.2301 2.0988 0.8258 0.7930 
5.4101 0.2101 2.1021 0.7658 0.8406 
5.4201 0.1901 2.0958 0.7421 0.8988 
5.4101 0.2301 2.1039 0.8066 0.8227 
5.4101 0.2101 2.1021 0.7658 0.8406 
5.4101 0.2101 2.1021 0.7658 0.8406 
5.3801 0.2201 2.1047 0.7764 0.7318 
5.4001 0.1901 2.0990 0.7256 0.8258 
5.4201 0.3101 2.1036 0.9677 0.7949 
5.3801 0.3001 2.1043 0.9438 0.6878 
5.4101 0.2901 2.1012 0.9404 0.7805 
5.3901 0.2801 2.1016 0.9183 0.7280 
5.3801 0.3001 2.1043 0.9438 0.6878 
5.3601 0.2801 2.1042 0.9054 0.6386 
5.4101 0.2901 2.1012 0.9404 0.7805 
5.3901 0.2801 2.1016 0.9183 0.7280 
5.4001 0.2601 2.1053 0.8653 0.7688 
5.3901 0.2801 2.1016 0.9183 0.7280 
5.3601 0.2801 2.1042 0.9054 0.6386 
5.3801 0.2701 2.1032 0.8918 0.7032 
5.3601 0.2801 2.1042 0.9054 0.6386 
5.3401 0.3001 2.1044 0.9400 0.5737 
5.3501 0.2601 2.1027 0.8703 0.6165 
5.4001 0.2601 2.1053 0.8653 0.7688 
5.3901 0.2801 2.1016 0.9183 0.7280 
5.3801 0.2701 2.1032 0.8918 0.7032 
5.4001 0.2601 2.1053 0.8653 0.7688 
5.3801 0.2701 2.1032 0.8918 0.7032 
5.4101 0.2501 2.0984 0.8727 0.8099 
5.4101 0.2501 2.0984 0.8727 0.8099 
5.3801 0.2701 2.1032 0.8918 0.7032 
5.3701 0.2501 2.1021 0.8535 0.6832 
5.3501 0.2601 2.1027 0.8703 0.6165 
5.3601 0.2401 2.1065 0.8133 0.6554 
5.3701 0.2501 2.1021 0.8535 0.6832 
5.3401 0.3001 2.1044 0.9400 0.5737 
5.3201 0.3101 2.1030 0.9611 0.5147 
5.3001 0.3001 2.1048 0.9346 0.4590 
5.3201 0.2601 2.1062 0.8532 0.5238 
5.3001 0.3001 2.1048 0.9346 0.4590 
5.3001 0.2801 2.1063 0.8913 0.4606 
5.3501 0.2601 2.1027 0.8703 0.6165 
5.3401 0.3001 2.1044 0.9400 0.5737 
5.3301 0.2701 2.1065 0.8740 0.5520 
5.3301 0.2701 2.1065 0.8740 0.5520 
5.3001 0.3001 2.1048 0.9346 0.4590 
5.3201 0.2601 2.1062 0.8532 0.5238 
5.3401 0.3001 2.1044 0.9400 0.5737 
5.3001 0.3001 2.1048 0.9346 0.4590 
5.3301 0.2701 2.1065 0.8740 0.5520 
5.3201 0.2601 2.1062 0.8532 0.5238 
5.3001 0.2801 2.1063 0.8913 0.4606 
5.3101 0.2501 2.1054 0.8338 0.4944 
5.3501 0.2601 2.1027 0.8703 0.6165 
5.3301 0.2701 2.1065 0.8740 0.5520 
5.3301 0.2501 2.1026 0.8470 0.5575 
5.3301 0.2501 2.1026 0.8470 0.5575 
5.3301 0.2701 2.1065 0.8740 0.5520 
5.3201 0.2601 2.1062 0.8532 0.5238 
5.3901 0.2301 2.1062 0.7951 0.7572 
5.4001 0.2401 2.1066 0.8174 0.7819 
5.4101 0.2501 2.0984 0.8727 0.8099 
5.3701 0.2501 2.1021 0.8535 0.6832 
5.3901 0.2301 2.1062 0.7951 0.7572 
5.4101 0.2501 2.0984 0.8727 0.8099 
5.3901 0.2301 2.1062 0.7951 0.7572 
5.3701 0.2501 2.1021 0.8535 0.6832 
5.3601 0.2401 2.1065 0.8133 0.6554 
5.4001 0.2301 2.0988 0.8258 0.7930 
5.4001 0.2401 2.1066 0.8174 0.7819 
5.3901 0.2301 2.1062 0.7951 0.7572 
5.3901 0.2301 2.1062 0.7951 0.7572 
5.3601 0.2401 2.1065 0.8133 0.6554 
5.3801 0.2201 2.1047 0.7764 0.7318 
5.3901 0.2301 2.1062 0.7951 0.7572 
5.3801 0.2201 2.1047 0.7764 0.7318 
5.4001 0.2301 2.0988 0.8258 0.7930 
5.3801 0.2201 2.1047 0.7764 0.7318 
5.3601 0.2401 2.1065 0.8133 0.6554 
5.3401 0.2201 2.1018 0.7831 0.5996 
5.3801 0.2101 2.0981 0.7788 0.7411 
5.3801 0.2201 2.1047 0.7764 0.7318 
5.3601 0.2101 2.0998 0.7691 0.6722 
5.3401 0.2201 2.1018 0.7831 0.5996 
5.3501 0.2101 2.1057 0.7438 0.6367 
5.3601 0.2101 2.0998 0.7691 0.6722 
5.4001 0.1901 2.0990 0.7256 0.8258 
5.3801 0.2201 2.1047 0.7764 0.7318 
5.3801 0.2101 2.0981 0.7788 0.7411 
5.3501 0.2601 2.1027 0.8703 0.6165 
5.3301 0.2501 2.1026 0.8470 0.5575 
5.3601 0.2401 2.1065 0.8133 0.6554 
5.3101 0.2501 2.1054 0.8338 0.4944 
5.2901 0.2501 2.1026 0.8426 0.4312 
5.3001 0.2301 2.1050 0.7891 0.4647 
5.3601 0.2401 2.1065 0.8133 0.6554 
5.3301 0.2501 2.1026 0.8470 0.5575 
5.3401 0.2201 2.1018 0.7831 0.5996 
5.3401 0.2201 2.1018 0.7831 0.5996 
5.3301 0.2501 2.1026 0.8470 0.5575 
5.3201 0.2301 2.1058 0.7884 0.5302 
5.3201 0.2301 2.1058 0.7884 0.5302 
5.3101 0.2501 2.1054 0.8338 0.4944 
5.3001 0.2301 2.1050 0.7891 0.4647 
5.3301 0.2501 2.1026 0.8470 0.5575 
5.3101 0.2501 2.1054 0.8338 0.4944 
5.3201 0.2301 2.1058 0.7884 0.5302 
5.3201 0.2301 2.1058 0.7884 0.5302 
5.3001 0.2301 2.1050 0.7891 0.4647 
5.3001 0.2101 2.1020 0.7520 0.4665 
5.3201 0.2201 2.0992 0.7910 0.5328 
5.3201 0.2301 2.1058 0.7884 0.5302 
5.3001 0.2101 2.1020 0.7520 0.4665 
5.3401 0.2201 2.1018 0.7831 0.5996 
5.3201 0.2301 2.1058 0.7884 0.5302 
5.3201 0.2001 2.1059 0.7128 0.5373 
5.3201 0.2201 2.0992 0.7910 0.5328 
5.3201 0.2001 2.1059 0.7128 0.5373 
5.3201 0.2301 2.1058 0.7884 0.5302 
5.3401 0.2201 2.1018 0.7831 0.5996 
5.3201 0.2001 2.1059 0.7128 0.5373 
5.3301 0.2001 2.0979 0.7471 0.5730 
5.3001 0.2101 2.1020 0.7520 0.4665 
5.3201 0.2001 2.1059 0.7128 0.5373 
5.3201 0.2201 2.0992 0.7910 0.5328 
5.4301 0.1501 2.0974 0.6194 0.9825 
5.4001 0.1401 2.1004 0.5680 0.8751 
5.4001 0.1301 2.0936 0.5633 0.8922 
5.4201 0.1101 2.0980 0.4727 0.9993 
5.4201 0.1401 2.0970 0.5864 0.9572 
5.4001 0.1201 2.1048 0.4767 0.8949 
5.3701 0.1701 2.1044 0.6414 0.7308 
5.3901 0.1701 2.1045 0.6441 0.8043 
5.3701 0.1801 2.0969 0.7025 0.7270 
5.3701 0.1801 2.0969 0.7025 0.7270 
5.3901 0.1701 2.1045 0.6441 0.8043 
5.4001 0.1901 2.0990 0.7256 0.8258 
5.3501 0.1901 2.1036 0.6995 0.6467 
5.3601 0.1701 2.1071 0.6286 0.6929 
5.3701 0.1801 2.0969 0.7025 0.7270 
5.3701 0.1801 2.0969 0.7025 0.7270 
5.3601 0.1701 2.1071 0.6286 0.6929 
5.3701 0.1701 2.1044 0.6414 0.7308 
5.3901 0.1701 2.1045 0.6441 0.8043 
5.3701 0.1701 2.1044 0.6414 0.7308 
5.3701 0.1501 2.1049 0.5766 0.7455 
5.4001 0.1701 2.0997 0.6661 0.8441 
5.3901 0.1701 2.1045 0.6441 0.8043 
5.3701 0.1501 2.1049 0.5766 0.7455 
5.3701 0.1701 2.1044 0.6414 0.7308 
5.3601 0.1701 2.1071 0.6286 0.6929 
5.3601 0.1501 2.1019 0.5879 0.7082 
5.3901 0.1301 2.1009 0.5288 0.8456 
5.4001 0.1401 2.1004 0.5680 0.8751 
5.4001 0.1701 2.0997 0.6661 0.8441 
5.4001 0.1701 2.0997 0.6661 0.8441 
5.3701 0.1501 2.1049 0.5766 0.7455 
5.3801 0.1401 2.0925 0.5996 0.8006 
5.3701 0.1501 2.1049 0.5766 0.7455 
5.3701 0.1701 2.1044 0.6414 0.7308 
5.3601 0.1501 2.1019 0.5879 0.7082 
5.3301 0.2001 2.0979 0.7471 0.5730 
5.3501 0.1901 2.1036 0.6995 0.6467 
5.3401 0.2001 2.1052 0.7182 0.6068 
5.3201 0.2001 2.1059 0.7128 0.5373 
5.3001 0.2101 2.1020 0.7520 0.4665 
5.3301 0.2001 2.0979 0.7471 0.5730 
5.3601 0.1701 2.1071 0.6286 0.6929 
5.3501 0.1901 2.1036 0.6995 0.6467 
5.3401 0.1701 2.1042 0.6377 0.6199 
5.3501 0.1901 2.1036 0.6995 0.6467 
5.3301 0.2001 2.0979 0.7471 0.5730 
5.3401 0.1701 2.1042 0.6377 0.6199 
5.3401 0.1701 2.1042 0.6377 0.6199 
5.3001 0.2101 2.1020 0.7520 0.4665 
5.3101 0.1801 2.1086 0.6444 0.5063 
5.3301 0.2001 2.0979 0.7471 0.5730 
5.3001 0.2101 2.1020 0.7520 0.4665 
5.3401 0.1701 2.1042 0.6377 0.6199 
5.3401 0.1701 2.1042 0.6377 0.6199 
5.3101 0.1801 2.1086 0.6444 0.5063 
5.3201 0.1601 2.1001 0.6211 0.5490 
5.3201 0.1601 2.1001 0.6211 0.5490 
5.3001 0.1801 2.1046 0.6594 0.4699 
5.2901 0.1701 2.1088 0.6105 0.4343 
5.3101 0.1801 2.1086 0.6444 0.5063 
5.3001 0.1801 2.1046 0.6594 0.4699 
5.3201 0.1601 2.1001 0.6211 0.5490 
5.3601 0.1701 2.1071 0.6286 0.6929 
5.3401 0.1701 2.1042 0.6377 0.6199 
5.3601 0.1501 2.1019 0.5879 0.7082 
5.3601 0.1501 2.1019 0.5879 0.7082 
5.3401 0.1701 2.1042 0.6377 0.6199 
5.3501 0.1401 2.1069 0.5309 0.6736 
5.3401 0.1701 2.1042 0.6377 0.6199 
5.3201 0.1601 2.1001 0.6211 0.5490 
5.3501 0.1401 2.1069 0.5309 0.6736 
5.3501 0.1401 2.1069 0.5309 0.6736 
5.3201 0.1601 2.1001 0.6211 0.5490 
5.3201 0.1401 2.1063 0.5280 0.5548 
5.3201 0.1401 2.1063 0.5280 0.5548 
5.2901 0.1701 2.1088 0.6105 0.4343 
5.3001 0.1501 2.1070 0.5558 0.4737 
5.3201 0.1601 2.1001 0.6211 0.5490 
5.2901 0.1701 2.1088 0.6105 0.4343 
5.3201 0.1401 2.1063 0.5280 0.5548 
5.3601 0.1001 2.1101 0.3661 0.7433 
5.3601 0.1001 2.1101 0.3661 0.7433 
5.3601 0.1001 2.1101 0.3661 0.7433 
5.3601 0.1001 2.1101 0.3661 0.7433 
5.3601 0.1001 2.1101 0.3661 0.7433 
5.3601 0.1001 2.1101 0.3661 0.7433 
5.3601 0.1501 2.1019 0.5879 0.7082 
5.3501 0.1401 2.1069 0.5309 0.6736 
5.3601 0.1401 2.0953 0.5835 0.7183 
5.3601 0.1401 2.0953 0.5835 0.7183 
5.3501 0.1401 2.1069 0.5309 0.6736 
5.3601 0.1301 2.1016 0.5203 0.7230 
5.3701 0.1201 2.1082 0.4564 0.7689 
5.4001 0.1201 2.1048 0.4767 0.8949 
5.3901 0.1301 2.1009 0.5288 0.8456 
5.3601 0.1301 2.1016 0.5203 0.7230 
5.3701 0.1201 2.1082 0.4564 0.7689 
5.3901 0.1301 2.1009 0.5288 0.8456 
5.3601 0.1301 2.1016 0.5203 0.7230 
5.3601 0.1101 2.1046 0.4308 0.7376 
5.3701 0.1201 2.1082 0.4564 0.7689 
5.4001 0.1201 2.1048 0.4767 0.8949 
5.3701 0.1201 2.1082 0.4564 0.7689 
5.3901 0.1001 2.1005 0.4144 0.8809 
5.3701 0.1201 2.1082 0.4564 0.7689 
5.3601 0.1101 2.1046 0.4308 0.7376 
5.3701 0.1001 2.1071 0.3809 0.7884 
5.3601 0.1101 2.1046 0.4308 0.7376 
5.3601 0.1301 2.1016 0.5203 0.7230 
5.3501 0.1001 2.1046 0.3877 0.7024 
5.4001 0.1201 2.1048 0.4767 0.8949 
5.3901 0.1001 2.1005 0.4144 0.8809 
5.4101 0.1001 2.0997 0.4224 0.9694 
5.3901 0.1001 2.1005 0.4144 0.8809 
5.3701 0.1201 2.1082 0.4564 0.7689 
5.3701 0.1001 2.1071 0.3809 0.7884 
5.3601 0.1001 2.1101 0.3661 0.7433 
5.3701 0.1001 2.1071 0.3809 0.7884 
5.3601 0.1101 2.1046 0.4308 0.7376 
5.3601 0.1001 2.1101 0.3661 0.7433 
5.3601 0.1001 2.1101 0.3661 0.7433 
5.3701 0.1001 2.1071 0.3809 0.7884 
5.3601 0.1001 2.1101 0.3661 0.7433 
5.3601 0.1101 2.1046 0.4308 0.7376 
5.3501 0.1001 2.1046 0.3877 0.7024 
5.3601 0.1001 2.1101 0.3661 0.7433 
5.3601 0.1001 2.1101 0.3661 0.7433 
5.3601 0.1101 2.1046 0.4308 0.7376 
5.3201 0.1401 2.1063 0.5280 0.5548 
5.3001 0.1501 2.1070 0.5558 0.4737 
5.3001 0.1401 2.1025 0.5408 0.4748 
5.3601 0.1301 2.1016 0.5203 0.7230 
5.3501 0.1401 2.1069 0.5309 0.6736 
5.3301 0.1301 2.1007 0.5186 0.6001 
5.3501 0.1401 2.1069 0.5309 0.6736 
5.3201 0.1401 2.1063 0.5280 0.5548 
5.3301 0.1301 2.1007 0.5186 0.6001 
5.3201 0.1301 2.1001 0.5192 0.5590 
5.3301 0.1301 2.1007 0.5186 0.6001 
5.3201 0.1401 2.1063 0.5280 0.5548 
5.3201 0.1301 2.1001 0.5192 0.5590 
5.3201 0.1401 2.1063 0.5280 0.5548 
5.3201 0.1301 2.1001 0.5192 0.5590 
5.3201 0.1401 2.1063 0.5280 0.5548 
5.3001 0.1401 2.1025 0.5408 0.4748 
5.3101 0.1301 2.1055 0.4936 0.5174 
5.3201 0.1301 2.1001 0.5192 0.5590 
5.3201 0.1401 2.1063 0.5280 0.5548 
5.3101 0.1301 2.1055 0.4936 0.5174 
5.3201 0.1301 2.1001 0.5192 0.5590 
5.3101 0.1301 2.1055 0.4936 0.5174 
5.3201 0.1301 2.1001 0.5192 0.5590 
5.3201 0.1301 2.1001 0.5192 0.5590 
5.3201 0.1201 2.1056 0.4578 0.5619 
5.3301 0.1301 2.1007 0.5186 0.6001 
5.3201 0.1301 2.1001 0.5192 0.5590 
5.3301 0.1301 2.1007 0.5186 0.6001 
5.3201 0.1301 2.1001 0.5192 0.5590 
5.3201 0.1301 2.1001 0.5192 0.5590 
5.3101 0.1301 2.1055 0.4936 0.5174 
5.3201 0.1201 2.1056 0.4578 0.5619 
5.3201 0.1301 2.1001 0.5192 0.5590 
5.3201 0.1201 2.1056 0.4578 0.5619 
5.3201 0.1301 2.1001 0.5192 0.5590 
5.3601 0.1301 2.1016 0.5203 0.7230 
5.3301 0.1301 2.1007 0.5186 0.6001 
5.3501 0.1001 2.1046 0.3877 0.7024 
5.3101 0.1101 2.1117 0.3898 0.5224 
5.3201 0.1201 2.1056 0.4578 0.5619 
5.3101 0.1301 2.1055 0.4936 0.5174 
5.2901 0.1001 2.1033 0.3801 0.4364 
5.3101 0.1301 2.1055 0.4936 0.5174 
5.2901 0.1301 2.1027 0.5022 0.4350 
5.3101 0.1101 2.1117 0.3898 0.5224 
5.3101 0.1301 2.1055 0.4936 0.5174 
5.2901 0.1001 2.1033 0.3801 0.4364 
5.3501 0.1001 2.1046 0.3877 0.7024 
5.3301 0.1301 2.1007 0.5186 0.6001 
5.3201 0.1201 2.1056 0.4578 0.5619 
5.3201 0.1201 2.1056 0.4578 0.5619 
5.3101 0.1001 2.1004 0.3976 0.5258 
5.3301 0.0701 2.1082 0.2307 0.6304 
5.3101 0.1101 2.1117 0.3898 0.5224 
5.3101 0.1001 2.1004 0.3976 0.5258 
5.3201 0.1201 2.1056 0.4578 0.5619 
5.3101 0.1001 2.1004 0.3976 0.5258 
5.3101 0.1101 2.1117 0.3898 0.5224 
5.2901 0.1001 2.1033 0.3801 0.4364 
5.4701 0.2901 2.0929 0.9776 0.9589 
5.4501 0.3101 2.0953 1.0009 0.8826 
5.4401 0.3001 2.0921 0.9953 0.8640 
5.4701 0.2901 2.0929 0.9776 0.9589 
5.4401 0.3001 2.0921 0.9953 0.8640 
5.4601 0.2701 2.1026 0.9021 0.9423 
5.4401 0.2701 2.0968 0.9226 0.8864 
5.4601 0.2701 2.1026 0.9021 0.9423 
5.4401 0.3001 2.0921 0.9953 0.8640 
5.4601 0.2701 2.1026 0.9021 0.9423 
5.4401 0.2701 2.0968 0.9226 0.8864 
5.4501 0.2601 2.0972 0.9023 0.9256 
5.4401 0.3001 2.0921 0.9953 0.8640 
5.4301 0.3001 2.0970 0.9758 0.8329 
5.4401 0.2701 2.0968 0.9226 0.8864 
5.4401 0.2701 2.0968 0.9226 0.8864 
5.4301 0.3001 2.0970 0.9758 0.8329 
5.4301 0.2801 2.0954 0.9460 0.8490 
5.4301 0.3001 2.0970 0.9758 0.8329 
5.4101 0.2901 2.1012 0.9404 0.7805 
5.4301 0.2801 2.0954 0.9460 0.8490 
5.4401 0.2501 2.0993 0.8724 0.9029 
5.4501 0.2601 2.0972 0.9023 0.9256 
5.4401 0.2701 2.0968 0.9226 0.8864 
5.4301 0.2401 2.0953 0.8658 0.8833 
5.4401 0.2701 2.0968 0.9226 0.8864 
5.4301 0.2801 2.0954 0.9460 0.8490 
5.4401 0.2501 2.0993 0.8724 0.9029 
5.4401 0.2701 2.0968 0.9226 0.8864 
5.4301 0.2401 2.0953 0.8658 0.8833 
5.4301 0.2401 2.0953 0.8658 0.8833 
5.4301 0.2801 2.0954 0.9460 0.8490 
5.4001 0.2601 2.1053 0.8653 0.7688 
5.4001 0.2601 2.1053 0.8653 0.7688 
5.4101 0.2501 2.0984 0.8727 0.8099 
5.4301 0.2401 2.0953 0.8658 0.8833 
5.4401 0.2301 2.0964 0.8404 0.9245 
5.4601 0.2301 2.1016 0.8218 0.9850 
5.4501 0.2401 2.0950 0.8693 0.9473 
5.4401 0.2501 2.0993 0.8724 0.9029 
5.4301 0.2401 2.0953 0.8658 0.8833 
5.4501 0.2401 2.0950 0.8693 0.9473 
5.4301 0.2401 2.0953 0.8658 0.8833 
5.4401 0.2301 2.0964 0.8404 0.9245 
5.4501 0.2401 2.0950 0.8693 0.9473 
5.4301 0.2301 2.1001 0.8243 0.8896 
5.4401 0.2301 2.0964 0.8404 0.9245 
5.4301 0.2401 2.0953 0.8658 0.8833 
5.4301 0.2301 2.1001 0.8243 0.8896 
5.4301 0.2301 2.1001 0.8243 0.8896 
5.4401 0.2301 2.0964 0.8404 0.9245 
5.4201 0.2301 2.0970 0.8356 0.8591 
5.4301 0.2401 2.0953 0.8658 0.8833 
5.4101 0.2501 2.0984 0.8727 0.8099 
5.4301 0.2301 2.1001 0.8243 0.8896 
5.4301 0.2401 2.0953 0.8658 0.8833 
5.4201 0.2301 2.0970 0.8356 0.8591 
5.4301 0.2301 2.1001 0.8243 0.8896 
5.4301 0.2301 2.1001 0.8243 0.8896 
5.4301 0.2401 2.0953 0.8658 0.8833 
5.4201 0.2301 2.0970 0.8356 0.8591 
5.4101 0.2501 2.0984 0.8727 0.8099 
5.4001 0.2401 2.1066 0.8174 0.7819 
5.4401 0.2301 2.0964 0.8404 0.9245 
5.4301 0.2201 2.0939 0.8266 0.9035 
5.4501 0.2101 2.0943 0.8032 0.9813 
5.4301 0.2301 2.1001 0.8243 0.8896 
5.4301 0.2201 2.0939 0.8266 0.9035 
5.4401 0.2301 2.0964 0.8404 0.9245 
5.4301 0.2301 2.1001 0.8243 0.8896 
5.4301 0.2301 2.1001 0.8243 0.8896 
5.4301 0.2201 2.0939 0.8266 0.9035 
5.4301 0.2301 2.1001 0.8243 0.8896 
5.4201 0.2301 2.0970 0.8356 0.8591 
5.4301 0.2201 2.0939 0.8266 0.9035 
5.4301 0.2301 2.1001 0.8243 0.8896 
5.4301 0.2301 2.1001 0.8243 0.8896 
5.4201 0.2301 2.0970 0.8356 0.8591 
5.4101 0.2301 2.1039 0.8066 0.8227 
5.4301 0.2201 2.0939 0.8266 0.9035 
5.4201 0.2301 2.0970 0.8356 0.8591 
5.4501 0.2101 2.0943 0.8032 0.9813 
5.4301 0.2201 2.0939 0.8266 0.9035 
5.4401 0.2001 2.0969 0.7663 0.9567 
5.4201 0.1901 2.0958 0.7421 0.8988 
5.4401 0.2001 2.0969 0.7663 0.9567 
5.4101 0.2301 2.1039 0.8066 0.8227 
5.4401 0.2001 2.0969 0.7663 0.9567 
5.4301 0.2201 2.0939 0.8266 0.9035 
5.4101 0.2301 2.1039 0.8066 0.8227 
5.4101 0.2901 2.1012 0.9404 0.7805 
5.3801 0.3001 2.1043 0.9438 0.6878 
5.3901 0.2801 2.1016 0.9183 0.7280 
5.3701 0.2501 2.1021 0.8535 0.6832 
5.3801 0.2701 2.1032 0.8918 0.7032 
5.3601 0.2801 2.1042 0.9054 0.6386 
5.3501 0.2601 2.1027 0.8703 0.6165 
5.3701 0.2501 2.1021 0.8535 0.6832 
5.3601 0.2801 2.1042 0.9054 0.6386 
5.3301 0.2501 2.1026 0.8470 0.5575 
5.3201 0.2601 2.1062 0.8532 0.5238 
5.3101 0.2501 2.1054 0.8338 0.4944 
5.3601 0.2101 2.0998 0.7691 0.6722 
5.3801 0.2201 2.1047 0.7764 0.7318 
5.3401 0.2201 2.1018 0.7831 0.5996 
5.3801 0.2101 2.0981 0.7788 0.7411 
5.3601 0.2101 2.0998 0.7691 0.6722 
5.3701 0.1801 2.0969 0.7025 0.7270 
5.3501 0.2101 2.1057 0.7438 0.6367 
5.3501 0.1901 2.1036 0.6995 0.6467 
5.3601 0.2101 2.0998 0.7691 0.6722 
5.3501 0.2101 2.1057 0.7438 0.6367 
5.3401 0.2201 2.1018 0.7831 0.5996 
5.3501 0.1901 2.1036 0.6995 0.6467 
5.3401 0.2001 2.1052 0.7182 0.6068 
5.3501 0.1901 2.1036 0.6995 0.6467 
5.3401 0.2201 2.1018 0.7831 0.5996 
5.3301 0.2001 2.0979 0.7471 0.5730 
5.3401 0.2001 2.1052 0.7182 0.6068 
5.3401 0.2201 2.1018 0.7831 0.5996 
5.4301 0.1901 2.1009 0.7219 0.9301 
5.4401 0.2001 2.0969 0.7663 0.9567 
5.4201 0.1901 2.0958 0.7421 0.8988 
5.4201 0.1901 2.0958 0.7421 0.8988 
5.4101 0.2101 2.1021 0.7658 0.8406 
5.4001 0.1901 2.0990 0.7256 0.8258 
5.4201 0.1901 2.0958 0.7421 0.8988 
5.4001 0.1901 2.0990 0.7256 0.8258 
5.4201 0.1701 2.0972 0.6801 0.9199 
5.3901 0.1701 2.1045 0.6441 0.8043 
5.4201 0.1701 2.0972 0.6801 0.9199 
5.4001 0.1901 2.0990 0.7256 0.8258 
5.3901 0.1701 2.1045 0.6441 0.8043 
5.4001 0.1701 2.0997 0.6661 0.8441 
5.4201 0.1701 2.0972 0.6801 0.9199 
5.4001 0.1401 2.1004 0.5680 0.8751 
5.4301 0.1501 2.0974 0.6194 0.9825 
5.4201 0.1701 2.0972 0.6801 0.9199 
5.4201 0.1701 2.0972 0.6801 0.9199 
5.4001 0.1701 2.0997 0.6661 0.8441 
5.4001 0.1401 2.1004 0.5680 0.8751 
5.4301 0.1501 2.0974 0.6194 0.9825 
5.4001 0.1301 2.0936 0.5633 0.8922 
5.4201 0.1401 2.0970 0.5864 0.9572 
5.4201 0.1401 2.0970 0.5864 0.9572 
5.4001 0.1301 2.0936 0.5633 0.8922 
5.4001 0.1201 2.1048 0.4767 0.8949 
5.4101 0.1001 2.0997 0.4224 0.9694 
5.4201 0.1101 2.0980 0.4727 0.9993 
5.4001 0.1201 2.1048 0.4767 0.8949 
5.3801 0.2101 2.0981 0.7788 0.7411 
5.3701 0.1801 2.0969 0.7025 0.7270 
5.4001 0.1901 2.0990 0.7256 0.8258 
5.3501 0.1901 2.1036 0.6995 0.6467 
5.3701 0.1801 2.0969 0.7025 0.7270 
5.3601 0.2101 2.0998 0.7691 0.6722 
5.3801 0.1401 2.0925 0.5996 0.8006 
5.3901 0.1301 2.1009 0.5288 0.8456 
5.4001 0.1701 2.0997 0.6661 0.8441 
5.3801 0.1401 2.0925 0.5996 0.8006 
5.3701 0.1501 2.1049 0.5766 0.7455 
5.3601 0.1401 2.0953 0.5835 0.7183 
5.3601 0.1501 2.1019 0.5879 0.7082 
5.3601 0.1401 2.0953 0.5835 0.7183 
5.3701 0.1501 2.1049 0.5766 0.7455 
5.4001 0.1301 2.0936 0.5633 0.8922 
5.4001 0.1401 2.1004 0.5680 0.8751 
5.3901 0.1301 2.1009 0.5288 0.8456 
5.3901 0.1301 2.1009 0.5288 0.8456 
5.3601 0.1401 2.0953 0.5835 0.7183 
5.3601 0.1301 2.1016 0.5203 0.7230 
5.3801 0.1401 2.0925 0.5996 0.8006 
5.3601 0.1401 2.0953 0.5835 0.7183 
5.3901 0.1301 2.1009 0.5288 0.8456 
5.4001 0.1301 2.0936 0.5633 0.8922 
5.3901 0.1301 2.1009 0.5288 0.8456 
5.4001 0.1201 2.1048 0.4767 0.8949 
5.3201 0.1301 2.1001 0.5192 0.5590 
5.3201 0.1301 2.1001 0.5192 0.5590 
5.3201 0.1301 2.1001 0.5192 0.5590 
5.3201 0.1301 2.1001 0.5192 0.5590 
5.3201 0.1301 2.1001 0.5192 0.5590 
5.3201 0.1301 2.1001 0.5192 0.5590 
5.3201 0.1301 2.1001 0.5192 0.5590 
5.3201 0.1301 2.1001 0.5192 0.5590 
5.3201 0.1301 2.1001 0.5192 0.5590 
5.3201 0.1301 2.1001 0.5192 0.5590 
5.3201 0.1301 2.1001 0.5192 0.5590 
5.3201 0.1301 2.1001 0.5192 0.5590 
5.2801 0.2901 2.1058 0.9105 0.4014 
5.2401 0.3201 2.1057 0.9611 0.2912 
5.2201 0.2801 2.1068 0.8814 0.2230 
5.2801 0.2901 2.1058 0.9105 0.4014 
5.2201 0.2801 2.1068 0.8814 0.2230 
5.2501 0.2701 2.1028 0.8798 0.3087 
5.2801 0.2901 2.1058 0.9105 0.4014 
5.2501 0.2701 2.1028 0.8798 0.3087 
5.2701 0.2601 2.1075 0.8430 0.3698 
5.3101 0.2501 2.1054 0.8338 0.4944 
5.2801 0.2901 2.1058 0.9105 0.4014 
5.2901 0.2501 2.1026 0.8426 0.4312 
5.3001 0.2801 2.1063 0.8913 0.4606 
5.2801 0.2901 2.1058 0.9105 0.4014 
5.3101 0.2501 2.1054 0.8338 0.4944 
5.2901 0.2501 2.1026 0.8426 0.4312 
5.2801 0.2901 2.1058 0.9105 0.4014 
5.2701 0.2601 2.1075 0.8430 0.3698 
5.2701 0.2601 2.1075 0.8430 0.3698 
5.2501 0.2701 2.1028 0.8798 0.3087 
5.2501 0.2601 2.1074 0.8411 0.3081 
5.2901 0.2501 2.1026 0.8426 0.4312 
5.2701 0.2601 2.1075 0.8430 0.3698 
5.2701 0.2501 2.1011 0.8462 0.3675 
5.2701 0.2501 2.1011 0.8462 0.3675 
5.2501 0.2601 2.1074 0.8411 0.3081 
5.2601 0.2301 2.1039 0.7884 0.3331 
5.2701 0.2601 2.1075 0.8430 0.3698 
5.2501 0.2601 2.1074 0.8411 0.3081 
5.2701 0.2501 2.1011 0.8462 0.3675 
5.2501 0.2501 2.0996 0.8499 0.3034 
5.2601 0.2301 2.1039 0.7884 0.3331 
5.2501 0.2601 2.1074 0.8411 0.3081 
5.2201 0.2801 2.1068 0.8814 0.2230 
5.2401 0.3201 2.1057 0.9611 0.2912 
5.2301 0.3001 2.1035 0.9329 0.2572 
5.2301 0.3001 2.1035 0.9329 0.2572 
5.2201 0.3101 2.1072 0.9364 0.2333 
5.2201 0.2801 2.1068 0.8814 0.2230 
5.2501 0.2701 2.1028 0.8798 0.3087 
5.2201 0.2801 2.1068 0.8814 0.2230 
5.2501 0.2601 2.1074 0.8411 0.3081 
5.2501 0.2601 2.1074 0.8411 0.3081 
5.2201 0.2801 2.1068 0.8814 0.2230 
5.2201 0.2701 2.1014 0.8819 0.2170 
5.2201 0.2701 2.1014 0.8819 0.2170 
5.2001 0.2901 2.1057 0.9029 0.1685 
5.1901 0.2701 2.1059 0.8614 0.1305 
5.2201 0.2801 2.1068 0.8814 0.2230 
5.2001 0.2901 2.1057 0.9029 0.1685 
5.2201 0.2701 2.1014 0.8819 0.2170 
5.2501 0.2601 2.1074 0.8411 0.3081 
5.2201 0.2701 2.1014 0.8819 0.2170 
5.2201 0.2601 2.1064 0.8417 0.2155 
5.2201 0.2701 2.1014 0.8819 0.2170 
5.1901 0.2701 2.1059 0.8614 0.1305 
5.2201 0.2601 2.1064 0.8417 0.2155 
5.2501 0.2601 2.1074 0.8411 0.3081 
5.2401 0.2501 2.1051 0.8270 0.2737 
5.2501 0.2501 2.0996 0.8499 0.3034 
5.2501 0.2601 2.1074 0.8411 0.3081 
5.2201 0.2601 2.1064 0.8417 0.2155 
5.2401 0.2501 2.1051 0.8270 0.2737 
5.2401 0.2501 2.1051 0.8270 0.2737 
5.2201 0.2601 2.1064 0.8417 0.2155 
5.2101 0.2501 2.1064 0.8187 0.1806 
5.3001 0.2301 2.1050 0.7891 0.4647 
5.2901 0.2501 2.1026 0.8426 0.4312 
5.2801 0.2401 2.1084 0.7964 0.4001 
5.2901 0.2501 2.1026 0.8426 0.4312 
5.2701 0.2501 2.1011 0.8462 0.3675 
5.2801 0.2401 2.1084 0.7964 0.4001 
5.3001 0.2301 2.1050 0.7891 0.4647 
5.2801 0.2401 2.1084 0.7964 0.4001 
5.2801 0.2301 2.1015 0.8008 0.3985 
5.2801 0.2401 2.1084 0.7964 0.4001 
5.2701 0.2501 2.1011 0.8462 0.3675 
5.2801 0.2301 2.1015 0.8008 0.3985 
5.2701 0.2501 2.1011 0.8462 0.3675 
5.2601 0.2301 2.1039 0.7884 0.3331 
5.2801 0.2301 2.1015 0.8008 0.3985 
5.3001 0.2101 2.1020 0.7520 0.4665 
5.2801 0.2301 2.1015 0.8008 0.3985 
5.2801 0.2201 2.1060 0.7585 0.3989 
5.3001 0.2301 2.1050 0.7891 0.4647 
5.2801 0.2301 2.1015 0.8008 0.3985 
5.3001 0.2101 2.1020 0.7520 0.4665 
5.2801 0.2201 2.1060 0.7585 0.3989 
5.2801 0.2301 2.1015 0.8008 0.3985 
5.2601 0.2301 2.1039 0.7884 0.3331 
5.2801 0.2101 2.1017 0.7507 0.3977 
5.2601 0.2301 2.1039 0.7884 0.3331 
5.2701 0.2001 2.1081 0.6969 0.3637 
5.2801 0.2201 2.1060 0.7585 0.3989 
5.2601 0.2301 2.1039 0.7884 0.3331 
5.2801 0.2101 2.1017 0.7507 0.3977 
5.2701 0.2001 2.1081 0.6969 0.3637 
5.2501 0.2201 2.1046 0.7602 0.2980 
5.2601 0.2001 2.1049 0.7085 0.3279 
5.2601 0.2301 2.1039 0.7884 0.3331 
5.2501 0.2201 2.1046 0.7602 0.2980 
5.2701 0.2001 2.1081 0.6969 0.3637 
5.3101 0.1801 2.1086 0.6444 0.5063 
5.2801 0.2201 2.1060 0.7585 0.3989 
5.2801 0.1901 2.1040 0.6875 0.3972 
5.3001 0.2101 2.1020 0.7520 0.4665 
5.2801 0.2201 2.1060 0.7585 0.3989 
5.3101 0.1801 2.1086 0.6444 0.5063 
5.2801 0.2201 2.1060 0.7585 0.3989 
5.2801 0.2101 2.1017 0.7507 0.3977 
5.2801 0.1901 2.1040 0.6875 0.3972 
5.2401 0.2501 2.1051 0.8270 0.2737 
5.2401 0.2401 2.1080 0.7932 0.2719 
5.2501 0.2501 2.0996 0.8499 0.3034 
5.2401 0.2501 2.1051 0.8270 0.2737 
5.2101 0.2501 2.1064 0.8187 0.1806 
5.2401 0.2401 2.1080 0.7932 0.2719 
5.2501 0.2501 2.0996 0.8499 0.3034 
5.2401 0.2401 2.1080 0.7932 0.2719 
5.2601 0.2301 2.1039 0.7884 0.3331 
5.2401 0.2401 2.1080 0.7932 0.2719 
5.2101 0.2501 2.1064 0.8187 0.1806 
5.2301 0.2201 2.1033 0.7629 0.2305 
5.2301 0.2201 2.1033 0.7629 0.2305 
5.2101 0.2501 2.1064 0.8187 0.1806 
5.2201 0.2201 2.1088 0.7394 0.2001 
5.2101 0.2501 2.1064 0.8187 0.1806 
5.2001 0.2201 2.1063 0.7467 0.1341 
5.2201 0.2201 2.1088 0.7394 0.2001 
5.2601 0.2301 2.1039 0.7884 0.3331 
5.2401 0.2401 2.1080 0.7932 0.2719 
5.2501 0.2201 2.1046 0.7602 0.2980 
5.2501 0.2201 2.1046 0.7602 0.2980 
5.2401 0.2401 2.1080 0.7932 0.2719 
5.2301 0.2201 2.1033 0.7629 0.2305 
5.2201 0.2201 2.1088 0.7394 0.2001 
5.2001 0.2201 2.1063 0.7467 0.1341 
5.2101 0.2101 2.1004 0.7467 0.1575 
5.2601 0.2001 2.1049 0.7085 0.3279 
5.2501 0.2201 2.1046 0.7602 0.2980 
5.2301 0.2101 2.1056 0.7280 0.2277 
5.2501 0.2201 2.1046 0.7602 0.2980 
5.2301 0.2201 2.1033 0.7629 0.2305 
5.2301 0.2101 2.1056 0.7280 0.2277 
5.2301 0.2201 2.1033 0.7629 0.2305 
5.2201 0.2201 2.1088 0.7394 0.2001 
5.2301 0.2101 2.1056 0.7280 0.2277 
5.2101 0.2101 2.1004 0.7467 0.1575 
5.2001 0.2201 2.1063 0.7467 0.1341 
5.1901 0.2101 2.1026 0.7349 0.0951 
5.2301 0.2101 2.1056 0.7280 0.2277 
5.2201 0.2201 2.1088 0.7394 0.2001 
5.2101 0.1901 2.1025 0.6837 0.1476 
5.2101 0.1901 2.1025 0.6837 0.1476 
5.2101 0.2101 2.1004 0.7467 0.1575 
5.2001 0.2001 2.1064 0.6937 0.1226 
5.2201 0.2201 2.1088 0.7394 0.2001 
5.2101 0.2101 2.1004 0.7467 0.1575 
5.2101 0.1901 2.1025 0.6837 0.1476 
5.2101 0.2101 2.1004 0.7467 0.1575 
5.1901 0.2101 2.1026 0.7349 0.0951 
5.2001 0.2001 2.1064 0.6937 0.1226 
5.2001 0.2901 2.1057 0.9029 0.1685 
5.1801 0.3001 2.1069 0.9154 0.1187 
5.1901 0.2901 2.1011 0.9194 0.1379 
5.1901 0.2701 2.1059 0.8614 0.1305 
5.1501 0.3101 2.1046 0.9394 0.0576 
5.1601 0.2701 2.1056 0.8591 0.0586 
5.1901 0.2901 2.1011 0.9194 0.1379 
5.1801 0.3001 2.1069 0.9154 0.1187 
5.1901 0.2701 2.1059 0.8614 0.1305 
5.1801 0.2601 2.1044 0.8449 0.0966 
5.1901 0.2701 2.1059 0.8614 0.1305 
5.1601 0.2701 2.1056 0.8591 0.0586 
5.2001 0.2901 2.1057 0.9029 0.1685 
5.1901 0.2901 2.1011 0.9194 0.1379 
5.1901 0.2701 2.1059 0.8614 0.1305 
5.2201 0.2601 2.1064 0.8417 0.2155 
5.1901 0.2701 2.1059 0.8614 0.1305 
5.1801 0.2601 2.1044 0.8449 0.0966 
5.1801 0.2601 2.1044 0.8449 0.0966 
5.1601 0.2701 2.1056 0.8591 0.0586 
5.1601 0.2601 2.1026 0.8497 0.0550 
5.2201 0.2601 2.1064 0.8417 0.2155 
5.1801 0.2601 2.1044 0.8449 0.0966 
5.2101 0.2501 2.1064 0.8187 0.1806 
5.2001 0.2201 2.1063 0.7467 0.1341 
5.1801 0.2601 2.1044 0.8449 0.0966 
5.1601 0.2601 2.1026 0.8497 0.0550 
5.2101 0.2501 2.1064 0.8187 0.1806 
5.1801 0.2601 2.1044 0.8449 0.0966 
5.2001 0.2201 2.1063 0.7467 0.1341 
5.2001 0.2201 2.1063 0.7467 0.1341 
5.1601 0.2601 2.1026 0.8497 0.0550 
5.1801 0.2301 2.1038 0.7788 0.0799 
5.2001 0.2201 2.1063 0.7467 0.1341 
5.1801 0.2301 2.1038 0.7788 0.0799 
5.1901 0.2101 2.1026 0.7349 0.0951 
5.1801 0.2301 2.1038 0.7788 0.0799 
5.1701 0.2301 2.1064 0.7672 0.0598 
5.1901 0.2101 2.1026 0.7349 0.0951 
5.3101 0.1801 2.1086 0.6444 0.5063 
5.2801 0.1901 2.1040 0.6875 0.3972 
5.3001 0.1801 2.1046 0.6594 0.4699 
5.2801 0.2101 2.1017 0.7507 0.3977 
5.2701 0.2001 2.1081 0.6969 0.3637 
5.2801 0.1901 2.1040 0.6875 0.3972 
5.2801 0.1901 2.1040 0.6875 0.3972 
5.2601 0.2001 2.1049 0.7085 0.3279 
5.2601 0.1901 2.1066 0.6740 0.3264 
5.2701 0.2001 2.1081 0.6969 0.3637 
5.2601 0.2001 2.1049 0.7085 0.3279 
5.2801 0.1901 2.1040 0.6875 0.3972 
5.3001 0.1801 2.1046 0.6594 0.4699 
5.2801 0.1901 2.1040 0.6875 0.3972 
5.2701 0.1801 2.1024 0.6640 0.3597 
5.2701 0.1801 2.1024 0.6640 0.3597 
5.2801 0.1901 2.1040 0.6875 0.3972 
5.2601 0.1901 2.1066 0.6740 0.3264 
5.2701 0.1801 2.1024 0.6640 0.3597 
5.2601 0.1901 2.1066 0.6740 0.3264 
5.2401 0.1801 2.1065 0.6424 0.2516 
5.3001 0.1801 2.1046 0.6594 0.4699 
5.2701 0.1801 2.1024 0.6640 0.3597 
5.2901 0.1701 2.1088 0.6105 0.4343 
5.2801 0.1501 2.1001 0.5819 0.3943 
5.2901 0.1701 2.1088 0.6105 0.4343 
5.2701 0.1801 2.1024 0.6640 0.3597 
5.2401 0.1801 2.1065 0.6424 0.2516 
5.2601 0.1701 2.1088 0.6056 0.3230 
5.2701 0.1801 2.1024 0.6640 0.3597 
5.2701 0.1801 2.1024 0.6640 0.3597 
5.2601 0.1701 2.1088 0.6056 0.3230 
5.2801 0.1501 2.1001 0.5819 0.3943 
5.2901 0.1701 2.1088 0.6105 0.4343 
5.2801 0.1501 2.1001 0.5819 0.3943 
5.3001 0.1501 2.1070 0.5558 0.4737 
5.2801 0.1501 2.1001 0.5819 0.3943 
5.2601 0.1701 2.1088 0.6056 0.3230 
5.2701 0.1401 2.1053 0.5230 0.3547 
5.2601 0.1901 2.1066 0.6740 0.3264 
5.2601 0.2001 2.1049 0.7085 0.3279 
5.2301 0.2101 2.1056 0.7280 0.2277 
5.2301 0.2101 2.1056 0.7280 0.2277 
5.2101 0.1901 2.1025 0.6837 0.1476 
5.2301 0.1901 2.0955 0.7164 0.2140 
5.2301 0.1901 2.0955 0.7164 0.2140 
5.2401 0.1801 2.1065 0.6424 0.2516 
5.2601 0.1901 2.1066 0.6740 0.3264 
5.2201 0.1801 2.1072 0.6366 0.1800 
5.2401 0.1801 2.1065 0.6424 0.2516 
5.2301 0.1901 2.0955 0.7164 0.2140 
5.2101 0.1901 2.1025 0.6837 0.1476 
5.2001 0.2001 2.1064 0.6937 0.1226 
5.1901 0.1901 2.1050 0.6702 0.0846 
5.2301 0.1601 2.0961 0.6236 0.1999 
5.2601 0.1701 2.1088 0.6056 0.3230 
5.2401 0.1801 2.1065 0.6424 0.2516 
5.2401 0.1801 2.1065 0.6424 0.2516 
5.2201 0.1801 2.1072 0.6366 0.1800 
5.2101 0.1601 2.1057 0.5787 0.1315 
5.2301 0.1601 2.0961 0.6236 0.1999 
5.2401 0.1801 2.1065 0.6424 0.2516 
5.2101 0.1601 2.1057 0.5787 0.1315 
5.2101 0.1601 2.1057 0.5787 0.1315 
5.2101 0.1901 2.1025 0.6837 0.1476 
5.2001 0.1701 2.1057 0.6092 0.1033 
5.2201 0.1801 2.1072 0.6366 0.1800 
5.2101 0.1901 2.1025 0.6837 0.1476 
5.2101 0.1601 2.1057 0.5787 0.1315 
5.2101 0.1901 2.1025 0.6837 0.1476 
5.1901 0.1901 2.1050 0.6702 0.0846 
5.2001 0.1701 2.1057 0.6092 0.1033 
5.2301 0.1601 2.0961 0.6236 0.1999 
5.2301 0.1501 2.1070 0.5432 0.2012 
5.2601 0.1701 2.1088 0.6056 0.3230 
5.2101 0.1601 2.1057 0.5787 0.1315 
5.2001 0.1701 2.1057 0.6092 0.1033 
5.1901 0.1601 2.0976 0.6104 0.0629 
5.2601 0.1701 2.1088 0.6056 0.3230 
5.2301 0.1501 2.1070 0.5432 0.2012 
5.2701 0.1401 2.1053 0.5230 0.3547 
5.2101 0.1601 2.1057 0.5787 0.1315 
5.2101 0.1501 2.1093 0.5299 0.1275 
5.2301 0.1501 2.1070 0.5432 0.2012 
5.2301 0.1601 2.0961 0.6236 0.1999 
5.2101 0.1601 2.1057 0.5787 0.1315 
5.2301 0.1501 2.1070 0.5432 0.2012 
5.2001 0.1501 2.1038 0.5519 0.0887 
5.2101 0.1501 2.1093 0.5299 0.1275 
5.2101 0.1601 2.1057 0.5787 0.1315 
5.3001 0.1401 2.1025 0.5408 0.4748 
5.3001 0.1501 2.1070 0.5558 0.4737 
5.2901 0.1401 2.1089 0.5115 0.4354 
5.2901 0.1401 2.1089 0.5115 0.4354 
5.2801 0.1501 2.1001 0.5819 0.3943 
5.2701 0.1401 2.1053 0.5230 0.3547 
5.3001 0.1501 2.1070 0.5558 0.4737 
5.2801 0.1501 2.1001 0.5819 0.3943 
5.2901 0.1401 2.1089 0.5115 0.4354 
5.3101 0.1301 2.1055 0.4936 0.5174 
5.2901 0.1401 2.1089 0.5115 0.4354 
5.2901 0.1301 2.1027 0.5022 0.4350 
5.3001 0.1401 2.1025 0.5408 0.4748 
5.2901 0.1401 2.1089 0.5115 0.4354 
5.3101 0.1301 2.1055 0.4936 0.5174 
5.2901 0.1301 2.1027 0.5022 0.4350 
5.2701 0.1401 2.1053 0.5230 0.3547 
5.2701 0.1201 2.1060 0.4461 0.3516 
5.2901 0.1401 2.1089 0.5115 0.4354 
5.2701 0.1401 2.1053 0.5230 0.3547 
5.2901 0.1301 2.1027 0.5022 0.4350 
5.2701 0.1401 2.1053 0.5230 0.3547 
5.2301 0.1501 2.1070 0.5432 0.2012 
5.2701 0.1201 2.1060 0.4461 0.3516 
5.2701 0.1201 2.1060 0.4461 0.3516 
5.2801 0.1201 2.1103 0.4294 0.3948 
5.2901 0.1301 2.1027 0.5022 0.4350 
5.2901 0.1301 2.1027 0.5022 0.4350 
5.2801 0.1201 2.1103 0.4294 0.3948 
5.2901 0.1001 2.1033 0.3801 0.4364 
5.2401 0.1101 2.1072 0.3943 0.2211 
5.2801 0.1201 2.1103 0.4294 0.3948 
5.2701 0.1201 2.1060 0.4461 0.3516 
5.2901 0.1001 2.1033 0.3801 0.4364 
5.2801 0.1201 2.1103 0.4294 0.3948 
5.2701 0.0901 2.1074 0.3135 0.3465 
5.2801 0.1201 2.1103 0.4294 0.3948 
5.2501 0.1001 2.1052 0.3630 0.2587 
5.2701 0.0901 2.1074 0.3135 0.3465 
5.2801 0.1201 2.1103 0.4294 0.3948 
5.2401 0.1101 2.1072 0.3943 0.2211 
5.2501 0.1001 2.1052 0.3630 0.2587 
5.2301 0.1501 2.1070 0.5432 0.2012 
5.2101 0.1501 2.1093 0.5299 0.1275 
5.2101 0.1401 2.1022 0.5257 0.1155 
5.2101 0.1501 2.1093 0.5299 0.1275 
5.2001 0.1501 2.1038 0.5519 0.0887 
5.2101 0.1401 2.1022 0.5257 0.1155 
5.2101 0.1401 2.1022 0.5257 0.1155 
5.2001 0.1501 2.1038 0.5519 0.0887 
5.1901 0.1301 2.1042 0.4761 0.0540 
5.2701 0.1201 2.1060 0.4461 0.3516 
5.2301 0.1501 2.1070 0.5432 0.2012 
5.2401 0.1101 2.1072 0.3943 0.2211 
5.2401 0.1101 2.1072 0.3943 0.2211 
5.2101 0.1401 2.1022 0.5257 0.1155 
5.2001 0.1201 2.1084 0.4211 0.0718 
5.2301 0.1501 2.1070 0.5432 0.2012 
5.2101 0.1401 2.1022 0.5257 0.1155 
5.2401 0.1101 2.1072 0.3943 0.2211 
5.2101 0.1401 2.1022 0.5257 0.1155 
5.1901 0.1301 2.1042 0.4761 0.0540 
5.2001 0.1201 2.1084 0.4211 0.0718 
5.2401 0.1101 2.1072 0.3943 0.2211 
5.2001 0.1201 2.1084 0.4211 0.0718 
5.2101 0.1001 2.1051 0.3542 0.0883 
5.1701 0.2001 2.1044 0.6978 0.0527 
5.1801 0.1801 2.1050 0.6396 0.0566 
5.1901 0.1901 2.1050 0.6702 0.0846 
5.1701 0.2001 2.1044 0.6978 0.0527 
5.1901 0.1901 2.1050 0.6702 0.0846 
5.2001 0.2001 2.1064 0.6937 0.1226 
5.1901 0.1901 2.1050 0.6702 0.0846 
5.1801 0.1801 2.1050 0.6396 0.0566 
5.2001 0.1701 2.1057 0.6092 0.1033 
5.1901 0.1601 2.0976 0.6104 0.0629 
5.2001 0.1701 2.1057 0.6092 0.1033 
5.1801 0.1601 2.1035 0.5830 0.0527 
5.1801 0.1601 2.1035 0.5830 0.0527 
5.2001 0.1501 2.1038 0.5519 0.0887 
5.1901 0.1601 2.0976 0.6104 0.0629 
5.2001 0.1501 2.1038 0.5519 0.0887 
5.1801 0.1601 2.1035 0.5830 0.0527 
5.1901 0.1301 2.1042 0.4761 0.0540 
5.2001 0.2001 2.1064 0.6937 0.1226 
5.1901 0.2101 2.1026 0.7349 0.0951 
5.1701 0.2001 2.1044 0.6978 0.0527 
5.2301 0.2101 2.1056 0.7280 0.2277 
5.2301 0.1901 2.0955 0.7164 0.2140 
5.2601 0.1901 2.1066 0.6740 0.3264 
5.2301 0.1901 2.0955 0.7164 0.2140 
5.2101 0.1901 2.1025 0.6837 0.1476 
5.2201 0.1801 2.1072 0.6366 0.1800 
5.2101 0.1601 2.1057 0.5787 0.1315 
5.1901 0.1601 2.0976 0.6104 0.0629 
5.2001 0.1501 2.1038 0.5519 0.0887 
5.3601 0.1001 2.1101 0.3661 0.7433 
5.3601 0.1001 2.1101 0.3661 0.7433 
5.3601 0.1001 2.1101 0.3661 0.7433 
5.3601 0.1001 2.1101 0.3661 0.7433 
5.3601 0.1001 2.1101 0.3661 0.7433 
5.3601 0.1001 2.1101 0.3661 0.7433 
5.3601 0.1001 2.1101 0.3661 0.7433 
5.3601 0.0901 2.1035 0.3514 0.7561 
5.3701 0.1001 2.1071 0.3809 0.7884 
5.3601 0.1001 2.1101 0.3661 0.7433 
5.3601 0.1001 2.1101 0.3661 0.7433 
5.3601 0.0901 2.1035 0.3514 0.7561 
5.3601 0.1001 2.1101 0.3661 0.7433 
5.3501 0.1001 2.1046 0.3877 0.7024 
5.3601 0.0901 2.1035 0.3514 0.7561 
5.3601 0.1001 2.1101 0.3661 0.7433 
5.3601 0.1001 2.1101 0.3661 0.7433 
5.3501 0.1001 2.1046 0.3877 0.7024 
5.3901 0.1001 2.1005 0.4144 0.8809 
5.3701 0.1001 2.1071 0.3809 0.7884 
5.3801 0.0801 2.1039 0.3091 0.8582 
5.3801 0.0801 2.1039 0.3091 0.8582 
5.3701 0.1001 2.1071 0.3809 0.7884 
5.3601 0.0801 2.1042 0.3032 0.7654 
5.3701 0.1001 2.1071 0.3809 0.7884 
5.3601 0.0901 2.1035 0.3514 0.7561 
5.3601 0.0801 2.1042 0.3032 0.7654 
5.3701 0.0701 2.1053 0.2531 0.8225 
5.3901 0.0601 2.1019 0.2236 0.9362 
5.3801 0.0801 2.1039 0.3091 0.8582 
5.3601 0.0801 2.1042 0.3032 0.7654 
5.3601 0.0601 2.0993 0.2270 0.7902 
5.3701 0.0701 2.1053 0.2531 0.8225 
5.3601 0.0601 2.0993 0.2270 0.7902 
5.3601 0.0801 2.1042 0.3032 0.7654 
5.3301 0.0701 2.1082 0.2307 0.6304 
5.3901 0.0601 2.1019 0.2236 0.9362 
5.3701 0.0701 2.1053 0.2531 0.8225 
5.3601 0.0601 2.0993 0.2270 0.7902 
5.3601 0.0601 2.0993 0.2270 0.7902 
5.3301 0.0701 2.1082 0.2307 0.6304 
5.3401 0.0601 2.1058 0.1939 0.6871 
5.3801 0.0401 2.1066 0.1035 0.9123 
5.3901 0.0501 2.1037 0.1652 0.9504 
5.3901 0.0601 2.1019 0.2236 0.9362 
5.3601 0.0601 2.0993 0.2270 0.7902 
5.3801 0.0401 2.1066 0.1035 0.9123 
5.3901 0.0601 2.1019 0.2236 0.9362 
5.3401 0.0601 2.1058 0.1939 0.6871 
5.3501 0.0501 2.1007 0.1668 0.7496 
5.3601 0.0401 2.1080 0.0951 0.8074 
5.3401 0.0601 2.1058 0.1939 0.6871 
5.3601 0.0401 2.1080 0.0951 0.8074 
5.3601 0.0601 2.0993 0.2270 0.7902 
5.3301 0.0601 2.1101 0.1739 0.6362 
5.3301 0.0601 2.1101 0.1739 0.6362 
5.3301 0.0601 2.1101 0.1739 0.6362 
5.3301 0.0601 2.1101 0.1739 0.6362 
5.3301 0.0601 2.1101 0.1739 0.6362 
5.3301 0.0601 2.1101 0.1739 0.6362 
5.3301 0.0601 2.1101 0.1739 0.6362 
5.3301 0.0601 2.1101 0.1739 0.6362 
5.3301 0.0601 2.1101 0.1739 0.6362 
5.3301 0.0601 2.1101 0.1739 0.6362 
5.3301 0.0601 2.1101 0.1739 0.6362 
5.3301 0.0601 2.1101 0.1739 0.6362 
5.3501 0.1001 2.1046 0.3877 0.7024 
5.3201 0.1201 2.1056 0.4578 0.5619 
5.3601 0.0901 2.1035 0.3514 0.7561 
5.3201 0.1201 2.1056 0.4578 0.5619 
5.3301 0.0701 2.1082 0.2307 0.6304 
5.3601 0.0901 2.1035 0.3514 0.7561 
5.3601 0.0801 2.1042 0.3032 0.7654 
5.3601 0.0901 2.1035 0.3514 0.7561 
5.3301 0.0701 2.1082 0.2307 0.6304 
5.3301 0.0701 2.1082 0.2307 0.6304 
5.3101 0.1001 2.1004 0.3976 0.5258 
5.3101 0.0801 2.1061 0.2828 0.5316 
5.3301 0.0601 2.1101 0.1739 0.6362 
5.3401 0.0601 2.1058 0.1939 0.6871 
5.3301 0.0701 2.1082 0.2307 0.6304 
5.3301 0.0601 2.1101 0.1739 0.6362 
5.3301 0.0601 2.1101 0.1739 0.6362 
5.3401 0.0601 2.1058 0.1939 0.6871 
5.3201 0.0601 2.1093 0.1745 0.5875 
5.3301 0.0701 2.1082 0.2307 0.6304 
5.3101 0.0801 2.1061 0.2828 0.5316 
5.3301 0.0601 2.1101 0.1739 0.6362 
5.3301 0.0701 2.1082 0.2307 0.6304 
5.3201 0.0601 2.1093 0.1745 0.5875 
5.3301 0.0601 2.1101 0.1739 0.6362 
5.3301 0.0601 2.1101 0.1739 0.6362 
5.3301 0.0701 2.1082 0.2307 0.6304 
5.3101 0.0801 2.1061 0.2828 0.5316 
5.2901 0.0601 2.1094 0.1664 0.4396 
5.3201 0.0601 2.1093 0.1745 0.5875 
5.3301 0.0601 2.1101 0.1739 0.6362 
5.3301 0.0501 2.1097 0.1269 0.6432 
5.3401 0.0601 2.1058 0.1939 0.6871 
5.3301 0.0601 2.1101 0.1739 0.6362 
5.3301 0.0601 2.1101 0.1739 0.6362 
5.3301 0.0501 2.1097 0.1269 0.6432 
5.3301 0.0501 2.1097 0.1269 0.6432 
5.3201 0.0601 2.1093 0.1745 0.5875 
5.3101 0.0501 2.1032 0.1461 0.5427 
5.3301 0.0601 2.1101 0.1739 0.6362 
5.3201 0.0601 2.1093 0.1745 0.5875 
5.3301 0.0501 2.1097 0.1269 0.6432 
5.3301 0.0601 2.1101 0.1739 0.6362 
5.3301 0.0601 2.1101 0.1739 0.6362 
5.3201 0.0601 2.1093 0.1745 0.5875 
5.2901 0.0601 2.1094 0.1664 0.4396 
5.3101 0.0501 2.1032 0.1461 0.5427 
5.3201 0.0601 2.1093 0.1745 0.5875 
5.3101 0.0501 2.1032 0.1461 0.5427 
5.2901 0.0601 2.1094 0.1664 0.4396 
5.3001 0.0401 2.1060 0.0889 0.4935 
5.3901 0.0501 2.1037 0.1652 0.9504 
5.3801 0.0401 2.1066 0.1035 0.9123 
5.3901 0.0401 2.0955 0.1467 0.9782 
5.3801 0.0401 2.1066 0.1035 0.9123 
5.3601 0.0601 2.0993 0.2270 0.7902 
5.3601 0.0401 2.1080 0.0951 0.8074 
5.3401 0.0401 2.1068 0.0944 0.7040 
5.3501 0.0501 2.1007 0.1668 0.7496 
5.3401 0.0601 2.1058 0.1939 0.6871 
5.3401 0.0401 2.1068 0.0944 0.7040 
5.3601 0.0401 2.1080 0.0951 0.8074 
5.3501 0.0501 2.1007 0.1668 0.7496 
5.3401 0.0601 2.1058 0.1939 0.6871 
5.3301 0.0501 2.1097 0.1269 0.6432 
5.3401 0.0401 2.1068 0.0944 0.7040 
5.3301 0.0501 2.1097 0.1269 0.6432 
5.3101 0.0501 2.1032 0.1461 0.5427 
5.3401 0.0401 2.1068 0.0944 0.7040 
5.3601 0.0401 2.1080 0.0951 0.8074 
5.3401 0.0401 2.1068 0.0944 0.7040 
5.3401 0.0301 2.1013 0.0763 0.7169 
5.3801 0.0801 2.1039 0.3091 0.8582 
5.3601 0.0801 2.1042 0.3032 0.7654 
5.3701 0.0701 2.1053 0.2531 0.8225 
5.2901 0.1001 2.1033 0.3801 0.4364 
5.2901 0.0901 2.1030 0.3376 0.4369 
5.3101 0.0801 2.1061 0.2828 0.5316 
5.3101 0.1001 2.1004 0.3976 0.5258 
5.2901 0.1001 2.1033 0.3801 0.4364 
5.3101 0.0801 2.1061 0.2828 0.5316 
5.2901 0.1001 2.1033 0.3801 0.4364 
5.2701 0.0901 2.1074 0.3135 0.3465 
5.2901 0.0901 2.1030 0.3376 0.4369 
5.2501 0.0901 2.1105 0.2956 0.2572 
5.2701 0.0901 2.1074 0.3135 0.3465 
5.2501 0.1001 2.1052 0.3630 0.2587 
5.2901 0.0901 2.1030 0.3376 0.4369 
5.2701 0.0901 2.1074 0.3135 0.3465 
5.2501 0.0901 2.1105 0.2956 0.2572 
5.2901 0.0901 2.1030 0.3376 0.4369 
5.2901 0.0601 2.1094 0.1664 0.4396 
5.3101 0.0801 2.1061 0.2828 0.5316 
5.2901 0.0601 2.1094 0.1664 0.4396 
5.2501 0.0901 2.1105 0.2956 0.2572 
5.2601 0.0701 2.1072 0.2173 0.2938 
5.2901 0.0901 2.1030 0.3376 0.4369 
5.2501 0.0901 2.1105 0.2956 0.2572 
5.2901 0.0601 2.1094 0.1664 0.4396 
5.2501 0.0901 2.1105 0.2956 0.2572 
5.2501 0.1001 2.1052 0.3630 0.2587 
5.2401 0.1101 2.1072 0.3943 0.2211 
5.2401 0.1101 2.1072 0.3943 0.2211 
5.2101 0.1001 2.1051 0.3542 0.0883 
5.2501 0.0901 2.1105 0.2956 0.2572 
5.2601 0.0701 2.1072 0.2173 0.2938 
5.2501 0.0901 2.1105 0.2956 0.2572 
5.2201 0.0701 2.1088 0.2004 0.1072 
5.2501 0.0901 2.1105 0.2956 0.2572 
5.2101 0.1001 2.1051 0.3542 0.0883 
5.2201 0.0701 2.1088 0.2004 0.1072 
5.2601 0.0701 2.1072 0.2173 0.2938 
5.2201 0.0701 2.1088 0.2004 0.1072 
5.2501 0.0501 2.1097 0.1080 0.2365 
5.2401 0.0501 2.1060 0.1181 0.1830 
5.2201 0.0701 2.1088 0.2004 0.1072 
5.2301 0.0501 2.1084 0.1074 0.1357 
5.2501 0.0501 2.1097 0.1080 0.2365 
5.2201 0.0701 2.1088 0.2004 0.1072 
5.2401 0.0501 2.1060 0.1181 0.1830 
5.2701 0.0401 2.1117 0.0750 0.3366 
5.3001 0.0401 2.1060 0.0889 0.4935 
5.2901 0.0601 2.1094 0.1664 0.4396 
5.2601 0.0701 2.1072 0.2173 0.2938 
5.2701 0.0401 2.1117 0.0750 0.3366 
5.2901 0.0601 2.1094 0.1664 0.4396 
5.2601 0.0701 2.1072 0.2173 0.2938 
5.2501 0.0501 2.1097 0.1080 0.2365 
5.2701 0.0401 2.1117 0.0750 0.3366 
