NUMPOLLIES 100.000000 

5.4101 0.3301 2.1001 0.5261 0.0966 
5.3901 0.3301 2.1030 0.5353 0.1819 
5.4001 0.3101 2.0975 0.6520 0.1245 
5.3501 0.3701 2.1006 0.3080 0.3672 
5.3401 0.3801 2.1016 0.2562 0.4138 
5.3201 0.3801 2.1021 0.2630 0.5002 
5.3001 0.3801 2.0989 0.2628 0.5876 
5.3101 0.3601 2.1037 0.3826 0.5391 
5.3201 0.3801 2.1021 0.2630 0.5002 
5.2901 0.3801 2.1011 0.2698 0.6304 
5.3101 0.3401 2.1042 0.5011 0.5349 
5.3101 0.3601 2.1037 0.3826 0.5391 
5.3001 0.3801 2.0989 0.2628 0.5876 
5.2901 0.3801 2.1011 0.2698 0.6304 
5.3101 0.3601 2.1037 0.3826 0.5391 
5.3501 0.3701 2.1006 0.3080 0.3672 
5.3201 0.3801 2.1021 0.2630 0.5002 
5.3801 0.3201 2.1035 0.5999 0.2213 
5.3801 0.3401 2.0954 0.4691 0.2213 
5.3701 0.3501 2.0994 0.4170 0.2727 
5.3801 0.3201 2.1035 0.5999 0.2213 
5.3701 0.3501 2.0994 0.4170 0.2727 
5.3501 0.3701 2.1006 0.3080 0.3672 
5.3801 0.3201 2.1035 0.5999 0.2213 
5.3801 0.3001 2.1043 0.7248 0.2141 
5.3801 0.3201 2.1035 0.5999 0.2213 
5.3501 0.3201 2.1040 0.6098 0.3532 
5.3801 0.3201 2.1035 0.5999 0.2213 
5.3501 0.3301 2.1003 0.5453 0.3545 
5.3501 0.3201 2.1040 0.6098 0.3532 
5.3801 0.3201 2.1035 0.5999 0.2213 
5.3801 0.3001 2.1043 0.7248 0.2141 
5.4001 0.3101 2.0975 0.6520 0.1245 
5.4001 0.3101 2.0975 0.6520 0.1245 
5.3801 0.3001 2.1043 0.7248 0.2141 
5.4201 0.3101 2.1036 0.6489 0.0614 
5.3801 0.3001 2.1043 0.7248 0.2141 
5.3501 0.3201 2.1040 0.6098 0.3532 
5.3601 0.2801 2.1042 0.8592 0.2950 
5.3601 0.2801 2.1042 0.8592 0.2950 
5.3501 0.3201 2.1040 0.6098 0.3532 
5.3401 0.3001 2.1044 0.7379 0.3916 
5.3801 0.3201 2.1035 0.5999 0.2213 
5.3201 0.3801 2.1021 0.2630 0.5002 
5.3501 0.3301 2.1003 0.5453 0.3545 
5.3201 0.3801 2.1021 0.2630 0.5002 
5.3101 0.3601 2.1037 0.3826 0.5391 
5.3501 0.3301 2.1003 0.5453 0.3545 
5.3501 0.3301 2.1003 0.5453 0.3545 
5.3101 0.3601 2.1037 0.3826 0.5391 
5.3101 0.3401 2.1042 0.5011 0.5349 
5.3201 0.3101 2.1030 0.6809 0.4837 
5.3101 0.3401 2.1042 0.5011 0.5349 
5.2801 0.3301 2.1041 0.5709 0.6659 
5.3501 0.3301 2.1003 0.5453 0.3545 
5.3101 0.3401 2.1042 0.5011 0.5349 
5.3201 0.3101 2.1030 0.6809 0.4837 
5.3501 0.3201 2.1040 0.6098 0.3532 
5.3501 0.3301 2.1003 0.5453 0.3545 
5.3401 0.3001 2.1044 0.7379 0.3916 
5.3501 0.3301 2.1003 0.5453 0.3545 
5.3201 0.3101 2.1030 0.6809 0.4837 
5.3401 0.3001 2.1044 0.7379 0.3916 
5.3201 0.3101 2.1030 0.6809 0.4837 
5.2801 0.3301 2.1041 0.5709 0.6659 
5.3001 0.3001 2.1048 0.7511 0.5714 
5.3401 0.4101 2.0903 0.0863 0.4188 
5.3201 0.4101 2.0917 0.0918 0.5069 
5.3301 0.3901 2.0931 0.1873 0.4581 
5.3301 0.3901 2.0931 0.1873 0.4581 
5.3201 0.4101 2.0917 0.0918 0.5069 
5.3101 0.4001 2.0947 0.1438 0.5485 
5.3401 0.4101 2.0903 0.0863 0.4188 
5.3401 0.3901 2.0678 0.1299 0.4053 
5.3451 0.4101 2.0801 0.0750 0.3927 
5.3401 0.3901 2.0678 0.1299 0.4053 
5.3401 0.4101 2.0903 0.0863 0.4188 
5.3301 0.3901 2.0931 0.1873 0.4581 
5.3401 0.3901 2.0678 0.1299 0.4053 
5.3501 0.4001 2.0680 0.0839 0.3606 
5.3451 0.4101 2.0801 0.0750 0.3927 
5.4001 0.3801 2.0880 0.2122 0.1432 
5.3901 0.3701 2.0976 0.2909 0.1924 
5.4101 0.3601 2.0938 0.3366 0.1012 
5.4101 0.3601 2.0938 0.3366 0.1012 
5.3901 0.3701 2.0976 0.2909 0.1924 
5.4101 0.3501 2.0984 0.4032 0.1028 
5.4101 0.3501 2.0984 0.4032 0.1028 
5.4101 0.3301 2.1001 0.5261 0.0966 
5.4101 0.3601 2.0938 0.3366 0.1012 
5.4101 0.3301 2.1001 0.5261 0.0966 
5.4001 0.3101 2.0975 0.6520 0.1245 
5.4201 0.3101 2.1036 0.6489 0.0614 
5.3701 0.3901 2.0904 0.1705 0.2802 
5.3601 0.3801 2.0977 0.2432 0.3255 
5.4001 0.3801 2.0880 0.2122 0.1432 
5.4001 0.3801 2.0880 0.2122 0.1432 
5.3601 0.3801 2.0977 0.2432 0.3255 
5.3901 0.3701 2.0976 0.2909 0.1924 
5.3901 0.3701 2.0976 0.2909 0.1924 
5.3601 0.3801 2.0977 0.2432 0.3255 
5.3701 0.3501 2.0994 0.4170 0.2727 
5.3701 0.3501 2.0994 0.4170 0.2727 
5.3601 0.3801 2.0977 0.2432 0.3255 
5.3501 0.3701 2.1006 0.3080 0.3672 
5.3701 0.3501 2.0994 0.4170 0.2727 
5.4101 0.3501 2.0984 0.4032 0.1028 
5.3901 0.3701 2.0976 0.2909 0.1924 
5.4101 0.4001 2.0741 0.0830 0.0931 
5.3701 0.3901 2.0904 0.1705 0.2802 
5.4001 0.3801 2.0880 0.2122 0.1432 
5.3601 0.3801 2.0977 0.2432 0.3255 
5.3701 0.3901 2.0904 0.1705 0.2802 
5.3601 0.3901 2.0613 0.1102 0.3039 
5.4101 0.4001 2.0741 0.0830 0.0931 
5.3901 0.4001 2.0708 0.0816 0.1750 
5.3701 0.3901 2.0904 0.1705 0.2802 
5.3901 0.4001 2.0708 0.0816 0.1750 
5.3701 0.4001 2.0693 0.0826 0.2664 
5.3701 0.3901 2.0904 0.1705 0.2802 
5.3401 0.3901 2.0678 0.1299 0.4053 
5.3601 0.3801 2.0977 0.2432 0.3255 
5.3601 0.3901 2.0613 0.1102 0.3039 
5.3701 0.3901 2.0904 0.1705 0.2802 
5.3701 0.4001 2.0693 0.0826 0.2664 
5.3601 0.3901 2.0613 0.1102 0.3039 
5.3601 0.3901 2.0613 0.1102 0.3039 
5.3501 0.4001 2.0680 0.0839 0.3606 
5.3401 0.3901 2.0678 0.1299 0.4053 
5.3301 0.3901 2.0931 0.1873 0.4581 
5.3101 0.4001 2.0947 0.1438 0.5485 
5.3201 0.3801 2.1021 0.2630 0.5002 
5.3201 0.3801 2.1021 0.2630 0.5002 
5.3101 0.4001 2.0947 0.1438 0.5485 
5.2901 0.3901 2.1001 0.2126 0.6323 
5.3001 0.3801 2.0989 0.2628 0.5876 
5.3201 0.3801 2.1021 0.2630 0.5002 
5.2901 0.3901 2.1001 0.2126 0.6323 
5.3601 0.3801 2.0977 0.2432 0.3255 
5.3401 0.3801 2.1016 0.2562 0.4138 
5.3501 0.3701 2.1006 0.3080 0.3672 
5.3401 0.3801 2.1016 0.2562 0.4138 
5.3301 0.3901 2.0931 0.1873 0.4581 
5.3201 0.3801 2.1021 0.2630 0.5002 
5.3401 0.3901 2.0678 0.1299 0.4053 
5.3401 0.3801 2.1016 0.2562 0.4138 
5.3601 0.3801 2.0977 0.2432 0.3255 
5.3401 0.3901 2.0678 0.1299 0.4053 
5.3301 0.3901 2.0931 0.1873 0.4581 
5.3401 0.3801 2.1016 0.2562 0.4138 
5.4101 0.3501 2.0984 0.4032 0.1028 
5.3801 0.3401 2.0954 0.4691 0.2213 
5.4101 0.3301 2.1001 0.5261 0.0966 
5.3701 0.3501 2.0994 0.4170 0.2727 
5.3801 0.3401 2.0954 0.4691 0.2213 
5.4101 0.3501 2.0984 0.4032 0.1028 
5.4101 0.3301 2.1001 0.5261 0.0966 
5.3801 0.3401 2.0954 0.4691 0.2213 
5.3901 0.3301 2.1030 0.5353 0.1819 
5.3901 0.3301 2.1030 0.5353 0.1819 
5.3801 0.3401 2.0954 0.4691 0.2213 
5.3801 0.3201 2.1035 0.5999 0.2213 
5.4001 0.3101 2.0975 0.6520 0.1245 
5.3901 0.3301 2.1030 0.5353 0.1819 
5.3801 0.3201 2.1035 0.5999 0.2213 
5.2901 0.3901 2.1001 0.2126 0.6323 
5.2501 0.4001 2.1024 0.1752 0.8043 
5.2801 0.3920 2.1001 0.2053 0.6760 
5.2901 0.3901 2.1001 0.2126 0.6323 
5.2801 0.3920 2.1001 0.2053 0.6760 
5.2901 0.3801 2.1011 0.2698 0.6304 
5.2901 0.3901 2.1001 0.2126 0.6323 
5.2901 0.3801 2.1011 0.2698 0.6304 
5.2901 0.3901 2.1001 0.2126 0.6323 
5.2901 0.3801 2.1011 0.2698 0.6304 
5.2501 0.4001 2.1024 0.1752 0.8043 
5.2701 0.3701 2.1035 0.3365 0.7148 
5.2801 0.3920 2.1001 0.2053 0.6760 
5.2501 0.4001 2.1024 0.1752 0.8043 
5.2901 0.3801 2.1011 0.2698 0.6304 
5.2901 0.3801 2.1011 0.2698 0.6304 
5.2701 0.3701 2.1035 0.3365 0.7148 
5.3101 0.3401 2.1042 0.5011 0.5349 
5.3101 0.3401 2.1042 0.5011 0.5349 
5.2701 0.3701 2.1035 0.3365 0.7148 
5.2601 0.3601 2.1034 0.3972 0.7576 
5.2701 0.3701 2.1035 0.3365 0.7148 
5.2501 0.4001 2.1024 0.1752 0.8043 
5.2301 0.3601 2.1028 0.4055 0.8901 
5.2701 0.3701 2.1035 0.3365 0.7148 
5.2301 0.3601 2.1028 0.4055 0.8901 
5.2601 0.3601 2.1034 0.3972 0.7576 
5.2601 0.3601 2.1034 0.3972 0.7576 
5.2301 0.3601 2.1028 0.4055 0.8901 
5.2201 0.3501 2.1051 0.4704 0.9310 
5.2601 0.3601 2.1034 0.3972 0.7576 
5.2201 0.3501 2.1051 0.4704 0.9310 
5.2801 0.3301 2.1041 0.5709 0.6659 
5.3101 0.3401 2.1042 0.5011 0.5349 
5.2601 0.3601 2.1034 0.3972 0.7576 
5.2801 0.3301 2.1041 0.5709 0.6659 
5.2801 0.3301 2.1041 0.5709 0.6659 
5.2401 0.3201 2.1057 0.6460 0.8419 
5.2801 0.2901 2.1058 0.8213 0.6597 
5.3001 0.2801 2.1063 0.8789 0.5672 
5.2801 0.3301 2.1041 0.5709 0.6659 
5.2801 0.2901 2.1058 0.8213 0.6597 
5.3001 0.3001 2.1048 0.7511 0.5714 
5.2801 0.3301 2.1041 0.5709 0.6659 
5.3001 0.2801 2.1063 0.8789 0.5672 
5.2801 0.3301 2.1041 0.5709 0.6659 
5.2201 0.3501 2.1051 0.4704 0.9310 
5.2401 0.3201 2.1057 0.6460 0.8419 
5.2401 0.3201 2.1057 0.6460 0.8419 
5.2201 0.3501 2.1051 0.4704 0.9310 
5.2201 0.3301 2.1033 0.5893 0.9345 
5.2401 0.3201 2.1057 0.6460 0.8419 
5.2201 0.3301 2.1033 0.5893 0.9345 
5.2201 0.3101 2.1072 0.7150 0.9293 
5.2401 0.3201 2.1057 0.6460 0.8419 
5.2201 0.3101 2.1072 0.7150 0.9293 
5.2301 0.3001 2.1035 0.7739 0.8897 
5.2201 0.3101 2.1072 0.7150 0.9293 
5.2201 0.3301 2.1033 0.5893 0.9345 
5.2201 0.2801 2.1068 0.9056 0.9310 
5.3101 0.4001 2.0947 0.1438 0.5485 
5.3001 0.4201 2.0935 0.0739 0.5961 
5.2801 0.4201 2.0912 0.0738 0.6848 
5.2801 0.4201 2.0912 0.0738 0.6848 
5.2401 0.4201 2.0957 0.0801 0.8555 
5.2701 0.4101 2.0953 0.1082 0.7246 
5.2701 0.4101 2.0953 0.1082 0.7246 
5.2401 0.4201 2.0957 0.0801 0.8555 
5.2201 0.4201 2.0949 0.0817 0.9437 
5.3101 0.4001 2.0947 0.1438 0.5485 
5.2801 0.4201 2.0912 0.0738 0.6848 
5.2901 0.3901 2.1001 0.2126 0.6323 
5.2801 0.4201 2.0912 0.0738 0.6848 
5.2701 0.4101 2.0953 0.1082 0.7246 
5.2901 0.3901 2.1001 0.2126 0.6323 
5.2901 0.3901 2.1001 0.2126 0.6323 
5.2701 0.4101 2.0953 0.1082 0.7246 
5.2501 0.4001 2.1024 0.1752 0.8043 
5.2701 0.4101 2.0953 0.1082 0.7246 
5.2201 0.4201 2.0949 0.0817 0.9437 
5.2501 0.4001 2.1024 0.1752 0.8043 
5.2801 0.3920 2.1001 0.2053 0.6760 
5.2901 0.3901 2.1001 0.2126 0.6323 
5.2901 0.3901 2.1001 0.2126 0.6323 
5.2901 0.3901 2.1001 0.2126 0.6323 
5.3001 0.3801 2.0989 0.2628 0.5876 
5.2901 0.3901 2.1001 0.2126 0.6323 
5.2901 0.3901 2.1001 0.2126 0.6323 
5.2901 0.3801 2.1011 0.2698 0.6304 
5.3001 0.3801 2.0989 0.2628 0.5876 
5.2901 0.3901 2.1001 0.2126 0.6323 
5.2901 0.3901 2.1001 0.2126 0.6323 
5.2901 0.3901 2.1001 0.2126 0.6323 
5.4201 0.3101 2.1036 0.6489 0.0614 
5.3801 0.3001 2.1043 0.7248 0.2141 
5.4101 0.2901 2.1012 0.7779 0.0817 
5.3901 0.2801 2.1016 0.8495 0.1589 
5.3801 0.3001 2.1043 0.7248 0.2141 
5.3601 0.2801 2.1042 0.8592 0.2950 
5.4101 0.2901 2.1012 0.7779 0.0817 
5.3901 0.2801 2.1016 0.8495 0.1589 
5.4001 0.2601 2.1053 0.9761 0.1125 
5.3901 0.2801 2.1016 0.8495 0.1589 
5.3601 0.2801 2.1042 0.8592 0.2950 
5.3801 0.2701 2.1032 0.9180 0.2004 
5.3601 0.2801 2.1042 0.8592 0.2950 
5.3401 0.3001 2.1044 0.7379 0.3916 
5.3501 0.2601 2.1027 0.9950 0.3323 
5.4001 0.2601 2.1053 0.9761 0.1125 
5.3901 0.2801 2.1016 0.8495 0.1589 
5.3801 0.2701 2.1032 0.9180 0.2004 
5.3401 0.3001 2.1044 0.7379 0.3916 
5.3201 0.3101 2.1030 0.6809 0.4837 
5.3001 0.3001 2.1048 0.7511 0.5714 
5.3501 0.2601 2.1027 0.9950 0.3323 
5.3401 0.3001 2.1044 0.7379 0.3916 
5.3301 0.2701 2.1065 0.9336 0.4286 
5.3401 0.3001 2.1044 0.7379 0.3916 
5.3001 0.3001 2.1048 0.7511 0.5714 
5.3301 0.2701 2.1065 0.9336 0.4286 
5.4101 0.2901 2.1012 0.7779 0.0817 
5.3801 0.3001 2.1043 0.7248 0.2141 
5.3901 0.2801 2.1016 0.8495 0.1589 
5.2801 0.2901 2.1058 0.8213 0.6597 
5.2401 0.3201 2.1057 0.6460 0.8419 
5.2201 0.2801 2.1068 0.9056 0.9310 
5.2801 0.2901 2.1058 0.8213 0.6597 
5.2201 0.2801 2.1068 0.9056 0.9310 
5.2501 0.2701 2.1028 0.9628 0.7979 
5.2201 0.2801 2.1068 0.9056 0.9310 
5.2401 0.3201 2.1057 0.6460 0.8419 
5.2301 0.3001 2.1035 0.7739 0.8897 
5.2301 0.3001 2.1035 0.7739 0.8897 
5.2201 0.3101 2.1072 0.7150 0.9293 
5.2201 0.2801 2.1068 0.9056 0.9310 
