NUMPOLLIES 143.000000 

5.4001 0.0201 2.1023 0.9685 0.9605 
5.3801 0.0201 2.1101 0.9276 0.8599 
5.3901 0.0101 2.0960 0.9475 0.9337 
5.3801 0.0201 2.1101 0.9276 0.8599 
5.3601 0.0201 2.1072 0.9359 0.7727 
5.3901 0.0101 2.0960 0.9475 0.9337 
5.3601 0.0201 2.1072 0.9359 0.7727 
5.3401 0.0101 2.1067 0.8851 0.6879 
5.3901 0.0101 2.0960 0.9475 0.9337 
5.3401 0.0101 2.1067 0.8851 0.6879 
5.3601 0.0001 2.1010 0.8661 0.7937 
5.3901 0.0101 2.0960 0.9475 0.9337 
5.3101 0.0301 2.1127 0.9453 0.5414 
5.3101 0.0101 2.1082 0.8710 0.5482 
5.3301 0.0201 2.1018 0.9536 0.6387 
5.3201 0.0201 2.1105 0.9113 0.5899 
5.3301 0.0201 2.1018 0.9536 0.6387 
5.3101 0.0101 2.1082 0.8710 0.5482 
5.3101 0.0101 2.1082 0.8710 0.5482 
5.3101 0.0301 2.1127 0.9453 0.5414 
5.3001 0.0101 2.1018 0.8974 0.5018 
5.3301 0.0201 2.1018 0.9536 0.6387 
5.3201 0.0201 2.1105 0.9113 0.5899 
5.3401 0.0101 2.1067 0.8851 0.6879 
5.3601 0.0001 2.1010 0.8661 0.7937 
5.3401 0.0101 2.1067 0.8851 0.6879 
5.3501 -0.0099 2.1074 0.7833 0.7477 
5.3501 -0.0099 2.1074 0.7833 0.7477 
5.3201 0.0201 2.1105 0.9113 0.5899 
5.3101 0.0101 2.1082 0.8710 0.5482 
5.3401 0.0101 2.1067 0.8851 0.6879 
5.3201 0.0201 2.1105 0.9113 0.5899 
5.3501 -0.0099 2.1074 0.7833 0.7477 
5.3101 -0.0099 2.1133 0.7473 0.5541 
5.3001 0.0101 2.1018 0.8974 0.5018 
5.3001 0.0001 2.1077 0.8202 0.5043 
5.3101 0.0101 2.1082 0.8710 0.5482 
5.3001 0.0101 2.1018 0.8974 0.5018 
5.3101 -0.0099 2.1133 0.7473 0.5541 
5.3901 0.0101 2.0960 0.9475 0.9337 
5.3901 -0.0099 2.1035 0.8111 0.9448 
5.3901 0.0001 2.1081 0.8422 0.9273 
5.3601 -0.0099 2.1130 0.7621 0.7902 
5.3901 -0.0099 2.1035 0.8111 0.9448 
5.3601 0.0001 2.1010 0.8661 0.7937 
5.3601 0.0001 2.1010 0.8661 0.7937 
5.3901 -0.0099 2.1035 0.8111 0.9448 
5.3901 0.0101 2.0960 0.9475 0.9337 
5.3501 -0.0099 2.1074 0.7833 0.7477 
5.3601 -0.0099 2.1130 0.7621 0.7902 
5.3601 0.0001 2.1010 0.8661 0.7937 
5.3901 -0.0099 2.1035 0.8111 0.9448 
5.3601 -0.0099 2.1130 0.7621 0.7902 
5.3601 -0.0199 2.1016 0.7569 0.8100 
5.3501 -0.0199 2.0975 0.7725 0.7639 
5.3601 -0.0099 2.1130 0.7621 0.7902 
5.3501 -0.0099 2.1074 0.7833 0.7477 
5.3501 -0.0199 2.0975 0.7725 0.7639 
5.3601 -0.0199 2.1016 0.7569 0.8100 
5.3601 -0.0099 2.1130 0.7621 0.7902 
5.3601 -0.0199 2.1016 0.7569 0.8100 
5.3501 -0.0299 2.1021 0.6958 0.7677 
5.3801 -0.0299 2.1009 0.7099 0.9216 
5.3501 -0.0099 2.1074 0.7833 0.7477 
5.3101 0.0101 2.1082 0.8710 0.5482 
5.3101 -0.0099 2.1133 0.7473 0.5541 
5.2901 -0.0099 2.1075 0.7664 0.4585 
5.3101 -0.0099 2.1133 0.7473 0.5541 
5.3001 0.0001 2.1077 0.8202 0.5043 
5.3501 -0.0199 2.0975 0.7725 0.7639 
5.3101 -0.0099 2.1133 0.7473 0.5541 
5.3101 -0.0199 2.1033 0.7352 0.5595 
5.3501 -0.0099 2.1074 0.7833 0.7477 
5.3101 -0.0099 2.1133 0.7473 0.5541 
5.3501 -0.0199 2.0975 0.7725 0.7639 
5.3101 -0.0099 2.1133 0.7473 0.5541 
5.2901 -0.0099 2.1075 0.7664 0.4585 
5.3101 -0.0199 2.1033 0.7352 0.5595 
5.3501 -0.0199 2.0975 0.7725 0.7639 
5.3301 -0.0299 2.1084 0.6639 0.6622 
5.3501 -0.0299 2.1021 0.6958 0.7677 
5.3101 -0.0199 2.1033 0.7352 0.5595 
5.3301 -0.0299 2.1084 0.6639 0.6622 
5.3501 -0.0199 2.0975 0.7725 0.7639 
5.3101 -0.0299 2.1158 0.6289 0.5607 
5.3301 -0.0299 2.1084 0.6639 0.6622 
5.3101 -0.0199 2.1033 0.7352 0.5595 
5.3101 -0.0299 2.1158 0.6289 0.5607 
5.3101 -0.0199 2.1033 0.7352 0.5595 
5.2801 -0.0299 2.1091 0.6462 0.4121 
5.3701 -0.0499 2.1030 0.5786 0.8890 
5.3501 -0.0299 2.1021 0.6958 0.7677 
5.3301 -0.0599 2.1055 0.4926 0.6826 
5.3501 -0.0299 2.1021 0.6958 0.7677 
5.3301 -0.0299 2.1084 0.6639 0.6622 
5.3301 -0.0599 2.1055 0.4926 0.6826 
5.3101 -0.0299 2.1158 0.6289 0.5607 
5.3201 -0.0399 2.1044 0.6184 0.6188 
5.3301 -0.0299 2.1084 0.6639 0.6622 
5.2801 -0.0299 2.1091 0.6462 0.4121 
5.3201 -0.0399 2.1044 0.6184 0.6188 
5.3101 -0.0299 2.1158 0.6289 0.5607 
5.3301 -0.0599 2.1055 0.4926 0.6826 
5.3301 -0.0299 2.1084 0.6639 0.6622 
5.3201 -0.0399 2.1044 0.6184 0.6188 
5.3701 -0.0599 2.1001 0.5266 0.9046 
5.3801 -0.0624 2.1001 0.5136 0.9622 
5.3701 -0.0499 2.1030 0.5786 0.8890 
5.3701 -0.0599 2.1001 0.5266 0.9046 
5.3701 -0.0499 2.1030 0.5786 0.8890 
5.3701 -0.0599 2.1001 0.5266 0.9046 
5.3701 -0.0599 2.1001 0.5266 0.9046 
5.3701 -0.0499 2.1030 0.5786 0.8890 
5.3601 -0.0599 2.1009 0.5200 0.8491 
5.3701 -0.0599 2.1001 0.5266 0.9046 
5.3601 -0.0599 2.1009 0.5200 0.8491 
5.3701 -0.0599 2.1001 0.5266 0.9046 
5.3701 -0.0599 2.1001 0.5266 0.9046 
5.3601 -0.0599 2.1009 0.5200 0.8491 
5.3501 -0.0699 2.1055 0.4338 0.7990 
5.3701 -0.0699 2.0969 0.4722 0.9218 
5.3701 -0.0599 2.1001 0.5266 0.9046 
5.3501 -0.0699 2.1055 0.4338 0.7990 
5.3701 -0.0699 2.0969 0.4722 0.9218 
5.3501 -0.0699 2.1055 0.4338 0.7990 
5.3501 -0.0999 2.0959 0.2493 0.8426 
5.3701 -0.0499 2.1030 0.5786 0.8890 
5.3301 -0.0599 2.1055 0.4926 0.6826 
5.3601 -0.0599 2.1009 0.5200 0.8491 
5.3301 -0.0599 2.1055 0.4926 0.6826 
5.3101 -0.0499 2.1144 0.5167 0.5687 
5.3201 -0.0699 2.0992 0.4458 0.6379 
5.3201 -0.0399 2.1044 0.6184 0.6188 
5.3101 -0.0499 2.1144 0.5167 0.5687 
5.3301 -0.0599 2.1055 0.4926 0.6826 
5.3101 -0.0499 2.1144 0.5167 0.5687 
5.3001 -0.0699 2.0948 0.4549 0.5255 
5.3201 -0.0699 2.0992 0.4458 0.6379 
5.2901 -0.0499 2.1054 0.5437 0.4653 
5.3001 -0.0699 2.0948 0.4549 0.5255 
5.3101 -0.0499 2.1144 0.5167 0.5687 
5.3601 -0.0599 2.1009 0.5200 0.8491 
5.3301 -0.0599 2.1055 0.4926 0.6826 
5.3501 -0.0699 2.1055 0.4338 0.7990 
5.3501 -0.0699 2.1055 0.4338 0.7990 
5.3301 -0.0599 2.1055 0.4926 0.6826 
5.3201 -0.0699 2.0992 0.4458 0.6379 
5.3001 -0.0899 2.1067 0.2723 0.5314 
5.3301 -0.0799 2.0995 0.3784 0.7013 
5.3201 -0.0699 2.0992 0.4458 0.6379 
5.3001 -0.0899 2.1067 0.2723 0.5314 
5.3001 -0.1099 2.0982 0.1469 0.5404 
5.3101 -0.0999 2.0963 0.2321 0.5979 
5.3601 -0.0199 2.1016 0.7569 0.8100 
5.3901 -0.0199 2.0904 0.8167 0.9776 
5.3901 -0.0099 2.1035 0.8111 0.9448 
5.3901 -0.0199 2.0904 0.8167 0.9776 
5.3601 -0.0199 2.1016 0.7569 0.8100 
5.3801 -0.0299 2.1009 0.7099 0.9216 
5.3601 -0.0199 2.1016 0.7569 0.8100 
5.3501 -0.0199 2.0975 0.7725 0.7639 
5.3501 -0.0299 2.1021 0.6958 0.7677 
5.3701 -0.0599 2.1001 0.5266 0.9046 
5.3701 -0.0599 2.1001 0.5266 0.9046 
5.3701 -0.0599 2.1001 0.5266 0.9046 
5.3701 -0.0599 2.1001 0.5266 0.9046 
5.3701 -0.0599 2.1001 0.5266 0.9046 
5.3701 -0.0599 2.1001 0.5266 0.9046 
5.3801 -0.0624 2.1001 0.5136 0.9622 
5.3701 -0.0599 2.1001 0.5266 0.9046 
5.3701 -0.0699 2.0969 0.4722 0.9218 
5.3801 -0.0624 2.1001 0.5136 0.9622 
5.3701 -0.0599 2.1001 0.5266 0.9046 
5.3701 -0.0599 2.1001 0.5266 0.9046 
5.3701 -0.0699 2.0969 0.4722 0.9218 
5.3701 -0.0599 2.1001 0.5266 0.9046 
5.3701 -0.0599 2.1001 0.5266 0.9046 
5.3701 -0.0899 2.0963 0.3315 0.9491 
5.3701 -0.0699 2.0969 0.4722 0.9218 
5.3501 -0.0999 2.0959 0.2493 0.8426 
5.3301 -0.0799 2.0995 0.3784 0.7013 
5.3501 -0.0699 2.1055 0.4338 0.7990 
5.3201 -0.0699 2.0992 0.4458 0.6379 
5.3201 -0.0699 2.0992 0.4458 0.6379 
5.3001 -0.0699 2.0948 0.4549 0.5255 
5.3001 -0.0899 2.1067 0.2723 0.5314 
5.3501 -0.0699 2.1055 0.4338 0.7990 
5.3301 -0.0799 2.0995 0.3784 0.7013 
5.3501 -0.0999 2.0959 0.2493 0.8426 
5.3001 -0.0899 2.1067 0.2723 0.5314 
5.3101 -0.0999 2.0963 0.2321 0.5979 
5.3301 -0.0799 2.0995 0.3784 0.7013 
5.3501 -0.0999 2.0959 0.2493 0.8426 
5.3101 -0.0999 2.0963 0.2321 0.5979 
5.3301 -0.1099 2.1029 0.1471 0.7226 
5.3301 -0.0799 2.0995 0.3784 0.7013 
5.3101 -0.0999 2.0963 0.2321 0.5979 
5.3501 -0.0999 2.0959 0.2493 0.8426 
5.2801 0.0201 2.1073 0.9157 0.4081 
5.2901 0.0101 2.1091 0.8618 0.4555 
5.3001 0.0101 2.1018 0.8974 0.5018 
5.2401 0.0101 2.1066 0.8599 0.2223 
5.2701 0.0101 2.1114 0.8467 0.3639 
5.2601 0.0201 2.1127 0.8869 0.3198 
5.2801 0.0201 2.1073 0.9157 0.4081 
5.3001 0.0101 2.1018 0.8974 0.5018 
5.3101 0.0301 2.1127 0.9453 0.5414 
5.2701 0.0401 2.1117 0.9855 0.3646 
5.2601 0.0201 2.1127 0.8869 0.3198 
5.2801 0.0201 2.1073 0.9157 0.4081 
5.2601 0.0201 2.1127 0.8869 0.3198 
5.2701 0.0101 2.1114 0.8467 0.3639 
5.2801 0.0201 2.1073 0.9157 0.4081 
5.3001 0.0101 2.1018 0.8974 0.5018 
5.2901 0.0101 2.1091 0.8618 0.4555 
5.3001 0.0001 2.1077 0.8202 0.5043 
5.3001 0.0001 2.1077 0.8202 0.5043 
5.2801 0.0201 2.1073 0.9157 0.4081 
5.2801 0.0001 2.1035 0.8334 0.4082 
5.2901 0.0101 2.1091 0.8618 0.4555 
5.2801 0.0201 2.1073 0.9157 0.4081 
5.3001 0.0001 2.1077 0.8202 0.5043 
5.2701 0.0101 2.1114 0.8467 0.3639 
5.2801 0.0001 2.1035 0.8334 0.4082 
5.2801 0.0201 2.1073 0.9157 0.4081 
5.2801 0.0001 2.1035 0.8334 0.4082 
5.2701 0.0101 2.1114 0.8467 0.3639 
5.2501 -0.0099 2.1043 0.7690 0.2626 
5.2701 0.0101 2.1114 0.8467 0.3639 
5.2401 0.0101 2.1066 0.8599 0.2223 
5.2501 -0.0099 2.1043 0.7690 0.2626 
5.2201 0.0101 2.1117 0.8324 0.1376 
5.2101 0.0301 2.1084 0.9409 0.1012 
5.2101 0.0201 2.1029 0.9182 0.0906 
5.2401 0.0101 2.1066 0.8599 0.2223 
5.2401 0.0301 2.1146 0.9203 0.2345 
5.2301 0.0301 2.1084 0.9458 0.1853 
5.2201 0.0101 2.1117 0.8324 0.1376 
5.2401 0.0101 2.1066 0.8599 0.2223 
5.2301 0.0301 2.1084 0.9458 0.1853 
5.2201 0.0101 2.1117 0.8324 0.1376 
5.2101 0.0201 2.1029 0.9182 0.0906 
5.2001 0.0101 2.1081 0.8429 0.0596 
5.2501 -0.0099 2.1043 0.7690 0.2626 
5.2401 0.0101 2.1066 0.8599 0.2223 
5.2201 0.0101 2.1117 0.8324 0.1376 
5.2801 0.0001 2.1035 0.8334 0.4082 
5.2701 -0.0099 2.1082 0.7577 0.3621 
5.2901 -0.0099 2.1075 0.7664 0.4585 
5.2801 0.0001 2.1035 0.8334 0.4082 
5.2901 -0.0099 2.1075 0.7664 0.4585 
5.3001 0.0001 2.1077 0.8202 0.5043 
5.2501 -0.0099 2.1043 0.7690 0.2626 
5.2701 -0.0099 2.1082 0.7577 0.3621 
5.2801 0.0001 2.1035 0.8334 0.4082 
5.2601 -0.0099 2.1132 0.7340 0.3170 
5.2701 -0.0099 2.1082 0.7577 0.3621 
5.2501 -0.0099 2.1043 0.7690 0.2626 
5.3101 -0.0199 2.1033 0.7352 0.5595 
5.2901 -0.0099 2.1075 0.7664 0.4585 
5.2701 -0.0199 2.1068 0.7090 0.3612 
5.2901 -0.0099 2.1075 0.7664 0.4585 
5.2701 -0.0099 2.1082 0.7577 0.3621 
5.2701 -0.0199 2.1068 0.7090 0.3612 
5.2598 -0.0199 2.1001 0.7346 0.3057 
5.2701 -0.0099 2.1082 0.7577 0.3621 
5.2601 -0.0099 2.1132 0.7340 0.3170 
5.2598 -0.0199 2.1001 0.7346 0.3057 
5.2701 -0.0199 2.1068 0.7090 0.3612 
5.2701 -0.0099 2.1082 0.7577 0.3621 
5.2598 -0.0199 2.1001 0.7346 0.3057 
5.2601 -0.0099 2.1132 0.7340 0.3170 
5.2501 -0.0099 2.1043 0.7690 0.2626 
5.3101 -0.0199 2.1033 0.7352 0.5595 
5.2701 -0.0199 2.1068 0.7090 0.3612 
5.2801 -0.0299 2.1091 0.6462 0.4121 
5.2601 -0.0299 2.1050 0.6566 0.3093 
5.2701 -0.0199 2.1068 0.7090 0.3612 
5.2598 -0.0199 2.1001 0.7346 0.3057 
5.2701 -0.0399 2.1049 0.6008 0.3596 
5.3201 -0.0399 2.1044 0.6184 0.6188 
5.2801 -0.0299 2.1091 0.6462 0.4121 
5.2801 -0.0299 2.1091 0.6462 0.4121 
5.2701 -0.0199 2.1068 0.7090 0.3612 
5.2701 -0.0399 2.1049 0.6008 0.3596 
5.2701 -0.0399 2.1049 0.6008 0.3596 
5.2701 -0.0199 2.1068 0.7090 0.3612 
5.2601 -0.0299 2.1050 0.6566 0.3093 
5.2501 -0.0399 2.1030 0.6022 0.2545 
5.2701 -0.0399 2.1049 0.6008 0.3596 
5.2601 -0.0299 2.1050 0.6566 0.3093 
5.2901 -0.0499 2.1054 0.5437 0.4653 
5.3201 -0.0399 2.1044 0.6184 0.6188 
5.2701 -0.0399 2.1049 0.6008 0.3596 
5.3101 -0.0499 2.1144 0.5167 0.5687 
5.3201 -0.0399 2.1044 0.6184 0.6188 
5.2901 -0.0499 2.1054 0.5437 0.4653 
5.2501 -0.0399 2.1030 0.6022 0.2545 
5.2501 -0.0499 2.1065 0.5263 0.2552 
5.2701 -0.0399 2.1049 0.6008 0.3596 
5.2201 -0.0199 2.1087 0.6869 0.1208 
5.2101 -0.0299 2.1103 0.6205 0.0759 
5.2301 -0.0299 2.1041 0.6512 0.1579 
5.2501 -0.0099 2.1043 0.7690 0.2626 
5.2201 0.0101 2.1117 0.8324 0.1376 
5.2201 -0.0199 2.1087 0.6869 0.1208 
5.2201 0.0101 2.1117 0.8324 0.1376 
5.2001 0.0101 2.1081 0.8429 0.0596 
5.2201 -0.0199 2.1087 0.6869 0.1208 
5.2401 -0.0199 2.1124 0.6777 0.2189 
5.2598 -0.0199 2.1001 0.7346 0.3057 
5.2501 -0.0099 2.1043 0.7690 0.2626 
5.2401 -0.0199 2.1124 0.6777 0.2189 
5.2501 -0.0099 2.1043 0.7690 0.2626 
5.2201 -0.0199 2.1087 0.6869 0.1208 
5.2598 -0.0199 2.1001 0.7346 0.3057 
5.2301 -0.0299 2.1041 0.6512 0.1579 
5.2601 -0.0299 2.1050 0.6566 0.3093 
5.2598 -0.0199 2.1001 0.7346 0.3057 
5.2401 -0.0199 2.1124 0.6777 0.2189 
5.2301 -0.0299 2.1041 0.6512 0.1579 
5.2401 -0.0199 2.1124 0.6777 0.2189 
5.2201 -0.0199 2.1087 0.6869 0.1208 
5.2301 -0.0299 2.1041 0.6512 0.1579 
5.2601 -0.0299 2.1050 0.6566 0.3093 
5.2301 -0.0299 2.1041 0.6512 0.1579 
5.2501 -0.0399 2.1030 0.6022 0.2545 
5.2301 -0.0299 2.1041 0.6512 0.1579 
5.2101 -0.0299 2.1103 0.6205 0.0759 
5.2201 -0.0399 2.1059 0.5812 0.1076 
5.2401 -0.0499 2.1133 0.4984 0.2103 
5.2501 -0.0499 2.1065 0.5263 0.2552 
5.2501 -0.0399 2.1030 0.6022 0.2545 
5.2501 -0.0399 2.1030 0.6022 0.2545 
5.2301 -0.0299 2.1041 0.6512 0.1579 
5.2401 -0.0499 2.1133 0.4984 0.2103 
5.2201 -0.0399 2.1059 0.5812 0.1076 
5.2401 -0.0499 2.1133 0.4984 0.2103 
5.2301 -0.0299 2.1041 0.6512 0.1579 
5.2901 -0.0499 2.1054 0.5437 0.4653 
5.2701 -0.0399 2.1049 0.6008 0.3596 
5.2801 -0.0699 2.1063 0.4065 0.4145 
5.2701 -0.0399 2.1049 0.6008 0.3596 
5.2501 -0.0499 2.1065 0.5263 0.2552 
5.2801 -0.0699 2.1063 0.4065 0.4145 
5.2901 -0.0499 2.1054 0.5437 0.4653 
5.2801 -0.0699 2.1063 0.4065 0.4145 
5.3001 -0.0699 2.0948 0.4549 0.5255 
5.3001 -0.0699 2.0948 0.4549 0.5255 
5.2801 -0.0699 2.1063 0.4065 0.4145 
5.2901 -0.0799 2.1012 0.3576 0.4710 
5.2901 -0.0799 2.1012 0.3576 0.4710 
5.2401 -0.0599 2.1046 0.4656 0.1973 
5.2501 -0.0799 2.1012 0.3428 0.2417 
5.2801 -0.0699 2.1063 0.4065 0.4145 
5.2401 -0.0599 2.1046 0.4656 0.1973 
5.2901 -0.0799 2.1012 0.3576 0.4710 
5.2901 -0.0799 2.1012 0.3576 0.4710 
5.2501 -0.0799 2.1012 0.3428 0.2417 
5.2601 -0.0899 2.1063 0.2583 0.3013 
5.2901 -0.0799 2.1012 0.3576 0.4710 
5.3001 -0.1099 2.0982 0.1469 0.5404 
5.3001 -0.0899 2.1067 0.2723 0.5314 
5.2901 -0.0799 2.1012 0.3576 0.4710 
5.2601 -0.0899 2.1063 0.2583 0.3013 
5.2696 -0.1099 2.1001 0.1311 0.3508 
5.2601 -0.0899 2.1063 0.2583 0.3013 
5.2501 -0.0799 2.1012 0.3428 0.2417 
5.2401 -0.0899 2.1003 0.2684 0.1797 
5.2501 -0.0499 2.1065 0.5263 0.2552 
5.2401 -0.0599 2.1046 0.4656 0.1973 
5.2801 -0.0699 2.1063 0.4065 0.4145 
5.2501 -0.0499 2.1065 0.5263 0.2552 
5.2401 -0.0499 2.1133 0.4984 0.2103 
5.2401 -0.0599 2.1046 0.4656 0.1973 
5.2401 -0.0499 2.1133 0.4984 0.2103 
5.2201 -0.0399 2.1059 0.5812 0.1076 
5.2401 -0.0599 2.1046 0.4656 0.1973 
5.2501 -0.0799 2.1012 0.3428 0.2417 
5.2401 -0.0599 2.1046 0.4656 0.1973 
5.2401 -0.0899 2.1003 0.2684 0.1797 
5.2401 -0.0599 2.1046 0.4656 0.1973 
5.2201 -0.0399 2.1059 0.5812 0.1076 
5.2401 -0.0899 2.1003 0.2684 0.1797 
5.2301 -0.0999 2.1086 0.1680 0.1299 
5.2201 -0.0899 2.1006 0.2598 0.0739 
5.2301 -0.1099 2.1020 0.1133 0.1143 
5.2401 -0.0899 2.1003 0.2684 0.1797 
5.2201 -0.0899 2.1006 0.2598 0.0739 
5.2301 -0.0999 2.1086 0.1680 0.1299 
5.3001 -0.0899 2.1067 0.2723 0.5314 
5.3001 -0.0699 2.0948 0.4549 0.5255 
5.2901 -0.0799 2.1012 0.3576 0.4710 
5.2901 -0.0799 2.1012 0.3576 0.4710 
5.2696 -0.1099 2.1001 0.1311 0.3508 
5.3001 -0.1099 2.0982 0.1469 0.5404 
5.3301 -0.1099 2.1029 0.1471 0.7226 
5.3101 -0.0999 2.0963 0.2321 0.5979 
5.3301 -0.1199 2.0975 0.0922 0.7369 
5.3301 -0.1199 2.0975 0.0922 0.7369 
5.3101 -0.0999 2.0963 0.2321 0.5979 
5.3001 -0.1099 2.0982 0.1469 0.5404 
5.3501 -0.0999 2.0959 0.2493 0.8426 
5.3601 -0.1099 2.0997 0.1663 0.9099 
5.3701 -0.0899 2.0963 0.3315 0.9491 
5.3601 -0.1099 2.0997 0.1663 0.9099 
5.3501 -0.0999 2.0959 0.2493 0.8426 
5.3301 -0.1099 2.1029 0.1471 0.7226 
5.3301 -0.1099 2.1029 0.1471 0.7226 
5.3301 -0.1199 2.0975 0.0922 0.7369 
5.3601 -0.1099 2.0997 0.1663 0.9099 
5.2601 -0.0899 2.1063 0.2583 0.3013 
5.2401 -0.0899 2.1003 0.2684 0.1797 
5.2696 -0.1099 2.1001 0.1311 0.3508 
5.2401 -0.0899 2.1003 0.2684 0.1797 
5.2301 -0.0999 2.1086 0.1680 0.1299 
5.2696 -0.1099 2.1001 0.1311 0.3508 
5.2696 -0.1099 2.1001 0.1311 0.3508 
5.2301 -0.0999 2.1086 0.1680 0.1299 
5.2301 -0.1099 2.1020 0.1133 0.1143 
5.2701 -0.1199 2.1001 0.0765 0.3536 
5.3001 -0.1099 2.0982 0.1469 0.5404 
5.2696 -0.1099 2.1001 0.1311 0.3508 
5.2701 -0.1199 2.1001 0.0765 0.3536 
5.2701 -0.1199 2.1001 0.0765 0.3536 
5.2696 -0.1099 2.1001 0.1311 0.3508 
5.2701 -0.1199 2.1001 0.0765 0.3536 
5.2701 -0.1199 2.1001 0.0765 0.3536 
5.2701 -0.1199 2.1001 0.0765 0.3536 
