NUMPOLLIES 852.000000 

3.4401 -1.4651 1.3001 0.4680 0.9869 
3.4601 -1.4587 1.3101 0.4599 0.9739 
3.4501 -1.4688 1.3201 0.4453 0.9797 
3.4601 -1.4587 1.3101 0.4599 0.9739 
3.4401 -1.4651 1.3001 0.4680 0.9869 
3.4701 -1.4681 1.3001 0.4675 0.9616 
3.4701 -1.4681 1.3001 0.4675 0.9616 
3.4801 -1.4699 1.3201 0.4454 0.9549 
3.4601 -1.4587 1.3101 0.4599 0.9739 
3.4701 -1.4681 1.3001 0.4675 0.9616 
3.5001 -1.4594 1.3101 0.4604 0.9410 
3.4801 -1.4699 1.3201 0.4454 0.9549 
3.5001 -1.4594 1.3101 0.4604 0.9410 
3.4701 -1.4681 1.3001 0.4675 0.9616 
3.5201 -1.4605 1.3001 0.4713 0.9234 
3.4801 -1.4699 1.3201 0.4454 0.9549 
3.4801 -1.4699 1.3201 0.4454 0.9549 
3.4801 -1.4699 1.3201 0.4454 0.9549 
3.4901 -1.4699 1.3180 0.4479 0.9466 
3.4801 -1.4699 1.3201 0.4454 0.9549 
3.4801 -1.4699 1.3201 0.4454 0.9549 
3.4901 -1.4721 1.3201 0.4448 0.9461 
3.4801 -1.4699 1.3201 0.4454 0.9549 
3.4901 -1.4699 1.3180 0.4479 0.9466 
3.4601 -1.4587 1.3101 0.4599 0.9739 
3.4701 -1.4695 1.3201 0.4454 0.9632 
3.4501 -1.4688 1.3201 0.4453 0.9797 
3.4801 -1.4699 1.3201 0.4454 0.9549 
3.4801 -1.4699 1.3201 0.4454 0.9549 
3.4701 -1.4695 1.3201 0.4454 0.9632 
3.4801 -1.4699 1.3201 0.4454 0.9549 
3.4701 -1.4695 1.3201 0.4454 0.9632 
3.4601 -1.4587 1.3101 0.4599 0.9739 
3.4801 -1.4699 1.3201 0.4454 0.9549 
3.5001 -1.4594 1.3101 0.4604 0.9410 
3.4901 -1.4699 1.3180 0.4479 0.9466 
3.4801 -1.4699 1.3201 0.4454 0.9549 
3.4801 -1.4699 1.3201 0.4454 0.9549 
3.4801 -1.4699 1.3201 0.4454 0.9549 
3.4901 -1.4721 1.3201 0.4448 0.9461 
3.4801 -1.4699 1.3201 0.4454 0.9549 
3.4801 -1.4699 1.3201 0.4454 0.9549 
3.4501 -1.4688 1.3201 0.4453 0.9797 
3.4701 -1.4695 1.3201 0.4454 0.9632 
3.4401 -1.4656 1.3301 0.4354 0.9900 
3.4801 -1.4699 1.3201 0.4454 0.9549 
3.4801 -1.4699 1.3201 0.4454 0.9549 
3.4801 -1.4670 1.3301 0.4356 0.9569 
3.4801 -1.4699 1.3201 0.4454 0.9549 
3.4801 -1.4670 1.3301 0.4356 0.9569 
3.4701 -1.4695 1.3201 0.4454 0.9632 
3.4701 -1.4695 1.3201 0.4454 0.9632 
3.4801 -1.4670 1.3301 0.4356 0.9569 
3.4801 -1.4650 1.3401 0.4253 0.9586 
3.4801 -1.4670 1.3301 0.4356 0.9569 
3.4801 -1.4699 1.3201 0.4454 0.9549 
3.4901 -1.4721 1.3201 0.4448 0.9461 
3.4901 -1.4721 1.3201 0.4448 0.9461 
3.4901 -1.4699 1.3180 0.4479 0.9466 
3.4801 -1.4650 1.3401 0.4253 0.9586 
3.4701 -1.4695 1.3201 0.4454 0.9632 
3.4801 -1.4650 1.3401 0.4253 0.9586 
3.4401 -1.4656 1.3301 0.4354 0.9900 
3.4901 -1.4721 1.3201 0.4448 0.9461 
3.4801 -1.4650 1.3401 0.4253 0.9586 
3.4801 -1.4670 1.3301 0.4356 0.9569 
3.4401 -1.4656 1.3301 0.4354 0.9900 
3.4901 -1.4680 1.3501 0.4135 0.9505 
3.4401 -1.4671 1.3401 0.4239 0.9906 
3.4801 -1.4650 1.3401 0.4253 0.9586 
3.4901 -1.4680 1.3501 0.4135 0.9505 
3.4401 -1.4656 1.3301 0.4354 0.9900 
3.6904 -1.4599 1.3001 0.4747 0.7839 
3.6898 -1.4599 1.3001 0.4747 0.7843 
3.6901 -1.4596 1.3001 0.4748 0.7841 
3.5001 -1.4594 1.3101 0.4604 0.9410 
3.5201 -1.4686 1.3201 0.4466 0.9228 
3.4901 -1.4699 1.3180 0.4479 0.9466 
3.5201 -1.4605 1.3001 0.4713 0.9234 
3.5201 -1.4686 1.3201 0.4466 0.9228 
3.5001 -1.4594 1.3101 0.4604 0.9410 
3.5301 -1.4563 1.3001 0.4730 0.9165 
3.5201 -1.4686 1.3201 0.4466 0.9228 
3.5201 -1.4605 1.3001 0.4713 0.9234 
3.5601 -1.4561 1.3001 0.4737 0.8920 
3.5201 -1.4686 1.3201 0.4466 0.9228 
3.5301 -1.4563 1.3001 0.4730 0.9165 
3.5201 -1.4686 1.3201 0.4466 0.9228 
3.5501 -1.4617 1.3301 0.4387 0.9012 
3.5201 -1.4627 1.3401 0.4268 0.9265 
3.4901 -1.4699 1.3180 0.4479 0.9466 
3.5201 -1.4627 1.3401 0.4268 0.9265 
3.4801 -1.4650 1.3401 0.4253 0.9586 
3.5201 -1.4686 1.3201 0.4466 0.9228 
3.5201 -1.4627 1.3401 0.4268 0.9265 
3.4901 -1.4699 1.3180 0.4479 0.9466 
3.5201 -1.4627 1.3401 0.4268 0.9265 
3.5301 -1.4686 1.3501 0.4140 0.9175 
3.4801 -1.4650 1.3401 0.4253 0.9586 
3.4801 -1.4650 1.3401 0.4253 0.9586 
3.5301 -1.4686 1.3501 0.4140 0.9175 
3.4901 -1.4680 1.3501 0.4135 0.9505 
3.5401 -1.4649 1.3501 0.4155 0.9104 
3.5301 -1.4686 1.3501 0.4140 0.9175 
3.5201 -1.4627 1.3401 0.4268 0.9265 
3.5801 -1.4654 1.3201 0.4489 0.8747 
3.5601 -1.4561 1.3001 0.4737 0.8920 
3.6101 -1.4659 1.3201 0.4492 0.8499 
3.5801 -1.4654 1.3201 0.4489 0.8747 
3.5201 -1.4686 1.3201 0.4466 0.9228 
3.5601 -1.4561 1.3001 0.4737 0.8920 
3.5801 -1.4654 1.3201 0.4489 0.8747 
3.5501 -1.4617 1.3301 0.4387 0.9012 
3.5201 -1.4686 1.3201 0.4466 0.9228 
3.5801 -1.4654 1.3201 0.4489 0.8747 
3.5701 -1.4585 1.3401 0.4292 0.8866 
3.5501 -1.4617 1.3301 0.4387 0.9012 
3.5201 -1.4627 1.3401 0.4268 0.9265 
3.5501 -1.4617 1.3301 0.4387 0.9012 
3.5701 -1.4585 1.3401 0.4292 0.8866 
3.5701 -1.4585 1.3401 0.4292 0.8866 
3.5801 -1.4654 1.3201 0.4489 0.8747 
3.6401 -1.4568 1.3401 0.4310 0.8290 
3.5701 -1.4585 1.3401 0.4292 0.8866 
3.5401 -1.4649 1.3501 0.4155 0.9104 
3.5201 -1.4627 1.3401 0.4268 0.9265 
3.5801 -1.4670 1.3501 0.4154 0.8768 
3.5401 -1.4649 1.3501 0.4155 0.9104 
3.5701 -1.4585 1.3401 0.4292 0.8866 
3.6401 -1.4568 1.3401 0.4310 0.8290 
3.5801 -1.4670 1.3501 0.4154 0.8768 
3.5701 -1.4585 1.3401 0.4292 0.8866 
3.5301 -1.4686 1.3501 0.4140 0.9175 
3.4901 -1.4651 1.3601 0.4035 0.9524 
3.4901 -1.4680 1.3501 0.4135 0.9505 
3.5301 -1.4686 1.3501 0.4140 0.9175 
3.5301 -1.4613 1.3601 0.4054 0.9207 
3.4901 -1.4651 1.3601 0.4035 0.9524 
3.5301 -1.4613 1.3601 0.4054 0.9207 
3.5301 -1.4686 1.3501 0.4140 0.9175 
3.5401 -1.4649 1.3501 0.4155 0.9104 
3.5301 -1.4613 1.3601 0.4054 0.9207 
3.5401 -1.4649 1.3501 0.4155 0.9104 
3.5801 -1.4670 1.3501 0.4154 0.8768 
3.5601 -1.4561 1.3001 0.4737 0.8920 
3.6301 -1.4560 1.3001 0.4750 0.8344 
3.6101 -1.4659 1.3201 0.4492 0.8499 
3.6301 -1.4560 1.3001 0.4750 0.8344 
3.6401 -1.4623 1.3201 0.4511 0.8261 
3.6101 -1.4659 1.3201 0.4492 0.8499 
3.6401 -1.4623 1.3201 0.4511 0.8261 
3.6401 -1.4568 1.3401 0.4310 0.8290 
3.6101 -1.4659 1.3201 0.4492 0.8499 
3.6101 -1.4659 1.3201 0.4492 0.8499 
3.6401 -1.4568 1.3401 0.4310 0.8290 
3.5801 -1.4654 1.3201 0.4489 0.8747 
3.6201 -1.4629 1.3501 0.4175 0.8448 
3.5801 -1.4670 1.3501 0.4154 0.8768 
3.6401 -1.4568 1.3401 0.4310 0.8290 
3.6501 -1.4577 1.3501 0.4198 0.8212 
3.6201 -1.4629 1.3501 0.4175 0.8448 
3.6401 -1.4568 1.3401 0.4310 0.8290 
3.6801 -1.4542 1.3001 0.4767 0.7936 
3.6801 -1.4529 1.3101 0.4662 0.7946 
3.6301 -1.4560 1.3001 0.4750 0.8344 
3.7201 -1.4562 1.3201 0.4548 0.7613 
3.6801 -1.4542 1.3001 0.4767 0.7936 
3.7001 -1.4495 1.3001 0.4789 0.7781 
3.7201 -1.4562 1.3201 0.4548 0.7613 
3.6801 -1.4529 1.3101 0.4662 0.7946 
3.6801 -1.4542 1.3001 0.4767 0.7936 
3.6301 -1.4560 1.3001 0.4750 0.8344 
3.6801 -1.4529 1.3101 0.4662 0.7946 
3.6401 -1.4623 1.3201 0.4511 0.8261 
3.6401 -1.4623 1.3201 0.4511 0.8261 
3.6801 -1.4529 1.3101 0.4662 0.7946 
3.6701 -1.4628 1.3301 0.4405 0.8019 
3.6901 -1.4530 1.3201 0.4554 0.7869 
3.6701 -1.4628 1.3301 0.4405 0.8019 
3.6801 -1.4529 1.3101 0.4662 0.7946 
3.7201 -1.4562 1.3201 0.4548 0.7613 
3.7001 -1.4595 1.3201 0.4532 0.7772 
3.6801 -1.4529 1.3101 0.4662 0.7946 
3.6801 -1.4529 1.3101 0.4662 0.7946 
3.7001 -1.4595 1.3201 0.4532 0.7772 
3.6901 -1.4530 1.3201 0.4554 0.7869 
3.6401 -1.4568 1.3401 0.4310 0.8290 
3.6401 -1.4623 1.3201 0.4511 0.8261 
3.6701 -1.4628 1.3301 0.4405 0.8019 
3.6701 -1.4628 1.3301 0.4405 0.8019 
3.6901 -1.4530 1.3201 0.4554 0.7869 
3.6801 -1.4558 1.3301 0.4432 0.7953 
3.6901 -1.4530 1.3201 0.4554 0.7869 
3.7001 -1.4595 1.3201 0.4532 0.7772 
3.6801 -1.4558 1.3301 0.4432 0.7953 
3.6801 -1.4558 1.3301 0.4432 0.7953 
3.6401 -1.4568 1.3401 0.4310 0.8290 
3.6701 -1.4628 1.3301 0.4405 0.8019 
3.7001 -1.4595 1.3201 0.4532 0.7772 
3.7101 -1.4518 1.3401 0.4341 0.7718 
3.6801 -1.4558 1.3301 0.4432 0.7953 
3.6801 -1.4558 1.3301 0.4432 0.7953 
3.7101 -1.4518 1.3401 0.4341 0.7718 
3.6801 -1.4537 1.3501 0.4217 0.7971 
3.6801 -1.4537 1.3501 0.4217 0.7971 
3.6501 -1.4577 1.3501 0.4198 0.8212 
3.6401 -1.4568 1.3401 0.4310 0.8290 
3.6801 -1.4558 1.3301 0.4432 0.7953 
3.6801 -1.4537 1.3501 0.4217 0.7971 
3.6401 -1.4568 1.3401 0.4310 0.8290 
3.6901 -1.4378 1.3701 0.4049 0.7937 
3.6501 -1.4577 1.3501 0.4198 0.8212 
3.6801 -1.4537 1.3501 0.4217 0.7971 
3.7501 -1.4499 1.3201 0.4577 0.7375 
3.7401 -1.4558 1.3301 0.4443 0.7453 
3.7201 -1.4562 1.3201 0.4548 0.7613 
3.7401 -1.4558 1.3301 0.4443 0.7453 
3.7501 -1.4499 1.3201 0.4577 0.7375 
3.7537 -1.4499 1.3301 0.4467 0.7350 
3.7101 -1.4518 1.3401 0.4341 0.7718 
3.7001 -1.4595 1.3201 0.4532 0.7772 
3.7201 -1.4562 1.3201 0.4548 0.7613 
3.7401 -1.4558 1.3301 0.4443 0.7453 
3.7101 -1.4518 1.3401 0.4341 0.7718 
3.7201 -1.4562 1.3201 0.4548 0.7613 
3.7401 -1.4472 1.3401 0.4362 0.7475 
3.7101 -1.4518 1.3401 0.4341 0.7718 
3.7401 -1.4558 1.3301 0.4443 0.7453 
3.7537 -1.4499 1.3301 0.4467 0.7350 
3.7401 -1.4472 1.3401 0.4362 0.7475 
3.7401 -1.4558 1.3301 0.4443 0.7453 
3.7401 -1.4472 1.3401 0.4362 0.7475 
3.7201 -1.4549 1.3501 0.4220 0.7633 
3.7101 -1.4518 1.3401 0.4341 0.7718 
3.8201 -1.4579 1.3201 0.4561 0.6776 
3.7801 -1.4635 1.3201 0.4533 0.7100 
3.7901 -1.4603 1.3101 0.4656 0.7018 
3.7801 -1.4635 1.3201 0.4533 0.7100 
3.7601 -1.4579 1.3201 0.4549 0.7276 
3.7901 -1.4603 1.3101 0.4656 0.7018 
3.7501 -1.4499 1.3201 0.4577 0.7375 
3.7601 -1.4499 1.3401 0.4357 0.7302 
3.7537 -1.4499 1.3301 0.4467 0.7350 
3.7601 -1.4579 1.3201 0.4549 0.7276 
3.7601 -1.4499 1.3401 0.4357 0.7302 
3.7501 -1.4499 1.3201 0.4577 0.7375 
3.7801 -1.4635 1.3201 0.4533 0.7100 
3.7701 -1.4503 1.3401 0.4357 0.7217 
3.7601 -1.4579 1.3201 0.4549 0.7276 
3.7601 -1.4579 1.3201 0.4549 0.7276 
3.7701 -1.4503 1.3401 0.4357 0.7217 
3.7601 -1.4499 1.3401 0.4357 0.7302 
3.7701 -1.4503 1.3401 0.4357 0.7217 
3.7801 -1.4635 1.3201 0.4533 0.7100 
3.7901 -1.4535 1.3401 0.4349 0.7043 
3.7901 -1.4535 1.3401 0.4349 0.7043 
3.7801 -1.4635 1.3201 0.4533 0.7100 
3.8001 -1.4494 1.3301 0.4477 0.6961 
3.8001 -1.4494 1.3301 0.4477 0.6961 
3.7801 -1.4635 1.3201 0.4533 0.7100 
3.8201 -1.4579 1.3201 0.4561 0.6776 
3.7601 -1.4499 1.3401 0.4357 0.7302 
3.7701 -1.4503 1.3401 0.4357 0.7217 
3.7601 -1.4499 1.3401 0.4357 0.7302 
3.7601 -1.4499 1.3401 0.4357 0.7302 
3.7701 -1.4503 1.3401 0.4357 0.7217 
3.7601 -1.4488 1.3501 0.4249 0.7309 
3.7901 -1.4535 1.3401 0.4349 0.7043 
3.7801 -1.4480 1.3601 0.4143 0.7147 
3.7701 -1.4503 1.3401 0.4357 0.7217 
3.7901 -1.4535 1.3401 0.4349 0.7043 
3.8101 -1.4556 1.3501 0.4234 0.6876 
3.7801 -1.4480 1.3601 0.4143 0.7147 
3.7537 -1.4499 1.3301 0.4467 0.7350 
3.7401 -1.4496 1.3601 0.4130 0.7482 
3.7401 -1.4472 1.3401 0.4362 0.7475 
3.7537 -1.4499 1.3301 0.4467 0.7350 
3.7601 -1.4499 1.3401 0.4357 0.7302 
3.7601 -1.4499 1.3401 0.4357 0.7302 
3.7601 -1.4499 1.3401 0.4357 0.7302 
3.7601 -1.4499 1.3401 0.4357 0.7302 
3.7601 -1.4499 1.3401 0.4357 0.7302 
3.7601 -1.4499 1.3401 0.4357 0.7302 
3.7601 -1.4488 1.3501 0.4249 0.7309 
3.7537 -1.4499 1.3301 0.4467 0.7350 
3.7537 -1.4499 1.3301 0.4467 0.7350 
3.7601 -1.4488 1.3501 0.4249 0.7309 
3.7401 -1.4496 1.3601 0.4130 0.7482 
3.7601 -1.4488 1.3501 0.4249 0.7309 
3.7601 -1.4499 1.3401 0.4357 0.7302 
3.7601 -1.4499 1.3401 0.4357 0.7302 
3.7201 -1.4482 1.3601 0.4131 0.7654 
3.7101 -1.4518 1.3401 0.4341 0.7718 
3.7201 -1.4549 1.3501 0.4220 0.7633 
3.7701 -1.4503 1.3401 0.4357 0.7217 
3.7801 -1.4480 1.3601 0.4143 0.7147 
3.7601 -1.4488 1.3501 0.4249 0.7309 
3.6801 -1.4537 1.3501 0.4217 0.7971 
3.7101 -1.4518 1.3401 0.4341 0.7718 
3.6901 -1.4378 1.3701 0.4049 0.7937 
3.6901 -1.4378 1.3701 0.4049 0.7937 
3.7101 -1.4518 1.3401 0.4341 0.7718 
3.7201 -1.4482 1.3601 0.4131 0.7654 
3.7201 -1.4549 1.3501 0.4220 0.7633 
3.7401 -1.4472 1.3401 0.4362 0.7475 
3.7201 -1.4482 1.3601 0.4131 0.7654 
3.7201 -1.4482 1.3601 0.4131 0.7654 
3.7401 -1.4472 1.3401 0.4362 0.7475 
3.7401 -1.4496 1.3601 0.4130 0.7482 
3.7801 -1.4480 1.3601 0.4143 0.7147 
3.7801 -1.4366 1.3701 0.4069 0.7173 
3.7601 -1.4488 1.3501 0.4249 0.7309 
3.7401 -1.4496 1.3601 0.4130 0.7482 
3.7601 -1.4488 1.3501 0.4249 0.7309 
3.7801 -1.4366 1.3701 0.4069 0.7173 
3.8201 -1.4579 1.3201 0.4561 0.6776 
3.8301 -1.4496 1.3501 0.4259 0.6716 
3.8001 -1.4494 1.3301 0.4477 0.6961 
3.7901 -1.4603 1.3101 0.4656 0.7018 
3.8501 -1.4617 1.3201 0.4552 0.6519 
3.8201 -1.4579 1.3201 0.4561 0.6776 
3.8201 -1.4579 1.3201 0.4561 0.6776 
3.8501 -1.4617 1.3201 0.4552 0.6519 
3.8301 -1.4496 1.3501 0.4259 0.6716 
3.8001 -1.4494 1.3301 0.4477 0.6961 
3.8101 -1.4556 1.3501 0.4234 0.6876 
3.7901 -1.4535 1.3401 0.4349 0.7043 
3.8001 -1.4494 1.3301 0.4477 0.6961 
3.8301 -1.4496 1.3501 0.4259 0.6716 
3.8101 -1.4556 1.3501 0.4234 0.6876 
3.8501 -1.4617 1.3201 0.4552 0.6519 
3.8501 -1.4489 1.3401 0.4377 0.6544 
3.8301 -1.4496 1.3501 0.4259 0.6716 
3.8301 -1.4496 1.3501 0.4259 0.6716 
3.8501 -1.4489 1.3401 0.4377 0.6544 
3.8501 -1.4572 1.3601 0.4124 0.6540 
3.8801 -1.4595 1.3301 0.4456 0.6274 
3.8501 -1.4617 1.3201 0.4552 0.6519 
3.9001 -1.4539 1.3201 0.4591 0.6110 
3.9001 -1.4539 1.3201 0.4591 0.6110 
3.8801 -1.4636 1.3501 0.4219 0.6275 
3.8801 -1.4595 1.3301 0.4456 0.6274 
3.9001 -1.4643 1.3501 0.4220 0.6106 
3.8801 -1.4636 1.3501 0.4219 0.6275 
3.9001 -1.4539 1.3201 0.4591 0.6110 
3.9101 -1.4502 1.3401 0.4383 0.6034 
3.9001 -1.4643 1.3501 0.4220 0.6106 
3.9001 -1.4539 1.3201 0.4591 0.6110 
3.8501 -1.4617 1.3201 0.4552 0.6519 
3.8801 -1.4595 1.3301 0.4456 0.6274 
3.8501 -1.4489 1.3401 0.4377 0.6544 
3.8501 -1.4489 1.3401 0.4377 0.6544 
3.8601 -1.4555 1.3601 0.4131 0.6457 
3.8501 -1.4572 1.3601 0.4124 0.6540 
3.8501 -1.4489 1.3401 0.4377 0.6544 
3.8801 -1.4595 1.3301 0.4456 0.6274 
3.8601 -1.4555 1.3601 0.4131 0.6457 
3.8201 -1.4511 1.3601 0.4139 0.6803 
3.7801 -1.4480 1.3601 0.4143 0.7147 
3.8101 -1.4556 1.3501 0.4234 0.6876 
3.8301 -1.4496 1.3501 0.4259 0.6716 
3.8201 -1.4511 1.3601 0.4139 0.6803 
3.8101 -1.4556 1.3501 0.4234 0.6876 
3.8301 -1.4496 1.3501 0.4259 0.6716 
3.8501 -1.4572 1.3601 0.4124 0.6540 
3.8201 -1.4511 1.3601 0.4139 0.6803 
3.8201 -1.4511 1.3601 0.4139 0.6803 
3.8501 -1.4572 1.3601 0.4124 0.6540 
3.8401 -1.4512 1.3701 0.4030 0.6637 
3.9001 -1.4643 1.3501 0.4220 0.6106 
3.9001 -1.4568 1.3701 0.4021 0.6119 
3.8801 -1.4636 1.3501 0.4219 0.6275 
3.8601 -1.4555 1.3601 0.4131 0.6457 
3.8801 -1.4595 1.3301 0.4456 0.6274 
3.8801 -1.4636 1.3501 0.4219 0.6275 
3.8601 -1.4555 1.3601 0.4131 0.6457 
3.8801 -1.4516 1.3701 0.4035 0.6296 
3.8501 -1.4572 1.3601 0.4124 0.6540 
3.8501 -1.4572 1.3601 0.4124 0.6540 
3.8801 -1.4516 1.3701 0.4035 0.6296 
3.8401 -1.4512 1.3701 0.4030 0.6637 
3.8601 -1.4555 1.3601 0.4131 0.6457 
3.8801 -1.4636 1.3501 0.4219 0.6275 
3.8801 -1.4516 1.3701 0.4035 0.6296 
3.8801 -1.4516 1.3701 0.4035 0.6296 
3.8801 -1.4636 1.3501 0.4219 0.6275 
3.9001 -1.4568 1.3701 0.4021 0.6119 
3.8201 -1.4511 1.3601 0.4139 0.6803 
3.7801 -1.4366 1.3701 0.4069 0.7173 
3.7801 -1.4480 1.3601 0.4143 0.7147 
3.7801 -1.4366 1.3701 0.4069 0.7173 
3.8201 -1.4511 1.3601 0.4139 0.6803 
3.8401 -1.4512 1.3701 0.4030 0.6637 
4.1001 -1.4599 1.2988 0.4843 0.4420 
4.0864 -1.4599 1.3001 0.4825 0.4535 
4.0896 -1.4499 1.3001 0.4865 0.4510 
3.9001 -1.4539 1.3201 0.4591 0.6110 
3.9201 -1.4540 1.3301 0.4483 0.5944 
3.9101 -1.4502 1.3401 0.4383 0.6034 
3.9001 -1.4539 1.3201 0.4591 0.6110 
3.9401 -1.4594 1.3201 0.4578 0.5768 
3.9201 -1.4540 1.3301 0.4483 0.5944 
3.9201 -1.4499 1.3401 0.4386 0.5950 
3.9201 -1.4540 1.3301 0.4483 0.5944 
3.9201 -1.4499 1.3401 0.4386 0.5950 
3.9201 -1.4499 1.3401 0.4386 0.5950 
3.9101 -1.4502 1.3401 0.4383 0.6034 
3.9201 -1.4540 1.3301 0.4483 0.5944 
3.9401 -1.4594 1.3201 0.4578 0.5768 
3.9201 -1.4499 1.3401 0.4386 0.5950 
3.9201 -1.4540 1.3301 0.4483 0.5944 
3.9301 -1.4489 1.3401 0.4392 0.5866 
3.9201 -1.4499 1.3401 0.4386 0.5950 
3.9401 -1.4594 1.3201 0.4578 0.5768 
3.9501 -1.4472 1.3401 0.4402 0.5697 
3.9301 -1.4489 1.3401 0.4392 0.5866 
3.9401 -1.4594 1.3201 0.4578 0.5768 
3.9501 -1.4557 1.3201 0.4594 0.5687 
3.9501 -1.4472 1.3401 0.4402 0.5697 
3.9401 -1.4594 1.3201 0.4578 0.5768 
3.9101 -1.4502 1.3401 0.4383 0.6034 
3.9201 -1.4499 1.3401 0.4386 0.5950 
3.9201 -1.4499 1.3401 0.4386 0.5950 
3.9101 -1.4502 1.3401 0.4383 0.6034 
3.9201 -1.4499 1.3401 0.4386 0.5950 
3.9001 -1.4643 1.3501 0.4220 0.6106 
3.9001 -1.4643 1.3501 0.4220 0.6106 
3.9201 -1.4499 1.3401 0.4386 0.5950 
3.9401 -1.4625 1.3501 0.4234 0.5770 
3.9301 -1.4499 1.3408 0.4380 0.5865 
3.9401 -1.4625 1.3501 0.4234 0.5770 
3.9201 -1.4499 1.3401 0.4386 0.5950 
3.9501 -1.4472 1.3401 0.4402 0.5697 
3.9401 -1.4625 1.3501 0.4234 0.5770 
3.9301 -1.4499 1.3408 0.4380 0.5865 
3.9701 -1.4647 1.3501 0.4231 0.5515 
3.9401 -1.4625 1.3501 0.4234 0.5770 
3.9501 -1.4472 1.3401 0.4402 0.5697 
3.9801 -1.4576 1.3201 0.4592 0.5432 
3.9701 -1.4461 1.3401 0.4409 0.5528 
3.9501 -1.4557 1.3201 0.4594 0.5687 
3.9501 -1.4557 1.3201 0.4594 0.5687 
3.9701 -1.4461 1.3401 0.4409 0.5528 
3.9601 -1.4540 1.3401 0.4379 0.5607 
3.9801 -1.4576 1.3201 0.4592 0.5432 
3.9801 -1.4646 1.3301 0.4456 0.5429 
3.9701 -1.4461 1.3401 0.4409 0.5528 
3.9801 -1.4646 1.3301 0.4456 0.5429 
3.9801 -1.4576 1.3201 0.4592 0.5432 
4.0001 -1.4576 1.3201 0.4596 0.5264 
3.9501 -1.4557 1.3201 0.4594 0.5687 
3.9601 -1.4540 1.3401 0.4379 0.5607 
3.9501 -1.4472 1.3401 0.4402 0.5697 
3.9801 -1.4646 1.3301 0.4456 0.5429 
3.9901 -1.4647 1.3501 0.4235 0.5346 
3.9701 -1.4647 1.3501 0.4231 0.5515 
4.0101 -1.4622 1.3401 0.4359 0.5177 
3.9901 -1.4647 1.3501 0.4235 0.5346 
3.9801 -1.4646 1.3301 0.4456 0.5429 
3.9501 -1.4472 1.3401 0.4402 0.5697 
3.9601 -1.4540 1.3401 0.4379 0.5607 
3.9701 -1.4647 1.3501 0.4231 0.5515 
3.9601 -1.4540 1.3401 0.4379 0.5607 
3.9701 -1.4461 1.3401 0.4409 0.5528 
3.9701 -1.4647 1.3501 0.4231 0.5515 
3.9701 -1.4461 1.3401 0.4409 0.5528 
3.9801 -1.4646 1.3301 0.4456 0.5429 
3.9701 -1.4647 1.3501 0.4231 0.5515 
3.9201 -1.4499 1.3401 0.4386 0.5950 
3.9201 -1.4499 1.3401 0.4386 0.5950 
3.9201 -1.4499 1.3401 0.4386 0.5950 
3.9201 -1.4499 1.3401 0.4386 0.5950 
3.9201 -1.4499 1.3401 0.4386 0.5950 
3.9301 -1.4489 1.3401 0.4392 0.5866 
3.9201 -1.4499 1.3401 0.4386 0.5950 
3.9201 -1.4499 1.3401 0.4386 0.5950 
3.9201 -1.4499 1.3401 0.4386 0.5950 
3.9201 -1.4499 1.3401 0.4386 0.5950 
3.9301 -1.4489 1.3401 0.4392 0.5866 
3.9301 -1.4499 1.3408 0.4380 0.5865 
3.9201 -1.4499 1.3401 0.4386 0.5950 
3.9201 -1.4499 1.3401 0.4386 0.5950 
3.9301 -1.4499 1.3408 0.4380 0.5865 
3.9301 -1.4499 1.3408 0.4380 0.5865 
3.9301 -1.4489 1.3401 0.4392 0.5866 
3.9501 -1.4472 1.3401 0.4402 0.5697 
3.9701 -1.4647 1.3501 0.4231 0.5515 
3.9401 -1.4548 1.3701 0.4035 0.5781 
3.9401 -1.4625 1.3501 0.4234 0.5770 
3.9401 -1.4625 1.3501 0.4234 0.5770 
3.9001 -1.4568 1.3701 0.4021 0.6119 
3.9001 -1.4643 1.3501 0.4220 0.6106 
3.9401 -1.4625 1.3501 0.4234 0.5770 
3.9401 -1.4548 1.3701 0.4035 0.5781 
3.9001 -1.4568 1.3701 0.4021 0.6119 
3.9701 -1.4647 1.3501 0.4231 0.5515 
3.9901 -1.4647 1.3501 0.4235 0.5346 
3.9801 -1.4557 1.3701 0.4039 0.5439 
3.9401 -1.4548 1.3701 0.4035 0.5781 
3.9701 -1.4647 1.3501 0.4231 0.5515 
3.9801 -1.4557 1.3701 0.4039 0.5439 
3.9901 -1.4647 1.3501 0.4235 0.5346 
4.0101 -1.4455 1.3701 0.4079 0.5188 
3.9801 -1.4557 1.3701 0.4039 0.5439 
4.0401 -1.4525 1.3301 0.4511 0.4927 
4.0101 -1.4622 1.3401 0.4359 0.5177 
4.0001 -1.4576 1.3201 0.4596 0.5264 
4.0001 -1.4576 1.3201 0.4596 0.5264 
4.0101 -1.4622 1.3401 0.4359 0.5177 
3.9801 -1.4646 1.3301 0.4456 0.5429 
4.0301 -1.4579 1.3401 0.4378 0.5010 
4.0101 -1.4622 1.3401 0.4359 0.5177 
4.0401 -1.4525 1.3301 0.4511 0.4927 
4.1001 -1.4513 1.3301 0.4527 0.4416 
4.0901 -1.4462 1.3301 0.4544 0.4502 
4.0901 -1.4647 1.3201 0.4587 0.4501 
4.0701 -1.4573 1.3301 0.4499 0.4671 
4.0701 -1.4482 1.3501 0.4307 0.4671 
4.0401 -1.4525 1.3301 0.4511 0.4927 
4.0401 -1.4525 1.3301 0.4511 0.4927 
4.0701 -1.4482 1.3501 0.4307 0.4671 
4.0301 -1.4579 1.3401 0.4378 0.5010 
4.0901 -1.4462 1.3301 0.4544 0.4502 
4.0901 -1.4484 1.3401 0.4424 0.4501 
4.0701 -1.4573 1.3301 0.4499 0.4671 
4.0701 -1.4573 1.3301 0.4499 0.4671 
4.0901 -1.4484 1.3401 0.4424 0.4501 
4.0701 -1.4482 1.3501 0.4307 0.4671 
4.0301 -1.4579 1.3401 0.4378 0.5010 
4.0701 -1.4482 1.3501 0.4307 0.4671 
4.0601 -1.4566 1.3601 0.4163 0.4754 
4.0801 -1.4452 1.3601 0.4207 0.4585 
4.0701 -1.4482 1.3501 0.4307 0.4671 
4.0901 -1.4484 1.3401 0.4424 0.4501 
4.0901 -1.4484 1.3401 0.4424 0.4501 
4.0901 -1.4462 1.3301 0.4544 0.4502 
4.1001 -1.4513 1.3301 0.4527 0.4416 
4.1001 -1.4513 1.3301 0.4527 0.4416 
4.1101 -1.4446 1.3601 0.4214 0.4326 
4.0901 -1.4484 1.3401 0.4424 0.4501 
4.0901 -1.4484 1.3401 0.4424 0.4501 
4.1101 -1.4446 1.3601 0.4214 0.4326 
4.0801 -1.4452 1.3601 0.4207 0.4585 
3.9901 -1.4647 1.3501 0.4235 0.5346 
4.0101 -1.4622 1.3401 0.4359 0.5177 
4.0101 -1.4455 1.3701 0.4079 0.5188 
4.0301 -1.4579 1.3401 0.4378 0.5010 
4.0301 -1.4489 1.3701 0.4071 0.5014 
4.0101 -1.4622 1.3401 0.4359 0.5177 
4.0101 -1.4622 1.3401 0.4359 0.5177 
4.0301 -1.4489 1.3701 0.4071 0.5014 
4.0101 -1.4455 1.3701 0.4079 0.5188 
4.0601 -1.4566 1.3601 0.4163 0.4754 
4.0701 -1.4451 1.3701 0.4091 0.4670 
4.0301 -1.4579 1.3401 0.4378 0.5010 
4.0301 -1.4579 1.3401 0.4378 0.5010 
4.0701 -1.4451 1.3701 0.4091 0.4670 
4.0301 -1.4489 1.3701 0.4071 0.5014 
4.0801 -1.4452 1.3601 0.4207 0.4585 
4.0601 -1.4566 1.3601 0.4163 0.4754 
4.0701 -1.4482 1.3501 0.4307 0.4671 
4.1101 -1.4446 1.3601 0.4214 0.4326 
4.1001 -1.4456 1.3701 0.4095 0.4411 
4.0801 -1.4452 1.3601 0.4207 0.4585 
4.0601 -1.4566 1.3601 0.4163 0.4754 
4.0801 -1.4452 1.3601 0.4207 0.4585 
4.0701 -1.4451 1.3701 0.4091 0.4670 
4.0801 -1.4509 1.3701 0.4073 0.4583 
4.0701 -1.4451 1.3701 0.4091 0.4670 
4.0801 -1.4452 1.3601 0.4207 0.4585 
4.0801 -1.4452 1.3601 0.4207 0.4585 
4.1001 -1.4456 1.3701 0.4095 0.4411 
4.0801 -1.4509 1.3701 0.4073 0.4583 
4.1101 -1.4351 1.3801 0.4018 0.4322 
4.0801 -1.4509 1.3701 0.4073 0.4583 
4.1001 -1.4456 1.3701 0.4095 0.4411 
4.1501 -1.4499 1.2957 0.4926 0.3997 
4.1501 -1.4599 1.2985 0.4856 0.3999 
4.1401 -1.4499 1.2930 0.4954 0.4083 
4.1501 -1.4599 1.2985 0.4856 0.3999 
4.1301 -1.4499 1.2931 0.4950 0.4167 
4.1401 -1.4499 1.2930 0.4954 0.4083 
4.1301 -1.4499 1.2931 0.4950 0.4167 
4.1501 -1.4499 1.2957 0.4926 0.3997 
4.1401 -1.4499 1.2930 0.4954 0.4083 
4.2329 -1.4599 1.3001 0.4855 0.3299 
4.2287 -1.4599 1.3001 0.4854 0.3334 
4.2301 -1.4599 1.2997 0.4858 0.3322 
4.2701 -1.4599 1.3001 0.4862 0.2984 
4.2701 -1.4599 1.3001 0.4862 0.2984 
4.2701 -1.4599 1.3001 0.4862 0.2984 
4.2801 -1.4599 1.2988 0.4878 0.2900 
4.2701 -1.4599 1.3001 0.4862 0.2984 
4.2701 -1.4599 1.3001 0.4862 0.2984 
4.3001 -1.4602 1.3001 0.4867 0.2731 
4.2701 -1.4599 1.3001 0.4862 0.2984 
4.2801 -1.4599 1.2988 0.4878 0.2900 
4.1301 -1.4700 1.3101 0.4685 0.4166 
4.1401 -1.4703 1.3201 0.4576 0.4080 
4.1201 -1.4670 1.3201 0.4584 0.4248 
4.1701 -1.4663 1.3101 0.4707 0.3829 
4.1401 -1.4703 1.3201 0.4576 0.4080 
4.1301 -1.4700 1.3101 0.4685 0.4166 
4.1101 -1.4630 1.3001 0.4818 0.4336 
4.1201 -1.4670 1.3201 0.4584 0.4248 
4.0901 -1.4647 1.3201 0.4587 0.4501 
4.1201 -1.4670 1.3201 0.4584 0.4248 
4.1101 -1.4630 1.3001 0.4818 0.4336 
4.1301 -1.4700 1.3101 0.4685 0.4166 
4.1401 -1.4703 1.3201 0.4576 0.4080 
4.1301 -1.4415 1.3401 0.4456 0.4157 
4.1201 -1.4670 1.3201 0.4584 0.4248 
4.1001 -1.4513 1.3301 0.4527 0.4416 
4.0901 -1.4647 1.3201 0.4587 0.4501 
4.1201 -1.4436 1.3301 0.4559 0.4245 
4.1201 -1.4436 1.3301 0.4559 0.4245 
4.0901 -1.4647 1.3201 0.4587 0.4501 
4.1201 -1.4670 1.3201 0.4584 0.4248 
4.1301 -1.4415 1.3401 0.4456 0.4157 
4.1201 -1.4436 1.3301 0.4559 0.4245 
4.1201 -1.4670 1.3201 0.4584 0.4248 
4.1401 -1.4467 1.3301 0.4552 0.4074 
4.1301 -1.4415 1.3401 0.4456 0.4157 
4.1401 -1.4703 1.3201 0.4576 0.4080 
4.1201 -1.4413 1.3401 0.4455 0.4243 
4.1101 -1.4446 1.3601 0.4214 0.4326 
4.1001 -1.4513 1.3301 0.4527 0.4416 
4.1501 -1.4407 1.3401 0.4463 0.3984 
4.1601 -1.4469 1.3501 0.4329 0.3897 
4.1401 -1.4499 1.3501 0.4314 0.4070 
4.1501 -1.4407 1.3401 0.4463 0.3984 
4.1401 -1.4499 1.3501 0.4314 0.4070 
4.1388 -1.4499 1.3401 0.4427 0.4083 
4.1701 -1.4663 1.3201 0.4596 0.3826 
4.1401 -1.4703 1.3201 0.4576 0.4080 
4.1701 -1.4663 1.3101 0.4707 0.3829 
4.1701 -1.4663 1.3101 0.4707 0.3829 
4.1901 -1.4680 1.3201 0.4594 0.3658 
4.1701 -1.4663 1.3201 0.4596 0.3826 
4.2101 -1.4766 1.3101 0.4676 0.3497 
4.1901 -1.4680 1.3201 0.4594 0.3658 
4.1701 -1.4663 1.3101 0.4707 0.3829 
4.1701 -1.4472 1.3301 0.4556 0.3817 
4.1401 -1.4467 1.3301 0.4552 0.4074 
4.1701 -1.4663 1.3201 0.4596 0.3826 
4.1701 -1.4663 1.3201 0.4596 0.3826 
4.1401 -1.4467 1.3301 0.4552 0.4074 
4.1401 -1.4703 1.3201 0.4576 0.4080 
4.1901 -1.4507 1.3301 0.4547 0.3647 
4.1701 -1.4472 1.3301 0.4556 0.3817 
4.1901 -1.4680 1.3201 0.4594 0.3658 
4.1901 -1.4680 1.3201 0.4594 0.3658 
4.1701 -1.4472 1.3301 0.4556 0.3817 
4.1701 -1.4663 1.3201 0.4596 0.3826 
4.1901 -1.4680 1.3201 0.4594 0.3658 
4.2101 -1.4607 1.3301 0.4514 0.3481 
4.1901 -1.4507 1.3301 0.4547 0.3647 
4.1601 -1.4426 1.3401 0.4458 0.3898 
4.1701 -1.4472 1.3301 0.4556 0.3817 
4.1901 -1.4663 1.3401 0.4378 0.3650 
4.1701 -1.4472 1.3301 0.4556 0.3817 
4.1901 -1.4507 1.3301 0.4547 0.3647 
4.1901 -1.4663 1.3401 0.4378 0.3650 
4.2001 -1.4586 1.3401 0.4407 0.3562 
4.1901 -1.4663 1.3401 0.4378 0.3650 
4.1901 -1.4507 1.3301 0.4547 0.3647 
4.2001 -1.4586 1.3401 0.4407 0.3562 
4.1901 -1.4509 1.3601 0.4207 0.3637 
4.1901 -1.4663 1.3401 0.4378 0.3650 
4.1901 -1.4663 1.3401 0.4378 0.3650 
4.1701 -1.4431 1.3501 0.4344 0.3810 
4.1601 -1.4426 1.3401 0.4458 0.3898 
4.1901 -1.4509 1.3601 0.4207 0.3637 
4.1701 -1.4431 1.3501 0.4344 0.3810 
4.1901 -1.4663 1.3401 0.4378 0.3650 
4.1901 -1.4509 1.3601 0.4207 0.3637 
4.2001 -1.4586 1.3401 0.4407 0.3562 
4.2001 -1.4528 1.3601 0.4202 0.3552 
4.1001 -1.4513 1.3301 0.4527 0.4416 
4.1201 -1.4436 1.3301 0.4559 0.4245 
4.1201 -1.4413 1.3401 0.4455 0.4243 
4.1201 -1.4436 1.3301 0.4559 0.4245 
4.1301 -1.4415 1.3401 0.4456 0.4157 
4.1201 -1.4413 1.3401 0.4455 0.4243 
4.1388 -1.4499 1.3401 0.4427 0.4083 
4.1301 -1.4415 1.3401 0.4456 0.4157 
4.1401 -1.4467 1.3301 0.4552 0.4074 
4.1501 -1.4407 1.3401 0.4463 0.3984 
4.1388 -1.4499 1.3401 0.4427 0.4083 
4.1401 -1.4467 1.3301 0.4552 0.4074 
4.1201 -1.4413 1.3401 0.4455 0.4243 
4.1301 -1.4472 1.3601 0.4209 0.4153 
4.1101 -1.4446 1.3601 0.4214 0.4326 
4.1301 -1.4415 1.3401 0.4456 0.4157 
4.1301 -1.4472 1.3601 0.4209 0.4153 
4.1201 -1.4413 1.3401 0.4455 0.4243 
4.1388 -1.4499 1.3401 0.4427 0.4083 
4.1401 -1.4499 1.3501 0.4314 0.4070 
4.1401 -1.4499 1.3501 0.4314 0.4070 
4.1388 -1.4499 1.3401 0.4427 0.4083 
4.1401 -1.4499 1.3501 0.4314 0.4070 
4.1301 -1.4415 1.3401 0.4456 0.4157 
4.1301 -1.4415 1.3401 0.4456 0.4157 
4.1401 -1.4499 1.3501 0.4314 0.4070 
4.1301 -1.4472 1.3601 0.4209 0.4153 
4.1401 -1.4499 1.3501 0.4314 0.4070 
4.1501 -1.4407 1.3401 0.4463 0.3984 
4.1401 -1.4499 1.3501 0.4314 0.4070 
4.1401 -1.4499 1.3501 0.4314 0.4070 
4.1401 -1.4499 1.3501 0.4314 0.4070 
4.1501 -1.4407 1.3401 0.4463 0.3984 
4.1701 -1.4472 1.3301 0.4556 0.3817 
4.1601 -1.4426 1.3401 0.4458 0.3898 
4.1401 -1.4467 1.3301 0.4552 0.4074 
4.1401 -1.4467 1.3301 0.4552 0.4074 
4.1601 -1.4426 1.3401 0.4458 0.3898 
4.1501 -1.4407 1.3401 0.4463 0.3984 
4.1601 -1.4469 1.3501 0.4329 0.3897 
4.1501 -1.4407 1.3401 0.4463 0.3984 
4.1601 -1.4426 1.3401 0.4458 0.3898 
4.1601 -1.4426 1.3401 0.4458 0.3898 
4.1701 -1.4431 1.3501 0.4344 0.3810 
4.1601 -1.4469 1.3501 0.4329 0.3897 
4.1401 -1.4499 1.3501 0.4314 0.4070 
4.1501 -1.4446 1.3601 0.4221 0.3980 
4.1301 -1.4472 1.3601 0.4209 0.4153 
4.1401 -1.4499 1.3501 0.4314 0.4070 
4.1601 -1.4469 1.3501 0.4329 0.3897 
4.1501 -1.4446 1.3601 0.4221 0.3980 
4.1401 -1.4499 1.3501 0.4314 0.4070 
4.1501 -1.4446 1.3601 0.4221 0.3980 
4.1401 -1.4499 1.3501 0.4314 0.4070 
4.1101 -1.4446 1.3601 0.4214 0.4326 
4.1101 -1.4351 1.3801 0.4018 0.4322 
4.1001 -1.4456 1.3701 0.4095 0.4411 
4.1101 -1.4446 1.3601 0.4214 0.4326 
4.1701 -1.4327 1.3801 0.4037 0.3797 
4.1101 -1.4351 1.3801 0.4018 0.4322 
4.1301 -1.4472 1.3601 0.4209 0.4153 
4.1701 -1.4327 1.3801 0.4037 0.3797 
4.1101 -1.4446 1.3601 0.4214 0.4326 
4.1301 -1.4472 1.3601 0.4209 0.4153 
4.1501 -1.4446 1.3601 0.4221 0.3980 
4.1701 -1.4327 1.3801 0.4037 0.3797 
4.1501 -1.4446 1.3601 0.4221 0.3980 
4.1601 -1.4469 1.3501 0.4329 0.3897 
4.1601 -1.4399 1.3650 0.4184 0.3891 
4.1701 -1.4431 1.3501 0.4344 0.3810 
4.1901 -1.4509 1.3601 0.4207 0.3637 
4.1601 -1.4469 1.3501 0.4329 0.3897 
4.1601 -1.4469 1.3501 0.4329 0.3897 
4.1901 -1.4509 1.3601 0.4207 0.3637 
4.1601 -1.4399 1.3650 0.4184 0.3891 
4.1601 -1.4399 1.3650 0.4184 0.3891 
4.1901 -1.4509 1.3601 0.4207 0.3637 
4.2001 -1.4528 1.3601 0.4202 0.3552 
4.1601 -1.4399 1.3650 0.4184 0.3891 
4.2001 -1.4528 1.3601 0.4202 0.3552 
4.2101 -1.4398 1.3801 0.4020 0.3451 
4.1501 -1.4446 1.3601 0.4221 0.3980 
4.1601 -1.4399 1.3650 0.4184 0.3891 
4.1701 -1.4327 1.3801 0.4037 0.3797 
4.1701 -1.4327 1.3801 0.4037 0.3797 
4.1601 -1.4399 1.3650 0.4184 0.3891 
4.2101 -1.4398 1.3801 0.4020 0.3451 
4.2101 -1.4766 1.3101 0.4676 0.3497 
4.2201 -1.4747 1.3201 0.4575 0.3408 
4.1901 -1.4680 1.3201 0.4594 0.3658 
4.2401 -1.4726 1.3101 0.4697 0.3242 
4.2201 -1.4747 1.3201 0.4575 0.3408 
4.2101 -1.4766 1.3101 0.4676 0.3497 
4.2401 -1.4726 1.3101 0.4697 0.3242 
4.2601 -1.4824 1.3201 0.4555 0.3078 
4.2201 -1.4747 1.3201 0.4575 0.3408 
4.2201 -1.4747 1.3201 0.4575 0.3408 
4.2101 -1.4607 1.3301 0.4514 0.3481 
4.1901 -1.4680 1.3201 0.4594 0.3658 
4.2601 -1.4824 1.3201 0.4555 0.3078 
4.2401 -1.4688 1.3301 0.4490 0.3231 
4.2201 -1.4747 1.3201 0.4575 0.3408 
4.2601 -1.4824 1.3201 0.4555 0.3078 
4.2601 -1.4531 1.3301 0.4551 0.3049 
4.2401 -1.4688 1.3301 0.4490 0.3231 
4.2101 -1.4607 1.3301 0.4514 0.3481 
4.2201 -1.4747 1.3201 0.4575 0.3408 
4.2201 -1.4474 1.3301 0.4565 0.3388 
4.2201 -1.4747 1.3201 0.4575 0.3408 
4.2401 -1.4688 1.3301 0.4490 0.3231 
4.2201 -1.4474 1.3301 0.4565 0.3388 
4.2601 -1.4531 1.3301 0.4551 0.3049 
4.2501 -1.4626 1.3501 0.4290 0.3133 
4.2401 -1.4688 1.3301 0.4490 0.3231 
4.2001 -1.4586 1.3401 0.4407 0.3562 
4.1901 -1.4507 1.3301 0.4547 0.3647 
4.2101 -1.4607 1.3301 0.4514 0.3481 
4.2201 -1.4474 1.3301 0.4565 0.3388 
4.2201 -1.4548 1.3401 0.4425 0.3388 
4.2101 -1.4607 1.3301 0.4514 0.3481 
4.2001 -1.4586 1.3401 0.4407 0.3562 
4.2101 -1.4607 1.3301 0.4514 0.3481 
4.2101 -1.4535 1.3501 0.4314 0.3470 
4.2201 -1.4548 1.3401 0.4425 0.3388 
4.2301 -1.4628 1.3501 0.4285 0.3304 
4.2101 -1.4535 1.3501 0.4314 0.3470 
4.2201 -1.4548 1.3401 0.4425 0.3388 
4.2101 -1.4535 1.3501 0.4314 0.3470 
4.2101 -1.4607 1.3301 0.4514 0.3481 
4.2401 -1.4688 1.3301 0.4490 0.3231 
4.2501 -1.4626 1.3501 0.4290 0.3133 
4.2301 -1.4628 1.3501 0.4285 0.3304 
4.2001 -1.4586 1.3401 0.4407 0.3562 
4.2101 -1.4535 1.3501 0.4314 0.3470 
4.2001 -1.4528 1.3601 0.4202 0.3552 
4.2201 -1.4548 1.3401 0.4425 0.3388 
4.2201 -1.4474 1.3301 0.4565 0.3388 
4.2301 -1.4628 1.3501 0.4285 0.3304 
4.2201 -1.4474 1.3301 0.4565 0.3388 
4.2401 -1.4688 1.3301 0.4490 0.3231 
4.2301 -1.4628 1.3501 0.4285 0.3304 
4.3001 -1.4603 1.3001 0.4866 0.2731 
4.2701 -1.4764 1.3101 0.4689 0.2994 
4.2801 -1.4575 1.3001 0.4873 0.2897 
4.3001 -1.4603 1.3001 0.4866 0.2731 
4.3001 -1.4746 1.3201 0.4591 0.2735 
4.2701 -1.4764 1.3101 0.4689 0.2994 
4.2401 -1.4726 1.3101 0.4697 0.3242 
4.2701 -1.4764 1.3101 0.4689 0.2994 
4.2601 -1.4824 1.3201 0.4555 0.3078 
4.2792 -1.4799 1.3201 0.4567 0.2916 
4.2601 -1.4824 1.3201 0.4555 0.3078 
4.2701 -1.4764 1.3101 0.4689 0.2994 
4.3001 -1.4746 1.3201 0.4591 0.2735 
4.2792 -1.4799 1.3201 0.4567 0.2916 
4.2701 -1.4764 1.3101 0.4689 0.2994 
4.2701 -1.4805 1.3301 0.4453 0.2988 
4.2601 -1.4824 1.3201 0.4555 0.3078 
4.2792 -1.4799 1.3201 0.4567 0.2916 
4.2891 -1.4599 1.3301 0.4532 0.2808 
4.2792 -1.4799 1.3201 0.4567 0.2916 
4.3001 -1.4746 1.3201 0.4591 0.2735 
4.2891 -1.4599 1.3301 0.4532 0.2808 
4.3001 -1.4746 1.3201 0.4591 0.2735 
4.3001 -1.4803 1.3301 0.4459 0.2736 
4.2701 -1.4805 1.3301 0.4453 0.2988 
4.2601 -1.4531 1.3301 0.4551 0.3049 
4.2601 -1.4824 1.3201 0.4555 0.3078 
4.2701 -1.4805 1.3301 0.4453 0.2988 
4.2792 -1.4799 1.3201 0.4567 0.2916 
4.2801 -1.4480 1.3301 0.4574 0.2873 
4.2792 -1.4799 1.3201 0.4567 0.2916 
4.2891 -1.4599 1.3301 0.4532 0.2808 
4.2801 -1.4480 1.3301 0.4574 0.2873 
4.2701 -1.4640 1.3401 0.4401 0.2969 
4.2601 -1.4531 1.3301 0.4551 0.3049 
4.2701 -1.4805 1.3301 0.4453 0.2988 
4.2891 -1.4599 1.3301 0.4532 0.2808 
4.2901 -1.4599 1.3401 0.4419 0.2794 
4.2901 -1.4599 1.3401 0.4419 0.2794 
4.2891 -1.4599 1.3301 0.4532 0.2808 
4.3001 -1.4803 1.3301 0.4459 0.2736 
4.3001 -1.4599 1.3392 0.4432 0.2710 
4.2891 -1.4599 1.3301 0.4532 0.2808 
4.3001 -1.4599 1.3392 0.4432 0.2710 
4.2901 -1.4599 1.3401 0.4419 0.2794 
4.2901 -1.4599 1.3401 0.4419 0.2794 
4.3001 -1.4599 1.3392 0.4432 0.2710 
4.2901 -1.4599 1.3401 0.4419 0.2794 
4.2801 -1.4480 1.3301 0.4574 0.2873 
4.2701 -1.4640 1.3401 0.4401 0.2969 
4.2701 -1.4805 1.3301 0.4453 0.2988 
4.2901 -1.4599 1.3401 0.4419 0.2794 
4.2801 -1.4480 1.3301 0.4574 0.2873 
4.2891 -1.4599 1.3301 0.4532 0.2808 
4.3001 -1.4599 1.3392 0.4432 0.2710 
4.3001 -1.4578 1.3401 0.4429 0.2707 
4.2901 -1.4599 1.3401 0.4419 0.2794 
4.2601 -1.4531 1.3301 0.4551 0.3049 
4.2701 -1.4677 1.3501 0.4275 0.2967 
4.2501 -1.4626 1.3501 0.4290 0.3133 
4.2601 -1.4531 1.3301 0.4551 0.3049 
4.2701 -1.4640 1.3401 0.4401 0.2969 
4.2701 -1.4677 1.3501 0.4275 0.2967 
4.2701 -1.4677 1.3501 0.4275 0.2967 
4.2701 -1.4640 1.3401 0.4401 0.2969 
4.2901 -1.4571 1.3501 0.4316 0.2786 
4.2901 -1.4599 1.3401 0.4419 0.2794 
4.2901 -1.4599 1.3401 0.4419 0.2794 
4.2901 -1.4599 1.3401 0.4419 0.2794 
4.3001 -1.4578 1.3401 0.4429 0.2707 
4.3101 -1.4552 1.3501 0.4327 0.2613 
4.2901 -1.4571 1.3501 0.4316 0.2786 
4.2901 -1.4599 1.3401 0.4419 0.2794 
4.2901 -1.4599 1.3401 0.4419 0.2794 
4.2901 -1.4599 1.3401 0.4419 0.2794 
4.2701 -1.4640 1.3401 0.4401 0.2969 
4.2801 -1.4480 1.3301 0.4574 0.2873 
4.2901 -1.4571 1.3501 0.4316 0.2786 
4.2901 -1.4599 1.3401 0.4419 0.2794 
4.2901 -1.4599 1.3401 0.4419 0.2794 
4.2901 -1.4571 1.3501 0.4316 0.2786 
4.2901 -1.4599 1.3401 0.4419 0.2794 
4.2901 -1.4571 1.3501 0.4316 0.2786 
4.2801 -1.4480 1.3301 0.4574 0.2873 
4.2901 -1.4599 1.3401 0.4419 0.2794 
4.2901 -1.4599 1.3401 0.4419 0.2794 
4.3001 -1.4578 1.3401 0.4429 0.2707 
4.2901 -1.4599 1.3401 0.4419 0.2794 
4.3001 -1.4578 1.3401 0.4429 0.2707 
4.2901 -1.4571 1.3501 0.4316 0.2786 
4.2101 -1.4535 1.3501 0.4314 0.3470 
4.2301 -1.4628 1.3501 0.4285 0.3304 
4.2201 -1.4568 1.3601 0.4191 0.3382 
4.2501 -1.4626 1.3501 0.4290 0.3133 
4.2201 -1.4568 1.3601 0.4191 0.3382 
4.2301 -1.4628 1.3501 0.4285 0.3304 
4.2101 -1.4535 1.3501 0.4314 0.3470 
4.2201 -1.4568 1.3601 0.4191 0.3382 
4.2001 -1.4528 1.3601 0.4202 0.3552 
4.2201 -1.4568 1.3601 0.4191 0.3382 
4.2501 -1.4626 1.3501 0.4290 0.3133 
4.2401 -1.4499 1.3657 0.4156 0.3203 
4.2101 -1.4398 1.3801 0.4020 0.3451 
4.2001 -1.4528 1.3601 0.4202 0.3552 
4.2201 -1.4568 1.3601 0.4191 0.3382 
4.2301 -1.4425 1.3701 0.4129 0.3282 
4.2101 -1.4398 1.3801 0.4020 0.3451 
4.2201 -1.4568 1.3601 0.4191 0.3382 
4.2401 -1.4499 1.3657 0.4156 0.3203 
4.2301 -1.4425 1.3701 0.4129 0.3282 
4.2201 -1.4568 1.3601 0.4191 0.3382 
4.2401 -1.4499 1.3657 0.4156 0.3203 
4.2501 -1.4626 1.3501 0.4290 0.3133 
4.2701 -1.4677 1.3501 0.4275 0.2967 
4.2701 -1.4599 1.3601 0.4190 0.2955 
4.2401 -1.4499 1.3657 0.4156 0.3203 
4.2701 -1.4677 1.3501 0.4275 0.2967 
4.2901 -1.4571 1.3501 0.4316 0.2786 
4.2701 -1.4599 1.3601 0.4190 0.2955 
4.2701 -1.4677 1.3501 0.4275 0.2967 
4.2901 -1.4571 1.3501 0.4316 0.2786 
4.3001 -1.4501 1.3601 0.4229 0.2688 
4.2701 -1.4599 1.3601 0.4190 0.2955 
4.2901 -1.4571 1.3501 0.4316 0.2786 
4.3101 -1.4552 1.3501 0.4327 0.2613 
4.3001 -1.4501 1.3601 0.4229 0.2688 
4.2401 -1.4314 1.3901 0.3937 0.3178 
4.2301 -1.4425 1.3701 0.4129 0.3282 
4.2401 -1.4499 1.3657 0.4156 0.3203 
4.2101 -1.4398 1.3801 0.4020 0.3451 
4.2301 -1.4425 1.3701 0.4129 0.3282 
4.2401 -1.4314 1.3901 0.3937 0.3178 
4.2401 -1.4314 1.3901 0.3937 0.3178 
4.2401 -1.4499 1.3657 0.4156 0.3203 
4.2501 -1.4350 1.3801 0.4043 0.3098 
4.2701 -1.4599 1.3601 0.4190 0.2955 
4.2901 -1.4396 1.3701 0.4150 0.2758 
4.2401 -1.4499 1.3657 0.4156 0.3203 
4.2901 -1.4396 1.3701 0.4150 0.2758 
4.2701 -1.4599 1.3601 0.4190 0.2955 
4.3001 -1.4501 1.3601 0.4229 0.2688 
4.2401 -1.4499 1.3657 0.4156 0.3203 
4.2901 -1.4396 1.3701 0.4150 0.2758 
4.2501 -1.4350 1.3801 0.4043 0.3098 
4.2501 -1.4350 1.3801 0.4043 0.3098 
4.2901 -1.4396 1.3701 0.4150 0.2758 
4.2801 -1.4283 1.3901 0.3955 0.2823 
4.2801 -1.4283 1.3901 0.3955 0.2823 
4.2901 -1.4396 1.3701 0.4150 0.2758 
4.2901 -1.4399 1.3801 0.4033 0.2753 
4.2901 -1.4199 1.4055 0.3804 0.2717 
4.2701 -1.4212 1.4001 0.3860 0.2899 
4.2801 -1.4227 1.4001 0.3856 0.2812 
4.3223 -1.4499 1.3001 0.4912 0.2532 
4.3201 -1.4507 1.3001 0.4908 0.2551 
4.3201 -1.4499 1.2998 0.4915 0.2551 
4.4392 -1.4499 1.3001 0.4936 0.1551 
4.4301 -1.4555 1.3001 0.4912 0.1636 
4.3995 -1.4499 1.3001 0.4928 0.1880 
4.4601 -1.4579 1.3001 0.4909 0.1395 
4.4501 -1.4550 1.3001 0.4918 0.1471 
4.4415 -1.4499 1.3001 0.4936 0.1532 
4.3001 -1.4746 1.3201 0.4591 0.2735 
4.3001 -1.4603 1.3001 0.4866 0.2731 
4.3001 -1.4803 1.3301 0.4459 0.2736 
4.3001 -1.4603 1.3001 0.4866 0.2731 
4.3301 -1.4684 1.3101 0.4731 0.2482 
4.3301 -1.4751 1.3201 0.4595 0.2484 
4.3001 -1.4803 1.3301 0.4459 0.2736 
4.3001 -1.4603 1.3001 0.4866 0.2731 
4.3301 -1.4751 1.3201 0.4595 0.2484 
4.3601 -1.4625 1.3201 0.4648 0.2216 
4.3301 -1.4684 1.3101 0.4731 0.2482 
4.3701 -1.4614 1.3101 0.4765 0.2137 
4.3301 -1.4751 1.3201 0.4595 0.2484 
4.3201 -1.4798 1.3301 0.4465 0.2567 
4.3001 -1.4803 1.3301 0.4459 0.2736 
4.3273 -1.4699 1.3301 0.4502 0.2495 
4.3201 -1.4798 1.3301 0.4465 0.2567 
4.3301 -1.4751 1.3201 0.4595 0.2484 
4.3273 -1.4699 1.3301 0.4502 0.2495 
4.3301 -1.4751 1.3201 0.4595 0.2484 
4.3401 -1.4578 1.3401 0.4436 0.2366 
4.3301 -1.4751 1.3201 0.4595 0.2484 
4.3301 -1.4684 1.3101 0.4731 0.2482 
4.3401 -1.4578 1.3401 0.4436 0.2366 
4.3501 -1.4666 1.3401 0.4406 0.2293 
4.3401 -1.4578 1.3401 0.4436 0.2366 
4.3601 -1.4625 1.3201 0.4648 0.2216 
4.3601 -1.4625 1.3201 0.4648 0.2216 
4.3401 -1.4578 1.3401 0.4436 0.2366 
4.3301 -1.4684 1.3101 0.4731 0.2482 
4.3201 -1.4546 1.3401 0.4444 0.2533 
4.3001 -1.4599 1.3392 0.4432 0.2710 
4.3201 -1.4798 1.3301 0.4465 0.2567 
4.3201 -1.4798 1.3301 0.4465 0.2567 
4.3001 -1.4599 1.3392 0.4432 0.2710 
4.3001 -1.4803 1.3301 0.4459 0.2736 
4.3273 -1.4699 1.3301 0.4502 0.2495 
4.3201 -1.4546 1.3401 0.4444 0.2533 
4.3201 -1.4798 1.3301 0.4465 0.2567 
4.3201 -1.4546 1.3401 0.4444 0.2533 
4.3273 -1.4699 1.3301 0.4502 0.2495 
4.3301 -1.4560 1.3501 0.4328 0.2443 
4.3401 -1.4578 1.3401 0.4436 0.2366 
4.3501 -1.4666 1.3401 0.4406 0.2293 
4.3401 -1.4601 1.3501 0.4315 0.2363 
4.3101 -1.4552 1.3501 0.4327 0.2613 
4.3001 -1.4578 1.3401 0.4429 0.2707 
4.3001 -1.4599 1.3392 0.4432 0.2710 
4.3201 -1.4546 1.3401 0.4444 0.2533 
4.3301 -1.4560 1.3501 0.4328 0.2443 
4.3001 -1.4599 1.3392 0.4432 0.2710 
4.3001 -1.4599 1.3392 0.4432 0.2710 
4.3301 -1.4560 1.3501 0.4328 0.2443 
4.3101 -1.4552 1.3501 0.4327 0.2613 
4.3301 -1.4560 1.3501 0.4328 0.2443 
4.3273 -1.4699 1.3301 0.4502 0.2495 
4.3401 -1.4578 1.3401 0.4436 0.2366 
4.3401 -1.4601 1.3501 0.4315 0.2363 
4.3301 -1.4560 1.3501 0.4328 0.2443 
4.3401 -1.4578 1.3401 0.4436 0.2366 
4.3701 -1.4614 1.3101 0.4765 0.2137 
4.3701 -1.4620 1.3401 0.4427 0.2118 
4.3601 -1.4625 1.3201 0.4648 0.2216 
4.3701 -1.4620 1.3401 0.4427 0.2118 
4.3701 -1.4614 1.3101 0.4765 0.2137 
4.3801 -1.4664 1.3101 0.4748 0.2060 
4.3601 -1.4625 1.3201 0.4648 0.2216 
4.3701 -1.4620 1.3401 0.4427 0.2118 
4.3501 -1.4666 1.3401 0.4406 0.2293 
4.3801 -1.4619 1.3301 0.4542 0.2040 
4.3701 -1.4620 1.3401 0.4427 0.2118 
4.3801 -1.4664 1.3101 0.4748 0.2060 
4.4001 -1.4417 1.3201 0.4735 0.1848 
4.3801 -1.4619 1.3301 0.4542 0.2040 
4.3801 -1.4664 1.3101 0.4748 0.2060 
4.3701 -1.4620 1.3401 0.4427 0.2118 
4.3401 -1.4601 1.3501 0.4315 0.2363 
4.3501 -1.4666 1.3401 0.4406 0.2293 
4.3801 -1.4619 1.3301 0.4542 0.2040 
4.3801 -1.4582 1.3501 0.4329 0.2021 
4.3701 -1.4620 1.3401 0.4427 0.2118 
4.3401 -1.4601 1.3501 0.4315 0.2363 
4.3701 -1.4620 1.3401 0.4427 0.2118 
4.3601 -1.4526 1.3501 0.4346 0.2183 
4.3601 -1.4526 1.3501 0.4346 0.2183 
4.3701 -1.4620 1.3401 0.4427 0.2118 
4.3801 -1.4582 1.3501 0.4329 0.2021 
4.3801 -1.4619 1.3301 0.4542 0.2040 
4.4101 -1.4474 1.3401 0.4488 0.1758 
4.4001 -1.4654 1.3501 0.4307 0.1864 
4.3801 -1.4582 1.3501 0.4329 0.2021 
4.3801 -1.4619 1.3301 0.4542 0.2040 
4.4001 -1.4654 1.3501 0.4307 0.1864 
4.3001 -1.4501 1.3601 0.4229 0.2688 
4.3101 -1.4552 1.3501 0.4327 0.2613 
4.3201 -1.4573 1.3601 0.4208 0.2524 
4.3301 -1.4560 1.3501 0.4328 0.2443 
4.3201 -1.4573 1.3601 0.4208 0.2524 
4.3101 -1.4552 1.3501 0.4327 0.2613 
4.3401 -1.4499 1.3658 0.4172 0.2340 
4.3301 -1.4560 1.3501 0.4328 0.2443 
4.3401 -1.4601 1.3501 0.4315 0.2363 
4.3501 -1.4499 1.3701 0.4125 0.2251 
4.3401 -1.4499 1.3658 0.4172 0.2340 
4.3401 -1.4601 1.3501 0.4315 0.2363 
4.3601 -1.4526 1.3501 0.4346 0.2183 
4.3601 -1.4518 1.3701 0.4120 0.2168 
4.3401 -1.4601 1.3501 0.4315 0.2363 
4.3601 -1.4526 1.3501 0.4346 0.2183 
4.3801 -1.4573 1.3701 0.4105 0.2005 
4.3601 -1.4518 1.3701 0.4120 0.2168 
4.3801 -1.4582 1.3501 0.4329 0.2021 
4.4101 -1.4547 1.3701 0.4119 0.1747 
4.3601 -1.4526 1.3501 0.4346 0.2183 
4.4101 -1.4547 1.3701 0.4119 0.1747 
4.3801 -1.4582 1.3501 0.4329 0.2021 
4.4001 -1.4654 1.3501 0.4307 0.1864 
4.3501 -1.4499 1.3701 0.4125 0.2251 
4.3601 -1.4518 1.3701 0.4120 0.2168 
4.3501 -1.4499 1.3701 0.4125 0.2251 
4.3501 -1.4499 1.3701 0.4125 0.2251 
4.3401 -1.4601 1.3501 0.4315 0.2363 
4.3601 -1.4518 1.3701 0.4120 0.2168 
4.4101 -1.4547 1.3701 0.4119 0.1747 
4.3801 -1.4573 1.3701 0.4105 0.2005 
4.3601 -1.4526 1.3501 0.4346 0.2183 
4.3601 -1.4458 1.3801 0.4025 0.2153 
4.3601 -1.4518 1.3701 0.4120 0.2168 
4.3801 -1.4573 1.3701 0.4105 0.2005 
4.3901 -1.4485 1.3801 0.4022 0.1900 
4.3601 -1.4458 1.3801 0.4025 0.2153 
4.3801 -1.4573 1.3701 0.4105 0.2005 
4.4101 -1.4547 1.3701 0.4119 0.1747 
4.3901 -1.4485 1.3801 0.4022 0.1900 
4.3801 -1.4573 1.3701 0.4105 0.2005 
4.4101 -1.4432 1.3801 0.4043 0.1721 
4.3801 -1.4528 1.3901 0.3890 0.1985 
4.3901 -1.4485 1.3801 0.4022 0.1900 
4.3001 -1.4501 1.3601 0.4229 0.2688 
4.3201 -1.4573 1.3601 0.4208 0.2524 
4.3201 -1.4399 1.3790 0.4051 0.2492 
4.2901 -1.4396 1.3701 0.4150 0.2758 
4.3001 -1.4501 1.3601 0.4229 0.2688 
4.3201 -1.4399 1.3790 0.4051 0.2492 
4.3201 -1.4573 1.3601 0.4208 0.2524 
4.3301 -1.4560 1.3501 0.4328 0.2443 
4.3401 -1.4499 1.3658 0.4172 0.2340 
4.3201 -1.4399 1.3790 0.4051 0.2492 
4.3201 -1.4573 1.3601 0.4208 0.2524 
4.3401 -1.4499 1.3658 0.4172 0.2340 
4.3401 -1.4499 1.3658 0.4172 0.2340 
4.3501 -1.4499 1.3701 0.4125 0.2251 
4.3501 -1.4499 1.3701 0.4125 0.2251 
4.3201 -1.4399 1.3790 0.4051 0.2492 
4.3301 -1.4399 1.3801 0.4040 0.2405 
4.3301 -1.4399 1.3801 0.4040 0.2405 
4.3201 -1.4399 1.3790 0.4051 0.2492 
4.3401 -1.4499 1.3658 0.4172 0.2340 
4.3301 -1.4399 1.3801 0.4040 0.2405 
4.3501 -1.4499 1.3701 0.4125 0.2251 
4.3601 -1.4458 1.3801 0.4025 0.2153 
4.3401 -1.4499 1.3658 0.4172 0.2340 
4.3401 -1.4499 1.3658 0.4172 0.2340 
4.3601 -1.4458 1.3801 0.4025 0.2153 
4.3301 -1.4399 1.3801 0.4040 0.2405 
4.2901 -1.4399 1.3801 0.4033 0.2753 
4.2901 -1.4396 1.3701 0.4150 0.2758 
4.3201 -1.4399 1.3790 0.4051 0.2492 
4.3301 -1.4399 1.3801 0.4040 0.2405 
4.3301 -1.4399 1.3801 0.4040 0.2405 
4.3301 -1.4399 1.3801 0.4040 0.2405 
4.3301 -1.4399 1.3801 0.4040 0.2405 
4.3401 -1.4408 1.3901 0.3923 0.2312 
4.3301 -1.4353 1.3901 0.3940 0.2392 
4.3301 -1.4399 1.3801 0.4040 0.2405 
4.3301 -1.4399 1.3801 0.4040 0.2405 
4.3401 -1.4408 1.3901 0.3923 0.2312 
4.3601 -1.4458 1.3801 0.4025 0.2153 
4.3401 -1.4408 1.3901 0.3923 0.2312 
4.3301 -1.4399 1.3801 0.4040 0.2405 
4.3201 -1.4399 1.3790 0.4051 0.2492 
4.3301 -1.4353 1.3901 0.3940 0.2392 
4.2901 -1.4399 1.3801 0.4033 0.2753 
4.2901 -1.4399 1.3801 0.4033 0.2753 
4.3301 -1.4353 1.3901 0.3940 0.2392 
4.2801 -1.4283 1.3901 0.3955 0.2823 
4.3301 -1.4399 1.3801 0.4040 0.2405 
4.3301 -1.4399 1.3801 0.4040 0.2405 
4.3301 -1.4353 1.3901 0.3940 0.2392 
4.3301 -1.4399 1.3801 0.4040 0.2405 
4.3301 -1.4353 1.3901 0.3940 0.2392 
4.3201 -1.4399 1.3790 0.4051 0.2492 
4.3501 -1.4499 1.3701 0.4125 0.2251 
4.3501 -1.4499 1.3701 0.4125 0.2251 
4.3501 -1.4499 1.3701 0.4125 0.2251 
4.3501 -1.4499 1.3701 0.4125 0.2251 
4.3601 -1.4518 1.3701 0.4120 0.2168 
4.3601 -1.4458 1.3801 0.4025 0.2153 
4.3501 -1.4499 1.3701 0.4125 0.2251 
4.3601 -1.4458 1.3801 0.4025 0.2153 
4.3501 -1.4499 1.3701 0.4125 0.2251 
4.3901 -1.4485 1.3801 0.4022 0.1900 
4.4101 -1.4547 1.3701 0.4119 0.1747 
4.4101 -1.4432 1.3801 0.4043 0.1721 
4.3601 -1.4458 1.3801 0.4025 0.2153 
4.3801 -1.4528 1.3901 0.3890 0.1985 
4.3401 -1.4408 1.3901 0.3923 0.2312 
4.3901 -1.4485 1.3801 0.4022 0.1900 
4.3801 -1.4528 1.3901 0.3890 0.1985 
4.3601 -1.4458 1.3801 0.4025 0.2153 
4.4401 -1.4631 1.3101 0.4773 0.1559 
4.4001 -1.4417 1.3201 0.4735 0.1848 
4.3801 -1.4664 1.3101 0.4748 0.2060 
4.4401 -1.4631 1.3101 0.4773 0.1559 
4.4501 -1.4590 1.3301 0.4566 0.1454 
4.4401 -1.4530 1.3201 0.4699 0.1533 
4.4401 -1.4631 1.3101 0.4773 0.1559 
4.4601 -1.4681 1.3101 0.4757 0.1405 
4.4501 -1.4590 1.3301 0.4566 0.1454 
4.4401 -1.4530 1.3201 0.4699 0.1533 
4.4001 -1.4417 1.3201 0.4735 0.1848 
4.4401 -1.4631 1.3101 0.4773 0.1559 
4.4101 -1.4521 1.3301 0.4584 0.1773 
4.4401 -1.4530 1.3201 0.4699 0.1533 
4.4201 -1.4626 1.3301 0.4547 0.1707 
4.4401 -1.4530 1.3201 0.4699 0.1533 
4.4401 -1.4648 1.3301 0.4542 0.1546 
4.4201 -1.4626 1.3301 0.4547 0.1707 
4.4501 -1.4590 1.3301 0.4566 0.1454 
4.4401 -1.4648 1.3301 0.4542 0.1546 
4.4401 -1.4530 1.3201 0.4699 0.1533 
4.4401 -1.4648 1.3301 0.4542 0.1546 
4.4401 -1.4599 1.3401 0.4448 0.1529 
4.4201 -1.4626 1.3301 0.4547 0.1707 
4.4201 -1.4626 1.3301 0.4547 0.1707 
4.4401 -1.4599 1.3401 0.4448 0.1529 
4.4301 -1.4622 1.3401 0.4437 0.1616 
4.4401 -1.4599 1.3401 0.4448 0.1529 
4.4401 -1.4648 1.3301 0.4542 0.1546 
4.4501 -1.4590 1.3301 0.4566 0.1454 
4.4401 -1.4599 1.3401 0.4448 0.1529 
4.4401 -1.4648 1.3301 0.4542 0.1546 
4.4401 -1.4599 1.3401 0.4448 0.1529 
4.4101 -1.4474 1.3401 0.4488 0.1758 
4.3801 -1.4619 1.3301 0.4542 0.2040 
4.4101 -1.4521 1.3301 0.4584 0.1773 
4.4101 -1.4521 1.3301 0.4584 0.1773 
4.4201 -1.4626 1.3301 0.4547 0.1707 
4.4301 -1.4622 1.3401 0.4437 0.1616 
4.4101 -1.4521 1.3301 0.4584 0.1773 
4.4301 -1.4622 1.3401 0.4437 0.1616 
4.4101 -1.4474 1.3401 0.4488 0.1758 
4.4501 -1.4590 1.3301 0.4566 0.1454 
4.4501 -1.4594 1.3401 0.4451 0.1447 
4.4401 -1.4599 1.3401 0.4448 0.1529 
4.4401 -1.4599 1.3501 0.4334 0.1522 
4.4401 -1.4599 1.3401 0.4448 0.1529 
4.4401 -1.4599 1.3401 0.4448 0.1529 
4.4401 -1.4599 1.3501 0.4334 0.1522 
4.4301 -1.4622 1.3401 0.4437 0.1616 
4.4401 -1.4599 1.3401 0.4448 0.1529 
4.4401 -1.4599 1.3401 0.4448 0.1529 
4.4401 -1.4599 1.3401 0.4448 0.1529 
4.4401 -1.4599 1.3401 0.4448 0.1529 
4.4401 -1.4599 1.3401 0.4448 0.1529 
4.4401 -1.4599 1.3401 0.4448 0.1529 
4.4501 -1.4594 1.3401 0.4451 0.1447 
4.4401 -1.4599 1.3401 0.4448 0.1529 
4.4501 -1.4594 1.3401 0.4451 0.1447 
4.4401 -1.4599 1.3501 0.4334 0.1522 
4.4601 -1.4681 1.3101 0.4757 0.1405 
4.5101 -1.4615 1.3001 0.4905 0.1012 
4.4901 -1.4646 1.3101 0.4777 0.1161 
4.4601 -1.4681 1.3101 0.4757 0.1405 
4.4801 -1.4629 1.3201 0.4670 0.1228 
4.4501 -1.4590 1.3301 0.4566 0.1454 
4.4601 -1.4681 1.3101 0.4757 0.1405 
4.4901 -1.4646 1.3101 0.4777 0.1161 
4.4801 -1.4629 1.3201 0.4670 0.1228 
4.4901 -1.4646 1.3101 0.4777 0.1161 
4.5101 -1.4669 1.3301 0.4548 0.0997 
4.4801 -1.4629 1.3201 0.4670 0.1228 
4.4801 -1.4629 1.3201 0.4670 0.1228 
4.4501 -1.4594 1.3401 0.4451 0.1447 
4.4501 -1.4590 1.3301 0.4566 0.1454 
4.4801 -1.4629 1.3201 0.4670 0.1228 
4.5001 -1.4616 1.3501 0.4340 0.1045 
4.4501 -1.4594 1.3401 0.4451 0.1447 
4.5101 -1.4669 1.3301 0.4548 0.0997 
4.5001 -1.4616 1.3501 0.4340 0.1045 
4.4801 -1.4629 1.3201 0.4670 0.1228 
4.4501 -1.4594 1.3401 0.4451 0.1447 
4.5001 -1.4616 1.3501 0.4340 0.1045 
4.4401 -1.4599 1.3501 0.4334 0.1522 
4.3801 -1.4619 1.3301 0.4542 0.2040 
4.4001 -1.4417 1.3201 0.4735 0.1848 
4.4101 -1.4521 1.3301 0.4584 0.1773 
4.4101 -1.4521 1.3301 0.4584 0.1773 
4.4001 -1.4417 1.3201 0.4735 0.1848 
4.4401 -1.4530 1.3201 0.4699 0.1533 
4.4301 -1.4622 1.3401 0.4437 0.1616 
4.4401 -1.4599 1.3501 0.4334 0.1522 
4.4301 -1.4542 1.3601 0.4239 0.1587 
4.4401 -1.4599 1.3501 0.4334 0.1522 
4.5001 -1.4616 1.3501 0.4340 0.1045 
4.4301 -1.4542 1.3601 0.4239 0.1587 
4.4301 -1.4542 1.3601 0.4239 0.1587 
4.5001 -1.4616 1.3501 0.4340 0.1045 
4.4901 -1.4463 1.3701 0.4163 0.1076 
4.5101 -1.4615 1.3001 0.4905 0.1012 
4.5101 -1.4607 1.3101 0.4796 0.1002 
4.4901 -1.4646 1.3101 0.4777 0.1161 
4.5401 -1.4632 1.3001 0.4904 0.0803 
4.5401 -1.4697 1.3101 0.4767 0.0807 
4.5301 -1.4591 1.3101 0.4806 0.0855 
4.5401 -1.4697 1.3101 0.4767 0.0807 
4.5301 -1.4696 1.3301 0.4542 0.0858 
4.5301 -1.4591 1.3101 0.4806 0.0855 
4.5301 -1.4591 1.3101 0.4806 0.0855 
4.5301 -1.4696 1.3301 0.4542 0.0858 
4.5101 -1.4607 1.3101 0.4796 0.1002 
4.5401 -1.4697 1.3101 0.4767 0.0807 
4.5501 -1.4744 1.3301 0.4528 0.0737 
4.5301 -1.4696 1.3301 0.4542 0.0858 
4.5101 -1.4607 1.3101 0.4796 0.1002 
4.5101 -1.4669 1.3301 0.4548 0.0997 
4.4901 -1.4646 1.3101 0.4777 0.1161 
4.5301 -1.4696 1.3301 0.4542 0.0858 
4.5101 -1.4669 1.3301 0.4548 0.0997 
4.5101 -1.4607 1.3101 0.4796 0.1002 
4.5501 -1.4654 1.3201 0.4674 0.0728 
4.5501 -1.4744 1.3301 0.4528 0.0737 
4.5401 -1.4697 1.3101 0.4767 0.0807 
4.5301 -1.4696 1.3301 0.4542 0.0858 
4.5501 -1.4744 1.3301 0.4528 0.0737 
4.5301 -1.4621 1.3401 0.4457 0.0837 
4.5101 -1.4669 1.3301 0.4548 0.0997 
4.5301 -1.4696 1.3301 0.4542 0.0858 
4.5001 -1.4616 1.3501 0.4340 0.1045 
4.5201 -1.4553 1.3601 0.4252 0.0877 
4.5001 -1.4616 1.3501 0.4340 0.1045 
4.5301 -1.4696 1.3301 0.4542 0.0858 
4.5301 -1.4621 1.3401 0.4457 0.0837 
4.5201 -1.4553 1.3601 0.4252 0.0877 
4.5301 -1.4696 1.3301 0.4542 0.0858 
4.5301 -1.4621 1.3401 0.4457 0.0837 
4.5501 -1.4744 1.3301 0.4528 0.0737 
4.5401 -1.4606 1.3601 0.4236 0.0752 
4.5701 -1.4797 1.3101 0.4735 0.0647 
4.5401 -1.4697 1.3101 0.4767 0.0807 
4.5401 -1.4632 1.3001 0.4904 0.0803 
4.5401 -1.4632 1.3001 0.4904 0.0803 
4.5701 -1.4754 1.3001 0.4862 0.0647 
4.5701 -1.4797 1.3101 0.4735 0.0647 
4.5701 -1.4797 1.3101 0.4735 0.0647 
4.5501 -1.4654 1.3201 0.4674 0.0728 
4.5401 -1.4697 1.3101 0.4767 0.0807 
4.5601 -1.4524 1.3201 0.4726 0.0651 
4.5501 -1.4654 1.3201 0.4674 0.0728 
4.5701 -1.4797 1.3101 0.4735 0.0647 
4.5601 -1.4524 1.3201 0.4726 0.0651 
4.5701 -1.4797 1.3101 0.4735 0.0647 
4.5801 -1.4775 1.3201 0.4634 0.0593 
4.5801 -1.4849 1.3401 0.4383 0.0592 
4.5701 -1.4808 1.3301 0.4508 0.0636 
4.5801 -1.4775 1.3201 0.4634 0.0593 
4.5501 -1.4654 1.3201 0.4674 0.0728 
4.5601 -1.4524 1.3201 0.4726 0.0651 
4.5501 -1.4744 1.3301 0.4528 0.0737 
4.5701 -1.4808 1.3301 0.4508 0.0636 
4.5501 -1.4744 1.3301 0.4528 0.0737 
4.5601 -1.4524 1.3201 0.4726 0.0651 
4.5601 -1.4524 1.3201 0.4726 0.0651 
4.5801 -1.4775 1.3201 0.4634 0.0593 
4.5701 -1.4808 1.3301 0.4508 0.0636 
4.5701 -1.4808 1.3301 0.4508 0.0636 
4.5801 -1.4849 1.3401 0.4383 0.0592 
4.5501 -1.4744 1.3301 0.4528 0.0737 
4.5801 -1.4775 1.3201 0.4634 0.0593 
4.5901 -1.4799 1.3440 0.4359 0.0552 
4.5801 -1.4849 1.3401 0.4383 0.0592 
4.6001 -1.4806 1.3401 0.4403 0.0534 
4.5901 -1.4799 1.3440 0.4359 0.0552 
4.5801 -1.4775 1.3201 0.4634 0.0593 
4.5901 -1.4799 1.3440 0.4359 0.0552 
4.6001 -1.4799 1.3501 0.4293 0.0532 
4.6001 -1.4799 1.3501 0.4293 0.0532 
4.5901 -1.4799 1.3440 0.4359 0.0552 
4.6001 -1.4806 1.3401 0.4403 0.0534 
4.6001 -1.4799 1.3501 0.4293 0.0532 
4.5501 -1.4744 1.3301 0.4528 0.0737 
4.5801 -1.4849 1.3401 0.4383 0.0592 
4.5401 -1.4606 1.3601 0.4236 0.0752 
4.5401 -1.4606 1.3601 0.4236 0.0752 
4.5201 -1.4553 1.3601 0.4252 0.0877 
4.5301 -1.4621 1.3401 0.4457 0.0837 
4.6001 -1.4799 1.3501 0.4293 0.0532 
4.6001 -1.4799 1.3501 0.4293 0.0532 
4.6001 -1.4799 1.3501 0.4293 0.0532 
4.6001 -1.4743 1.3601 0.4199 0.0529 
4.5401 -1.4606 1.3601 0.4236 0.0752 
4.5801 -1.4849 1.3401 0.4383 0.0592 
4.5801 -1.4849 1.3401 0.4383 0.0592 
4.5901 -1.4799 1.3440 0.4359 0.0552 
4.6001 -1.4743 1.3601 0.4199 0.0529 
4.6001 -1.4799 1.3501 0.4293 0.0532 
4.6001 -1.4799 1.3501 0.4293 0.0532 
4.6001 -1.4743 1.3601 0.4199 0.0529 
4.6001 -1.4799 1.3501 0.4293 0.0532 
4.6001 -1.4743 1.3601 0.4199 0.0529 
4.5901 -1.4799 1.3440 0.4359 0.0552 
4.4901 -1.4463 1.3701 0.4163 0.1076 
4.5001 -1.4616 1.3501 0.4340 0.1045 
4.5201 -1.4553 1.3601 0.4252 0.0877 
4.6001 -1.4799 1.3501 0.4293 0.0532 
4.6001 -1.4806 1.3401 0.4403 0.0534 
4.6001 -1.4799 1.3501 0.4293 0.0532 
4.6001 -1.4799 1.3501 0.4293 0.0532 
4.6001 -1.4799 1.3501 0.4293 0.0532 
4.6001 -1.4799 1.3501 0.4293 0.0532 
4.2201 -0.5799 1.7501 0.0735 0.1360 
4.2201 -0.5799 1.7501 0.0735 0.1360 
4.2201 -0.5799 1.7501 0.0735 0.1360 
4.2201 -0.5799 1.7501 0.0735 0.1360 
4.2201 -0.5799 1.7501 0.0735 0.1360 
4.2201 -0.5799 1.7501 0.0735 0.1360 
4.2501 -0.5869 1.7201 0.1315 0.0811 
4.2601 -0.5826 1.7301 0.1054 0.0606 
4.2401 -0.5931 1.7401 0.0816 0.1001 
4.2501 -0.5869 1.7201 0.1315 0.0811 
4.2601 -0.5952 1.7201 0.1287 0.0676 
4.2601 -0.5826 1.7301 0.1054 0.0606 
4.2701 -0.5949 1.7101 0.1585 0.0566 
4.2601 -0.5952 1.7201 0.1287 0.0676 
4.2501 -0.5869 1.7201 0.1315 0.0811 
4.2701 -0.5949 1.7101 0.1585 0.0566 
4.2501 -0.5869 1.7201 0.1315 0.0811 
4.2608 -0.5899 1.7001 0.1916 0.0680 
4.2801 -0.5973 1.7001 0.1883 0.0527 
4.2701 -0.5949 1.7101 0.1585 0.0566 
4.2608 -0.5899 1.7001 0.1916 0.0680 
4.2201 -0.5799 1.7501 0.0735 0.1360 
4.2201 -0.5799 1.7501 0.0735 0.1360 
4.2201 -0.5799 1.7501 0.0735 0.1360 
4.2201 -0.5799 1.7501 0.0735 0.1360 
4.2201 -0.5799 1.7501 0.0735 0.1360 
4.2201 -0.5799 1.7501 0.0735 0.1360 
4.2301 -0.5805 1.7501 0.0734 0.1129 
4.2401 -0.5931 1.7401 0.0816 0.1001 
4.2501 -0.5839 1.7501 0.0734 0.0729 
4.2201 -0.5799 1.7501 0.0735 0.1360 
4.2201 -0.5808 1.7401 0.0833 0.1389 
4.2301 -0.5805 1.7501 0.0734 0.1129 
4.2201 -0.5799 1.7501 0.0735 0.1360 
4.2301 -0.5805 1.7501 0.0734 0.1129 
4.2201 -0.5799 1.7501 0.0735 0.1360 
4.2201 -0.5799 1.7501 0.0735 0.1360 
4.2201 -0.5808 1.7401 0.0833 0.1389 
4.2201 -0.5799 1.7501 0.0735 0.1360 
4.2001 -0.5888 1.7101 0.1596 0.1971 
4.2201 -0.5799 1.7501 0.0735 0.1360 
4.2001 -0.5807 1.7501 0.0734 0.1852 
4.2201 -0.5808 1.7401 0.0833 0.1389 
4.2201 -0.5799 1.7501 0.0735 0.1360 
4.2001 -0.5888 1.7101 0.1596 0.1971 
4.2501 -0.5869 1.7201 0.1315 0.0811 
4.2401 -0.5931 1.7401 0.0816 0.1001 
4.2301 -0.5835 1.7201 0.1324 0.1219 
4.2301 -0.5835 1.7201 0.1324 0.1219 
4.2401 -0.5931 1.7401 0.0816 0.1001 
4.2301 -0.5805 1.7501 0.0734 0.1129 
4.2201 -0.5808 1.7401 0.0833 0.1389 
4.2301 -0.5835 1.7201 0.1324 0.1219 
4.2301 -0.5805 1.7501 0.0734 0.1129 
4.2201 -0.5808 1.7401 0.0833 0.1389 
4.2201 -0.5949 1.7201 0.1280 0.1508 
4.2301 -0.5835 1.7201 0.1324 0.1219 
4.2001 -0.5888 1.7101 0.1596 0.1971 
4.2201 -0.5949 1.7201 0.1280 0.1508 
4.2201 -0.5808 1.7401 0.0833 0.1389 
4.2301 -0.5908 1.7001 0.1903 0.1304 
4.2501 -0.5869 1.7201 0.1315 0.0811 
4.2301 -0.5835 1.7201 0.1324 0.1219 
4.2301 -0.5908 1.7001 0.1903 0.1304 
4.2301 -0.5835 1.7201 0.1324 0.1219 
4.2201 -0.5949 1.7201 0.1280 0.1508 
4.2608 -0.5899 1.7001 0.1916 0.0680 
4.2501 -0.5869 1.7201 0.1315 0.0811 
4.2301 -0.5908 1.7001 0.1903 0.1304 
4.2201 -0.5949 1.7201 0.1280 0.1508 
4.2201 -0.5984 1.7001 0.1862 0.1569 
4.2301 -0.5908 1.7001 0.1903 0.1304 
4.2201 -0.5984 1.7001 0.1862 0.1569 
4.2201 -0.5949 1.7201 0.1280 0.1508 
4.2001 -0.5888 1.7101 0.1596 0.1971 
4.2201 -0.5984 1.7001 0.1862 0.1569 
4.2001 -0.5888 1.7101 0.1596 0.1971 
4.2001 -0.5883 1.6901 0.2223 0.2009 
4.2001 -0.5888 1.7101 0.1596 0.1971 
4.2001 -0.5807 1.7501 0.0734 0.1852 
4.1801 -0.5823 1.7301 0.1043 0.2392 
4.1801 -0.5956 1.7401 0.0809 0.2422 
4.1801 -0.5823 1.7301 0.1043 0.2392 
4.2001 -0.5807 1.7501 0.0734 0.1852 
4.1701 -0.5861 1.7301 0.1031 0.2651 
4.1801 -0.5823 1.7301 0.1043 0.2392 
4.1801 -0.5956 1.7401 0.0809 0.2422 
4.1701 -0.5852 1.7101 0.1605 0.2680 
4.1801 -0.5823 1.7301 0.1043 0.2392 
4.1701 -0.5861 1.7301 0.1031 0.2651 
4.1601 -0.5862 1.7201 0.1300 0.2911 
4.1701 -0.5861 1.7301 0.1031 0.2651 
4.1601 -0.5815 1.7401 0.0827 0.2870 
4.1701 -0.5852 1.7101 0.1605 0.2680 
4.1701 -0.5861 1.7301 0.1031 0.2651 
4.1601 -0.5862 1.7201 0.1300 0.2911 
4.1701 -0.5852 1.7101 0.1605 0.2680 
4.2001 -0.5888 1.7101 0.1596 0.1971 
4.1801 -0.5823 1.7301 0.1043 0.2392 
4.1501 -0.5882 1.7001 0.1895 0.3184 
4.1701 -0.5852 1.7101 0.1605 0.2680 
4.1601 -0.5862 1.7201 0.1300 0.2911 
4.1801 -0.5872 1.7001 0.1909 0.2461 
4.2001 -0.5888 1.7101 0.1596 0.1971 
4.1701 -0.5852 1.7101 0.1605 0.2680 
4.1801 -0.5872 1.7001 0.1909 0.2461 
4.1701 -0.5852 1.7101 0.1605 0.2680 
4.1701 -0.5986 1.7001 0.1848 0.2735 
4.1501 -0.5882 1.7001 0.1895 0.3184 
4.1701 -0.5986 1.7001 0.1848 0.2735 
4.1701 -0.5852 1.7101 0.1605 0.2680 
4.1401 -0.5831 1.7501 0.0734 0.3360 
4.1201 -0.5813 1.7501 0.0734 0.3859 
4.0801 -0.5857 1.7401 0.0815 0.4859 
4.1301 -0.5847 1.7301 0.1030 0.3632 
4.1601 -0.5815 1.7401 0.0827 0.2870 
4.1401 -0.5831 1.7501 0.0734 0.3360 
4.1601 -0.5862 1.7201 0.1300 0.2911 
4.1601 -0.5815 1.7401 0.0827 0.2870 
4.1301 -0.5847 1.7301 0.1030 0.3632 
4.1301 -0.5847 1.7301 0.1030 0.3632 
4.1401 -0.5831 1.7501 0.0734 0.3360 
4.1001 -0.5868 1.7201 0.1287 0.4375 
4.1001 -0.5868 1.7201 0.1287 0.4375 
4.1401 -0.5831 1.7501 0.0734 0.3360 
4.0801 -0.5857 1.7401 0.0815 0.4859 
4.1301 -0.5942 1.7201 0.1266 0.3653 
4.1301 -0.5847 1.7301 0.1030 0.3632 
4.1001 -0.5868 1.7201 0.1287 0.4375 
4.1601 -0.5862 1.7201 0.1300 0.2911 
4.1301 -0.5847 1.7301 0.1030 0.3632 
4.1501 -0.5958 1.7201 0.1264 0.3176 
4.1301 -0.5847 1.7301 0.1030 0.3632 
4.1301 -0.5942 1.7201 0.1266 0.3653 
4.1501 -0.5958 1.7201 0.1264 0.3176 
4.1101 -0.5901 1.7101 0.1570 0.4138 
4.1501 -0.5958 1.7201 0.1264 0.3176 
4.1301 -0.5942 1.7201 0.1266 0.3653 
4.1001 -0.5868 1.7201 0.1287 0.4375 
4.1101 -0.5901 1.7101 0.1570 0.4138 
4.1301 -0.5942 1.7201 0.1266 0.3653 
4.1001 -0.5899 1.7101 0.1568 0.4379 
4.1101 -0.5901 1.7101 0.1570 0.4138 
4.1001 -0.5868 1.7201 0.1287 0.4375 
4.1101 -0.5901 1.7101 0.1570 0.4138 
4.1001 -0.5899 1.7101 0.1568 0.4379 
4.1001 -0.5899 1.7101 0.1568 0.4379 
4.1601 -0.5862 1.7201 0.1300 0.2911 
4.1401 -0.5884 1.6901 0.2204 0.3435 
4.1501 -0.5882 1.7001 0.1895 0.3184 
4.1501 -0.5958 1.7201 0.1264 0.3176 
4.1401 -0.5884 1.6901 0.2204 0.3435 
4.1601 -0.5862 1.7201 0.1300 0.2911 
4.1501 -0.5958 1.7201 0.1264 0.3176 
4.1101 -0.5901 1.7101 0.1570 0.4138 
4.1401 -0.5884 1.6901 0.2204 0.3435 
4.2401 -0.5199 1.6423 0.4417 0.0829 
4.2501 -0.5099 1.6641 0.3751 0.0567 
4.2601 -0.5199 1.6489 0.4196 0.0532 
4.2401 -0.5042 1.6601 0.3952 0.0699 
4.2101 -0.5499 1.6621 0.3422 0.1653 
4.2201 -0.5088 1.6601 0.3891 0.1182 
4.2201 -0.5107 1.6501 0.4232 0.1220 
4.2301 -0.5121 1.6501 0.4222 0.0986 
4.2401 -0.5042 1.6601 0.3952 0.0699 
4.2201 -0.5088 1.6601 0.3891 0.1182 
4.2201 -0.5107 1.6501 0.4232 0.1220 
4.2401 -0.5042 1.6601 0.3952 0.0699 
4.2201 -0.5088 1.6601 0.3891 0.1182 
4.2101 -0.5499 1.6621 0.3422 0.1653 
4.2101 -0.5499 1.6556 0.3640 0.1667 
4.2201 -0.5107 1.6501 0.4232 0.1220 
4.2201 -0.5088 1.6601 0.3891 0.1182 
4.2101 -0.5499 1.6556 0.3640 0.1667 
4.2101 -0.5499 1.6621 0.3422 0.1653 
4.2001 -0.5982 1.6601 0.3096 0.2105 
4.2101 -0.5499 1.6556 0.3640 0.1667 
4.2601 -0.5699 1.6663 0.3139 0.0666 
4.2601 -0.5499 1.6577 0.3595 0.0600 
4.2701 -0.5599 1.6654 0.3255 0.0533 
4.2601 -0.5499 1.6577 0.3595 0.0600 
4.2601 -0.5699 1.6663 0.3139 0.0666 
4.2501 -0.5499 1.6658 0.3317 0.0740 
4.2501 -0.5599 1.6548 0.3597 0.0817 
4.2501 -0.5499 1.6658 0.3317 0.0740 
4.2601 -0.5699 1.6663 0.3139 0.0666 
4.2501 -0.5599 1.6548 0.3597 0.0817 
4.2601 -0.5699 1.6663 0.3139 0.0666 
4.2501 -0.5799 1.6551 0.3415 0.0922 
4.2601 -0.5699 1.6663 0.3139 0.0666 
4.2601 -0.5799 1.6656 0.3084 0.0714 
4.2501 -0.5799 1.6551 0.3415 0.0922 
4.2701 -0.5499 1.6466 0.3972 0.0531 
4.2701 -0.5599 1.6654 0.3255 0.0533 
4.2601 -0.5499 1.6577 0.3595 0.0600 
4.2701 -0.5699 1.6506 0.3653 0.0566 
4.2601 -0.5699 1.6663 0.3139 0.0666 
4.2701 -0.5599 1.6654 0.3255 0.0533 
4.2601 -0.5799 1.6656 0.3084 0.0714 
4.2601 -0.5699 1.6663 0.3139 0.0666 
4.2701 -0.5699 1.6506 0.3653 0.0566 
4.2501 -0.5799 1.6551 0.3415 0.0922 
4.2601 -0.5799 1.6656 0.3084 0.0714 
4.2701 -0.5899 1.6442 0.3681 0.0645 
4.2501 -0.5599 1.6548 0.3597 0.0817 
4.2401 -0.5599 1.6545 0.3602 0.1025 
4.2501 -0.5499 1.6658 0.3317 0.0740 
4.2401 -0.5599 1.6545 0.3602 0.1025 
4.2301 -0.5599 1.6664 0.3203 0.1220 
4.2501 -0.5499 1.6658 0.3317 0.0740 
4.2101 -0.5699 1.6664 0.3115 0.1740 
4.2501 -0.5499 1.6658 0.3317 0.0740 
4.2301 -0.5599 1.6664 0.3203 0.1220 
4.2101 -0.5699 1.6664 0.3115 0.1740 
4.2101 -0.5499 1.6546 0.3676 0.1670 
4.2501 -0.5499 1.6658 0.3317 0.0740 
4.2401 -0.5599 1.6545 0.3602 0.1025 
4.2501 -0.5599 1.6548 0.3597 0.0817 
4.2401 -0.5699 1.6666 0.3119 0.1050 
4.2401 -0.5599 1.6545 0.3602 0.1025 
4.2401 -0.5699 1.6666 0.3119 0.1050 
4.2301 -0.5599 1.6664 0.3203 0.1220 
4.2301 -0.5599 1.6664 0.3203 0.1220 
4.2201 -0.5699 1.6585 0.3376 0.1522 
4.2101 -0.5699 1.6664 0.3115 0.1740 
4.2001 -0.5699 1.6658 0.3131 0.1979 
4.2001 -0.5599 1.6509 0.3701 0.1966 
4.2101 -0.5699 1.6664 0.3115 0.1740 
4.2001 -0.5599 1.6509 0.3701 0.1966 
4.2101 -0.5499 1.6546 0.3676 0.1670 
4.2101 -0.5699 1.6664 0.3115 0.1740 
4.2101 -0.5499 1.6546 0.3676 0.1670 
4.2001 -0.5599 1.6509 0.3701 0.1966 
4.2001 -0.5499 1.6664 0.3275 0.1890 
4.2501 -0.5599 1.6548 0.3597 0.0817 
4.2501 -0.5799 1.6551 0.3415 0.0922 
4.2401 -0.5699 1.6666 0.3119 0.1050 
4.2501 -0.5799 1.6551 0.3415 0.0922 
4.2201 -0.5799 1.6586 0.3290 0.1571 
4.2301 -0.5599 1.6664 0.3203 0.1220 
4.2401 -0.5699 1.6666 0.3119 0.1050 
4.2501 -0.5799 1.6551 0.3415 0.0922 
4.2301 -0.5599 1.6664 0.3203 0.1220 
4.2301 -0.5599 1.6664 0.3203 0.1220 
4.2201 -0.5799 1.6586 0.3290 0.1571 
4.2201 -0.5699 1.6585 0.3376 0.1522 
4.2001 -0.5699 1.6658 0.3131 0.1979 
4.2101 -0.5699 1.6664 0.3115 0.1740 
4.2201 -0.5699 1.6585 0.3376 0.1522 
4.2201 -0.5799 1.6586 0.3290 0.1571 
4.2201 -0.5899 1.6439 0.3669 0.1649 
4.2201 -0.5699 1.6585 0.3376 0.1522 
4.2401 -0.5199 1.6423 0.4417 0.0829 
4.2601 -0.5199 1.6489 0.4196 0.0532 
4.2501 -0.5220 1.6501 0.4126 0.0638 
4.2401 -0.5299 1.6401 0.4381 0.0892 
4.2401 -0.5199 1.6423 0.4417 0.0829 
4.2401 -0.5299 1.6401 0.4381 0.0892 
4.2501 -0.5220 1.6501 0.4126 0.0638 
4.2471 -0.5299 1.6501 0.4041 0.0727 
4.2401 -0.5299 1.6401 0.4381 0.0892 
4.2501 -0.5220 1.6501 0.4126 0.0638 
4.2401 -0.5299 1.6401 0.4381 0.0892 
4.2401 -0.5199 1.6423 0.4417 0.0829 
4.2401 -0.5338 1.6501 0.3997 0.0889 
4.2401 -0.5299 1.6401 0.4381 0.0892 
4.2471 -0.5299 1.6501 0.4041 0.0727 
4.2471 -0.5299 1.6501 0.4041 0.0727 
4.2401 -0.5299 1.6401 0.4381 0.0892 
4.2401 -0.5299 1.6401 0.4381 0.0892 
4.2401 -0.5299 1.6401 0.4381 0.0892 
4.2401 -0.5338 1.6501 0.3997 0.0889 
4.2401 -0.5299 1.6401 0.4381 0.0892 
4.2401 -0.5299 1.6401 0.4381 0.0892 
4.2401 -0.5338 1.6501 0.3997 0.0889 
4.2362 -0.5299 1.6501 0.4035 0.0953 
4.2401 -0.5299 1.6401 0.4381 0.0892 
4.2401 -0.5299 1.6401 0.4381 0.0892 
4.2401 -0.5299 1.6401 0.4381 0.0892 
4.2401 -0.5299 1.6401 0.4381 0.0892 
4.2401 -0.5299 1.6401 0.4381 0.0892 
4.2401 -0.5299 1.6401 0.4381 0.0892 
4.2401 -0.5299 1.6401 0.4381 0.0892 
4.2401 -0.5299 1.6401 0.4381 0.0892 
4.2401 -0.5299 1.6401 0.4381 0.0892 
4.2201 -0.5899 1.6439 0.3669 0.1649 
4.2501 -0.5799 1.6551 0.3415 0.0922 
4.2701 -0.5899 1.6442 0.3681 0.0645 
4.2201 -0.5799 1.6586 0.3290 0.1571 
4.2501 -0.5799 1.6551 0.3415 0.0922 
4.2201 -0.5899 1.6439 0.3669 0.1649 
4.2001 -0.5699 1.6658 0.3131 0.1979 
4.2201 -0.5699 1.6585 0.3376 0.1522 
4.2201 -0.5899 1.6439 0.3669 0.1649 
4.2001 -0.5899 1.6433 0.3678 0.2104 
4.2001 -0.5699 1.6658 0.3131 0.1979 
4.2201 -0.5899 1.6439 0.3669 0.1649 
4.2701 -0.5899 1.6442 0.3681 0.0645 
4.2401 -0.5999 1.6465 0.3517 0.1254 
4.2201 -0.5899 1.6439 0.3669 0.1649 
4.2401 -0.5999 1.6465 0.3517 0.1254 
4.2101 -0.5999 1.6451 0.3547 0.1914 
4.2201 -0.5899 1.6439 0.3669 0.1649 
4.2001 -0.5899 1.6433 0.3678 0.2104 
4.2101 -0.5999 1.6451 0.3547 0.1914 
4.1901 -0.5999 1.6439 0.3574 0.2366 
4.2001 -0.5899 1.6433 0.3678 0.2104 
4.2201 -0.5899 1.6439 0.3669 0.1649 
4.2101 -0.5999 1.6451 0.3547 0.1914 
4.1801 -0.5102 1.6501 0.4214 0.2264 
4.2101 -0.5499 1.6556 0.3640 0.1667 
4.1801 -0.6035 1.6601 0.3050 0.2578 
4.2101 -0.5499 1.6556 0.3640 0.1667 
4.2001 -0.5982 1.6601 0.3096 0.2105 
4.1801 -0.6035 1.6601 0.3050 0.2578 
4.1701 -0.5099 1.6604 0.3843 0.2511 
4.1501 -0.5099 1.6566 0.3967 0.3059 
4.1593 -0.5999 1.6501 0.3373 0.3055 
4.1501 -0.5099 1.6566 0.3967 0.3059 
4.1501 -0.5568 1.6501 0.3732 0.3179 
4.1593 -0.5999 1.6501 0.3373 0.3055 
4.1501 -0.5099 1.6566 0.3967 0.3059 
4.1301 -0.5099 1.6610 0.3799 0.3595 
4.1301 -0.5499 1.6557 0.3599 0.3657 
4.1301 -0.5499 1.6557 0.3599 0.3657 
4.1301 -0.5099 1.6610 0.3799 0.3595 
4.1257 -0.5499 1.6601 0.3452 0.3763 
4.2001 -0.5888 1.7101 0.1596 0.1971 
4.1801 -0.5872 1.7001 0.1909 0.2461 
4.1901 -0.5877 1.6801 0.2540 0.2261 
4.1701 -0.5899 1.6901 0.2205 0.2724 
4.1901 -0.5877 1.6801 0.2540 0.2261 
4.1801 -0.5872 1.7001 0.1909 0.2461 
4.2001 -0.5888 1.7101 0.1596 0.1971 
4.1901 -0.5877 1.6801 0.2540 0.2261 
4.2001 -0.5883 1.6901 0.2223 0.2009 
4.1701 -0.5986 1.7001 0.1848 0.2735 
4.1701 -0.5899 1.6901 0.2205 0.2724 
4.1801 -0.5872 1.7001 0.1909 0.2461 
4.1701 -0.5899 1.6901 0.2205 0.2724 
4.1701 -0.5986 1.7001 0.1848 0.2735 
4.1501 -0.5882 1.7001 0.1895 0.3184 
4.1501 -0.5900 1.6801 0.2512 0.3212 
4.1701 -0.5899 1.6901 0.2205 0.2724 
4.1501 -0.5882 1.7001 0.1895 0.3184 
4.1901 -0.5877 1.6801 0.2540 0.2261 
4.2001 -0.5972 1.6801 0.2483 0.2064 
4.2001 -0.5883 1.6901 0.2223 0.2009 
4.1501 -0.5900 1.6801 0.2512 0.3212 
4.1901 -0.5877 1.6801 0.2540 0.2261 
4.1701 -0.5899 1.6901 0.2205 0.2724 
4.1901 -0.5877 1.6801 0.2540 0.2261 
4.1901 -0.5994 1.6701 0.2775 0.2320 
4.2001 -0.5972 1.6801 0.2483 0.2064 
4.1901 -0.5877 1.6801 0.2540 0.2261 
4.1701 -0.6012 1.6701 0.2756 0.2785 
4.1901 -0.5994 1.6701 0.2775 0.2320 
4.1501 -0.5999 1.6698 0.2768 0.3243 
4.1901 -0.5877 1.6801 0.2540 0.2261 
4.1501 -0.5900 1.6801 0.2512 0.3212 
4.1501 -0.5999 1.6698 0.2768 0.3243 
4.1701 -0.6012 1.6701 0.2756 0.2785 
4.1901 -0.5877 1.6801 0.2540 0.2261 
4.1701 -0.5099 1.6604 0.3843 0.2511 
4.1801 -0.6035 1.6601 0.3050 0.2578 
4.1701 -0.6012 1.6701 0.2756 0.2785 
4.1701 -0.6012 1.6701 0.2756 0.2785 
4.1501 -0.5999 1.6698 0.2768 0.3243 
4.1701 -0.5099 1.6604 0.3843 0.2511 
4.1901 -0.5994 1.6701 0.2775 0.2320 
4.2001 -0.5982 1.6601 0.3096 0.2105 
4.2001 -0.5972 1.6801 0.2483 0.2064 
4.1701 -0.5099 1.6604 0.3843 0.2511 
4.1801 -0.5102 1.6501 0.4214 0.2264 
4.1801 -0.6035 1.6601 0.3050 0.2578 
4.1801 -0.5102 1.6501 0.4214 0.2264 
4.1701 -0.5099 1.6604 0.3843 0.2511 
4.1701 -0.5999 1.6501 0.3377 0.2809 
4.1701 -0.5099 1.6604 0.3843 0.2511 
4.1593 -0.5999 1.6501 0.3373 0.3055 
4.1701 -0.5999 1.6501 0.3377 0.2809 
4.1201 -0.5952 1.6801 0.2469 0.3924 
4.1401 -0.5884 1.6901 0.2204 0.3435 
4.1101 -0.5901 1.7101 0.1570 0.4138 
4.1301 -0.5945 1.6801 0.2477 0.3689 
4.1501 -0.5900 1.6801 0.2512 0.3212 
4.1501 -0.5882 1.7001 0.1895 0.3184 
4.1401 -0.5884 1.6901 0.2204 0.3435 
4.1301 -0.5945 1.6801 0.2477 0.3689 
4.1501 -0.5882 1.7001 0.1895 0.3184 
4.1201 -0.5952 1.6801 0.2469 0.3924 
4.1301 -0.5945 1.6801 0.2477 0.3689 
4.1401 -0.5884 1.6901 0.2204 0.3435 
4.1101 -0.5901 1.7101 0.1570 0.4138 
4.1101 -0.5921 1.6701 0.2796 0.4162 
4.1201 -0.5952 1.6801 0.2469 0.3924 
4.1401 -0.5899 1.6701 0.2823 0.3458 
4.1501 -0.5900 1.6801 0.2512 0.3212 
4.1301 -0.5945 1.6801 0.2477 0.3689 
4.1501 -0.5999 1.6698 0.2768 0.3243 
4.1501 -0.5900 1.6801 0.2512 0.3212 
4.1401 -0.5899 1.6701 0.2823 0.3458 
4.1401 -0.5899 1.6701 0.2823 0.3458 
4.1401 -0.5899 1.6701 0.2823 0.3458 
4.1301 -0.5945 1.6801 0.2477 0.3689 
4.1401 -0.5899 1.6701 0.2823 0.3458 
4.1301 -0.5945 1.6801 0.2477 0.3689 
4.1301 -0.5892 1.6701 0.2824 0.3692 
4.1301 -0.5892 1.6701 0.2824 0.3692 
4.1301 -0.5945 1.6801 0.2477 0.3689 
4.1201 -0.5952 1.6801 0.2469 0.3924 
4.1301 -0.5099 1.6610 0.3799 0.3595 
4.1301 -0.5892 1.6701 0.2824 0.3692 
4.1257 -0.5499 1.6601 0.3452 0.3763 
4.1701 -0.5099 1.6604 0.3843 0.2511 
4.1501 -0.5999 1.6698 0.2768 0.3243 
4.1301 -0.5099 1.6610 0.3799 0.3595 
4.1501 -0.5999 1.6698 0.2768 0.3243 
4.1401 -0.5899 1.6701 0.2823 0.3458 
4.1301 -0.5099 1.6610 0.3799 0.3595 
4.1301 -0.5099 1.6610 0.3799 0.3595 
4.1401 -0.5899 1.6701 0.2823 0.3458 
4.1301 -0.5892 1.6701 0.2824 0.3692 
4.1301 -0.5892 1.6701 0.2824 0.3692 
4.1401 -0.5899 1.6701 0.2823 0.3458 
4.1401 -0.5899 1.6701 0.2823 0.3458 
4.1401 -0.5899 1.6701 0.2823 0.3458 
4.1401 -0.5899 1.6701 0.2823 0.3458 
4.1501 -0.5999 1.6698 0.2768 0.3243 
4.1401 -0.5899 1.6701 0.2823 0.3458 
4.1401 -0.5899 1.6701 0.2823 0.3458 
4.1401 -0.5899 1.6701 0.2823 0.3458 
4.1301 -0.5892 1.6701 0.2824 0.3692 
4.1201 -0.5952 1.6801 0.2469 0.3924 
4.1201 -0.6045 1.6601 0.3020 0.3944 
4.1257 -0.5499 1.6601 0.3452 0.3763 
4.1301 -0.5892 1.6701 0.2824 0.3692 
4.1201 -0.6045 1.6601 0.3020 0.3944 
4.1501 -0.5568 1.6501 0.3732 0.3179 
4.1501 -0.5099 1.6566 0.3967 0.3059 
4.1401 -0.6012 1.6501 0.3355 0.3495 
4.1501 -0.5099 1.6566 0.3967 0.3059 
4.1301 -0.5499 1.6557 0.3599 0.3657 
4.1401 -0.6012 1.6501 0.3355 0.3495 
4.1301 -0.5499 1.6557 0.3599 0.3657 
4.1257 -0.5499 1.6601 0.3452 0.3763 
4.1201 -0.5557 1.6501 0.3728 0.3915 
4.1001 -0.5153 1.6501 0.4114 0.4413 
4.1101 -0.5926 1.6501 0.3410 0.4173 
4.1001 -0.6020 1.6601 0.3031 0.4398 
4.1257 -0.5499 1.6601 0.3452 0.3763 
4.1201 -0.6045 1.6601 0.3020 0.3944 
4.1201 -0.5557 1.6501 0.3728 0.3915 
4.1201 -0.5557 1.6501 0.3728 0.3915 
4.1401 -0.6012 1.6501 0.3355 0.3495 
4.1301 -0.5499 1.6557 0.3599 0.3657 
4.1201 -0.5557 1.6501 0.3728 0.3915 
4.1201 -0.6045 1.6601 0.3020 0.3944 
4.1101 -0.5926 1.6501 0.3410 0.4173 
4.1801 -0.5294 1.6501 0.4011 0.2341 
4.1822 -0.5299 1.6501 0.4007 0.2289 
4.1801 -0.5299 1.6492 0.4035 0.2345 
4.1801 -0.5299 1.6492 0.4035 0.2345 
4.1780 -0.5299 1.6501 0.4004 0.2396 
4.1801 -0.5294 1.6501 0.4011 0.2341 
4.1592 -0.5299 1.6501 0.3994 0.2883 
4.1612 -0.5299 1.6501 0.3995 0.2831 
4.1601 -0.5299 1.6497 0.4009 0.2860 
4.1822 -0.5299 1.6501 0.4007 0.2289 
4.1780 -0.5299 1.6501 0.4004 0.2396 
4.1801 -0.5299 1.6492 0.4035 0.2345 
4.1612 -0.5299 1.6501 0.3995 0.2831 
4.1601 -0.5308 1.6501 0.3986 0.2862 
4.1601 -0.5299 1.6497 0.4009 0.2860 
4.1601 -0.5299 1.6497 0.4009 0.2860 
4.1601 -0.5308 1.6501 0.3986 0.2862 
4.1592 -0.5299 1.6501 0.3994 0.2883 
4.1401 -0.5299 1.6501 0.3984 0.3377 
4.1401 -0.5299 1.6501 0.3984 0.3377 
4.1401 -0.5299 1.6501 0.3984 0.3377 
4.1401 -0.5299 1.6501 0.3984 0.3377 
4.1301 -0.5299 1.6501 0.3979 0.3635 
4.1401 -0.5299 1.6501 0.3984 0.3377 
4.1401 -0.5299 1.6501 0.3984 0.3377 
4.1401 -0.5299 1.6501 0.3984 0.3377 
4.1401 -0.5299 1.6501 0.3984 0.3377 
4.1401 -0.5299 1.6501 0.3984 0.3377 
4.1401 -0.5299 1.6501 0.3984 0.3377 
4.1301 -0.5299 1.6501 0.3979 0.3635 
4.1201 -0.5369 1.6501 0.3905 0.3900 
4.1201 -0.5424 1.6501 0.3851 0.3905 
4.1201 -0.5399 1.6483 0.3936 0.3904 
4.1201 -0.5399 1.6483 0.3936 0.3904 
4.1119 -0.5399 1.6501 0.3871 0.4111 
4.1201 -0.5369 1.6501 0.3905 0.3900 
4.1201 -0.5399 1.6483 0.3936 0.3904 
4.1201 -0.5424 1.6501 0.3851 0.3905 
4.1119 -0.5399 1.6501 0.3871 0.4111 
4.1501 -0.5736 1.6501 0.3584 0.3214 
4.1559 -0.5799 1.6501 0.3533 0.3090 
4.1501 -0.5799 1.6429 0.3757 0.3235 
4.1801 -0.5868 1.6501 0.3486 0.2542 
4.2001 -0.5699 1.6658 0.3131 0.1979 
4.2001 -0.5899 1.6433 0.3678 0.2104 
4.1501 -0.5899 1.6435 0.3651 0.3254 
4.1501 -0.5799 1.6429 0.3757 0.3235 
4.1559 -0.5799 1.6501 0.3533 0.3090 
4.2001 -0.5899 1.6433 0.3678 0.2104 
4.1901 -0.5999 1.6439 0.3574 0.2366 
4.1801 -0.5868 1.6501 0.3486 0.2542 
4.1801 -0.5868 1.6501 0.3486 0.2542 
4.1901 -0.5999 1.6439 0.3574 0.2366 
4.1601 -0.5974 1.6501 0.3392 0.3032 
4.1301 -0.5599 1.6465 0.3811 0.3678 
4.1257 -0.5599 1.6501 0.3692 0.3782 
4.1301 -0.5557 1.6501 0.3732 0.3669 
4.1068 -0.5599 1.6501 0.3683 0.4244 
4.1137 -0.5599 1.6501 0.3686 0.4074 
4.1101 -0.5599 1.6475 0.3769 0.4164 
4.1301 -0.5557 1.6501 0.3732 0.3669 
4.1301 -0.5642 1.6501 0.3656 0.3680 
4.1301 -0.5599 1.6465 0.3811 0.3678 
4.1301 -0.5599 1.6465 0.3811 0.3678 
4.1301 -0.5642 1.6501 0.3656 0.3680 
4.1257 -0.5599 1.6501 0.3692 0.3782 
4.1137 -0.5599 1.6501 0.3686 0.4074 
4.1101 -0.5666 1.6501 0.3626 0.4165 
4.1101 -0.5599 1.6475 0.3769 0.4164 
4.1101 -0.5599 1.6475 0.3769 0.4164 
4.1101 -0.5666 1.6501 0.3626 0.4165 
4.1068 -0.5599 1.6501 0.3683 0.4244 
4.1501 -0.5799 1.6429 0.3757 0.3235 
4.1501 -0.5899 1.6435 0.3651 0.3254 
4.1501 -0.5736 1.6501 0.3584 0.3214 
4.1001 -0.5999 1.6453 0.3493 0.4404 
4.1001 -0.5966 1.6501 0.3374 0.4403 
4.1101 -0.5812 1.6501 0.3502 0.4170 
4.1301 -0.5953 1.6501 0.3397 0.3715 
4.1401 -0.5934 1.6501 0.3416 0.3483 
4.1401 -0.5999 1.6413 0.3631 0.3501 
4.2801 -0.5999 1.6827 0.2412 0.0534 
4.2701 -0.5999 1.6851 0.2332 0.0616 
4.2701 -0.6015 1.6801 0.2478 0.0630 
4.2701 -0.5999 1.6753 0.2638 0.0632 
4.2701 -0.6015 1.6801 0.2478 0.0630 
4.2701 -0.5999 1.6851 0.2332 0.0616 
4.2801 -0.5999 1.6827 0.2412 0.0534 
4.2701 -0.6015 1.6801 0.2478 0.0630 
4.2701 -0.5999 1.6753 0.2638 0.0632 
4.2001 -0.5982 1.6601 0.3096 0.2105 
4.1901 -0.5994 1.6701 0.2775 0.2320 
4.1801 -0.6035 1.6601 0.3050 0.2578 
4.1901 -0.5994 1.6701 0.2775 0.2320 
4.1701 -0.6012 1.6701 0.2756 0.2785 
4.1801 -0.6035 1.6601 0.3050 0.2578 
4.1101 -0.5921 1.6701 0.2796 0.4162 
4.1201 -0.6045 1.6601 0.3020 0.3944 
4.1201 -0.5952 1.6801 0.2469 0.3924 
4.1001 -0.6020 1.6601 0.3031 0.4398 
4.1201 -0.6045 1.6601 0.3020 0.3944 
4.1101 -0.5921 1.6701 0.2796 0.4162 
4.1201 -0.6045 1.6601 0.3020 0.3944 
4.1001 -0.6020 1.6601 0.3031 0.4398 
4.1101 -0.5926 1.6501 0.3410 0.4173 
4.0701 -0.5857 1.7301 0.1019 0.5105 
4.0801 -0.5857 1.7401 0.0815 0.4859 
4.0501 -0.5844 1.7401 0.0815 0.5600 
4.0701 -0.5857 1.7301 0.1019 0.5105 
4.0501 -0.5844 1.7401 0.0815 0.5600 
4.0501 -0.5886 1.7301 0.1009 0.5586 
4.0701 -0.5857 1.7301 0.1019 0.5105 
4.1001 -0.5868 1.7201 0.1287 0.4375 
4.0801 -0.5857 1.7401 0.0815 0.4859 
4.0601 -0.5845 1.7201 0.1287 0.5349 
4.0701 -0.5857 1.7301 0.1019 0.5105 
4.0501 -0.5886 1.7301 0.1009 0.5586 
4.0601 -0.5845 1.7201 0.1287 0.5349 
4.0789 -0.5999 1.7101 0.1521 0.4878 
4.0701 -0.5857 1.7301 0.1019 0.5105 
4.1001 -0.5899 1.7101 0.1568 0.4379 
4.1001 -0.5868 1.7201 0.1287 0.4375 
4.0921 -0.5899 1.7001 0.1871 0.4574 
4.1001 -0.5899 1.7101 0.1568 0.4379 
4.1001 -0.5899 1.7101 0.1568 0.4379 
4.1001 -0.5868 1.7201 0.1287 0.4375 
4.0701 -0.5857 1.7301 0.1019 0.5105 
4.0921 -0.5899 1.7001 0.1871 0.4574 
4.1001 -0.5868 1.7201 0.1287 0.4375 
4.0648 -0.5899 1.7101 0.1560 0.5224 
4.0601 -0.5845 1.7201 0.1287 0.5349 
4.0401 -0.5899 1.7069 0.1651 0.5813 
4.1001 -0.5899 1.7101 0.1568 0.4379 
4.1001 -0.5899 1.7101 0.1568 0.4379 
4.1001 -0.5899 1.7101 0.1568 0.4379 
4.0921 -0.5899 1.7001 0.1871 0.4574 
4.0701 -0.5857 1.7301 0.1019 0.5105 
4.0789 -0.5999 1.7101 0.1521 0.4878 
4.0648 -0.5899 1.7101 0.1560 0.5224 
4.0789 -0.5999 1.7101 0.1521 0.4878 
4.0601 -0.5845 1.7201 0.1287 0.5349 
4.0401 -0.5899 1.7069 0.1651 0.5813 
4.0801 -0.5910 1.7001 0.1862 0.4859 
4.0648 -0.5899 1.7101 0.1560 0.5224 
4.1101 -0.5901 1.7101 0.1570 0.4138 
4.1001 -0.5899 1.7101 0.1568 0.4379 
4.0921 -0.5899 1.7001 0.1871 0.4574 
4.0921 -0.5899 1.7001 0.1871 0.4574 
4.1001 -0.5899 1.7101 0.1568 0.4379 
4.1001 -0.5899 1.7101 0.1568 0.4379 
4.0801 -0.5910 1.7001 0.1862 0.4859 
4.0921 -0.5899 1.7001 0.1871 0.4574 
4.0789 -0.5999 1.7101 0.1521 0.4878 
4.0801 -0.5910 1.7001 0.1862 0.4859 
4.0789 -0.5999 1.7101 0.1521 0.4878 
4.0648 -0.5899 1.7101 0.1560 0.5224 
4.0501 -0.5886 1.7301 0.1009 0.5586 
4.0501 -0.5844 1.7401 0.0815 0.5600 
4.0301 -0.5883 1.7201 0.1268 0.6064 
4.0401 -0.5899 1.7069 0.1651 0.5813 
4.0601 -0.5845 1.7201 0.1287 0.5349 
4.0501 -0.5886 1.7301 0.1009 0.5586 
4.0301 -0.5883 1.7201 0.1268 0.6064 
4.0401 -0.5899 1.7069 0.1651 0.5813 
4.0501 -0.5886 1.7301 0.1009 0.5586 
4.0101 -0.5896 1.7101 0.1549 0.6529 
4.0301 -0.5883 1.7201 0.1268 0.6064 
4.0101 -0.5903 1.7301 0.0999 0.6546 
4.0093 -0.5899 1.7101 0.1548 0.6547 
4.0101 -0.5896 1.7101 0.1549 0.6529 
4.0101 -0.5903 1.7301 0.0999 0.6546 
4.0301 -0.5883 1.7201 0.1268 0.6064 
4.0301 -0.6025 1.7101 0.1500 0.6014 
4.0401 -0.5899 1.7069 0.1651 0.5813 
4.0301 -0.6025 1.7101 0.1500 0.6014 
4.0301 -0.5883 1.7201 0.1268 0.6064 
4.0101 -0.5896 1.7101 0.1549 0.6529 
4.0101 -0.5896 1.7101 0.1549 0.6529 
4.0101 -0.5899 1.7001 0.1850 0.6518 
4.0101 -0.5899 1.7001 0.1850 0.6518 
4.0101 -0.5899 1.7001 0.1850 0.6518 
4.0101 -0.5899 1.7001 0.1850 0.6518 
4.0093 -0.5899 1.7101 0.1548 0.6547 
4.0101 -0.5899 1.7001 0.1850 0.6518 
4.0101 -0.5896 1.7101 0.1549 0.6529 
4.0093 -0.5899 1.7101 0.1548 0.6547 
4.0401 -0.5899 1.7069 0.1651 0.5813 
4.0201 -0.5909 1.7001 0.1847 0.6278 
4.0101 -0.5926 1.6901 0.2142 0.6498 
4.0401 -0.5899 1.7069 0.1651 0.5813 
4.0301 -0.6025 1.7101 0.1500 0.6014 
4.0201 -0.5909 1.7001 0.1847 0.6278 
4.0301 -0.6025 1.7101 0.1500 0.6014 
4.0101 -0.5896 1.7101 0.1549 0.6529 
4.0201 -0.5909 1.7001 0.1847 0.6278 
4.0201 -0.5909 1.7001 0.1847 0.6278 
4.0101 -0.5896 1.7101 0.1549 0.6529 
4.0101 -0.5899 1.7001 0.1850 0.6518 
4.0093 -0.5899 1.7101 0.1548 0.6547 
4.0101 -0.5926 1.6901 0.2142 0.6498 
4.0101 -0.5899 1.7001 0.1850 0.6518 
3.9801 -0.5892 1.7401 0.0804 0.7285 
3.9801 -0.5849 1.7301 0.1009 0.7293 
3.9801 -0.5919 1.7201 0.1247 0.7241 
3.9801 -0.5892 1.7401 0.0804 0.7285 
3.9801 -0.5919 1.7201 0.1247 0.7241 
4.0101 -0.5903 1.7301 0.0999 0.6546 
3.9601 -0.5934 1.7201 0.1238 0.7705 
3.9801 -0.5919 1.7201 0.1247 0.7241 
3.9801 -0.5849 1.7301 0.1009 0.7293 
3.9601 -0.5934 1.7201 0.1238 0.7705 
3.9801 -0.5849 1.7301 0.1009 0.7293 
3.9601 -0.5964 1.7301 0.0978 0.7704 
3.9901 -0.5981 1.7101 0.1509 0.6962 
4.0101 -0.5903 1.7301 0.0999 0.6546 
3.9801 -0.5919 1.7201 0.1247 0.7241 
4.0093 -0.5899 1.7101 0.1548 0.6547 
4.0101 -0.5903 1.7301 0.0999 0.6546 
3.9901 -0.5981 1.7101 0.1509 0.6962 
3.9801 -0.5925 1.7001 0.1829 0.7209 
4.0093 -0.5899 1.7101 0.1548 0.6547 
3.9901 -0.5981 1.7101 0.1509 0.6962 
4.0101 -0.5926 1.6901 0.2142 0.6498 
4.0093 -0.5899 1.7101 0.1548 0.6547 
3.9801 -0.5925 1.7001 0.1829 0.7209 
3.9801 -0.5925 1.7001 0.1829 0.7209 
3.9901 -0.5981 1.7101 0.1509 0.6962 
3.9801 -0.5919 1.7201 0.1247 0.7241 
3.9801 -0.5925 1.7001 0.1829 0.7209 
3.9801 -0.5919 1.7201 0.1247 0.7241 
3.9601 -0.5934 1.7201 0.1238 0.7705 
3.9801 -0.5925 1.7001 0.1829 0.7209 
3.9601 -0.5934 1.7201 0.1238 0.7705 
3.9501 -0.5955 1.7101 0.1511 0.7907 
3.9301 -0.5912 1.7301 0.0987 0.8447 
3.9601 -0.5964 1.7301 0.0978 0.7704 
3.9401 -0.5893 1.7401 0.0801 0.8245 
3.8901 -0.5956 1.7201 0.1219 0.9322 
3.9101 -0.5915 1.7201 0.1236 0.8891 
3.8801 -0.5996 1.7401 0.0786 0.9574 
3.9601 -0.5964 1.7301 0.0978 0.7704 
3.9301 -0.5912 1.7301 0.0987 0.8447 
3.9601 -0.5934 1.7201 0.1238 0.7705 
3.9101 -0.5915 1.7201 0.1236 0.8891 
3.9301 -0.6036 1.7201 0.1200 0.8335 
3.9301 -0.5912 1.7301 0.0987 0.8447 
3.9601 -0.5934 1.7201 0.1238 0.7705 
3.9301 -0.5912 1.7301 0.0987 0.8447 
3.9501 -0.5955 1.7101 0.1511 0.7907 
3.9501 -0.5955 1.7101 0.1511 0.7907 
3.9301 -0.5912 1.7301 0.0987 0.8447 
3.9301 -0.6036 1.7201 0.1200 0.8335 
3.9301 -0.5924 1.7001 0.1817 0.8372 
3.9101 -0.5915 1.7201 0.1236 0.8891 
3.9001 -0.5970 1.7001 0.1788 0.9026 
3.9301 -0.6036 1.7201 0.1200 0.8335 
3.9101 -0.5915 1.7201 0.1236 0.8891 
3.9301 -0.5924 1.7001 0.1817 0.8372 
3.9001 -0.5970 1.7001 0.1788 0.9026 
3.9101 -0.5915 1.7201 0.1236 0.8891 
3.8901 -0.5956 1.7201 0.1219 0.9322 
3.9301 -0.6036 1.7201 0.1200 0.8335 
3.9301 -0.5924 1.7001 0.1817 0.8372 
3.9501 -0.5955 1.7101 0.1511 0.7907 
4.0701 -0.5099 1.6556 0.3960 0.5218 
4.0801 -0.5153 1.6501 0.4103 0.4943 
4.0701 -0.5099 1.6605 0.3785 0.5219 
4.0801 -0.5153 1.6501 0.4103 0.4943 
4.0701 -0.5099 1.6556 0.3960 0.5218 
4.0201 -0.5179 1.6501 0.4044 0.6514 
4.0801 -0.6053 1.6601 0.3000 0.4850 
4.0701 -0.5099 1.6605 0.3785 0.5219 
4.0801 -0.5153 1.6501 0.4103 0.4943 
4.0031 -0.5099 1.6601 0.3765 0.7014 
4.0201 -0.5099 1.6602 0.3769 0.6560 
4.0101 -0.5140 1.6701 0.3373 0.6819 
4.0701 -0.5099 1.6605 0.3785 0.5219 
4.0401 -0.6077 1.6701 0.2669 0.5750 
4.0201 -0.5099 1.6602 0.3769 0.6560 
4.0031 -0.5099 1.6601 0.3765 0.7014 
4.0201 -0.5179 1.6501 0.4044 0.6514 
4.0701 -0.5099 1.6556 0.3960 0.5218 
4.0031 -0.5099 1.6601 0.3765 0.7014 
4.0101 -0.5199 1.6551 0.3844 0.6771 
4.0201 -0.5179 1.6501 0.4044 0.6514 
4.0201 -0.5179 1.6501 0.4044 0.6514 
4.0101 -0.5199 1.6551 0.3844 0.6771 
4.0101 -0.5758 1.6501 0.3504 0.6524 
4.0101 -0.5758 1.6501 0.3504 0.6524 
4.0101 -0.5199 1.6551 0.3844 0.6771 
3.9901 -0.5999 1.6506 0.3289 0.6883 
4.0921 -0.5899 1.7001 0.1871 0.4574 
4.1101 -0.5921 1.6701 0.2796 0.4162 
4.1101 -0.5901 1.7101 0.1570 0.4138 
4.0801 -0.5910 1.7001 0.1862 0.4859 
4.0801 -0.5927 1.6801 0.2472 0.4859 
4.0921 -0.5899 1.7001 0.1871 0.4574 
4.0701 -0.5952 1.6901 0.2145 0.5090 
4.0801 -0.5927 1.6801 0.2472 0.4859 
4.0801 -0.5910 1.7001 0.1862 0.4859 
4.0701 -0.5952 1.6901 0.2145 0.5090 
4.0801 -0.5910 1.7001 0.1862 0.4859 
4.0401 -0.5899 1.7069 0.1651 0.5813 
4.0801 -0.6051 1.6701 0.2699 0.4849 
4.1101 -0.5921 1.6701 0.2796 0.4162 
4.0921 -0.5899 1.7001 0.1871 0.4574 
4.0801 -0.6051 1.6701 0.2699 0.4849 
4.0921 -0.5899 1.7001 0.1871 0.4574 
4.0801 -0.5927 1.6801 0.2472 0.4859 
4.0701 -0.5952 1.6901 0.2145 0.5090 
4.0801 -0.6051 1.6701 0.2699 0.4849 
4.0801 -0.5927 1.6801 0.2472 0.4859 
4.0501 -0.5910 1.6801 0.2473 0.5563 
4.0601 -0.6033 1.6701 0.2704 0.5306 
4.0701 -0.5952 1.6901 0.2145 0.5090 
4.0801 -0.6051 1.6701 0.2699 0.4849 
4.1001 -0.6020 1.6601 0.3031 0.4398 
4.1101 -0.5921 1.6701 0.2796 0.4162 
4.0501 -0.5910 1.6801 0.2473 0.5563 
4.0501 -0.5901 1.6701 0.2789 0.5561 
4.0601 -0.6033 1.6701 0.2704 0.5306 
4.0701 -0.5099 1.6605 0.3785 0.5219 
4.0601 -0.6033 1.6701 0.2704 0.5306 
4.0501 -0.5901 1.6701 0.2789 0.5561 
4.0701 -0.5099 1.6605 0.3785 0.5219 
4.0801 -0.6053 1.6601 0.3000 0.4850 
4.0701 -0.6032 1.6701 0.2709 0.5079 
4.0701 -0.5099 1.6605 0.3785 0.5219 
4.0701 -0.6032 1.6701 0.2709 0.5079 
4.0601 -0.6033 1.6701 0.2704 0.5306 
4.1001 -0.5153 1.6501 0.4114 0.4413 
4.1001 -0.6020 1.6601 0.3031 0.4398 
4.0801 -0.5153 1.6501 0.4103 0.4943 
4.1001 -0.6020 1.6601 0.3031 0.4398 
4.0801 -0.6053 1.6601 0.3000 0.4850 
4.0801 -0.5153 1.6501 0.4103 0.4943 
4.0101 -0.5899 1.7001 0.1850 0.6518 
4.0101 -0.5899 1.7001 0.1850 0.6518 
4.0101 -0.5899 1.7001 0.1850 0.6518 
4.0101 -0.5899 1.7001 0.1850 0.6518 
4.0101 -0.5899 1.7001 0.1850 0.6518 
4.0101 -0.5899 1.7001 0.1850 0.6518 
4.0701 -0.5952 1.6901 0.2145 0.5090 
4.0401 -0.5899 1.7069 0.1651 0.5813 
4.0101 -0.5926 1.6901 0.2142 0.6498 
4.0101 -0.5899 1.7001 0.1850 0.6518 
4.0101 -0.5926 1.6901 0.2142 0.6498 
4.0201 -0.5909 1.7001 0.1847 0.6278 
4.0101 -0.5899 1.7001 0.1850 0.6518 
4.0201 -0.5909 1.7001 0.1847 0.6278 
4.0101 -0.5899 1.7001 0.1850 0.6518 
4.0101 -0.5899 1.7001 0.1850 0.6518 
4.0101 -0.5926 1.6901 0.2142 0.6498 
4.0101 -0.5899 1.7001 0.1850 0.6518 
4.0501 -0.5910 1.6801 0.2473 0.5563 
4.0701 -0.5952 1.6901 0.2145 0.5090 
4.0101 -0.5926 1.6901 0.2142 0.6498 
4.0501 -0.5910 1.6801 0.2473 0.5563 
4.0101 -0.5926 1.6901 0.2142 0.6498 
4.0101 -0.5899 1.6789 0.2505 0.6497 
4.0101 -0.5899 1.6789 0.2505 0.6497 
4.0101 -0.5926 1.6901 0.2142 0.6498 
4.0001 -0.5953 1.6801 0.2431 0.6708 
4.0101 -0.5140 1.6701 0.3373 0.6819 
4.0183 -0.5999 1.6701 0.2712 0.6267 
4.0101 -0.5899 1.6789 0.2505 0.6497 
4.0101 -0.5140 1.6701 0.3373 0.6819 
4.0101 -0.5899 1.6789 0.2505 0.6497 
4.0001 -0.5999 1.6695 0.2725 0.6678 
4.0401 -0.6077 1.6701 0.2669 0.5750 
4.0501 -0.5901 1.6701 0.2789 0.5561 
4.0501 -0.5910 1.6801 0.2473 0.5563 
4.0201 -0.6062 1.6701 0.2672 0.6204 
4.0401 -0.6077 1.6701 0.2669 0.5750 
4.0501 -0.5910 1.6801 0.2473 0.5563 
4.0101 -0.5899 1.6789 0.2505 0.6497 
4.0201 -0.6062 1.6701 0.2672 0.6204 
4.0501 -0.5910 1.6801 0.2473 0.5563 
4.0201 -0.6062 1.6701 0.2672 0.6204 
4.0101 -0.5899 1.6789 0.2505 0.6497 
4.0183 -0.5999 1.6701 0.2712 0.6267 
4.0001 -0.5999 1.6695 0.2725 0.6678 
4.0001 -0.5953 1.6801 0.2431 0.6708 
4.0001 -0.6057 1.6701 0.2669 0.6656 
4.0101 -0.5899 1.6789 0.2505 0.6497 
4.0001 -0.5953 1.6801 0.2431 0.6708 
4.0001 -0.5999 1.6695 0.2725 0.6678 
4.0701 -0.5099 1.6605 0.3785 0.5219 
4.0501 -0.5901 1.6701 0.2789 0.5561 
4.0401 -0.6077 1.6701 0.2669 0.5750 
4.0401 -0.6077 1.6701 0.2669 0.5750 
4.0183 -0.5999 1.6701 0.2712 0.6267 
4.0201 -0.5099 1.6602 0.3769 0.6560 
4.0183 -0.5999 1.6701 0.2712 0.6267 
4.0101 -0.5140 1.6701 0.3373 0.6819 
4.0201 -0.5099 1.6602 0.3769 0.6560 
4.0001 -0.5999 1.6695 0.2725 0.6678 
4.0031 -0.5099 1.6601 0.3765 0.7014 
4.0101 -0.5140 1.6701 0.3373 0.6819 
4.0501 -0.5764 1.6501 0.3516 0.5584 
4.0501 -0.5852 1.6501 0.3444 0.5565 
4.0501 -0.5799 1.6444 0.3664 0.5575 
4.1001 -0.5966 1.6501 0.3374 0.4403 
4.1001 -0.5999 1.6453 0.3493 0.4404 
4.0901 -0.5846 1.6501 0.3465 0.4637 
4.0901 -0.5846 1.6501 0.3465 0.4637 
4.1001 -0.5999 1.6453 0.3493 0.4404 
4.0801 -0.5999 1.6453 0.3484 0.4857 
4.0601 -0.5879 1.6501 0.3426 0.5329 
4.0901 -0.5846 1.6501 0.3465 0.4637 
4.0801 -0.5999 1.6453 0.3484 0.4857 
4.0501 -0.5799 1.6444 0.3664 0.5575 
4.0456 -0.5799 1.6501 0.3485 0.5682 
4.0501 -0.5764 1.6501 0.3516 0.5584 
4.0501 -0.5799 1.6444 0.3664 0.5575 
4.0501 -0.5852 1.6501 0.3444 0.5565 
4.0456 -0.5799 1.6501 0.3485 0.5682 
4.0101 -0.5932 1.6501 0.3364 0.6458 
4.0501 -0.5985 1.6501 0.3340 0.5537 
4.0101 -0.5999 1.6449 0.3468 0.6430 
3.9601 -0.5099 1.6686 0.3441 0.8173 
3.9701 -0.6090 1.6701 0.2638 0.7311 
3.9601 -0.5899 1.6784 0.2504 0.7654 
3.9601 -0.5099 1.6686 0.3441 0.8173 
3.9601 -0.5899 1.6784 0.2504 0.7654 
3.9501 -0.6080 1.6701 0.2638 0.7761 
3.9901 -0.5088 1.6601 0.3769 0.7365 
3.9701 -0.6090 1.6701 0.2638 0.7311 
3.9801 -0.5099 1.6601 0.3752 0.7624 
3.9759 -0.5099 1.6601 0.3751 0.7734 
3.9801 -0.5099 1.6601 0.3752 0.7624 
3.9701 -0.6090 1.6701 0.2638 0.7311 
3.9759 -0.5099 1.6601 0.3751 0.7734 
3.9601 -0.5099 1.6686 0.3441 0.8173 
3.9601 -0.5068 1.6601 0.3773 0.8177 
3.9759 -0.5099 1.6601 0.3751 0.7734 
3.9701 -0.6090 1.6701 0.2638 0.7311 
3.9601 -0.5099 1.6686 0.3441 0.8173 
4.0031 -0.5099 1.6601 0.3765 0.7014 
4.0001 -0.5999 1.6695 0.2725 0.6678 
3.9901 -0.5088 1.6601 0.3769 0.7365 
3.9901 -0.5088 1.6601 0.3769 0.7365 
4.0001 -0.5999 1.6695 0.2725 0.6678 
3.9701 -0.6090 1.6701 0.2638 0.7311 
3.9501 -0.6080 1.6701 0.2638 0.7761 
3.9506 -0.5099 1.6601 0.3738 0.8402 
3.9601 -0.5099 1.6686 0.3441 0.8173 
4.0031 -0.5099 1.6601 0.3765 0.7014 
3.9901 -0.5088 1.6601 0.3769 0.7365 
4.0101 -0.5199 1.6551 0.3844 0.6771 
3.9759 -0.5099 1.6601 0.3751 0.7734 
3.9601 -0.5068 1.6601 0.3773 0.8177 
3.9701 -0.5199 1.6553 0.3817 0.7809 
3.9601 -0.5068 1.6601 0.3773 0.8177 
3.9501 -0.5202 1.6501 0.3983 0.8310 
3.9701 -0.5199 1.6553 0.3817 0.7809 
3.9506 -0.5099 1.6601 0.3738 0.8402 
3.9501 -0.5202 1.6501 0.3983 0.8310 
3.9601 -0.5068 1.6601 0.3773 0.8177 
4.0101 -0.5199 1.6551 0.3844 0.6771 
3.9901 -0.5088 1.6601 0.3769 0.7365 
3.9901 -0.5999 1.6506 0.3289 0.6883 
3.9901 -0.5088 1.6601 0.3769 0.7365 
3.9759 -0.5099 1.6601 0.3751 0.7734 
3.9901 -0.5999 1.6506 0.3289 0.6883 
3.9759 -0.5099 1.6601 0.3751 0.7734 
3.9701 -0.5199 1.6553 0.3817 0.7809 
3.9756 -0.5899 1.6501 0.3376 0.7256 
3.9501 -0.5202 1.6501 0.3983 0.8310 
3.9756 -0.5899 1.6501 0.3376 0.7256 
3.9701 -0.5199 1.6553 0.3817 0.7809 
3.9101 -0.5076 1.6701 0.3385 0.9524 
3.9401 -0.5072 1.6701 0.3403 0.8731 
3.9401 -0.5099 1.6704 0.3367 0.8708 
3.9401 -0.5099 1.6704 0.3367 0.8708 
3.9361 -0.5199 1.6701 0.3287 0.8724 
3.9101 -0.5076 1.6701 0.3385 0.9524 
3.9506 -0.5099 1.6601 0.3738 0.8402 
3.9401 -0.5072 1.6701 0.3403 0.8731 
3.9101 -0.5076 1.6701 0.3385 0.9524 
3.9506 -0.5099 1.6601 0.3738 0.8402 
3.9361 -0.5199 1.6701 0.3287 0.8724 
3.9404 -0.5099 1.6701 0.3378 0.8700 
3.9401 -0.5099 1.6704 0.3367 0.8708 
3.9404 -0.5099 1.6701 0.3378 0.8700 
3.9361 -0.5199 1.6701 0.3287 0.8724 
3.9506 -0.5099 1.6601 0.3738 0.8402 
3.9404 -0.5099 1.6701 0.3378 0.8700 
3.9401 -0.5072 1.6701 0.3403 0.8731 
3.9506 -0.5099 1.6601 0.3738 0.8402 
3.9101 -0.5076 1.6701 0.3385 0.9524 
3.8901 -0.5129 1.6601 0.3679 0.9955 
3.9506 -0.5099 1.6601 0.3738 0.8402 
3.9501 -0.6080 1.6701 0.2638 0.7761 
3.9361 -0.5199 1.6701 0.3287 0.8724 
3.9701 -0.5941 1.6801 0.2428 0.7403 
3.9801 -0.5925 1.7001 0.1829 0.7209 
3.9601 -0.5990 1.6901 0.2093 0.7621 
3.9501 -0.5947 1.6801 0.2418 0.7857 
3.9801 -0.5925 1.7001 0.1829 0.7209 
3.9501 -0.5955 1.7101 0.1511 0.7907 
3.9601 -0.5990 1.6901 0.2093 0.7621 
3.9801 -0.5925 1.7001 0.1829 0.7209 
3.9501 -0.5947 1.6801 0.2418 0.7857 
4.0001 -0.5953 1.6801 0.2431 0.6708 
4.0101 -0.5926 1.6901 0.2142 0.6498 
3.9801 -0.5925 1.7001 0.1829 0.7209 
4.0001 -0.5953 1.6801 0.2431 0.6708 
3.9801 -0.5925 1.7001 0.1829 0.7209 
3.9701 -0.5941 1.6801 0.2428 0.7403 
3.9701 -0.5941 1.6801 0.2428 0.7403 
3.9601 -0.5990 1.6901 0.2093 0.7621 
3.9501 -0.5947 1.6801 0.2418 0.7857 
3.9601 -0.5899 1.6784 0.2504 0.7654 
3.9701 -0.6090 1.6701 0.2638 0.7311 
3.9701 -0.5941 1.6801 0.2428 0.7403 
3.9601 -0.5899 1.6784 0.2504 0.7654 
3.9501 -0.5947 1.6801 0.2418 0.7857 
3.9501 -0.6080 1.6701 0.2638 0.7761 
3.9601 -0.5899 1.6784 0.2504 0.7654 
3.9701 -0.5941 1.6801 0.2428 0.7403 
3.9501 -0.5947 1.6801 0.2418 0.7857 
3.9901 -0.5999 1.6506 0.3289 0.6883 
3.9759 -0.5099 1.6601 0.3751 0.7734 
3.9756 -0.5899 1.6501 0.3376 0.7256 
3.9501 -0.5947 1.6801 0.2418 0.7857 
3.9501 -0.5955 1.7101 0.1511 0.7907 
3.9301 -0.5924 1.7001 0.1817 0.8372 
3.9201 -0.5986 1.6801 0.2386 0.8513 
3.9301 -0.5924 1.7001 0.1817 0.8372 
3.9001 -0.5970 1.7001 0.1788 0.9026 
3.9201 -0.5986 1.6801 0.2386 0.8513 
3.9501 -0.5947 1.6801 0.2418 0.7857 
3.9301 -0.5924 1.7001 0.1817 0.8372 
3.9001 -0.5970 1.7001 0.1788 0.9026 
3.8901 -0.6036 1.6801 0.2347 0.9147 
3.9201 -0.5986 1.6801 0.2386 0.8513 
3.9361 -0.5199 1.6701 0.3287 0.8724 
3.9201 -0.5986 1.6801 0.2386 0.8513 
3.9101 -0.5076 1.6701 0.3385 0.9524 
3.9101 -0.5076 1.6701 0.3385 0.9524 
3.9201 -0.5986 1.6801 0.2386 0.8513 
3.9101 -0.5399 1.6703 0.3100 0.9205 
3.9361 -0.5199 1.6701 0.3287 0.8724 
3.9401 -0.5899 1.6723 0.2683 0.8102 
3.9201 -0.5986 1.6801 0.2386 0.8513 
3.9201 -0.5986 1.6801 0.2386 0.8513 
3.8901 -0.6036 1.6801 0.2347 0.9147 
3.9101 -0.5399 1.6703 0.3100 0.9205 
3.9401 -0.5899 1.6723 0.2683 0.8102 
3.9501 -0.5947 1.6801 0.2418 0.7857 
3.9201 -0.5986 1.6801 0.2386 0.8513 
3.9501 -0.6080 1.6701 0.2638 0.7761 
3.9401 -0.5899 1.6723 0.2683 0.8102 
3.9361 -0.5199 1.6701 0.3287 0.8724 
3.9701 -0.5462 1.6501 0.3743 0.7629 
3.9739 -0.5499 1.6501 0.3711 0.7514 
3.9701 -0.5499 1.6454 0.3863 0.7598 
3.9501 -0.5439 1.6501 0.3755 0.8134 
3.9401 -0.5455 1.6501 0.3735 0.8367 
3.9358 -0.5399 1.6501 0.3785 0.8515 
3.9201 -0.5399 1.6455 0.3929 0.8890 
3.9237 -0.5399 1.6501 0.3779 0.8812 
3.9201 -0.5381 1.6501 0.3794 0.8917 
3.9401 -0.5999 1.6464 0.3397 0.7989 
4.0101 -0.5932 1.6501 0.3364 0.6458 
4.0101 -0.5999 1.6449 0.3468 0.6430 
3.9268 -0.5599 1.6501 0.3601 0.8579 
3.9336 -0.5599 1.6501 0.3604 0.8416 
3.9301 -0.5599 1.6473 0.3692 0.8493 
3.9336 -0.5599 1.6501 0.3604 0.8416 
3.9301 -0.5621 1.6501 0.3584 0.8482 
3.9301 -0.5599 1.6473 0.3692 0.8493 
3.9301 -0.5599 1.6473 0.3692 0.8493 
3.9301 -0.5621 1.6501 0.3584 0.8482 
3.9268 -0.5599 1.6501 0.3601 0.8579 
3.9301 -0.5781 1.6501 0.3451 0.8366 
3.9329 -0.5799 1.6501 0.3438 0.8289 
3.9301 -0.5799 1.6480 0.3502 0.8349 
3.9301 -0.5799 1.6480 0.3502 0.8349 
3.9301 -0.5817 1.6501 0.3422 0.8341 
3.9301 -0.5781 1.6501 0.3451 0.8366 
3.9329 -0.5799 1.6501 0.3438 0.8289 
3.9301 -0.5817 1.6501 0.3422 0.8341 
3.9301 -0.5799 1.6480 0.3502 0.8349 
3.8901 -0.5998 1.6501 0.3267 0.9101 
3.9001 -0.5996 1.6501 0.3272 0.8883 
3.9101 -0.5999 1.6491 0.3304 0.8658 
4.0701 -0.5952 1.6901 0.2145 0.5090 
4.0601 -0.6033 1.6701 0.2704 0.5306 
4.0801 -0.6051 1.6701 0.2699 0.4849 
3.8696 -0.6099 1.6701 0.2600 0.9520 
3.8701 -0.6106 1.6701 0.2596 0.9502 
3.8701 -0.6099 1.6708 0.2581 0.9510 
3.8711 -0.6099 1.6701 0.2601 0.9486 
3.8701 -0.6099 1.6708 0.2581 0.9510 
3.8701 -0.6106 1.6701 0.2596 0.9502 
3.8892 -0.6099 1.6701 0.2606 0.9091 
3.8901 -0.6105 1.6701 0.2603 0.9066 
3.8901 -0.6099 1.6709 0.2582 0.9073 
3.8984 -0.6099 1.6701 0.2609 0.8890 
3.8901 -0.6099 1.6709 0.2582 0.9073 
3.8901 -0.6105 1.6701 0.2603 0.9066 
4.0701 -0.6032 1.6701 0.2709 0.5079 
4.0801 -0.6051 1.6701 0.2699 0.4849 
4.0601 -0.6033 1.6701 0.2704 0.5306 
4.1001 -0.6020 1.6601 0.3031 0.4398 
4.0801 -0.6051 1.6701 0.2699 0.4849 
4.0801 -0.6053 1.6601 0.3000 0.4850 
4.0801 -0.6053 1.6601 0.3000 0.4850 
4.0801 -0.6051 1.6701 0.2699 0.4849 
4.0701 -0.6032 1.6701 0.2709 0.5079 
4.0801 -0.5999 1.6453 0.3484 0.4857 
4.0401 -0.6099 1.6480 0.3311 0.5735 
4.0601 -0.5879 1.6501 0.3426 0.5329 
4.0601 -0.5879 1.6501 0.3426 0.5329 
4.0401 -0.6099 1.6480 0.3311 0.5735 
4.0501 -0.5985 1.6501 0.3340 0.5537 
4.0501 -0.5985 1.6501 0.3340 0.5537 
4.0401 -0.6099 1.6480 0.3311 0.5735 
4.0101 -0.5999 1.6449 0.3468 0.6430 
3.8696 -0.6099 1.6701 0.2600 0.9520 
3.8701 -0.6099 1.6708 0.2581 0.9510 
3.8711 -0.6099 1.6701 0.2601 0.9486 
4.0401 -0.6099 1.6480 0.3311 0.5735 
3.9578 -0.6099 1.6501 0.3219 0.7548 
4.0101 -0.5999 1.6449 0.3468 0.6430 
4.0001 -0.5953 1.6801 0.2431 0.6708 
3.9701 -0.5941 1.6801 0.2428 0.7403 
4.0001 -0.6057 1.6701 0.2669 0.6656 
4.0001 -0.6057 1.6701 0.2669 0.6656 
3.9701 -0.5941 1.6801 0.2428 0.7403 
3.9701 -0.6090 1.6701 0.2638 0.7311 
3.9501 -0.6080 1.6701 0.2638 0.7761 
3.9501 -0.5947 1.6801 0.2418 0.7857 
3.9401 -0.5899 1.6723 0.2683 0.8102 
3.8892 -0.6099 1.6701 0.2606 0.9091 
3.8901 -0.6099 1.6709 0.2582 0.9073 
3.8984 -0.6099 1.6701 0.2609 0.8890 
3.9109 -0.6099 1.6701 0.2613 0.8615 
3.9030 -0.6099 1.6701 0.2611 0.8787 
3.9101 -0.6099 1.6703 0.2606 0.8633 
3.9446 -0.6099 1.6701 0.2624 0.7871 
3.9401 -0.6099 1.6713 0.2587 0.7973 
3.9401 -0.6114 1.6701 0.2613 0.7962 
3.9401 -0.6099 1.6713 0.2587 0.7973 
3.9301 -0.6114 1.6701 0.2610 0.8182 
3.9401 -0.6114 1.6701 0.2613 0.7962 
3.8901 -0.6036 1.6801 0.2347 0.9147 
3.8801 -0.6049 1.6901 0.2040 0.9385 
3.8601 -0.5985 1.6801 0.2368 0.9862 
3.9109 -0.6099 1.6701 0.2613 0.8615 
3.9101 -0.6099 1.6703 0.2606 0.8633 
3.9101 -0.6102 1.6701 0.2611 0.8630 
3.9030 -0.6099 1.6701 0.2611 0.8787 
3.9101 -0.6102 1.6701 0.2611 0.8630 
3.9101 -0.6099 1.6703 0.2606 0.8633 
3.8901 -0.6036 1.6801 0.2347 0.9147 
3.9001 -0.5970 1.7001 0.1788 0.9026 
3.8801 -0.6049 1.6901 0.2040 0.9385 
3.9301 -0.6114 1.6701 0.2610 0.8182 
3.9401 -0.6099 1.6713 0.2587 0.7973 
3.9446 -0.6099 1.6701 0.2624 0.7871 
3.9578 -0.6099 1.6501 0.3219 0.7548 
3.9401 -0.5999 1.6464 0.3397 0.7989 
4.0101 -0.5999 1.6449 0.3468 0.6430 
3.8601 -0.5985 1.6801 0.2368 0.9862 
3.8801 -0.6049 1.6901 0.2040 0.9385 
3.8601 -0.6020 1.7001 0.1755 0.9889 
3.8801 -0.5798 1.6501 0.3417 0.9496 
3.8798 -0.5799 1.6501 0.3416 0.9500 
3.8801 -0.5799 1.6498 0.3425 0.9494 
3.8701 -0.5933 1.7101 0.1503 0.9775 
3.8801 -0.6049 1.6901 0.2040 0.9385 
3.9001 -0.5970 1.7001 0.1788 0.9026 
3.8601 -0.6020 1.7001 0.1755 0.9889 
3.8801 -0.6049 1.6901 0.2040 0.9385 
3.8701 -0.5933 1.7101 0.1503 0.9775 
3.8601 -0.5977 1.7101 0.1483 0.9961 
3.8601 -0.6020 1.7001 0.1755 0.9889 
3.8701 -0.5933 1.7101 0.1503 0.9775 
3.9001 -0.5970 1.7001 0.1788 0.9026 
3.8901 -0.5956 1.7201 0.1219 0.9322 
3.8701 -0.5933 1.7101 0.1503 0.9775 
3.8701 -0.5933 1.7101 0.1503 0.9775 
3.8801 -0.5922 1.7301 0.0978 0.9614 
3.8601 -0.5977 1.7101 0.1483 0.9961 
3.8901 -0.5956 1.7201 0.1219 0.9322 
3.8801 -0.5922 1.7301 0.0978 0.9614 
3.8701 -0.5933 1.7101 0.1503 0.9775 
3.8801 -0.5922 1.7301 0.0978 0.9614 
3.8801 -0.5996 1.7401 0.0786 0.9574 
3.8701 -0.5955 1.7401 0.0790 0.9847 
3.8901 -0.5956 1.7201 0.1219 0.9322 
3.8801 -0.5996 1.7401 0.0786 0.9574 
3.8801 -0.5922 1.7301 0.0978 0.9614 
