NUMPOLLIES 487.000000 

2.9301 -0.4499 2.1742 0.0743 0.0571 
2.9401 -0.4599 2.1949 0.0746 0.0974 
2.9401 -0.4499 2.1884 0.0847 0.0888 
2.9501 -0.4499 2.1759 0.0759 0.1049 
2.9401 -0.4499 2.1884 0.0847 0.0888 
2.9401 -0.4599 2.1949 0.0746 0.0974 
2.9501 -0.4499 2.1759 0.0759 0.1049 
2.9401 -0.4599 2.1949 0.0746 0.0974 
2.9701 -0.4499 2.1744 0.0763 0.1646 
2.9301 -0.4499 2.1742 0.0743 0.0571 
2.9401 -0.4499 2.1884 0.0847 0.0888 
2.9301 -0.4399 2.1866 0.1081 0.0624 
2.9401 -0.4499 2.1884 0.0847 0.0888 
2.9501 -0.4499 2.1759 0.0759 0.1049 
2.9401 -0.4299 2.2004 0.1653 0.0935 
2.9401 -0.4099 2.1931 0.2336 0.0814 
2.9301 -0.4199 2.1847 0.1783 0.0576 
2.9501 -0.4199 2.1822 0.1787 0.1014 
2.9401 -0.4099 2.1931 0.2336 0.0814 
2.9501 -0.4199 2.1822 0.1787 0.1014 
2.9601 -0.4099 2.1749 0.2111 0.1209 
2.9301 -0.4199 2.1847 0.1783 0.0576 
2.9401 -0.4099 2.1931 0.2336 0.0814 
2.9401 -0.3899 2.1768 0.2966 0.0633 
2.9601 -0.4099 2.1749 0.2111 0.1209 
2.9401 -0.3899 2.1768 0.2966 0.0633 
2.9401 -0.4099 2.1931 0.2336 0.0814 
2.9301 -0.4399 2.1866 0.1081 0.0624 
2.9401 -0.4499 2.1884 0.0847 0.0888 
2.9401 -0.4299 2.2004 0.1653 0.0935 
2.9401 -0.4299 2.2004 0.1653 0.0935 
2.9501 -0.4199 2.1822 0.1787 0.1014 
2.9301 -0.4199 2.1847 0.1783 0.0576 
3.0001 -0.4399 2.1775 0.1069 0.2611 
3.0027 -0.4299 2.1701 0.1313 0.2622 
2.9901 -0.4199 2.1716 0.1705 0.2181 
2.9601 -0.4199 2.1629 0.1501 0.1126 
2.9501 -0.4199 2.1822 0.1787 0.1014 
2.9601 -0.4299 2.1936 0.1591 0.1442 
2.9701 -0.4177 2.1801 0.1885 0.1594 
2.9601 -0.4199 2.1629 0.1501 0.1126 
2.9601 -0.4299 2.1936 0.1591 0.1442 
2.9801 -0.4399 2.1816 0.1094 0.1993 
2.9901 -0.4199 2.1716 0.1705 0.2181 
2.9701 -0.4177 2.1801 0.1885 0.1594 
2.9901 -0.4199 2.1716 0.1705 0.2181 
3.0027 -0.4299 2.1701 0.1313 0.2622 
3.0101 -0.4199 2.1802 0.1883 0.2900 
2.9601 -0.4199 2.1629 0.1501 0.1126 
2.9601 -0.4099 2.1749 0.2111 0.1209 
2.9501 -0.4199 2.1822 0.1787 0.1014 
2.9701 -0.4177 2.1801 0.1885 0.1594 
2.9801 -0.4099 2.1689 0.2062 0.1796 
2.9601 -0.4099 2.1749 0.2111 0.1209 
2.9701 -0.4177 2.1801 0.1885 0.1594 
2.9601 -0.4099 2.1749 0.2111 0.1209 
2.9601 -0.4199 2.1629 0.1501 0.1126 
2.9801 -0.4099 2.1689 0.2062 0.1796 
2.9701 -0.4177 2.1801 0.1885 0.1594 
2.9901 -0.4199 2.1716 0.1705 0.2181 
2.9901 -0.3999 2.1742 0.2602 0.2140 
2.9801 -0.4099 2.1689 0.2062 0.1796 
2.9901 -0.4199 2.1716 0.1705 0.2181 
3.0001 -0.4099 2.1711 0.2141 0.2482 
2.9901 -0.3999 2.1742 0.2602 0.2140 
2.9901 -0.4199 2.1716 0.1705 0.2181 
3.0001 -0.4099 2.1711 0.2141 0.2482 
2.9901 -0.4199 2.1716 0.1705 0.2181 
3.0101 -0.4199 2.1802 0.1883 0.2900 
2.9601 -0.4099 2.1749 0.2111 0.1209 
2.9801 -0.4099 2.1689 0.2062 0.1796 
2.9901 -0.3899 2.1857 0.3198 0.2195 
2.9901 -0.3899 2.1857 0.3198 0.2195 
2.9801 -0.4099 2.1689 0.2062 0.1796 
2.9901 -0.3999 2.1742 0.2602 0.2140 
2.9901 -0.3999 2.1742 0.2602 0.2140 
3.0001 -0.4099 2.1711 0.2141 0.2482 
3.0101 -0.3999 2.1738 0.2641 0.2808 
3.0001 -0.4399 2.1775 0.1069 0.2611 
2.9901 -0.4499 2.1765 0.0792 0.2306 
3.0201 -0.4499 2.1741 0.0799 0.3278 
2.9401 -0.4299 2.2004 0.1653 0.0935 
2.9501 -0.4499 2.1759 0.0759 0.1049 
2.9601 -0.4299 2.1936 0.1591 0.1442 
2.9801 -0.4399 2.1816 0.1094 0.1993 
3.0001 -0.4399 2.1775 0.1069 0.2611 
2.9901 -0.4199 2.1716 0.1705 0.2181 
2.9501 -0.4199 2.1822 0.1787 0.1014 
2.9401 -0.4299 2.2004 0.1653 0.0935 
2.9601 -0.4299 2.1936 0.1591 0.1442 
2.9701 -0.4177 2.1801 0.1885 0.1594 
2.9601 -0.4299 2.1936 0.1591 0.1442 
2.9801 -0.4399 2.1816 0.1094 0.1993 
3.0401 -0.4499 2.1787 0.0863 0.3956 
3.0301 -0.4599 2.1794 0.0734 0.3654 
3.0401 -0.4650 2.1901 0.0735 0.4020 
3.0601 -0.4499 2.1778 0.0878 0.4615 
3.0801 -0.4599 2.1775 0.0739 0.5295 
3.0801 -0.4449 2.1701 0.0946 0.5276 
3.0201 -0.4299 2.1701 0.1347 0.3208 
3.0109 -0.4299 2.1601 0.1172 0.2837 
3.0101 -0.4303 2.1601 0.1157 0.2812 
3.0201 -0.4299 2.1701 0.1347 0.3208 
3.0101 -0.4303 2.1601 0.1157 0.2812 
3.0201 -0.4299 2.1701 0.1347 0.3208 
3.0201 -0.4299 2.1701 0.1347 0.3208 
3.0201 -0.4299 2.1701 0.1347 0.3208 
3.0201 -0.4299 2.1701 0.1347 0.3208 
3.0101 -0.4303 2.1601 0.1157 0.2812 
3.0101 -0.4199 2.1802 0.1883 0.2900 
3.0027 -0.4299 2.1701 0.1313 0.2622 
3.0109 -0.4299 2.1601 0.1172 0.2837 
3.0201 -0.4299 2.1701 0.1347 0.3208 
3.0201 -0.4299 2.1701 0.1347 0.3208 
3.0109 -0.4299 2.1601 0.1172 0.2837 
3.0201 -0.4299 2.1701 0.1347 0.3208 
3.0101 -0.4303 2.1601 0.1157 0.2812 
3.0101 -0.4303 2.1601 0.1157 0.2812 
3.0201 -0.4299 2.1701 0.1347 0.3208 
3.0101 -0.4199 2.1802 0.1883 0.2900 
3.0201 -0.4299 2.1701 0.1347 0.3208 
3.0201 -0.4299 2.1701 0.1347 0.3208 
3.0201 -0.4299 2.1701 0.1347 0.3208 
3.0201 -0.4361 2.1801 0.1271 0.3271 
3.0201 -0.4499 2.1741 0.0799 0.3278 
3.0301 -0.4599 2.1794 0.0734 0.3654 
3.0501 -0.4399 2.1779 0.1161 0.4264 
3.0201 -0.4361 2.1801 0.1271 0.3271 
3.0401 -0.4499 2.1787 0.0863 0.3956 
3.0401 -0.4499 2.1787 0.0863 0.3956 
3.0201 -0.4361 2.1801 0.1271 0.3271 
3.0301 -0.4599 2.1794 0.0734 0.3654 
3.0027 -0.4299 2.1701 0.1313 0.2622 
3.0001 -0.4399 2.1775 0.1069 0.2611 
3.0101 -0.4303 2.1601 0.1157 0.2812 
3.0201 -0.4299 2.1701 0.1347 0.3208 
3.0101 -0.4303 2.1601 0.1157 0.2812 
3.0201 -0.4361 2.1801 0.1271 0.3271 
3.0101 -0.4303 2.1601 0.1157 0.2812 
3.0001 -0.4399 2.1775 0.1069 0.2611 
3.0201 -0.4361 2.1801 0.1271 0.3271 
3.0201 -0.4299 2.1701 0.1347 0.3208 
3.0201 -0.4299 2.1701 0.1347 0.3208 
3.0201 -0.4361 2.1801 0.1271 0.3271 
3.0201 -0.4299 2.1701 0.1347 0.3208 
3.0201 -0.4361 2.1801 0.1271 0.3271 
3.0401 -0.4299 2.1724 0.1422 0.3893 
3.0501 -0.4399 2.1779 0.1161 0.4264 
3.0401 -0.4299 2.1724 0.1422 0.3893 
3.0201 -0.4361 2.1801 0.1271 0.3271 
3.0201 -0.4299 2.1701 0.1347 0.3208 
3.0401 -0.4299 2.1724 0.1422 0.3893 
3.0301 -0.4237 2.1801 0.1769 0.3571 
3.0201 -0.4299 2.1701 0.1347 0.3208 
3.0301 -0.4237 2.1801 0.1769 0.3571 
3.0201 -0.4299 2.1701 0.1347 0.3208 
3.0201 -0.4299 2.1701 0.1347 0.3208 
3.0301 -0.4237 2.1801 0.1769 0.3571 
3.0101 -0.4199 2.1802 0.1883 0.2900 
3.0301 -0.4237 2.1801 0.1769 0.3571 
3.0401 -0.4299 2.1724 0.1422 0.3893 
3.0401 -0.4199 2.1846 0.2014 0.3907 
3.0401 -0.4199 2.1846 0.2014 0.3907 
3.0401 -0.4299 2.1724 0.1422 0.3893 
3.0501 -0.4399 2.1779 0.1161 0.4264 
3.0301 -0.3999 2.1784 0.2752 0.3506 
3.0001 -0.4099 2.1711 0.2141 0.2482 
3.0101 -0.4199 2.1802 0.1883 0.2900 
3.0301 -0.3999 2.1784 0.2752 0.3506 
3.0201 -0.3899 2.1784 0.3174 0.3144 
3.0101 -0.3999 2.1738 0.2641 0.2808 
3.0301 -0.3999 2.1784 0.2752 0.3506 
3.0101 -0.3999 2.1738 0.2641 0.2808 
3.0001 -0.4099 2.1711 0.2141 0.2482 
3.0201 -0.4361 2.1801 0.1271 0.3271 
3.0001 -0.4399 2.1775 0.1069 0.2611 
3.0201 -0.4499 2.1741 0.0799 0.3278 
3.0401 -0.4199 2.1846 0.2014 0.3907 
3.0101 -0.4199 2.1802 0.1883 0.2900 
3.0301 -0.4237 2.1801 0.1769 0.3571 
3.0301 -0.3999 2.1784 0.2752 0.3506 
3.0401 -0.4199 2.1846 0.2014 0.3907 
3.0401 -0.4099 2.1779 0.2333 0.3864 
3.0301 -0.3999 2.1784 0.2752 0.3506 
3.0101 -0.4199 2.1802 0.1883 0.2900 
3.0401 -0.4199 2.1846 0.2014 0.3907 
3.0401 -0.4099 2.1779 0.2333 0.3864 
3.0501 -0.3999 2.1816 0.2842 0.4188 
3.0301 -0.3999 2.1784 0.2752 0.3506 
3.0701 -0.4399 2.1719 0.1108 0.4928 
3.0501 -0.4399 2.1779 0.1161 0.4264 
3.0601 -0.4499 2.1778 0.0878 0.4615 
3.0601 -0.4499 2.1778 0.0878 0.4615 
3.0501 -0.4399 2.1779 0.1161 0.4264 
3.0401 -0.4499 2.1787 0.0863 0.3956 
3.0701 -0.4399 2.1719 0.1108 0.4928 
3.0601 -0.4499 2.1778 0.0878 0.4615 
3.0801 -0.4449 2.1701 0.0946 0.5276 
3.0601 -0.4299 2.1778 0.1548 0.4577 
3.0501 -0.4399 2.1779 0.1161 0.4264 
3.0701 -0.4399 2.1719 0.1108 0.4928 
3.0801 -0.4299 2.1825 0.1661 0.5244 
3.0601 -0.4299 2.1778 0.1548 0.4577 
3.0801 -0.4449 2.1701 0.0946 0.5276 
3.0801 -0.4449 2.1701 0.0946 0.5276 
3.0601 -0.4299 2.1778 0.1548 0.4577 
3.0701 -0.4399 2.1719 0.1108 0.4928 
3.0801 -0.4299 2.1825 0.1661 0.5244 
3.0801 -0.4449 2.1701 0.0946 0.5276 
3.0901 -0.4199 2.1698 0.1892 0.5579 
3.0901 -0.4199 2.1698 0.1892 0.5579 
3.0801 -0.4449 2.1701 0.0946 0.5276 
3.0901 -0.4399 2.1772 0.1222 0.5598 
3.1101 -0.4299 2.1761 0.1623 0.6259 
3.0901 -0.4199 2.1698 0.1892 0.5579 
3.1001 -0.4499 2.1797 0.0955 0.5939 
3.1001 -0.4499 2.1797 0.0955 0.5939 
3.0901 -0.4199 2.1698 0.1892 0.5579 
3.0901 -0.4399 2.1772 0.1222 0.5598 
3.0701 -0.4199 2.1801 0.2010 0.4894 
3.0701 -0.4199 2.1801 0.2010 0.4894 
3.0601 -0.4199 2.1777 0.1952 0.4557 
3.0701 -0.4199 2.1801 0.2010 0.4894 
3.0601 -0.4199 2.1777 0.1952 0.4557 
3.0601 -0.4299 2.1778 0.1548 0.4577 
3.0601 -0.4299 2.1778 0.1548 0.4577 
3.0801 -0.4299 2.1825 0.1661 0.5244 
3.0801 -0.4199 2.1759 0.1966 0.5231 
3.0701 -0.4199 2.1801 0.2010 0.4894 
3.0701 -0.4199 2.1801 0.2010 0.4894 
3.0801 -0.4199 2.1759 0.1966 0.5231 
3.0701 -0.4199 2.1801 0.2010 0.4894 
3.0601 -0.4299 2.1778 0.1548 0.4577 
3.0801 -0.4199 2.1759 0.1966 0.5231 
3.0901 -0.4199 2.1698 0.1892 0.5579 
3.0801 -0.4199 2.1759 0.1966 0.5231 
3.0801 -0.4299 2.1825 0.1661 0.5244 
3.0701 -0.4199 2.1801 0.2010 0.4894 
3.0701 -0.4199 2.1801 0.2010 0.4894 
3.0701 -0.4099 2.1786 0.2410 0.4876 
3.0701 -0.4199 2.1801 0.2010 0.4894 
3.0701 -0.4099 2.1786 0.2410 0.4876 
3.0601 -0.4199 2.1777 0.1952 0.4557 
3.0601 -0.4199 2.1777 0.1952 0.4557 
3.0701 -0.4099 2.1786 0.2410 0.4876 
3.0401 -0.4099 2.1779 0.2333 0.3864 
3.0701 -0.4199 2.1801 0.2010 0.4894 
3.0701 -0.4199 2.1801 0.2010 0.4894 
3.0801 -0.4199 2.1759 0.1966 0.5231 
3.0701 -0.4199 2.1801 0.2010 0.4894 
3.0801 -0.4199 2.1759 0.1966 0.5231 
3.0701 -0.4099 2.1786 0.2410 0.4876 
3.0901 -0.4199 2.1698 0.1892 0.5579 
3.1101 -0.4299 2.1761 0.1623 0.6259 
3.0801 -0.4199 2.1759 0.1966 0.5231 
3.1101 -0.4299 2.1761 0.1623 0.6259 
3.1101 -0.4099 2.1752 0.2451 0.6238 
3.0801 -0.4199 2.1759 0.1966 0.5231 
3.0501 -0.3999 2.1816 0.2842 0.4188 
3.0401 -0.4099 2.1779 0.2333 0.3864 
3.0701 -0.4099 2.1786 0.2410 0.4876 
3.0701 -0.3899 2.1761 0.3260 0.4838 
3.0701 -0.4099 2.1786 0.2410 0.4876 
3.0801 -0.4199 2.1759 0.1966 0.5231 
3.0801 -0.4449 2.1701 0.0946 0.5276 
3.0901 -0.4499 2.1913 0.1092 0.5591 
3.0901 -0.4399 2.1772 0.1222 0.5598 
3.0901 -0.4499 2.1913 0.1092 0.5591 
3.1001 -0.4499 2.1797 0.0955 0.5939 
3.0901 -0.4399 2.1772 0.1222 0.5598 
3.0601 -0.4199 2.1777 0.1952 0.4557 
3.0501 -0.4399 2.1779 0.1161 0.4264 
3.0601 -0.4299 2.1778 0.1548 0.4577 
3.0401 -0.4199 2.1846 0.2014 0.3907 
3.0501 -0.4399 2.1779 0.1161 0.4264 
3.0601 -0.4199 2.1777 0.1952 0.4557 
3.0701 -0.4199 2.1801 0.2010 0.4894 
3.0701 -0.4199 2.1801 0.2010 0.4894 
3.0701 -0.4199 2.1801 0.2010 0.4894 
3.0701 -0.4199 2.1801 0.2010 0.4894 
3.0701 -0.4199 2.1801 0.2010 0.4894 
3.0701 -0.4199 2.1801 0.2010 0.4894 
3.0401 -0.4099 2.1779 0.2333 0.3864 
3.0401 -0.4199 2.1846 0.2014 0.3907 
3.0601 -0.4199 2.1777 0.1952 0.4557 
3.0701 -0.4199 2.1801 0.2010 0.4894 
3.0701 -0.4199 2.1801 0.2010 0.4894 
3.0701 -0.4199 2.1801 0.2010 0.4894 
3.0701 -0.4199 2.1801 0.2010 0.4894 
3.0701 -0.4199 2.1801 0.2010 0.4894 
3.0701 -0.4199 2.1801 0.2010 0.4894 
2.9601 -0.4099 2.1749 0.2111 0.1209 
2.9501 -0.3899 2.1861 0.3113 0.0957 
2.9401 -0.3899 2.1768 0.2966 0.0633 
3.0001 -0.3899 2.1797 0.3144 0.2482 
2.9901 -0.3899 2.1857 0.3198 0.2195 
2.9901 -0.3999 2.1742 0.2602 0.2140 
3.0001 -0.3899 2.1797 0.3144 0.2482 
2.9901 -0.3999 2.1742 0.2602 0.2140 
3.0101 -0.3999 2.1738 0.2641 0.2808 
2.9701 -0.3899 2.1873 0.3174 0.1569 
2.9801 -0.3699 2.1743 0.3941 0.1712 
2.9601 -0.3799 2.1748 0.3439 0.1110 
2.9701 -0.3599 2.1811 0.4452 0.1416 
2.9801 -0.3699 2.1743 0.3941 0.1712 
2.9801 -0.3599 2.1801 0.4467 0.1730 
2.9801 -0.3599 2.1801 0.4467 0.1730 
2.9801 -0.3599 2.1801 0.4467 0.1730 
2.9801 -0.3699 2.1743 0.3941 0.1712 
2.9801 -0.3599 2.1801 0.4467 0.1730 
2.9801 -0.3699 2.1743 0.3941 0.1712 
3.0001 -0.3599 2.1790 0.4504 0.2388 
3.0101 -0.3699 2.1754 0.4026 0.2733 
3.0001 -0.3599 2.1790 0.4504 0.2388 
2.9801 -0.3699 2.1743 0.3941 0.1712 
2.9801 -0.3499 2.1806 0.4938 0.1702 
2.9601 -0.3399 2.1758 0.5324 0.0988 
2.9701 -0.3599 2.1811 0.4452 0.1416 
2.9601 -0.4099 2.1749 0.2111 0.1209 
2.9601 -0.3799 2.1748 0.3439 0.1110 
2.9501 -0.3899 2.1861 0.3113 0.0957 
2.9701 -0.3899 2.1873 0.3174 0.1569 
2.9601 -0.3799 2.1748 0.3439 0.1110 
2.9601 -0.4099 2.1749 0.2111 0.1209 
2.9901 -0.3899 2.1857 0.3198 0.2195 
2.9701 -0.3899 2.1873 0.3174 0.1569 
2.9601 -0.4099 2.1749 0.2111 0.1209 
2.9501 -0.3699 2.1761 0.3889 0.0804 
2.9501 -0.3899 2.1861 0.3113 0.0957 
2.9601 -0.3799 2.1748 0.3439 0.1110 
2.9701 -0.3899 2.1873 0.3174 0.1569 
2.9901 -0.3899 2.1857 0.3198 0.2195 
2.9801 -0.3699 2.1743 0.3941 0.1712 
3.0101 -0.3699 2.1754 0.4026 0.2733 
2.9901 -0.3899 2.1857 0.3198 0.2195 
3.0001 -0.3899 2.1797 0.3144 0.2482 
2.9801 -0.3699 2.1743 0.3941 0.1712 
2.9901 -0.3899 2.1857 0.3198 0.2195 
3.0101 -0.3699 2.1754 0.4026 0.2733 
2.9501 -0.3699 2.1761 0.3889 0.0804 
2.9601 -0.3799 2.1748 0.3439 0.1110 
2.9401 -0.3599 2.1841 0.4410 0.0618 
2.9601 -0.3799 2.1748 0.3439 0.1110 
2.9701 -0.3599 2.1811 0.4452 0.1416 
2.9401 -0.3599 2.1841 0.4410 0.0618 
2.9701 -0.3599 2.1811 0.4452 0.1416 
2.9601 -0.3799 2.1748 0.3439 0.1110 
2.9801 -0.3699 2.1743 0.3941 0.1712 
2.9801 -0.3599 2.1801 0.4467 0.1730 
2.9701 -0.3599 2.1811 0.4452 0.1416 
2.9801 -0.3599 2.1801 0.4467 0.1730 
2.9801 -0.3599 2.1801 0.4467 0.1730 
2.9801 -0.3599 2.1801 0.4467 0.1730 
2.9801 -0.3599 2.1801 0.4467 0.1730 
2.9601 -0.3399 2.1758 0.5324 0.0988 
2.9401 -0.3599 2.1841 0.4410 0.0618 
2.9701 -0.3599 2.1811 0.4452 0.1416 
2.9701 -0.3599 2.1811 0.4452 0.1416 
2.9801 -0.3599 2.1801 0.4467 0.1730 
2.9801 -0.3499 2.1806 0.4938 0.1702 
2.9801 -0.3599 2.1801 0.4467 0.1730 
3.0001 -0.3599 2.1790 0.4504 0.2388 
3.0001 -0.3499 2.1905 0.5068 0.2439 
2.9801 -0.3599 2.1801 0.4467 0.1730 
3.0001 -0.3499 2.1905 0.5068 0.2439 
2.9801 -0.3499 2.1806 0.4938 0.1702 
2.9801 -0.3599 2.1801 0.4467 0.1730 
2.9801 -0.3499 2.1806 0.4938 0.1702 
2.9801 -0.3599 2.1801 0.4467 0.1730 
2.9501 -0.3299 2.1860 0.5846 0.0776 
2.9401 -0.3199 2.1861 0.6296 0.0559 
2.9401 -0.3499 2.1769 0.4807 0.0560 
2.9401 -0.3199 2.1861 0.6296 0.0559 
2.9501 -0.3299 2.1860 0.5846 0.0776 
2.9501 -0.3199 2.1743 0.6261 0.0652 
2.9601 -0.3399 2.1758 0.5324 0.0988 
2.9401 -0.3499 2.1769 0.4807 0.0560 
2.9401 -0.3599 2.1841 0.4410 0.0618 
2.9601 -0.3199 2.1801 0.6316 0.0965 
2.9801 -0.3299 2.1784 0.5873 0.1617 
2.9801 -0.3099 2.1801 0.6855 0.1566 
2.9901 -0.3199 2.1715 0.6350 0.1860 
2.9801 -0.3099 2.1801 0.6855 0.1566 
2.9901 -0.3399 2.1732 0.5379 0.1941 
2.9901 -0.3399 2.1732 0.5379 0.1941 
2.9801 -0.3099 2.1801 0.6855 0.1566 
2.9801 -0.3299 2.1784 0.5873 0.1617 
3.0001 -0.3299 2.1765 0.5912 0.2278 
2.9901 -0.3199 2.1715 0.6350 0.1860 
2.9901 -0.3399 2.1732 0.5379 0.1941 
2.9801 -0.3099 2.1801 0.6855 0.1566 
2.9701 -0.3099 2.1792 0.6826 0.1230 
2.9601 -0.3199 2.1801 0.6316 0.0965 
2.9901 -0.3399 2.1732 0.5379 0.1941 
2.9801 -0.3499 2.1806 0.4938 0.1702 
3.0001 -0.3499 2.1905 0.5068 0.2439 
3.0001 -0.3299 2.1765 0.5912 0.2278 
2.9901 -0.3399 2.1732 0.5379 0.1941 
3.0001 -0.3499 2.1905 0.5068 0.2439 
2.9601 -0.3399 2.1758 0.5324 0.0988 
2.9501 -0.3299 2.1860 0.5846 0.0776 
2.9401 -0.3499 2.1769 0.4807 0.0560 
2.9801 -0.3299 2.1784 0.5873 0.1617 
2.9501 -0.3299 2.1860 0.5846 0.0776 
2.9601 -0.3399 2.1758 0.5324 0.0988 
2.9801 -0.3299 2.1784 0.5873 0.1617 
2.9601 -0.3399 2.1758 0.5324 0.0988 
2.9801 -0.3499 2.1806 0.4938 0.1702 
2.9801 -0.3299 2.1784 0.5873 0.1617 
2.9801 -0.3499 2.1806 0.4938 0.1702 
2.9901 -0.3399 2.1732 0.5379 0.1941 
2.9501 -0.3199 2.1743 0.6261 0.0652 
2.9501 -0.3299 2.1860 0.5846 0.0776 
2.9601 -0.3199 2.1801 0.6316 0.0965 
2.9501 -0.3299 2.1860 0.5846 0.0776 
2.9801 -0.3299 2.1784 0.5873 0.1617 
2.9601 -0.3199 2.1801 0.6316 0.0965 
2.9601 -0.2999 2.1875 0.7313 0.0972 
2.9501 -0.3199 2.1743 0.6261 0.0652 
2.9601 -0.3199 2.1801 0.6316 0.0965 
2.9701 -0.3099 2.1792 0.6826 0.1230 
2.9601 -0.2999 2.1875 0.7313 0.0972 
2.9601 -0.3199 2.1801 0.6316 0.0965 
2.9901 -0.3199 2.1715 0.6350 0.1860 
3.0001 -0.3299 2.1765 0.5912 0.2278 
3.0101 -0.3099 2.1897 0.6962 0.2651 
2.9901 -0.3199 2.1715 0.6350 0.1860 
3.0101 -0.3099 2.1897 0.6962 0.2651 
2.9801 -0.3099 2.1801 0.6855 0.1566 
2.9401 -0.2999 2.1905 0.7270 0.0552 
2.9501 -0.3199 2.1743 0.6261 0.0652 
2.9601 -0.2999 2.1875 0.7313 0.0972 
2.9801 -0.3099 2.1801 0.6855 0.1566 
3.0101 -0.3099 2.1897 0.6962 0.2651 
2.9901 -0.2899 2.1776 0.7871 0.1814 
3.0101 -0.3399 2.1800 0.5479 0.2675 
3.0001 -0.3599 2.1790 0.4504 0.2388 
3.0101 -0.3699 2.1754 0.4026 0.2733 
3.0201 -0.3899 2.1784 0.3174 0.3144 
3.0301 -0.3999 2.1784 0.2752 0.3506 
3.0401 -0.3899 2.1724 0.3140 0.3800 
3.0301 -0.3999 2.1784 0.2752 0.3506 
3.0501 -0.3999 2.1816 0.2842 0.4188 
3.0401 -0.3899 2.1724 0.3140 0.3800 
3.0501 -0.3899 2.1707 0.3142 0.4140 
3.0401 -0.3899 2.1724 0.3140 0.3800 
3.0501 -0.3999 2.1816 0.2842 0.4188 
3.0001 -0.3899 2.1797 0.3144 0.2482 
3.0101 -0.3799 2.1850 0.3679 0.2819 
3.0101 -0.3699 2.1754 0.4026 0.2733 
3.0201 -0.3899 2.1784 0.3174 0.3144 
3.0101 -0.3699 2.1754 0.4026 0.2733 
3.0101 -0.3799 2.1850 0.3679 0.2819 
3.0401 -0.3899 2.1724 0.3140 0.3800 
3.0101 -0.3699 2.1754 0.4026 0.2733 
3.0201 -0.3899 2.1784 0.3174 0.3144 
3.0401 -0.3799 2.1835 0.3731 0.3813 
3.0401 -0.3899 2.1724 0.3140 0.3800 
3.0501 -0.3899 2.1707 0.3142 0.4140 
3.0301 -0.3599 2.1780 0.4567 0.3404 
3.0201 -0.3599 2.1793 0.4556 0.3068 
3.0401 -0.3899 2.1724 0.3140 0.3800 
3.0401 -0.3899 2.1724 0.3140 0.3800 
3.0201 -0.3599 2.1793 0.4556 0.3068 
3.0101 -0.3699 2.1754 0.4026 0.2733 
3.0401 -0.3899 2.1724 0.3140 0.3800 
3.0401 -0.3799 2.1835 0.3731 0.3813 
3.0301 -0.3599 2.1780 0.4567 0.3404 
3.0401 -0.3799 2.1835 0.3731 0.3813 
3.0501 -0.3899 2.1707 0.3142 0.4140 
3.0501 -0.3699 2.1776 0.4145 0.4113 
3.0101 -0.3699 2.1754 0.4026 0.2733 
3.0201 -0.3599 2.1793 0.4556 0.3068 
3.0101 -0.3399 2.1800 0.5479 0.2675 
3.0201 -0.3399 2.1835 0.5528 0.3036 
3.0201 -0.3599 2.1793 0.4556 0.3068 
3.0301 -0.3599 2.1780 0.4567 0.3404 
3.0501 -0.3699 2.1776 0.4145 0.4113 
3.0601 -0.3513 2.1701 0.4978 0.4405 
3.0401 -0.3599 2.1890 0.4694 0.3785 
3.0001 -0.3899 2.1797 0.3144 0.2482 
3.0101 -0.3999 2.1738 0.2641 0.2808 
3.0101 -0.3799 2.1850 0.3679 0.2819 
3.0201 -0.3899 2.1784 0.3174 0.3144 
3.0101 -0.3799 2.1850 0.3679 0.2819 
3.0101 -0.3999 2.1738 0.2641 0.2808 
3.0301 -0.3599 2.1780 0.4567 0.3404 
3.0401 -0.3799 2.1835 0.3731 0.3813 
3.0401 -0.3599 2.1890 0.4694 0.3785 
3.0401 -0.3599 2.1890 0.4694 0.3785 
3.0401 -0.3799 2.1835 0.3731 0.3813 
3.0501 -0.3699 2.1776 0.4145 0.4113 
3.0001 -0.3499 2.1905 0.5068 0.2439 
3.0001 -0.3599 2.1790 0.4504 0.2388 
3.0101 -0.3399 2.1800 0.5479 0.2675 
3.0101 -0.3399 2.1800 0.5479 0.2675 
3.0201 -0.3599 2.1793 0.4556 0.3068 
3.0201 -0.3399 2.1835 0.5528 0.3036 
3.0801 -0.3799 2.1728 0.3700 0.5165 
3.0701 -0.3799 2.1650 0.3580 0.4812 
3.0701 -0.3899 2.1761 0.3260 0.4838 
3.0801 -0.4199 2.1759 0.1966 0.5231 
3.0801 -0.3799 2.1728 0.3700 0.5165 
3.0701 -0.3899 2.1761 0.3260 0.4838 
3.1101 -0.3899 2.1764 0.3357 0.6211 
3.0801 -0.3799 2.1728 0.3700 0.5165 
3.1101 -0.4099 2.1752 0.2451 0.6238 
3.1101 -0.4099 2.1752 0.2451 0.6238 
3.0801 -0.3799 2.1728 0.3700 0.5165 
3.0801 -0.4199 2.1759 0.1966 0.5231 
3.0701 -0.3899 2.1761 0.3260 0.4838 
3.0701 -0.3799 2.1650 0.3580 0.4812 
3.0601 -0.3799 2.1788 0.3724 0.4479 
3.0801 -0.3799 2.1728 0.3700 0.5165 
3.1101 -0.3899 2.1764 0.3357 0.6211 
3.0901 -0.3799 2.1678 0.3663 0.5519 
3.0601 -0.3799 2.1788 0.3724 0.4479 
3.0501 -0.3699 2.1776 0.4145 0.4113 
3.0501 -0.3899 2.1707 0.3142 0.4140 
3.0701 -0.3799 2.1650 0.3580 0.4812 
3.0701 -0.3699 2.1901 0.4322 0.4808 
3.0601 -0.3799 2.1788 0.3724 0.4479 
3.0701 -0.3799 2.1650 0.3580 0.4812 
3.0801 -0.3799 2.1728 0.3700 0.5165 
3.0701 -0.3699 2.1901 0.4322 0.4808 
3.0801 -0.3799 2.1728 0.3700 0.5165 
3.0901 -0.3799 2.1678 0.3663 0.5519 
3.0701 -0.3699 2.1901 0.4322 0.4808 
3.0901 -0.3799 2.1678 0.3663 0.5519 
3.1101 -0.3699 2.1807 0.4322 0.6173 
3.0701 -0.3699 2.1901 0.4322 0.4808 
3.0601 -0.3513 2.1701 0.4978 0.4405 
3.0501 -0.3699 2.1776 0.4145 0.4113 
3.0601 -0.3799 2.1788 0.3724 0.4479 
3.0701 -0.3499 2.1683 0.5055 0.4756 
3.0701 -0.3599 2.1866 0.4743 0.4788 
3.0701 -0.3699 2.1901 0.4322 0.4808 
3.0901 -0.3599 2.1808 0.4738 0.5471 
3.0701 -0.3499 2.1683 0.5055 0.4756 
3.0701 -0.3699 2.1901 0.4322 0.4808 
3.1101 -0.3599 2.1680 0.4668 0.6201 
3.0901 -0.3599 2.1808 0.4738 0.5471 
3.1101 -0.3699 2.1807 0.4322 0.6173 
3.0701 -0.3599 2.1866 0.4743 0.4788 
3.0701 -0.3499 2.1683 0.5055 0.4756 
3.0601 -0.3513 2.1701 0.4978 0.4405 
3.1101 -0.3599 2.1680 0.4668 0.6201 
3.0901 -0.3499 2.1888 0.5270 0.5446 
3.0901 -0.3599 2.1808 0.4738 0.5471 
3.0501 -0.3999 2.1816 0.2842 0.4188 
3.0601 -0.3799 2.1788 0.3724 0.4479 
3.0501 -0.3899 2.1707 0.3142 0.4140 
3.0501 -0.3999 2.1816 0.2842 0.4188 
3.0701 -0.4099 2.1786 0.2410 0.4876 
3.0601 -0.3799 2.1788 0.3724 0.4479 
3.0601 -0.3799 2.1788 0.3724 0.4479 
3.0701 -0.4099 2.1786 0.2410 0.4876 
3.0701 -0.3899 2.1761 0.3260 0.4838 
3.0701 -0.3599 2.1866 0.4743 0.4788 
3.0601 -0.3799 2.1788 0.3724 0.4479 
3.0701 -0.3699 2.1901 0.4322 0.4808 
3.0601 -0.3513 2.1701 0.4978 0.4405 
3.0601 -0.3799 2.1788 0.3724 0.4479 
3.0701 -0.3599 2.1866 0.4743 0.4788 
3.0901 -0.3599 2.1808 0.4738 0.5471 
3.0701 -0.3699 2.1901 0.4322 0.4808 
3.1101 -0.3699 2.1807 0.4322 0.6173 
3.0301 -0.3599 2.1780 0.4567 0.3404 
3.0301 -0.3399 2.1709 0.5462 0.3319 
3.0201 -0.3399 2.1835 0.5528 0.3036 
3.0401 -0.3599 2.1890 0.4694 0.3785 
3.0301 -0.3399 2.1709 0.5462 0.3319 
3.0301 -0.3599 2.1780 0.4567 0.3404 
3.0501 -0.3399 2.1702 0.5508 0.4025 
3.0401 -0.3599 2.1890 0.4694 0.3785 
3.0601 -0.3513 2.1701 0.4978 0.4405 
3.0501 -0.3399 2.1702 0.5508 0.4025 
3.0301 -0.3399 2.1709 0.5462 0.3319 
3.0401 -0.3599 2.1890 0.4694 0.3785 
3.0001 -0.3299 2.1765 0.5912 0.2278 
3.0101 -0.3399 2.1800 0.5479 0.2675 
3.0201 -0.3199 2.1823 0.6477 0.2975 
3.0301 -0.3399 2.1709 0.5462 0.3319 
3.0401 -0.3299 2.1783 0.6023 0.3675 
3.0201 -0.3399 2.1835 0.5528 0.3036 
3.0501 -0.3399 2.1702 0.5508 0.4025 
3.0401 -0.3299 2.1783 0.6023 0.3675 
3.0301 -0.3399 2.1709 0.5462 0.3319 
3.0101 -0.3199 2.1636 0.6363 0.2503 
3.0001 -0.3299 2.1765 0.5912 0.2278 
3.0201 -0.3199 2.1823 0.6477 0.2975 
3.0401 -0.3299 2.1783 0.6023 0.3675 
3.0401 -0.3199 2.1715 0.6479 0.3624 
3.0301 -0.3199 2.1820 0.6501 0.3318 
3.0101 -0.3199 2.1636 0.6363 0.2503 
3.0101 -0.3099 2.1897 0.6962 0.2651 
3.0001 -0.3299 2.1765 0.5912 0.2278 
3.0201 -0.3199 2.1823 0.6477 0.2975 
3.0101 -0.3099 2.1897 0.6962 0.2651 
3.0101 -0.3199 2.1636 0.6363 0.2503 
3.0301 -0.3199 2.1820 0.6501 0.3318 
3.0401 -0.3199 2.1715 0.6479 0.3624 
3.0401 -0.3099 2.1794 0.7005 0.3630 
3.0001 -0.3499 2.1905 0.5068 0.2439 
3.0101 -0.3399 2.1800 0.5479 0.2675 
3.0001 -0.3299 2.1765 0.5912 0.2278 
3.0401 -0.3299 2.1783 0.6023 0.3675 
3.0101 -0.3399 2.1800 0.5479 0.2675 
3.0201 -0.3399 2.1835 0.5528 0.3036 
3.0201 -0.3199 2.1823 0.6477 0.2975 
3.0401 -0.3299 2.1783 0.6023 0.3675 
3.0301 -0.3199 2.1820 0.6501 0.3318 
3.0201 -0.3199 2.1823 0.6477 0.2975 
3.0301 -0.3199 2.1820 0.6501 0.3318 
3.0101 -0.3099 2.1897 0.6962 0.2651 
3.0101 -0.2999 2.1767 0.7419 0.2534 
2.9901 -0.2899 2.1776 0.7871 0.1814 
3.0101 -0.3099 2.1897 0.6962 0.2651 
3.0101 -0.2999 2.1767 0.7419 0.2534 
3.0101 -0.3099 2.1897 0.6962 0.2651 
3.0201 -0.2999 2.1889 0.7467 0.2956 
3.0101 -0.3099 2.1897 0.6962 0.2651 
3.0301 -0.3199 2.1820 0.6501 0.3318 
3.0201 -0.2999 2.1889 0.7467 0.2956 
3.0401 -0.3099 2.1794 0.7005 0.3630 
3.0201 -0.2999 2.1889 0.7467 0.2956 
3.0301 -0.3199 2.1820 0.6501 0.3318 
3.0501 -0.2999 2.1833 0.7534 0.3969 
3.0201 -0.2999 2.1889 0.7467 0.2956 
3.0401 -0.3099 2.1794 0.7005 0.3630 
3.0201 -0.3199 2.1823 0.6477 0.2975 
3.0101 -0.3399 2.1800 0.5479 0.2675 
3.0401 -0.3299 2.1783 0.6023 0.3675 
3.0701 -0.3199 2.1750 0.6572 0.4701 
3.0401 -0.3199 2.1715 0.6479 0.3624 
3.0601 -0.3299 2.1736 0.6046 0.4365 
3.0701 -0.3399 2.1784 0.5616 0.4744 
3.0501 -0.3399 2.1702 0.5508 0.4025 
3.0601 -0.3513 2.1701 0.4978 0.4405 
3.0701 -0.3499 2.1683 0.5055 0.4756 
3.0701 -0.3399 2.1784 0.5616 0.4744 
3.0601 -0.3513 2.1701 0.4978 0.4405 
3.0701 -0.3499 2.1683 0.5055 0.4756 
3.0901 -0.3599 2.1808 0.4738 0.5471 
3.0701 -0.3399 2.1784 0.5616 0.4744 
3.0901 -0.3599 2.1808 0.4738 0.5471 
3.0901 -0.3399 2.1809 0.5683 0.5439 
3.0701 -0.3399 2.1784 0.5616 0.4744 
3.0601 -0.3299 2.1736 0.6046 0.4365 
3.0401 -0.3299 2.1783 0.6023 0.3675 
3.0701 -0.3399 2.1784 0.5616 0.4744 
3.0701 -0.3399 2.1784 0.5616 0.4744 
3.0401 -0.3299 2.1783 0.6023 0.3675 
3.0501 -0.3399 2.1702 0.5508 0.4025 
3.0401 -0.3199 2.1715 0.6479 0.3624 
3.0401 -0.3299 2.1783 0.6023 0.3675 
3.0601 -0.3299 2.1736 0.6046 0.4365 
3.0401 -0.3199 2.1715 0.6479 0.3624 
3.0701 -0.3199 2.1750 0.6572 0.4701 
3.0401 -0.3099 2.1794 0.7005 0.3630 
3.0701 -0.3199 2.1750 0.6572 0.4701 
3.0801 -0.3199 2.1682 0.6568 0.5058 
3.0801 -0.3099 2.1801 0.7110 0.5039 
3.0801 -0.3199 2.1682 0.6568 0.5058 
3.1001 -0.3199 2.1800 0.6669 0.5760 
3.0801 -0.3099 2.1801 0.7110 0.5039 
3.0901 -0.3399 2.1809 0.5683 0.5439 
3.0901 -0.3599 2.1808 0.4738 0.5471 
3.0901 -0.3499 2.1888 0.5270 0.5446 
3.0601 -0.3299 2.1736 0.6046 0.4365 
3.0701 -0.3399 2.1784 0.5616 0.4744 
3.0701 -0.3299 2.1890 0.6156 0.4733 
3.0901 -0.3399 2.1809 0.5683 0.5439 
3.0701 -0.3299 2.1890 0.6156 0.4733 
3.0701 -0.3399 2.1784 0.5616 0.4744 
3.0901 -0.3299 2.1904 0.6212 0.5413 
3.0701 -0.3299 2.1890 0.6156 0.4733 
3.0901 -0.3399 2.1809 0.5683 0.5439 
3.0701 -0.3199 2.1750 0.6572 0.4701 
3.0601 -0.3299 2.1736 0.6046 0.4365 
3.0701 -0.3299 2.1890 0.6156 0.4733 
3.0701 -0.3199 2.1750 0.6572 0.4701 
3.0901 -0.3299 2.1904 0.6212 0.5413 
3.0801 -0.3199 2.1682 0.6568 0.5058 
3.0701 -0.3299 2.1890 0.6156 0.4733 
3.0901 -0.3299 2.1904 0.6212 0.5413 
3.0701 -0.3199 2.1750 0.6572 0.4701 
3.0901 -0.3299 2.1904 0.6212 0.5413 
3.1001 -0.3199 2.1800 0.6669 0.5760 
3.0801 -0.3199 2.1682 0.6568 0.5058 
3.0601 -0.3099 2.1901 0.7087 0.4353 
3.0401 -0.3099 2.1794 0.7005 0.3630 
3.0701 -0.3199 2.1750 0.6572 0.4701 
3.0801 -0.3099 2.1801 0.7110 0.5039 
3.0601 -0.3099 2.1901 0.7087 0.4353 
3.0701 -0.3199 2.1750 0.6572 0.4701 
3.0601 -0.3099 2.1901 0.7087 0.4353 
3.0501 -0.2999 2.1833 0.7534 0.3969 
3.0401 -0.3099 2.1794 0.7005 0.3630 
3.0801 -0.3099 2.1801 0.7110 0.5039 
3.0701 -0.2999 2.1903 0.7595 0.4676 
3.0601 -0.3099 2.1901 0.7087 0.4353 
3.0801 -0.2899 2.1769 0.8108 0.5001 
3.0801 -0.3099 2.1801 0.7110 0.5039 
3.1001 -0.2899 2.1723 0.8161 0.5730 
2.9401 -0.2599 2.1924 0.9228 0.0528 
2.9501 -0.2699 2.1830 0.8775 0.0601 
2.9601 -0.2592 2.1901 0.9324 0.0867 
2.9501 -0.2499 2.1780 0.9824 0.0544 
2.9401 -0.2599 2.1924 0.9228 0.0528 
2.9601 -0.2592 2.1901 0.9324 0.0867 
2.9801 -0.3099 2.1801 0.6855 0.1566 
2.9901 -0.2899 2.1776 0.7871 0.1814 
2.9601 -0.2899 2.1841 0.7798 0.0907 
2.9601 -0.2899 2.1841 0.7798 0.0907 
2.9401 -0.2999 2.1905 0.7270 0.0552 
2.9601 -0.2999 2.1875 0.7313 0.0972 
2.9701 -0.3099 2.1792 0.6826 0.1230 
2.9601 -0.2899 2.1841 0.7798 0.0907 
2.9601 -0.2999 2.1875 0.7313 0.0972 
2.9601 -0.2899 2.1841 0.7798 0.0907 
2.9701 -0.3099 2.1792 0.6826 0.1230 
2.9801 -0.3099 2.1801 0.6855 0.1566 
2.9601 -0.2799 2.1932 0.8291 0.0963 
2.9501 -0.2699 2.1830 0.8775 0.0601 
2.9601 -0.2899 2.1841 0.7798 0.0907 
2.9601 -0.2899 2.1841 0.7798 0.0907 
2.9901 -0.2899 2.1776 0.7871 0.1814 
2.9601 -0.2799 2.1932 0.8291 0.0963 
2.9601 -0.2799 2.1932 0.8291 0.0963 
2.9901 -0.2899 2.1776 0.7871 0.1814 
2.9901 -0.2799 2.1932 0.8367 0.1915 
2.9901 -0.2799 2.1932 0.8367 0.1915 
2.9901 -0.2899 2.1776 0.7871 0.1814 
3.0001 -0.2699 2.1767 0.8921 0.2087 
2.9601 -0.2592 2.1901 0.9324 0.0867 
2.9501 -0.2699 2.1830 0.8775 0.0601 
2.9601 -0.2799 2.1932 0.8291 0.0963 
2.9901 -0.2699 2.1853 0.8875 0.1815 
2.9801 -0.2699 2.1941 0.8831 0.1561 
2.9901 -0.2799 2.1932 0.8367 0.1915 
2.9901 -0.2799 2.1932 0.8367 0.1915 
3.0001 -0.2699 2.1767 0.8921 0.2087 
2.9901 -0.2699 2.1853 0.8875 0.1815 
2.9601 -0.2799 2.1932 0.8291 0.0963 
2.9701 -0.2599 2.1864 0.9326 0.1132 
2.9601 -0.2592 2.1901 0.9324 0.0867 
2.9816 -0.2599 2.1801 0.9379 0.1444 
2.9701 -0.2599 2.1864 0.9326 0.1132 
2.9601 -0.2799 2.1932 0.8291 0.0963 
2.9816 -0.2599 2.1801 0.9379 0.1444 
2.9601 -0.2799 2.1932 0.8291 0.0963 
2.9801 -0.2699 2.1941 0.8831 0.1561 
2.9816 -0.2599 2.1801 0.9379 0.1444 
2.9801 -0.2699 2.1941 0.8831 0.1561 
2.9901 -0.2699 2.1853 0.8875 0.1815 
2.9901 -0.2699 2.1853 0.8875 0.1815 
3.0001 -0.2699 2.1767 0.8921 0.2087 
2.9901 -0.2599 2.1954 0.9347 0.1869 
2.9701 -0.2599 2.1864 0.9326 0.1132 
2.9501 -0.2499 2.1780 0.9824 0.0544 
2.9601 -0.2592 2.1901 0.9324 0.0867 
2.9601 -0.2799 2.1932 0.8291 0.0963 
2.9901 -0.2799 2.1932 0.8367 0.1915 
2.9801 -0.2699 2.1941 0.8831 0.1561 
2.9901 -0.2699 2.1853 0.8875 0.1815 
2.9901 -0.2599 2.1954 0.9347 0.1869 
2.9816 -0.2599 2.1801 0.9379 0.1444 
2.9901 -0.2599 2.1954 0.9347 0.1869 
3.0101 -0.2599 2.1937 0.9405 0.2531 
3.0001 -0.2499 2.1848 0.9924 0.2089 
3.0601 -0.2899 2.1856 0.8056 0.4302 
3.0401 -0.2899 2.1869 0.8005 0.3609 
3.0501 -0.2999 2.1833 0.7534 0.3969 
3.0201 -0.2799 2.1802 0.8456 0.2849 
3.0001 -0.2699 2.1767 0.8921 0.2087 
3.0101 -0.2999 2.1767 0.7419 0.2534 
3.0101 -0.2999 2.1767 0.7419 0.2534 
3.0001 -0.2699 2.1767 0.8921 0.2087 
2.9901 -0.2899 2.1776 0.7871 0.1814 
3.0201 -0.2799 2.1802 0.8456 0.2849 
3.0101 -0.2999 2.1767 0.7419 0.2534 
3.0201 -0.2999 2.1889 0.7467 0.2956 
3.0292 -0.2899 2.1901 0.7978 0.3247 
3.0201 -0.2999 2.1889 0.7467 0.2956 
3.0401 -0.2899 2.1869 0.8005 0.3609 
3.0401 -0.2899 2.1869 0.8005 0.3609 
3.0201 -0.2999 2.1889 0.7467 0.2956 
3.0501 -0.2999 2.1833 0.7534 0.3969 
3.0201 -0.2999 2.1889 0.7467 0.2956 
3.0292 -0.2899 2.1901 0.7978 0.3247 
3.0201 -0.2799 2.1802 0.8456 0.2849 
3.0201 -0.2799 2.1802 0.8456 0.2849 
3.0101 -0.2599 2.1937 0.9405 0.2531 
3.0001 -0.2699 2.1767 0.8921 0.2087 
3.0501 -0.2692 2.1901 0.9054 0.3918 
3.0201 -0.2799 2.1802 0.8456 0.2849 
3.0292 -0.2899 2.1901 0.7978 0.3247 
3.0001 -0.2699 2.1767 0.8921 0.2087 
3.0101 -0.2599 2.1937 0.9405 0.2531 
2.9901 -0.2599 2.1954 0.9347 0.1869 
3.0201 -0.2799 2.1802 0.8456 0.2849 
3.0301 -0.2599 2.1910 0.9467 0.3203 
3.0101 -0.2599 2.1937 0.9405 0.2531 
3.0301 -0.2599 2.1910 0.9467 0.3203 
3.0201 -0.2799 2.1802 0.8456 0.2849 
3.0501 -0.2692 2.1901 0.9054 0.3918 
3.0301 -0.2499 2.1872 0.9992 0.3156 
3.0001 -0.2499 2.1848 0.9924 0.2089 
3.0101 -0.2599 2.1937 0.9405 0.2531 
3.0301 -0.2599 2.1910 0.9467 0.3203 
3.0301 -0.2499 2.1872 0.9992 0.3156 
3.0101 -0.2599 2.1937 0.9405 0.2531 
3.0401 -0.2899 2.1869 0.8005 0.3609 
3.0501 -0.2692 2.1901 0.9054 0.3918 
3.0292 -0.2899 2.1901 0.7978 0.3247 
3.0701 -0.2799 2.1738 0.8597 0.4618 
3.0801 -0.2899 2.1769 0.8108 0.5001 
3.0901 -0.2799 2.1781 0.8644 0.5343 
3.1001 -0.2899 2.1723 0.8161 0.5730 
3.0901 -0.2799 2.1781 0.8644 0.5343 
3.0801 -0.2899 2.1769 0.8108 0.5001 
3.0701 -0.2699 2.1906 0.9071 0.4617 
3.0701 -0.2799 2.1738 0.8597 0.4618 
3.0901 -0.2799 2.1781 0.8644 0.5343 
3.0901 -0.2599 2.1894 0.9630 0.5299 
3.0901 -0.2799 2.1781 0.8644 0.5343 
3.1001 -0.2599 2.1715 0.9738 0.5685 
3.0501 -0.2999 2.1833 0.7534 0.3969 
3.0601 -0.3099 2.1901 0.7087 0.4353 
3.0601 -0.2899 2.1856 0.8056 0.4302 
3.0601 -0.3099 2.1901 0.7087 0.4353 
3.0701 -0.2999 2.1903 0.7595 0.4676 
3.0601 -0.2899 2.1856 0.8056 0.4302 
3.0701 -0.2999 2.1903 0.7595 0.4676 
3.0801 -0.3099 2.1801 0.7110 0.5039 
3.0801 -0.2899 2.1769 0.8108 0.5001 
3.0601 -0.2899 2.1856 0.8056 0.4302 
3.0601 -0.2799 2.1910 0.8548 0.4291 
3.0401 -0.2899 2.1869 0.8005 0.3609 
3.0701 -0.2799 2.1738 0.8597 0.4618 
3.0601 -0.2899 2.1856 0.8056 0.4302 
3.0701 -0.2999 2.1903 0.7595 0.4676 
3.0701 -0.2799 2.1738 0.8597 0.4618 
3.0601 -0.2799 2.1910 0.8548 0.4291 
3.0601 -0.2899 2.1856 0.8056 0.4302 
3.0701 -0.2799 2.1738 0.8597 0.4618 
3.0701 -0.2999 2.1903 0.7595 0.4676 
3.0801 -0.2899 2.1769 0.8108 0.5001 
3.0501 -0.2692 2.1901 0.9054 0.3918 
3.0401 -0.2899 2.1869 0.8005 0.3609 
3.0601 -0.2799 2.1910 0.8548 0.4291 
3.0701 -0.2799 2.1738 0.8597 0.4618 
3.0701 -0.2699 2.1906 0.9071 0.4617 
3.0601 -0.2799 2.1910 0.8548 0.4291 
3.0901 -0.2599 2.1894 0.9630 0.5299 
3.0701 -0.2699 2.1906 0.9071 0.4617 
3.0901 -0.2799 2.1781 0.8644 0.5343 
3.0601 -0.2599 2.1684 0.9642 0.4195 
3.0501 -0.2692 2.1901 0.9054 0.3918 
3.0701 -0.2699 2.1906 0.9071 0.4617 
3.0701 -0.2599 2.1782 0.9625 0.4581 
3.0601 -0.2599 2.1684 0.9642 0.4195 
3.0701 -0.2699 2.1906 0.9071 0.4617 
3.0801 -0.2599 2.1723 0.9679 0.4943 
3.0701 -0.2599 2.1782 0.9625 0.4581 
3.0701 -0.2699 2.1906 0.9071 0.4617 
3.0801 -0.2599 2.1723 0.9679 0.4943 
3.0701 -0.2699 2.1906 0.9071 0.4617 
3.0901 -0.2599 2.1894 0.9630 0.5299 
3.0601 -0.2799 2.1910 0.8548 0.4291 
3.0701 -0.2699 2.1906 0.9071 0.4617 
3.0501 -0.2692 2.1901 0.9054 0.3918 
3.2001 -0.2799 2.1759 0.8942 0.9354 
3.2101 -0.2699 2.1629 0.9546 0.9909 
3.2001 -0.2699 2.1837 0.9434 0.9261 
3.2101 -0.3099 2.1764 0.7437 0.9698 
3.2001 -0.2799 2.1759 0.8942 0.9354 
3.2001 -0.2999 2.1726 0.7914 0.9389 
3.2201 -0.2799 2.1828 0.8979 0.9988 
3.2001 -0.2799 2.1759 0.8942 0.9354 
3.2101 -0.3099 2.1764 0.7437 0.9698 
3.1901 -0.2699 2.1837 0.9407 0.8901 
3.1501 -0.2699 2.1851 0.9296 0.7456 
3.1501 -0.2799 2.1859 0.8788 0.7457 
3.1901 -0.2699 2.1837 0.9407 0.8901 
3.1501 -0.2799 2.1859 0.8788 0.7457 
3.1701 -0.2883 2.1801 0.8426 0.8221 
3.1901 -0.2699 2.1837 0.9407 0.8901 
3.1901 -0.2799 2.1714 0.8926 0.9040 
3.2001 -0.2699 2.1837 0.9434 0.9261 
3.1901 -0.2799 2.1714 0.8926 0.9040 
3.2001 -0.2799 2.1759 0.8942 0.9354 
3.2001 -0.2699 2.1837 0.9434 0.9261 
3.1901 -0.2799 2.1714 0.8926 0.9040 
3.1901 -0.2899 2.1822 0.8394 0.8916 
3.2001 -0.2799 2.1759 0.8942 0.9354 
3.1701 -0.2883 2.1801 0.8426 0.8221 
3.1901 -0.2799 2.1714 0.8926 0.9040 
3.1901 -0.2699 2.1837 0.9407 0.8901 
3.1601 -0.2899 2.1695 0.8324 0.7950 
3.1701 -0.2883 2.1801 0.8426 0.8221 
3.1501 -0.2799 2.1859 0.8788 0.7457 
3.1801 -0.3099 2.1837 0.7374 0.8547 
3.2001 -0.2999 2.1726 0.7914 0.9389 
3.1901 -0.2899 2.1822 0.8394 0.8916 
3.2001 -0.2999 2.1726 0.7914 0.9389 
3.2001 -0.2799 2.1759 0.8942 0.9354 
3.1901 -0.2899 2.1822 0.8394 0.8916 
3.1701 -0.3099 2.1759 0.7332 0.8265 
3.1901 -0.2799 2.1714 0.8926 0.9040 
3.1701 -0.2883 2.1801 0.8426 0.8221 
3.1701 -0.3099 2.1759 0.7332 0.8265 
3.1901 -0.2899 2.1822 0.8394 0.8916 
3.1901 -0.2799 2.1714 0.8926 0.9040 
3.1601 -0.2899 2.1695 0.8324 0.7950 
3.1601 -0.2999 2.1652 0.7801 0.7991 
3.1701 -0.2883 2.1801 0.8426 0.8221 
3.1701 -0.2883 2.1801 0.8426 0.8221 
3.1601 -0.2999 2.1652 0.7801 0.7991 
3.1701 -0.3099 2.1759 0.7332 0.8265 
3.1501 -0.2999 2.1859 0.7793 0.7470 
3.1601 -0.2999 2.1652 0.7801 0.7991 
3.1601 -0.2899 2.1695 0.8324 0.7950 
3.1301 -0.2699 2.1859 0.9241 0.6739 
3.1501 -0.2699 2.1851 0.9296 0.7456 
3.1501 -0.2599 2.1699 0.9885 0.7559 
3.1501 -0.2699 2.1851 0.9296 0.7456 
3.1301 -0.2699 2.1859 0.9241 0.6739 
3.1501 -0.2799 2.1859 0.8788 0.7457 
3.1301 -0.2799 2.1785 0.8749 0.6785 
3.1501 -0.2799 2.1859 0.8788 0.7457 
3.1301 -0.2699 2.1859 0.9241 0.6739 
3.1301 -0.2799 2.1785 0.8749 0.6785 
3.1301 -0.2899 2.1858 0.8236 0.6759 
3.1501 -0.2799 2.1859 0.8788 0.7457 
3.1101 -0.2899 2.1874 0.8184 0.6051 
3.1301 -0.2899 2.1858 0.8236 0.6759 
3.1301 -0.2799 2.1785 0.8749 0.6785 
3.1501 -0.2999 2.1859 0.7793 0.7470 
3.1301 -0.2899 2.1858 0.8236 0.6759 
3.1201 -0.2999 2.1877 0.7718 0.6411 
3.1301 -0.2899 2.1858 0.8236 0.6759 
3.1101 -0.2899 2.1874 0.8184 0.6051 
3.1201 -0.2999 2.1877 0.7718 0.6411 
3.1101 -0.2899 2.1874 0.8184 0.6051 
3.1001 -0.2899 2.1723 0.8161 0.5730 
3.1201 -0.2999 2.1877 0.7718 0.6411 
3.1501 -0.2599 2.1699 0.9885 0.7559 
3.1201 -0.2599 2.1650 0.9827 0.6456 
3.1301 -0.2699 2.1859 0.9241 0.6739 
3.1301 -0.2799 2.1785 0.8749 0.6785 
3.1301 -0.2699 2.1859 0.9241 0.6739 
3.1201 -0.2599 2.1650 0.9827 0.6456 
3.1201 -0.2599 2.1650 0.9827 0.6456 
3.1101 -0.2799 2.1712 0.8709 0.6085 
3.1301 -0.2799 2.1785 0.8749 0.6785 
3.1101 -0.2799 2.1712 0.8709 0.6085 
3.1001 -0.2599 2.1715 0.9738 0.5685 
3.0901 -0.2799 2.1781 0.8644 0.5343 
3.1601 -0.2899 2.1695 0.8324 0.7950 
3.1501 -0.2799 2.1859 0.8788 0.7457 
3.1301 -0.2899 2.1858 0.8236 0.6759 
3.1301 -0.2799 2.1785 0.8749 0.6785 
3.1101 -0.2799 2.1712 0.8709 0.6085 
3.1101 -0.2899 2.1874 0.8184 0.6051 
3.1001 -0.2899 2.1723 0.8161 0.5730 
3.1101 -0.2799 2.1712 0.8709 0.6085 
3.0901 -0.2799 2.1781 0.8644 0.5343 
3.1001 -0.2899 2.1723 0.8161 0.5730 
3.1101 -0.2899 2.1874 0.8184 0.6051 
3.1101 -0.2799 2.1712 0.8709 0.6085 
3.1601 -0.2899 2.1695 0.8324 0.7950 
3.1301 -0.2899 2.1858 0.8236 0.6759 
3.1501 -0.2999 2.1859 0.7793 0.7470 
3.2001 -0.3199 2.1811 0.6927 0.9279 
3.2101 -0.3099 2.1764 0.7437 0.9698 
3.2001 -0.2999 2.1726 0.7914 0.9389 
3.2001 -0.3199 2.1811 0.6927 0.9279 
3.1901 -0.3299 2.1661 0.6341 0.9094 
3.2101 -0.3099 2.1764 0.7437 0.9698 
3.2101 -0.3299 2.1818 0.6468 0.9620 
3.2101 -0.3099 2.1764 0.7437 0.9698 
3.1901 -0.3299 2.1661 0.6341 0.9094 
3.2101 -0.3299 2.1818 0.6468 0.9620 
3.1901 -0.3299 2.1661 0.6341 0.9094 
3.2101 -0.3399 2.1765 0.5955 0.9684 
3.2101 -0.3399 2.1765 0.5955 0.9684 
3.1801 -0.3499 2.1677 0.5329 0.8711 
3.2101 -0.3699 2.1694 0.4450 0.9762 
3.1801 -0.3799 2.1752 0.3969 0.8635 
3.2001 -0.3799 2.1746 0.4010 0.9340 
3.2101 -0.3699 2.1694 0.4450 0.9762 
3.2101 -0.3699 2.1694 0.4450 0.9762 
3.2001 -0.3799 2.1746 0.4010 0.9340 
3.2101 -0.3999 2.1569 0.2868 0.9917 
3.2101 -0.3999 2.1569 0.2868 0.9917 
3.2001 -0.3799 2.1746 0.4010 0.9340 
3.2001 -0.4099 2.1680 0.2549 0.9411 
3.1701 -0.3099 2.1759 0.7332 0.8265 
3.1801 -0.3099 2.1837 0.7374 0.8547 
3.1901 -0.2899 2.1822 0.8394 0.8916 
3.1801 -0.3099 2.1837 0.7374 0.8547 
3.1801 -0.3399 2.1768 0.5881 0.8617 
3.1901 -0.3199 2.1726 0.6873 0.9021 
3.1701 -0.3199 2.1866 0.6870 0.8172 
3.1801 -0.3399 2.1768 0.5881 0.8617 
3.1801 -0.3099 2.1837 0.7374 0.8547 
3.1801 -0.3099 2.1837 0.7374 0.8547 
3.1901 -0.3199 2.1726 0.6873 0.9021 
3.2001 -0.2999 2.1726 0.7914 0.9389 
3.1601 -0.2999 2.1652 0.7801 0.7991 
3.1601 -0.3099 2.1837 0.7323 0.7842 
3.1701 -0.3099 2.1759 0.7332 0.8265 
3.1601 -0.2999 2.1652 0.7801 0.7991 
3.1501 -0.2999 2.1859 0.7793 0.7470 
3.1601 -0.3099 2.1837 0.7323 0.7842 
3.2001 -0.3199 2.1811 0.6927 0.9279 
3.2001 -0.2999 2.1726 0.7914 0.9389 
3.1901 -0.3199 2.1726 0.6873 0.9021 
3.1801 -0.3099 2.1837 0.7374 0.8547 
3.1701 -0.3099 2.1759 0.7332 0.8265 
3.1701 -0.3199 2.1866 0.6870 0.8172 
3.1601 -0.3099 2.1837 0.7323 0.7842 
3.1601 -0.3199 2.1759 0.6807 0.7909 
3.1701 -0.3099 2.1759 0.7332 0.8265 
3.1601 -0.3199 2.1759 0.6807 0.7909 
3.1701 -0.3199 2.1866 0.6870 0.8172 
3.1701 -0.3099 2.1759 0.7332 0.8265 
3.1401 -0.3199 2.1718 0.6740 0.7220 
3.1601 -0.3199 2.1759 0.6807 0.7909 
3.1601 -0.3099 2.1837 0.7323 0.7842 
3.1901 -0.3199 2.1726 0.6873 0.9021 
3.1901 -0.3299 2.1661 0.6341 0.9094 
3.2001 -0.3199 2.1811 0.6927 0.9279 
3.1901 -0.3299 2.1661 0.6341 0.9094 
3.1901 -0.3199 2.1726 0.6873 0.9021 
3.1801 -0.3399 2.1768 0.5881 0.8617 
3.1601 -0.3199 2.1759 0.6807 0.7909 
3.1401 -0.3199 2.1718 0.6740 0.7220 
3.1501 -0.3299 2.1792 0.6305 0.7534 
3.1901 -0.3299 2.1661 0.6341 0.9094 
3.1901 -0.3399 2.1830 0.5944 0.8904 
3.2101 -0.3399 2.1765 0.5955 0.9684 
3.1901 -0.3399 2.1830 0.5944 0.8904 
3.1901 -0.3299 2.1661 0.6341 0.9094 
3.1801 -0.3399 2.1768 0.5881 0.8617 
3.1801 -0.3399 2.1768 0.5881 0.8617 
3.1601 -0.3199 2.1759 0.6807 0.7909 
3.1501 -0.3499 2.1786 0.5338 0.7550 
3.1701 -0.3199 2.1866 0.6870 0.8172 
3.1601 -0.3199 2.1759 0.6807 0.7909 
3.1801 -0.3399 2.1768 0.5881 0.8617 
3.1501 -0.3299 2.1792 0.6305 0.7534 
3.1501 -0.3499 2.1786 0.5338 0.7550 
3.1601 -0.3199 2.1759 0.6807 0.7909 
3.1801 -0.3499 2.1677 0.5329 0.8711 
3.2101 -0.3399 2.1765 0.5955 0.9684 
3.1901 -0.3399 2.1830 0.5944 0.8904 
3.1801 -0.3399 2.1768 0.5881 0.8617 
3.1801 -0.3499 2.1677 0.5329 0.8711 
3.1901 -0.3399 2.1830 0.5944 0.8904 
3.1801 -0.3399 2.1768 0.5881 0.8617 
3.1501 -0.3499 2.1786 0.5338 0.7550 
3.1801 -0.3499 2.1677 0.5329 0.8711 
3.1601 -0.3099 2.1837 0.7323 0.7842 
3.1501 -0.2999 2.1859 0.7793 0.7470 
3.1401 -0.3199 2.1718 0.6740 0.7220 
3.1501 -0.2999 2.1859 0.7793 0.7470 
3.1201 -0.2999 2.1877 0.7718 0.6411 
3.1201 -0.3099 2.1845 0.7223 0.6435 
3.0801 -0.3099 2.1801 0.7110 0.5039 
3.1201 -0.3099 2.1845 0.7223 0.6435 
3.1201 -0.2999 2.1877 0.7718 0.6411 
3.1001 -0.2899 2.1723 0.8161 0.5730 
3.0801 -0.3099 2.1801 0.7110 0.5039 
3.1201 -0.2999 2.1877 0.7718 0.6411 
3.1401 -0.3199 2.1718 0.6740 0.7220 
3.1501 -0.2999 2.1859 0.7793 0.7470 
3.1201 -0.3099 2.1845 0.7223 0.6435 
3.1201 -0.3199 2.1761 0.6705 0.6479 
3.1201 -0.3099 2.1845 0.7223 0.6435 
3.1001 -0.3199 2.1800 0.6669 0.5760 
3.1201 -0.3099 2.1845 0.7223 0.6435 
3.0801 -0.3099 2.1801 0.7110 0.5039 
3.1001 -0.3199 2.1800 0.6669 0.5760 
3.1001 -0.3199 2.1800 0.6669 0.5760 
3.0901 -0.3299 2.1904 0.6212 0.5413 
3.0901 -0.3399 2.1809 0.5683 0.5439 
3.0901 -0.3399 2.1809 0.5683 0.5439 
3.0901 -0.3499 2.1888 0.5270 0.5446 
3.1101 -0.3499 2.1765 0.5223 0.6161 
3.1501 -0.3299 2.1792 0.6305 0.7534 
3.1401 -0.3199 2.1718 0.6740 0.7220 
3.1401 -0.3499 2.1725 0.5266 0.7238 
3.1401 -0.3499 2.1725 0.5266 0.7238 
3.1201 -0.3099 2.1845 0.7223 0.6435 
3.1201 -0.3199 2.1761 0.6705 0.6479 
3.1401 -0.3199 2.1718 0.6740 0.7220 
3.1201 -0.3099 2.1845 0.7223 0.6435 
3.1401 -0.3499 2.1725 0.5266 0.7238 
3.1201 -0.3199 2.1761 0.6705 0.6479 
3.1001 -0.3199 2.1800 0.6669 0.5760 
3.1301 -0.3399 2.1768 0.5756 0.6851 
3.1501 -0.3499 2.1786 0.5338 0.7550 
3.1501 -0.3299 2.1792 0.6305 0.7534 
3.1401 -0.3499 2.1725 0.5266 0.7238 
3.1401 -0.3499 2.1725 0.5266 0.7238 
3.1201 -0.3199 2.1761 0.6705 0.6479 
3.1301 -0.3399 2.1768 0.5756 0.6851 
3.1301 -0.3399 2.1768 0.5756 0.6851 
3.1001 -0.3199 2.1800 0.6669 0.5760 
3.1101 -0.3499 2.1765 0.5223 0.6161 
3.1001 -0.3199 2.1800 0.6669 0.5760 
3.0901 -0.3399 2.1809 0.5683 0.5439 
3.1101 -0.3499 2.1765 0.5223 0.6161 
3.1301 -0.3499 2.1671 0.5197 0.6912 
3.1401 -0.3499 2.1725 0.5266 0.7238 
3.1301 -0.3399 2.1768 0.5756 0.6851 
3.1301 -0.3499 2.1671 0.5197 0.6912 
3.1301 -0.3399 2.1768 0.5756 0.6851 
3.1201 -0.3599 2.1797 0.4801 0.6509 
3.1301 -0.3399 2.1768 0.5756 0.6851 
3.1101 -0.3499 2.1765 0.5223 0.6161 
3.1201 -0.3599 2.1797 0.4801 0.6509 
3.1501 -0.3799 2.1795 0.3945 0.7561 
3.1501 -0.3899 2.1865 0.3575 0.7519 
3.1703 -0.3899 2.1701 0.3420 0.8342 
3.1801 -0.3499 2.1677 0.5329 0.8711 
3.1701 -0.3699 2.1643 0.4297 0.8386 
3.1801 -0.3699 2.1776 0.4459 0.8611 
3.1801 -0.3499 2.1677 0.5329 0.8711 
3.1501 -0.3499 2.1786 0.5338 0.7550 
3.1701 -0.3699 2.1643 0.4297 0.8386 
3.2101 -0.3699 2.1694 0.4450 0.9762 
3.1801 -0.3499 2.1677 0.5329 0.8711 
3.1801 -0.3799 2.1752 0.3969 0.8635 
3.1801 -0.3499 2.1677 0.5329 0.8711 
3.1801 -0.3699 2.1776 0.4459 0.8611 
3.1801 -0.3799 2.1752 0.3969 0.8635 
3.1701 -0.3799 2.1774 0.3969 0.8268 
3.1801 -0.3799 2.1752 0.3969 0.8635 
3.1801 -0.3699 2.1776 0.4459 0.8611 
3.1701 -0.3699 2.1643 0.4297 0.8386 
3.1701 -0.3799 2.1774 0.3969 0.8268 
3.1801 -0.3699 2.1776 0.4459 0.8611 
3.1601 -0.3699 2.1626 0.4254 0.8040 
3.1701 -0.3799 2.1774 0.3969 0.8268 
3.1701 -0.3699 2.1643 0.4297 0.8386 
3.1501 -0.3599 2.1682 0.4770 0.7631 
3.1501 -0.3799 2.1795 0.3945 0.7561 
3.1701 -0.3799 2.1774 0.3969 0.8268 
3.1501 -0.3599 2.1682 0.4770 0.7631 
3.1701 -0.3799 2.1774 0.3969 0.8268 
3.1601 -0.3699 2.1626 0.4254 0.8040 
3.1801 -0.3799 2.1752 0.3969 0.8635 
3.1969 -0.3899 2.1701 0.3484 0.9278 
3.2001 -0.3799 2.1746 0.4010 0.9340 
3.1801 -0.3799 2.1752 0.3969 0.8635 
3.1701 -0.3799 2.1774 0.3969 0.8268 
3.1703 -0.3899 2.1701 0.3420 0.8342 
3.1501 -0.3799 2.1795 0.3945 0.7561 
3.1703 -0.3899 2.1701 0.3420 0.8342 
3.1701 -0.3799 2.1774 0.3969 0.8268 
3.1969 -0.3899 2.1701 0.3484 0.9278 
3.2001 -0.4099 2.1680 0.2549 0.9411 
3.2001 -0.3799 2.1746 0.4010 0.9340 
3.1703 -0.3899 2.1701 0.3420 0.8342 
3.1601 -0.3999 2.1785 0.3053 0.7920 
3.1801 -0.3999 2.1701 0.2985 0.8687 
3.1501 -0.3999 2.1687 0.2894 0.7649 
3.1703 -0.3899 2.1701 0.3420 0.8342 
3.1501 -0.3899 2.1865 0.3575 0.7519 
3.1501 -0.3999 2.1687 0.2894 0.7649 
3.1601 -0.3999 2.1785 0.3053 0.7920 
3.1703 -0.3899 2.1701 0.3420 0.8342 
3.1501 -0.3499 2.1786 0.5338 0.7550 
3.1601 -0.3699 2.1626 0.4254 0.8040 
3.1701 -0.3699 2.1643 0.4297 0.8386 
3.1501 -0.3599 2.1682 0.4770 0.7631 
3.1601 -0.3699 2.1626 0.4254 0.8040 
3.1501 -0.3499 2.1786 0.5338 0.7550 
3.1801 -0.3799 2.1752 0.3969 0.8635 
3.1703 -0.3899 2.1701 0.3420 0.8342 
3.1969 -0.3899 2.1701 0.3484 0.9278 
3.1801 -0.3999 2.1701 0.2985 0.8687 
3.2001 -0.4099 2.1680 0.2549 0.9411 
3.1969 -0.3899 2.1701 0.3484 0.9278 
3.1969 -0.3899 2.1701 0.3484 0.9278 
3.1703 -0.3899 2.1701 0.3420 0.8342 
3.1801 -0.3999 2.1701 0.2985 0.8687 
3.1801 -0.3999 2.1701 0.2985 0.8687 
3.1801 -0.3999 2.1701 0.2985 0.8687 
3.1703 -0.3899 2.1701 0.3420 0.8342 
3.1501 -0.3499 2.1786 0.5338 0.7550 
3.1401 -0.3499 2.1725 0.5266 0.7238 
3.1501 -0.3599 2.1682 0.4770 0.7631 
3.1101 -0.3599 2.1680 0.4668 0.6201 
3.1201 -0.3599 2.1797 0.4801 0.6509 
3.1101 -0.3499 2.1765 0.5223 0.6161 
3.1101 -0.3499 2.1765 0.5223 0.6161 
3.0901 -0.3499 2.1888 0.5270 0.5446 
3.1101 -0.3599 2.1680 0.4668 0.6201 
3.1101 -0.3599 2.1680 0.4668 0.6201 
3.1201 -0.3699 2.1733 0.4270 0.6546 
3.1201 -0.3599 2.1797 0.4801 0.6509 
3.1101 -0.3599 2.1680 0.4668 0.6201 
3.1101 -0.3699 2.1807 0.4322 0.6173 
3.1201 -0.3699 2.1733 0.4270 0.6546 
3.1101 -0.3799 2.1687 0.3723 0.6224 
3.1201 -0.3699 2.1733 0.4270 0.6546 
3.1101 -0.3699 2.1807 0.4322 0.6173 
3.0901 -0.3799 2.1678 0.3663 0.5519 
3.1101 -0.3799 2.1687 0.3723 0.6224 
3.1101 -0.3699 2.1807 0.4322 0.6173 
3.1501 -0.3799 2.1795 0.3945 0.7561 
3.1401 -0.3899 2.1679 0.3319 0.7296 
3.1501 -0.3899 2.1865 0.3575 0.7519 
3.1401 -0.3899 2.1679 0.3319 0.7296 
3.1501 -0.3799 2.1795 0.3945 0.7561 
3.1301 -0.3899 2.1741 0.3375 0.6911 
3.1101 -0.3899 2.1764 0.3357 0.6211 
3.1301 -0.3899 2.1741 0.3375 0.6911 
3.1201 -0.3699 2.1733 0.4270 0.6546 
3.1101 -0.3799 2.1687 0.3723 0.6224 
3.1101 -0.3899 2.1764 0.3357 0.6211 
3.1201 -0.3699 2.1733 0.4270 0.6546 
3.1101 -0.3799 2.1687 0.3723 0.6224 
3.0901 -0.3799 2.1678 0.3663 0.5519 
3.1101 -0.3899 2.1764 0.3357 0.6211 
3.1401 -0.3899 2.1679 0.3319 0.7296 
3.1501 -0.3999 2.1687 0.2894 0.7649 
3.1501 -0.3899 2.1865 0.3575 0.7519 
3.1301 -0.3899 2.1741 0.3375 0.6911 
3.1401 -0.4099 2.1720 0.2470 0.7285 
3.1501 -0.3999 2.1687 0.2894 0.7649 
3.1401 -0.4099 2.1720 0.2470 0.7285 
3.1301 -0.3899 2.1741 0.3375 0.6911 
3.1201 -0.3999 2.1755 0.2919 0.6569 
3.1301 -0.3899 2.1741 0.3375 0.6911 
3.1101 -0.3899 2.1764 0.3357 0.6211 
3.1201 -0.3999 2.1755 0.2919 0.6569 
3.1401 -0.3499 2.1725 0.5266 0.7238 
3.1301 -0.3499 2.1671 0.5197 0.6912 
3.1501 -0.3599 2.1682 0.4770 0.7631 
3.1201 -0.3599 2.1797 0.4801 0.6509 
3.1501 -0.3599 2.1682 0.4770 0.7631 
3.1301 -0.3499 2.1671 0.5197 0.6912 
3.1201 -0.3599 2.1797 0.4801 0.6509 
3.1401 -0.3699 2.1649 0.4228 0.7301 
3.1501 -0.3599 2.1682 0.4770 0.7631 
3.1401 -0.3699 2.1649 0.4228 0.7301 
3.1201 -0.3599 2.1797 0.4801 0.6509 
3.1201 -0.3699 2.1733 0.4270 0.6546 
3.1501 -0.3599 2.1682 0.4770 0.7631 
3.1401 -0.3699 2.1649 0.4228 0.7301 
3.1501 -0.3799 2.1795 0.3945 0.7561 
3.1501 -0.3799 2.1795 0.3945 0.7561 
3.1401 -0.3699 2.1649 0.4228 0.7301 
3.1301 -0.3899 2.1741 0.3375 0.6911 
3.1401 -0.3699 2.1649 0.4228 0.7301 
3.1201 -0.3699 2.1733 0.4270 0.6546 
3.1301 -0.3899 2.1741 0.3375 0.6911 
3.1401 -0.3899 2.1679 0.3319 0.7296 
3.1301 -0.3899 2.1741 0.3375 0.6911 
3.1501 -0.3999 2.1687 0.2894 0.7649 
3.2201 -0.4299 2.1768 0.1867 0.9980 
3.2001 -0.4399 2.1788 0.1458 0.9275 
3.2101 -0.4499 2.1735 0.1042 0.9672 
3.2001 -0.4499 2.1674 0.0945 0.9404 
3.2101 -0.4499 2.1735 0.1042 0.9672 
3.2001 -0.4399 2.1788 0.1458 0.9275 
3.2101 -0.4099 2.1778 0.2714 0.9637 
3.2101 -0.3999 2.1569 0.2868 0.9917 
3.2001 -0.4099 2.1680 0.2549 0.9411 
3.2001 -0.4499 2.1674 0.0945 0.9404 
3.2101 -0.4599 2.1745 0.0800 0.9656 
3.2101 -0.4499 2.1735 0.1042 0.9672 
3.1801 -0.3999 2.1701 0.2985 0.8687 
3.1801 -0.4099 2.1751 0.2608 0.8638 
3.1832 -0.4099 2.1701 0.2542 0.8796 
3.1801 -0.3999 2.1701 0.2985 0.8687 
3.1734 -0.4099 2.1701 0.2519 0.8456 
3.1801 -0.4099 2.1751 0.2608 0.8638 
3.1801 -0.3999 2.1701 0.2985 0.8687 
3.1601 -0.3999 2.1785 0.3053 0.7920 
3.1701 -0.4064 2.1701 0.2669 0.8339 
3.1701 -0.4064 2.1701 0.2669 0.8339 
3.1601 -0.3999 2.1785 0.3053 0.7920 
3.1601 -0.4099 2.1703 0.2491 0.7990 
3.1701 -0.4064 2.1701 0.2669 0.8339 
3.1601 -0.4099 2.1703 0.2491 0.7990 
3.1734 -0.4099 2.1701 0.2519 0.8456 
3.1501 -0.3999 2.1687 0.2894 0.7649 
3.1601 -0.4099 2.1703 0.2491 0.7990 
3.1601 -0.3999 2.1785 0.3053 0.7920 
3.1832 -0.4099 2.1701 0.2542 0.8796 
3.1801 -0.4099 2.1751 0.2608 0.8638 
3.1901 -0.4199 2.1737 0.2175 0.8995 
3.1832 -0.4099 2.1701 0.2542 0.8796 
3.1901 -0.4199 2.1737 0.2175 0.8995 
3.2001 -0.4199 2.1584 0.1955 0.9525 
3.1701 -0.4299 2.1748 0.1729 0.8301 
3.1801 -0.4099 2.1751 0.2608 0.8638 
3.1734 -0.4099 2.1701 0.2519 0.8456 
3.1734 -0.4099 2.1701 0.2519 0.8456 
3.1601 -0.4099 2.1703 0.2491 0.7990 
3.1701 -0.4299 2.1748 0.1729 0.8301 
3.1701 -0.4299 2.1748 0.1729 0.8301 
3.1601 -0.4099 2.1703 0.2491 0.7990 
3.1544 -0.4299 2.1701 0.1621 0.7801 
3.1301 -0.4406 2.1801 0.1314 0.6924 
3.1701 -0.4299 2.1748 0.1729 0.8301 
3.1544 -0.4299 2.1701 0.1621 0.7801 
3.2001 -0.4499 2.1674 0.0945 0.9404 
3.2001 -0.4399 2.1788 0.1458 0.9275 
3.1901 -0.4399 2.1680 0.1269 0.9055 
3.1701 -0.4299 2.1748 0.1729 0.8301 
3.1301 -0.4406 2.1801 0.1314 0.6924 
3.1601 -0.4499 2.1594 0.0806 0.8095 
3.2001 -0.4199 2.1584 0.1955 0.9525 
3.2001 -0.4099 2.1680 0.2549 0.9411 
3.1801 -0.3999 2.1701 0.2985 0.8687 
3.1801 -0.3999 2.1701 0.2985 0.8687 
3.1801 -0.3999 2.1701 0.2985 0.8687 
3.1832 -0.4099 2.1701 0.2542 0.8796 
3.2001 -0.4199 2.1584 0.1955 0.9525 
3.1801 -0.3999 2.1701 0.2985 0.8687 
3.1832 -0.4099 2.1701 0.2542 0.8796 
3.1701 -0.4064 2.1701 0.2669 0.8339 
3.1734 -0.4099 2.1701 0.2519 0.8456 
3.1801 -0.3999 2.1701 0.2985 0.8687 
3.1801 -0.3999 2.1701 0.2985 0.8687 
3.1701 -0.4064 2.1701 0.2669 0.8339 
3.1801 -0.3999 2.1701 0.2985 0.8687 
3.1734 -0.4099 2.1701 0.2519 0.8456 
3.1801 -0.3999 2.1701 0.2985 0.8687 
3.1801 -0.3999 2.1701 0.2985 0.8687 
3.1601 -0.4099 2.1703 0.2491 0.7990 
3.1501 -0.4199 2.1562 0.1805 0.7752 
3.1544 -0.4299 2.1701 0.1621 0.7801 
3.1501 -0.3999 2.1687 0.2894 0.7649 
3.1501 -0.4199 2.1562 0.1805 0.7752 
3.1601 -0.4099 2.1703 0.2491 0.7990 
3.2001 -0.4199 2.1584 0.1955 0.9525 
3.1901 -0.4199 2.1737 0.2175 0.8995 
3.1901 -0.4299 2.1610 0.1549 0.9135 
3.2001 -0.4399 2.1788 0.1458 0.9275 
3.2001 -0.4199 2.1584 0.1955 0.9525 
3.1901 -0.4299 2.1610 0.1549 0.9135 
3.1801 -0.4099 2.1751 0.2608 0.8638 
3.1701 -0.4299 2.1748 0.1729 0.8301 
3.1901 -0.4199 2.1737 0.2175 0.8995 
3.1701 -0.4299 2.1748 0.1729 0.8301 
3.1901 -0.4299 2.1610 0.1549 0.9135 
3.1901 -0.4199 2.1737 0.2175 0.8995 
3.1901 -0.4399 2.1680 0.1269 0.9055 
3.2001 -0.4399 2.1788 0.1458 0.9275 
3.1901 -0.4299 2.1610 0.1549 0.9135 
3.1901 -0.4399 2.1680 0.1269 0.9055 
3.1901 -0.4299 2.1610 0.1549 0.9135 
3.1701 -0.4299 2.1748 0.1729 0.8301 
3.1801 -0.4399 2.1581 0.1097 0.8812 
3.1901 -0.4399 2.1680 0.1269 0.9055 
3.1701 -0.4299 2.1748 0.1729 0.8301 
3.1701 -0.4299 2.1748 0.1729 0.8301 
3.1701 -0.4399 2.1659 0.1198 0.8384 
3.1801 -0.4399 2.1581 0.1097 0.8812 
3.1701 -0.4299 2.1748 0.1729 0.8301 
3.1601 -0.4499 2.1594 0.0806 0.8095 
3.1701 -0.4399 2.1659 0.1198 0.8384 
3.1301 -0.4199 2.1665 0.1928 0.6977 
3.1401 -0.4099 2.1720 0.2470 0.7285 
3.1201 -0.3999 2.1755 0.2919 0.6569 
3.1201 -0.3999 2.1755 0.2919 0.6569 
3.1101 -0.3899 2.1764 0.3357 0.6211 
3.1101 -0.4099 2.1752 0.2451 0.6238 
3.1201 -0.4199 2.1727 0.2005 0.6601 
3.1101 -0.4099 2.1752 0.2451 0.6238 
3.1101 -0.4299 2.1761 0.1623 0.6259 
3.1201 -0.4315 2.1601 0.1323 0.6669 
3.1201 -0.4199 2.1727 0.2005 0.6601 
3.1101 -0.4299 2.1761 0.1623 0.6259 
3.1401 -0.4299 2.1659 0.1523 0.7336 
3.1301 -0.4406 2.1801 0.1314 0.6924 
3.1544 -0.4299 2.1701 0.1621 0.7801 
3.1401 -0.4299 2.1659 0.1523 0.7336 
3.1301 -0.4199 2.1665 0.1928 0.6977 
3.1301 -0.4406 2.1801 0.1314 0.6924 
3.1301 -0.4199 2.1665 0.1928 0.6977 
3.1201 -0.4315 2.1601 0.1323 0.6669 
3.1301 -0.4406 2.1801 0.1314 0.6924 
3.1201 -0.4315 2.1601 0.1323 0.6669 
3.1101 -0.4399 2.1696 0.1145 0.6293 
3.1301 -0.4406 2.1801 0.1314 0.6924 
3.1101 -0.4399 2.1696 0.1145 0.6293 
3.1101 -0.4299 2.1761 0.1623 0.6259 
3.1001 -0.4499 2.1797 0.0955 0.5939 
3.1601 -0.4499 2.1594 0.0806 0.8095 
3.1301 -0.4406 2.1801 0.1314 0.6924 
3.1401 -0.4599 2.1696 0.0736 0.7334 
3.1301 -0.4499 2.1682 0.0859 0.6994 
3.1401 -0.4599 2.1696 0.0736 0.7334 
3.1301 -0.4406 2.1801 0.1314 0.6924 
3.1101 -0.4399 2.1696 0.1145 0.6293 
3.1301 -0.4499 2.1682 0.0859 0.6994 
3.1301 -0.4406 2.1801 0.1314 0.6924 
3.1301 -0.4199 2.1665 0.1928 0.6977 
3.1201 -0.3999 2.1755 0.2919 0.6569 
3.1201 -0.4099 2.1584 0.2215 0.6654 
3.1201 -0.4099 2.1584 0.2215 0.6654 
3.1201 -0.3999 2.1755 0.2919 0.6569 
3.1101 -0.4099 2.1752 0.2451 0.6238 
3.1501 -0.3999 2.1687 0.2894 0.7649 
3.1401 -0.4299 2.1659 0.1523 0.7336 
3.1501 -0.4199 2.1562 0.1805 0.7752 
3.1501 -0.3999 2.1687 0.2894 0.7649 
3.1401 -0.4099 2.1720 0.2470 0.7285 
3.1401 -0.4299 2.1659 0.1523 0.7336 
3.1301 -0.4199 2.1665 0.1928 0.6977 
3.1401 -0.4299 2.1659 0.1523 0.7336 
3.1401 -0.4099 2.1720 0.2470 0.7285 
3.1201 -0.4099 2.1584 0.2215 0.6654 
3.1201 -0.4199 2.1727 0.2005 0.6601 
3.1301 -0.4199 2.1665 0.1928 0.6977 
3.1201 -0.4099 2.1584 0.2215 0.6654 
3.1101 -0.4099 2.1752 0.2451 0.6238 
3.1201 -0.4199 2.1727 0.2005 0.6601 
3.1401 -0.4299 2.1659 0.1523 0.7336 
3.1544 -0.4299 2.1701 0.1621 0.7801 
3.1501 -0.4199 2.1562 0.1805 0.7752 
3.1201 -0.4315 2.1601 0.1323 0.6669 
3.1301 -0.4199 2.1665 0.1928 0.6977 
3.1201 -0.4199 2.1727 0.2005 0.6601 
3.1201 -0.4315 2.1601 0.1323 0.6669 
3.1101 -0.4299 2.1761 0.1623 0.6259 
3.1101 -0.4399 2.1696 0.1145 0.6293 
3.1901 -0.4399 2.1680 0.1269 0.9055 
3.1901 -0.4599 2.1757 0.0792 0.8970 
3.2101 -0.4599 2.1745 0.0800 0.9656 
3.1901 -0.4399 2.1680 0.1269 0.9055 
3.2101 -0.4599 2.1745 0.0800 0.9656 
3.2001 -0.4499 2.1674 0.0945 0.9404 
3.1901 -0.4399 2.1680 0.1269 0.9055 
3.1801 -0.4599 2.1857 0.0874 0.8542 
3.1901 -0.4599 2.1757 0.0792 0.8970 
3.1701 -0.4399 2.1659 0.1198 0.8384 
3.1601 -0.4599 2.1750 0.0765 0.7971 
3.1801 -0.4599 2.1857 0.0874 0.8542 
3.1601 -0.4599 2.1750 0.0765 0.7971 
3.1701 -0.4399 2.1659 0.1198 0.8384 
3.1601 -0.4499 2.1594 0.0806 0.8095 
3.1901 -0.4399 2.1680 0.1269 0.9055 
3.1801 -0.4399 2.1581 0.1097 0.8812 
3.1801 -0.4599 2.1857 0.0874 0.8542 
3.1801 -0.4399 2.1581 0.1097 0.8812 
3.1701 -0.4399 2.1659 0.1198 0.8384 
3.1801 -0.4599 2.1857 0.0874 0.8542 
3.1401 -0.4599 2.1696 0.0736 0.7334 
3.1301 -0.4499 2.1682 0.0859 0.6994 
3.1201 -0.4599 2.1773 0.0754 0.6622 
