NUMPOLLIES 753.000000 

4.3201 0.6301 2.1201 0.1614 0.0539 
4.3201 0.6301 2.1201 0.1614 0.0539 
4.3201 0.6286 2.1301 0.1876 0.0561 
4.3201 0.6286 2.1301 0.1876 0.0561 
4.3201 0.6301 2.1201 0.1614 0.0539 
4.3081 0.6201 2.1301 0.2116 0.0693 
4.3001 0.6324 2.1301 0.1805 0.0902 
4.3081 0.6201 2.1301 0.2116 0.0693 
4.3201 0.6301 2.1201 0.1614 0.0539 
4.3201 0.6301 2.1201 0.1614 0.0539 
4.3201 0.6313 2.1101 0.1361 0.0528 
4.3201 0.6301 2.1201 0.1614 0.0539 
4.3201 0.6301 2.1201 0.1614 0.0539 
4.3201 0.6301 2.1201 0.1614 0.0539 
4.3201 0.6301 2.1201 0.1614 0.0539 
4.3201 0.6301 2.1201 0.1614 0.0539 
4.3101 0.6248 2.1101 0.1536 0.0585 
4.3201 0.6301 2.1201 0.1614 0.0539 
4.3201 0.6301 2.1201 0.1614 0.0539 
4.3201 0.6313 2.1101 0.1361 0.0528 
4.3101 0.6248 2.1101 0.1536 0.0585 
4.3001 0.6101 2.1096 0.1927 0.0678 
4.3011 0.6101 2.1101 0.1938 0.0664 
4.3001 0.6101 2.1105 0.1949 0.0683 
4.3081 0.6201 2.1301 0.2116 0.0693 
4.3001 0.6324 2.1301 0.1805 0.0902 
4.3001 0.5501 2.1389 0.4411 0.0603 
4.3011 0.6101 2.1101 0.1938 0.0664 
4.3001 0.5917 2.1101 0.2469 0.0611 
4.3001 0.6101 2.1105 0.1949 0.0683 
4.3011 0.6101 2.1101 0.1938 0.0664 
4.3001 0.6101 2.1096 0.1927 0.0678 
4.3001 0.5917 2.1101 0.2469 0.0611 
4.3001 0.6324 2.1301 0.1805 0.0902 
4.3201 0.6301 2.1201 0.1614 0.0539 
4.2901 0.6317 2.1301 0.1836 0.1119 
4.2428 0.6301 2.1201 0.1716 0.2220 
4.2501 0.6201 2.1261 0.2106 0.2020 
4.2601 0.6201 2.1297 0.2173 0.1786 
4.2701 0.6294 2.1201 0.1699 0.1523 
4.2428 0.6301 2.1201 0.1716 0.2220 
4.2601 0.6201 2.1297 0.2173 0.1786 
4.2428 0.6301 2.1201 0.1716 0.2220 
4.2701 0.6294 2.1201 0.1699 0.1523 
4.2501 0.6260 2.1001 0.1357 0.1900 
4.3101 0.6248 2.1101 0.1536 0.0585 
4.2901 0.6317 2.1301 0.1836 0.1119 
4.3201 0.6301 2.1201 0.1614 0.0539 
4.2901 0.6311 2.1001 0.1185 0.0919 
4.2901 0.6317 2.1301 0.1836 0.1119 
4.3101 0.6248 2.1101 0.1536 0.0585 
4.2901 0.6317 2.1301 0.1836 0.1119 
4.2701 0.6299 2.1001 0.1238 0.1398 
4.2848 0.6301 2.1301 0.1884 0.1234 
4.2901 0.6317 2.1301 0.1836 0.1119 
4.2901 0.6311 2.1001 0.1185 0.0919 
4.2701 0.6299 2.1001 0.1238 0.1398 
4.2701 0.6299 2.1001 0.1238 0.1398 
4.2701 0.6294 2.1201 0.1699 0.1523 
4.2848 0.6301 2.1301 0.1884 0.1234 
4.2501 0.6260 2.1001 0.1357 0.1900 
4.2701 0.6294 2.1201 0.1699 0.1523 
4.2701 0.6299 2.1001 0.1238 0.1398 
4.3001 0.6236 2.1001 0.1351 0.0681 
4.2901 0.6311 2.1001 0.1185 0.0919 
4.3101 0.6248 2.1101 0.1536 0.0585 
4.2601 0.6211 2.0901 0.1238 0.1547 
4.2501 0.6260 2.1001 0.1357 0.1900 
4.2701 0.6299 2.1001 0.1238 0.1398 
4.2401 0.6239 2.1301 0.2108 0.2313 
4.2201 0.6189 2.1301 0.2272 0.2809 
4.2294 0.6301 2.1401 0.2180 0.2655 
4.2401 0.5967 2.1401 0.3094 0.2248 
4.2401 0.6239 2.1301 0.2108 0.2313 
4.2294 0.6301 2.1401 0.2180 0.2655 
4.2401 0.6239 2.1301 0.2108 0.2313 
4.2401 0.5967 2.1401 0.3094 0.2248 
4.2514 0.5801 2.1301 0.3354 0.1825 
4.2428 0.6301 2.1201 0.1716 0.2220 
4.2401 0.6239 2.1301 0.2108 0.2313 
4.2501 0.6201 2.1261 0.2106 0.2020 
4.2401 0.6239 2.1301 0.2108 0.2313 
4.2428 0.6301 2.1201 0.1716 0.2220 
4.2201 0.6189 2.1301 0.2272 0.2809 
4.2101 0.6245 2.1301 0.2133 0.3088 
4.2201 0.6189 2.1301 0.2272 0.2809 
4.2001 0.6265 2.1201 0.1869 0.3323 
4.2001 0.6265 2.1201 0.1869 0.3323 
4.2005 0.6101 2.1201 0.2318 0.3260 
4.2101 0.6245 2.1301 0.2133 0.3088 
4.2514 0.5801 2.1301 0.3354 0.1825 
4.2501 0.6201 2.1261 0.2106 0.2020 
4.2401 0.6239 2.1301 0.2108 0.2313 
4.2101 0.6287 2.1101 0.1568 0.3030 
4.2201 0.6189 2.1301 0.2272 0.2809 
4.2428 0.6301 2.1201 0.1716 0.2220 
4.1801 0.6273 2.1101 0.1645 0.3833 
4.2001 0.6265 2.1201 0.1869 0.3323 
4.2201 0.6189 2.1301 0.2272 0.2809 
4.2101 0.6287 2.1101 0.1568 0.3030 
4.1801 0.6273 2.1101 0.1645 0.3833 
4.2201 0.6189 2.1301 0.2272 0.2809 
4.2401 0.6172 2.1001 0.1596 0.2127 
4.2428 0.6301 2.1201 0.1716 0.2220 
4.2501 0.6260 2.1001 0.1357 0.1900 
4.2401 0.6172 2.1001 0.1596 0.2127 
4.2301 0.6244 2.1001 0.1421 0.2430 
4.2428 0.6301 2.1201 0.1716 0.2220 
4.2301 0.6244 2.1001 0.1421 0.2430 
4.2101 0.6287 2.1101 0.1568 0.3030 
4.2428 0.6301 2.1201 0.1716 0.2220 
4.2101 0.6187 2.1001 0.1597 0.2954 
4.2101 0.6287 2.1101 0.1568 0.3030 
4.2301 0.6244 2.1001 0.1421 0.2430 
4.1801 0.6273 2.1101 0.1645 0.3833 
4.2101 0.6287 2.1101 0.1568 0.3030 
4.2101 0.6187 2.1001 0.1597 0.2954 
4.1201 0.6201 2.1513 0.2845 0.5429 
4.1301 0.6187 2.1501 0.2844 0.5172 
4.1201 0.6279 2.1501 0.2608 0.5437 
4.1201 0.6279 2.1501 0.2608 0.5437 
4.1123 0.6201 2.1501 0.2831 0.5630 
4.1201 0.6201 2.1513 0.2845 0.5429 
4.1301 0.6187 2.1501 0.2844 0.5172 
4.1201 0.6201 2.1513 0.2845 0.5429 
4.1123 0.6201 2.1501 0.2831 0.5630 
4.1110 0.6101 2.1501 0.3114 0.5655 
4.1101 0.6145 2.1501 0.2991 0.5682 
4.1101 0.6101 2.1504 0.3121 0.5679 
4.1101 0.6145 2.1501 0.2991 0.5682 
4.1097 0.6101 2.1501 0.3116 0.5691 
4.1101 0.6101 2.1504 0.3121 0.5679 
4.1085 0.6201 2.1501 0.2837 0.5726 
4.0901 0.6201 2.1528 0.2920 0.6194 
4.0866 0.6201 2.1501 0.2868 0.6290 
4.1110 0.6101 2.1501 0.3114 0.5655 
4.1101 0.6101 2.1504 0.3121 0.5679 
4.1097 0.6101 2.1501 0.3116 0.5691 
4.1901 0.6301 2.1401 0.2234 0.3649 
4.2001 0.6301 2.1404 0.2227 0.3396 
4.1901 0.6301 2.1401 0.2234 0.3649 
4.1901 0.6301 2.1401 0.2234 0.3649 
4.2001 0.6301 2.1404 0.2227 0.3396 
4.2001 0.6334 2.1401 0.2134 0.3405 
4.1801 0.6304 2.1401 0.2239 0.3905 
4.1901 0.6301 2.1401 0.2234 0.3649 
4.1901 0.6301 2.1401 0.2234 0.3649 
4.2001 0.6301 2.1404 0.2227 0.3396 
4.1901 0.6301 2.1401 0.2234 0.3649 
4.1918 0.6201 2.1401 0.2502 0.3578 
4.1918 0.6201 2.1401 0.2502 0.3578 
4.1901 0.6301 2.1401 0.2234 0.3649 
4.1801 0.6304 2.1401 0.2239 0.3905 
4.1918 0.6201 2.1401 0.2502 0.3578 
4.1801 0.6304 2.1401 0.2239 0.3905 
4.1801 0.6260 2.1401 0.2358 0.3894 
4.1801 0.6304 2.1401 0.2239 0.3905 
4.1801 0.6301 2.1388 0.2220 0.3902 
4.1670 0.6201 2.1401 0.2537 0.4218 
4.1801 0.6260 2.1401 0.2358 0.3894 
4.1801 0.6304 2.1401 0.2239 0.3905 
4.1670 0.6201 2.1401 0.2537 0.4218 
4.1801 0.6260 2.1401 0.2358 0.3894 
4.1670 0.6201 2.1401 0.2537 0.4218 
4.1794 0.6201 2.1401 0.2519 0.3899 
4.1918 0.6201 2.1401 0.2502 0.3578 
4.1794 0.6201 2.1401 0.2519 0.3899 
4.1901 0.5801 2.1399 0.3662 0.3504 
4.1901 0.6301 2.1401 0.2234 0.3649 
4.2001 0.6334 2.1401 0.2134 0.3405 
4.1901 0.6301 2.1401 0.2234 0.3649 
4.1901 0.6301 2.1401 0.2234 0.3649 
4.2001 0.6334 2.1401 0.2134 0.3405 
4.2001 0.6301 2.1404 0.2227 0.3396 
4.1801 0.6304 2.1401 0.2239 0.3905 
4.1901 0.6301 2.1401 0.2234 0.3649 
4.1801 0.6301 2.1388 0.2220 0.3902 
4.1801 0.6301 2.1388 0.2220 0.3902 
4.1901 0.6301 2.1401 0.2234 0.3649 
4.1901 0.6301 2.1401 0.2234 0.3649 
4.1901 0.6266 2.1301 0.2106 0.3614 
4.1901 0.6301 2.1401 0.2234 0.3649 
4.1936 0.6201 2.1301 0.2277 0.3504 
4.2001 0.6301 2.1404 0.2227 0.3396 
4.1918 0.6201 2.1401 0.2502 0.3578 
4.1936 0.6201 2.1301 0.2277 0.3504 
4.2001 0.6301 2.1404 0.2227 0.3396 
4.1936 0.6201 2.1301 0.2277 0.3504 
4.1901 0.6301 2.1401 0.2234 0.3649 
4.1794 0.6201 2.1401 0.2519 0.3899 
4.1918 0.6201 2.1401 0.2502 0.3578 
4.1901 0.6266 2.1301 0.2106 0.3614 
4.1901 0.6301 2.1401 0.2234 0.3649 
4.1901 0.6266 2.1301 0.2106 0.3614 
4.1918 0.6201 2.1401 0.2502 0.3578 
4.1801 0.6301 2.1388 0.2220 0.3902 
4.1918 0.6201 2.1401 0.2502 0.3578 
4.1801 0.6260 2.1401 0.2358 0.3894 
4.1801 0.6301 2.1388 0.2220 0.3902 
4.1901 0.6301 2.1401 0.2234 0.3649 
4.1918 0.6201 2.1401 0.2502 0.3578 
4.1801 0.6260 2.1401 0.2358 0.3894 
4.1794 0.6201 2.1401 0.2519 0.3899 
4.1801 0.6301 2.1388 0.2220 0.3902 
4.1601 0.6280 2.1301 0.2110 0.4401 
4.1801 0.6301 2.1388 0.2220 0.3902 
4.1794 0.6201 2.1401 0.2519 0.3899 
4.1901 0.6266 2.1301 0.2106 0.3614 
4.1601 0.6280 2.1301 0.2110 0.4401 
4.1794 0.6201 2.1401 0.2519 0.3899 
4.1601 0.6201 2.1346 0.2425 0.4390 
4.1670 0.6201 2.1401 0.2537 0.4218 
4.1601 0.6280 2.1301 0.2110 0.4401 
4.1801 0.6301 2.1388 0.2220 0.3902 
4.1601 0.6280 2.1301 0.2110 0.4401 
4.1670 0.6201 2.1401 0.2537 0.4218 
4.1601 0.6280 2.1301 0.2110 0.4401 
4.1501 0.6333 2.1401 0.2204 0.4679 
4.1601 0.6201 2.1346 0.2425 0.4390 
4.2001 0.6265 2.1201 0.1869 0.3323 
4.1901 0.6266 2.1301 0.2106 0.3614 
4.1936 0.6201 2.1301 0.2277 0.3504 
4.1601 0.6233 2.1201 0.2010 0.4380 
4.1601 0.6280 2.1301 0.2110 0.4401 
4.1901 0.6266 2.1301 0.2106 0.3614 
4.1601 0.6233 2.1201 0.2010 0.4380 
4.1501 0.6280 2.1101 0.1666 0.4649 
4.1601 0.6280 2.1301 0.2110 0.4401 
4.2005 0.6101 2.1201 0.2318 0.3260 
4.1936 0.6201 2.1301 0.2277 0.3504 
4.1901 0.6101 2.1201 0.2333 0.3539 
4.2005 0.6101 2.1201 0.2318 0.3260 
4.2001 0.6265 2.1201 0.1869 0.3323 
4.1936 0.6201 2.1301 0.2277 0.3504 
4.1701 0.6163 2.1201 0.2188 0.4095 
4.1779 0.6001 2.1201 0.2641 0.3842 
4.1648 0.6101 2.1201 0.2371 0.4225 
4.1801 0.6273 2.1101 0.1645 0.3833 
4.1901 0.6266 2.1301 0.2106 0.3614 
4.2001 0.6265 2.1201 0.1869 0.3323 
4.1801 0.6273 2.1101 0.1645 0.3833 
4.1601 0.6233 2.1201 0.2010 0.4380 
4.1901 0.6266 2.1301 0.2106 0.3614 
4.1801 0.6273 2.1101 0.1645 0.3833 
4.1501 0.6280 2.1101 0.1666 0.4649 
4.1601 0.6233 2.1201 0.2010 0.4380 
4.1701 0.6101 2.1152 0.2248 0.4071 
4.1701 0.6163 2.1201 0.2188 0.4095 
4.1648 0.6101 2.1201 0.2371 0.4225 
4.1779 0.6001 2.1201 0.2641 0.3842 
4.1701 0.6163 2.1201 0.2188 0.4095 
4.1701 0.6101 2.1152 0.2248 0.4071 
4.1801 0.6154 2.1001 0.1728 0.3776 
4.1801 0.6273 2.1101 0.1645 0.3833 
4.2101 0.6187 2.1001 0.1597 0.2954 
4.1601 0.6203 2.1001 0.1624 0.4348 
4.1801 0.6273 2.1101 0.1645 0.3833 
4.1801 0.6154 2.1001 0.1728 0.3776 
4.1601 0.6203 2.1001 0.1624 0.4348 
4.1501 0.6280 2.1101 0.1666 0.4649 
4.1801 0.6273 2.1101 0.1645 0.3833 
4.1106 0.6201 2.1401 0.2618 0.5686 
4.1501 0.6333 2.1401 0.2204 0.4679 
4.1030 0.6301 2.1401 0.2355 0.5889 
4.1501 0.6333 2.1401 0.2204 0.4679 
4.1106 0.6201 2.1401 0.2618 0.5686 
4.1201 0.5501 2.1459 0.4859 0.5363 
4.1301 0.6313 2.1401 0.2286 0.5189 
4.1501 0.6333 2.1401 0.2204 0.4679 
4.1401 0.6284 2.1301 0.2127 0.4926 
4.1401 0.6284 2.1301 0.2127 0.4926 
4.1501 0.6333 2.1401 0.2204 0.4679 
4.1601 0.6280 2.1301 0.2110 0.4401 
4.1030 0.6301 2.1401 0.2355 0.5889 
4.1301 0.6313 2.1401 0.2286 0.5189 
4.1201 0.6301 2.1301 0.2109 0.5454 
4.1201 0.6139 2.1201 0.2330 0.5446 
4.1201 0.6301 2.1301 0.2109 0.5454 
4.1301 0.6313 2.1401 0.2286 0.5189 
4.1201 0.6301 2.1301 0.2109 0.5454 
4.1106 0.6201 2.1401 0.2618 0.5686 
4.1030 0.6301 2.1401 0.2355 0.5889 
4.1201 0.6301 2.1301 0.2109 0.5454 
4.1143 0.6201 2.1301 0.2391 0.5600 
4.1106 0.6201 2.1401 0.2618 0.5686 
4.1401 0.6284 2.1301 0.2127 0.4926 
4.1301 0.5980 2.1301 0.3003 0.5151 
4.1301 0.6313 2.1401 0.2286 0.5189 
4.1201 0.6139 2.1201 0.2330 0.5446 
4.1301 0.6313 2.1401 0.2286 0.5189 
4.1301 0.5980 2.1301 0.3003 0.5151 
4.1301 0.6252 2.1201 0.2001 0.5188 
4.1401 0.6284 2.1301 0.2127 0.4926 
4.1601 0.6280 2.1301 0.2110 0.4401 
4.1501 0.6280 2.1101 0.1666 0.4649 
4.1301 0.6252 2.1201 0.2001 0.5188 
4.1601 0.6280 2.1301 0.2110 0.4401 
4.1301 0.6252 2.1201 0.2001 0.5188 
4.1201 0.6337 2.1101 0.1558 0.5473 
4.1201 0.6301 2.1301 0.2109 0.5454 
4.1301 0.6252 2.1201 0.2001 0.5188 
4.1201 0.6301 2.1301 0.2109 0.5454 
4.1201 0.6139 2.1201 0.2330 0.5446 
4.1201 0.6337 2.1101 0.1558 0.5473 
4.1143 0.6201 2.1301 0.2391 0.5600 
4.1201 0.6301 2.1301 0.2109 0.5454 
4.1201 0.6337 2.1101 0.1558 0.5473 
4.1101 0.6255 2.1201 0.2020 0.5727 
4.1143 0.6201 2.1301 0.2391 0.5600 
4.0980 0.6201 2.1401 0.2636 0.6015 
4.1101 0.6255 2.1201 0.2020 0.5727 
4.0994 0.6301 2.1401 0.2360 0.5981 
4.1265 0.5901 2.1201 0.3021 0.5245 
4.1301 0.5980 2.1301 0.3003 0.5151 
4.1301 0.6252 2.1201 0.2001 0.5188 
4.1301 0.5980 2.1301 0.3003 0.5151 
4.1401 0.6284 2.1301 0.2127 0.4926 
4.1301 0.6252 2.1201 0.2001 0.5188 
4.1265 0.5901 2.1201 0.3021 0.5245 
4.1301 0.6252 2.1201 0.2001 0.5188 
4.1201 0.6139 2.1201 0.2330 0.5446 
4.1143 0.6201 2.1301 0.2391 0.5600 
4.1101 0.6255 2.1201 0.2020 0.5727 
4.1201 0.6139 2.1201 0.2330 0.5446 
4.1201 0.6139 2.1201 0.2330 0.5446 
4.1301 0.5980 2.1301 0.3003 0.5151 
4.1201 0.5901 2.1216 0.3065 0.5422 
4.1143 0.6201 2.1301 0.2391 0.5600 
4.1201 0.6139 2.1201 0.2330 0.5446 
4.1201 0.5901 2.1216 0.3065 0.5422 
4.1101 0.6255 2.1201 0.2020 0.5727 
4.1201 0.6337 2.1101 0.1558 0.5473 
4.1101 0.6262 2.1101 0.1769 0.5740 
4.1101 0.6262 2.1101 0.1769 0.5740 
4.1001 0.6022 2.1101 0.2464 0.6007 
4.1101 0.6255 2.1201 0.2020 0.5727 
4.1501 0.6150 2.1101 0.2019 0.4625 
4.1501 0.6001 2.1129 0.2516 0.4599 
4.1473 0.6001 2.1101 0.2454 0.4676 
4.1201 0.6208 2.1001 0.1665 0.5470 
4.1301 0.6252 2.1201 0.2001 0.5188 
4.1501 0.6280 2.1101 0.1666 0.4649 
4.1201 0.6337 2.1101 0.1558 0.5473 
4.1301 0.6252 2.1201 0.2001 0.5188 
4.1201 0.6208 2.1001 0.1665 0.5470 
4.1101 0.6262 2.1101 0.1769 0.5740 
4.1201 0.6337 2.1101 0.1558 0.5473 
4.1201 0.6208 2.1001 0.1665 0.5470 
4.1101 0.6262 2.1101 0.1769 0.5740 
4.1201 0.6208 2.1001 0.1665 0.5470 
4.1001 0.6253 2.1001 0.1573 0.6034 
4.1001 0.6022 2.1101 0.2464 0.6007 
4.1101 0.6262 2.1101 0.1769 0.5740 
4.1001 0.6253 2.1001 0.1573 0.6034 
4.1473 0.6001 2.1101 0.2454 0.4676 
4.1501 0.6101 2.1086 0.2123 0.4615 
4.1501 0.6150 2.1101 0.2019 0.4625 
4.2001 0.5201 2.1465 0.5752 0.3049 
4.1901 0.5101 2.1435 0.6072 0.3286 
4.2101 0.5101 2.1489 0.6131 0.2737 
4.2601 0.5810 2.1401 0.3528 0.1663 
4.2501 0.5501 2.1486 0.4691 0.1824 
4.2750 0.5501 2.1401 0.4478 0.1129 
4.3001 0.6324 2.1301 0.1805 0.0902 
4.2848 0.6301 2.1301 0.1884 0.1234 
4.3001 0.5501 2.1389 0.4411 0.0603 
4.2601 0.6201 2.1297 0.2173 0.1786 
4.2601 0.5810 2.1401 0.3528 0.1663 
4.2701 0.5701 2.1356 0.3753 0.1326 
4.2514 0.5801 2.1301 0.3354 0.1825 
4.2601 0.5810 2.1401 0.3528 0.1663 
4.2601 0.6201 2.1297 0.2173 0.1786 
4.3001 0.5501 2.1389 0.4411 0.0603 
4.2848 0.6301 2.1301 0.1884 0.1234 
4.2701 0.5701 2.1356 0.3753 0.1326 
4.2750 0.5501 2.1401 0.4478 0.1129 
4.2701 0.5701 2.1356 0.3753 0.1326 
4.2601 0.5810 2.1401 0.3528 0.1663 
4.3001 0.5501 2.1389 0.4411 0.0603 
4.2701 0.5701 2.1356 0.3753 0.1326 
4.2750 0.5501 2.1401 0.4478 0.1129 
4.2701 0.5701 2.1356 0.3753 0.1326 
4.2848 0.6301 2.1301 0.1884 0.1234 
4.2701 0.6294 2.1201 0.1699 0.1523 
4.2701 0.5701 2.1356 0.3753 0.1326 
4.2701 0.6294 2.1201 0.1699 0.1523 
4.2601 0.6201 2.1297 0.2173 0.1786 
4.2514 0.5801 2.1301 0.3354 0.1825 
4.2601 0.6201 2.1297 0.2173 0.1786 
4.2501 0.6201 2.1261 0.2106 0.2020 
4.3001 0.6101 2.1096 0.1927 0.0678 
4.3001 0.6101 2.1105 0.1949 0.0683 
4.3001 0.5917 2.1101 0.2469 0.0611 
4.2401 0.5967 2.1401 0.3094 0.2248 
4.2501 0.5501 2.1486 0.4691 0.1824 
4.2601 0.5810 2.1401 0.3528 0.1663 
4.2294 0.6301 2.1401 0.2180 0.2655 
4.2301 0.5801 2.1414 0.3632 0.2446 
4.2401 0.5967 2.1401 0.3094 0.2248 
4.2401 0.5967 2.1401 0.3094 0.2248 
4.2301 0.5801 2.1414 0.3632 0.2446 
4.2501 0.5501 2.1486 0.4691 0.1824 
4.2201 0.5501 2.1350 0.4466 0.2559 
4.2501 0.5501 2.1486 0.4691 0.1824 
4.2301 0.5801 2.1414 0.3632 0.2446 
4.2401 0.5967 2.1401 0.3094 0.2248 
4.2601 0.5810 2.1401 0.3528 0.1663 
4.2514 0.5801 2.1301 0.3354 0.1825 
4.2301 0.5801 2.1414 0.3632 0.2446 
4.2294 0.6301 2.1401 0.2180 0.2655 
4.2201 0.6189 2.1301 0.2272 0.2809 
4.2201 0.5501 2.1350 0.4466 0.2559 
4.2301 0.5801 2.1414 0.3632 0.2446 
4.2201 0.6189 2.1301 0.2272 0.2809 
4.2201 0.6189 2.1301 0.2272 0.2809 
4.2101 0.6245 2.1301 0.2133 0.3088 
4.2201 0.5501 2.1350 0.4466 0.2559 
4.2201 0.5501 2.1350 0.4466 0.2559 
4.2101 0.6245 2.1301 0.2133 0.3088 
4.2001 0.5501 2.1333 0.4466 0.3108 
4.2101 0.6245 2.1301 0.2133 0.3088 
4.2001 0.5790 2.1301 0.3472 0.3199 
4.2001 0.5501 2.1333 0.4466 0.3108 
4.2001 0.5790 2.1301 0.3472 0.3199 
4.2101 0.6245 2.1301 0.2133 0.3088 
4.2005 0.6101 2.1201 0.2318 0.3260 
4.2401 0.5201 2.1494 0.5732 0.1951 
4.2801 0.5201 2.1420 0.5521 0.0864 
4.2501 0.5301 2.1331 0.5053 0.1626 
4.2901 0.5201 2.1480 0.5615 0.0695 
4.2801 0.5201 2.1420 0.5521 0.0864 
4.2701 0.5101 2.1448 0.5946 0.1071 
4.2701 0.5101 2.1448 0.5946 0.1071 
4.2801 0.5201 2.1420 0.5521 0.0864 
4.2501 0.5101 2.1499 0.6075 0.1632 
4.2801 0.5201 2.1420 0.5521 0.0864 
4.2401 0.5201 2.1494 0.5732 0.1951 
4.2501 0.5101 2.1499 0.6075 0.1632 
4.3001 0.5201 2.1376 0.5400 0.0532 
4.2901 0.5201 2.1480 0.5615 0.0695 
4.2901 0.5001 2.1394 0.6173 0.0577 
4.2901 0.5201 2.1480 0.5615 0.0695 
4.2701 0.5101 2.1448 0.5946 0.1071 
4.2901 0.5001 2.1394 0.6173 0.0577 
4.2901 0.5001 2.1394 0.6173 0.0577 
4.2701 0.5101 2.1448 0.5946 0.1071 
4.2801 0.5001 2.1360 0.6131 0.0725 
4.2701 0.5501 2.1310 0.4298 0.1189 
4.2601 0.5401 2.1422 0.4876 0.1471 
4.2801 0.5401 2.1344 0.4685 0.0915 
4.3001 0.5301 2.1297 0.4894 0.0531 
4.2801 0.5401 2.1344 0.4685 0.0915 
4.2501 0.5301 2.1331 0.5053 0.1626 
4.2601 0.5401 2.1422 0.4876 0.1471 
4.2501 0.5301 2.1331 0.5053 0.1626 
4.2801 0.5401 2.1344 0.4685 0.0915 
4.3001 0.5201 2.1376 0.5400 0.0532 
4.3001 0.5301 2.1297 0.4894 0.0531 
4.2901 0.5201 2.1480 0.5615 0.0695 
4.3001 0.5301 2.1297 0.4894 0.0531 
4.2801 0.5201 2.1420 0.5521 0.0864 
4.2901 0.5201 2.1480 0.5615 0.0695 
4.3001 0.5301 2.1297 0.4894 0.0531 
4.2501 0.5301 2.1331 0.5053 0.1626 
4.2801 0.5201 2.1420 0.5521 0.0864 
4.2901 0.5501 2.1126 0.3860 0.0622 
4.2701 0.5501 2.1310 0.4298 0.1189 
4.2801 0.5401 2.1344 0.4685 0.0915 
4.2201 0.5301 2.1482 0.5401 0.2539 
4.2101 0.5101 2.1489 0.6131 0.2737 
4.2301 0.5201 2.1404 0.5582 0.2175 
4.1901 0.5301 2.1271 0.5041 0.3299 
4.2001 0.5201 2.1465 0.5752 0.3049 
4.2201 0.5301 2.1482 0.5401 0.2539 
4.2001 0.5201 2.1465 0.5752 0.3049 
4.2101 0.5101 2.1489 0.6131 0.2737 
4.2201 0.5301 2.1482 0.5401 0.2539 
4.2401 0.5201 2.1494 0.5732 0.1951 
4.2501 0.5001 2.1419 0.6294 0.1525 
4.2501 0.5101 2.1499 0.6075 0.1632 
4.2301 0.5001 2.1479 0.6439 0.2123 
4.2401 0.5201 2.1494 0.5732 0.1951 
4.2301 0.5201 2.1404 0.5582 0.2175 
4.2301 0.5001 2.1479 0.6439 0.2123 
4.2501 0.5001 2.1419 0.6294 0.1525 
4.2401 0.5201 2.1494 0.5732 0.1951 
4.2301 0.5201 2.1404 0.5582 0.2175 
4.2101 0.5101 2.1489 0.6131 0.2737 
4.2301 0.5001 2.1479 0.6439 0.2123 
4.2301 0.5001 2.1479 0.6439 0.2123 
4.2101 0.5101 2.1489 0.6131 0.2737 
4.2201 0.4901 2.1432 0.6750 0.2335 
4.2101 0.5101 2.1489 0.6131 0.2737 
4.2001 0.5001 2.1411 0.6376 0.2949 
4.2201 0.4901 2.1432 0.6750 0.2335 
4.2101 0.5101 2.1489 0.6131 0.2737 
4.1901 0.5101 2.1435 0.6072 0.3286 
4.2001 0.5001 2.1411 0.6376 0.2949 
4.2101 0.5401 2.1322 0.4762 0.2784 
4.2101 0.5501 2.1153 0.4061 0.2748 
4.2001 0.5401 2.1426 0.4988 0.3107 
4.2001 0.5401 2.1426 0.4988 0.3107 
4.1901 0.5301 2.1271 0.5041 0.3299 
4.2101 0.5401 2.1322 0.4762 0.2784 
4.1901 0.5301 2.1271 0.5041 0.3299 
4.2201 0.5301 2.1482 0.5401 0.2539 
4.2101 0.5401 2.1322 0.4762 0.2784 
4.2501 0.5301 2.1331 0.5053 0.1626 
4.2401 0.5301 2.1269 0.4946 0.1863 
4.2401 0.5201 2.1494 0.5732 0.1951 
4.2401 0.5301 2.1269 0.4946 0.1863 
4.2301 0.5201 2.1404 0.5582 0.2175 
4.2401 0.5201 2.1494 0.5732 0.1951 
4.2401 0.5301 2.1269 0.4946 0.1863 
4.2201 0.5301 2.1482 0.5401 0.2539 
4.2301 0.5201 2.1404 0.5582 0.2175 
4.2401 0.5301 2.1269 0.4946 0.1863 
4.2701 0.5501 2.1310 0.4298 0.1189 
4.2264 0.5501 2.1201 0.4139 0.2308 
4.2601 0.5401 2.1422 0.4876 0.1471 
4.2701 0.5501 2.1310 0.4298 0.1189 
4.2401 0.5301 2.1269 0.4946 0.1863 
4.2101 0.5501 2.1153 0.4061 0.2748 
4.2101 0.5401 2.1322 0.4762 0.2784 
4.2201 0.5301 2.1482 0.5401 0.2539 
4.2264 0.5501 2.1201 0.4139 0.2308 
4.2101 0.5501 2.1153 0.4061 0.2748 
4.2201 0.5301 2.1482 0.5401 0.2539 
4.2501 0.5301 2.1331 0.5053 0.1626 
4.2601 0.5401 2.1422 0.4876 0.1471 
4.2401 0.5301 2.1269 0.4946 0.1863 
4.2201 0.5301 2.1482 0.5401 0.2539 
4.2401 0.5301 2.1269 0.4946 0.1863 
4.2264 0.5501 2.1201 0.4139 0.2308 
4.1501 0.5233 2.1501 0.5796 0.4480 
4.1401 0.5301 2.1460 0.5502 0.4773 
4.1401 0.5101 2.1545 0.6360 0.4742 
4.1401 0.5301 2.1460 0.5502 0.4773 
4.1201 0.5201 2.1530 0.6015 0.5326 
4.1401 0.5101 2.1545 0.6360 0.4742 
4.1401 0.5001 2.1513 0.6670 0.4722 
4.1401 0.5101 2.1545 0.6360 0.4742 
4.1201 0.5201 2.1530 0.6015 0.5326 
4.1401 0.4901 2.1438 0.6918 0.4698 
4.1101 0.5101 2.1475 0.6294 0.5608 
4.1101 0.4901 2.1557 0.7174 0.5582 
4.1794 0.6201 2.1401 0.2519 0.3899 
4.1670 0.6201 2.1401 0.2537 0.4218 
4.1601 0.5501 2.1375 0.4621 0.4241 
4.1501 0.6333 2.1401 0.2204 0.4679 
4.1501 0.5501 2.1479 0.4847 0.4532 
4.1601 0.6201 2.1346 0.2425 0.4390 
4.1918 0.6201 2.1401 0.2502 0.3578 
4.1901 0.5801 2.1399 0.3662 0.3504 
4.2001 0.5790 2.1301 0.3472 0.3199 
4.1936 0.6201 2.1301 0.2277 0.3504 
4.1918 0.6201 2.1401 0.2502 0.3578 
4.2001 0.5790 2.1301 0.3472 0.3199 
4.1601 0.5501 2.1375 0.4621 0.4241 
4.1670 0.6201 2.1401 0.2537 0.4218 
4.1601 0.6201 2.1346 0.2425 0.4390 
4.1501 0.5501 2.1479 0.4847 0.4532 
4.1601 0.5501 2.1375 0.4621 0.4241 
4.1601 0.6201 2.1346 0.2425 0.4390 
4.2001 0.5790 2.1301 0.3472 0.3199 
4.1901 0.5801 2.1399 0.3662 0.3504 
4.2001 0.5501 2.1333 0.4466 0.3108 
4.1901 0.5801 2.1399 0.3662 0.3504 
4.1794 0.6201 2.1401 0.2519 0.3899 
4.2001 0.5501 2.1333 0.4466 0.3108 
4.2001 0.5501 2.1333 0.4466 0.3108 
4.1794 0.6201 2.1401 0.2519 0.3899 
4.1601 0.5501 2.1375 0.4621 0.4241 
4.2001 0.5790 2.1301 0.3472 0.3199 
4.1901 0.6101 2.1201 0.2333 0.3539 
4.1936 0.6201 2.1301 0.2277 0.3504 
4.2005 0.6101 2.1201 0.2318 0.3260 
4.1901 0.6101 2.1201 0.2333 0.3539 
4.2001 0.5790 2.1301 0.3472 0.3199 
4.1779 0.6001 2.1201 0.2641 0.3842 
4.1701 0.6101 2.1152 0.2248 0.4071 
4.1648 0.6101 2.1201 0.2371 0.4225 
4.1501 0.6150 2.1101 0.2019 0.4625 
4.1501 0.6101 2.1086 0.2123 0.4615 
4.1501 0.6001 2.1129 0.2516 0.4599 
4.1501 0.6333 2.1401 0.2204 0.4679 
4.1401 0.5501 2.1444 0.4795 0.4807 
4.1501 0.5501 2.1479 0.4847 0.4532 
4.1401 0.5501 2.1444 0.4795 0.4807 
4.1501 0.6333 2.1401 0.2204 0.4679 
4.1201 0.5501 2.1459 0.4859 0.5363 
4.1106 0.6201 2.1401 0.2618 0.5686 
4.1133 0.5501 2.1401 0.4755 0.5560 
4.1201 0.5501 2.1459 0.4859 0.5363 
4.1106 0.6201 2.1401 0.2618 0.5686 
4.1143 0.6201 2.1301 0.2391 0.5600 
4.1101 0.5747 2.1301 0.3753 0.5679 
4.0980 0.6201 2.1401 0.2636 0.6015 
4.1101 0.5501 2.1328 0.4612 0.5658 
4.1101 0.5747 2.1301 0.3753 0.5679 
4.1106 0.6201 2.1401 0.2618 0.5686 
4.1101 0.5747 2.1301 0.3753 0.5679 
4.1133 0.5501 2.1401 0.4755 0.5560 
4.1101 0.5501 2.1328 0.4612 0.5658 
4.1133 0.5501 2.1401 0.4755 0.5560 
4.1101 0.5747 2.1301 0.3753 0.5679 
4.1265 0.5901 2.1201 0.3021 0.5245 
4.1201 0.5901 2.1216 0.3065 0.5422 
4.1301 0.5980 2.1301 0.3003 0.5151 
4.1143 0.6201 2.1301 0.2391 0.5600 
4.1201 0.5901 2.1216 0.3065 0.5422 
4.1101 0.5747 2.1301 0.3753 0.5679 
4.1101 0.5747 2.1301 0.3753 0.5679 
4.1101 0.6255 2.1201 0.2020 0.5727 
4.0980 0.6201 2.1401 0.2636 0.6015 
4.1201 0.5901 2.1216 0.3065 0.5422 
4.1265 0.5901 2.1201 0.3021 0.5245 
4.1201 0.5701 2.1211 0.3683 0.5402 
4.1101 0.5747 2.1301 0.3753 0.5679 
4.1201 0.5901 2.1216 0.3065 0.5422 
4.1201 0.5701 2.1211 0.3683 0.5402 
4.1201 0.5701 2.1211 0.3683 0.5402 
4.1101 0.6255 2.1201 0.2020 0.5727 
4.1101 0.5747 2.1301 0.3753 0.5679 
4.1265 0.5901 2.1201 0.3021 0.5245 
4.1213 0.5501 2.1201 0.4324 0.5346 
4.1201 0.5701 2.1211 0.3683 0.5402 
4.1201 0.5701 2.1211 0.3683 0.5402 
4.1213 0.5501 2.1201 0.4324 0.5346 
4.1189 0.5501 2.1201 0.4328 0.5415 
4.1201 0.5701 2.1211 0.3683 0.5402 
4.1201 0.6139 2.1201 0.2330 0.5446 
4.1101 0.6255 2.1201 0.2020 0.5727 
4.1201 0.5501 2.1195 0.4313 0.5381 
4.1265 0.5901 2.1201 0.3021 0.5245 
4.1201 0.6139 2.1201 0.2330 0.5446 
4.1201 0.5501 2.1195 0.4313 0.5381 
4.1201 0.6139 2.1201 0.2330 0.5446 
4.1201 0.5701 2.1211 0.3683 0.5402 
4.1213 0.5501 2.1201 0.4324 0.5346 
4.1265 0.5901 2.1201 0.3021 0.5245 
4.1201 0.5501 2.1195 0.4313 0.5381 
4.1189 0.5501 2.1201 0.4328 0.5415 
4.1201 0.5501 2.1195 0.4313 0.5381 
4.1201 0.5701 2.1211 0.3683 0.5402 
4.1501 0.6101 2.1086 0.2123 0.4615 
4.1473 0.6001 2.1101 0.2454 0.4676 
4.1501 0.6001 2.1129 0.2516 0.4599 
4.1401 0.5301 2.1460 0.5502 0.4773 
4.1501 0.5301 2.1401 0.5371 0.4483 
4.1551 0.5401 2.1401 0.5018 0.4362 
4.1551 0.5401 2.1401 0.5018 0.4362 
4.1501 0.5301 2.1401 0.5371 0.4483 
4.1501 0.5301 2.1401 0.5371 0.4483 
4.1801 0.5201 2.1488 0.5831 0.3621 
4.2001 0.5201 2.1465 0.5752 0.3049 
4.1901 0.5301 2.1271 0.5041 0.3299 
4.1801 0.5301 2.1348 0.5214 0.3612 
4.1801 0.5201 2.1488 0.5831 0.3621 
4.1901 0.5301 2.1271 0.5041 0.3299 
4.1501 0.5301 2.1401 0.5371 0.4483 
4.1501 0.5301 2.1401 0.5371 0.4483 
4.1501 0.5233 2.1501 0.5796 0.4480 
4.1901 0.5101 2.1435 0.6072 0.3286 
4.2001 0.5201 2.1465 0.5752 0.3049 
4.1801 0.5201 2.1488 0.5831 0.3621 
4.1501 0.5233 2.1501 0.5796 0.4480 
4.1701 0.5101 2.1408 0.6060 0.3857 
4.1801 0.5201 2.1488 0.5831 0.3621 
4.1801 0.5201 2.1488 0.5831 0.3621 
4.1701 0.5101 2.1408 0.6060 0.3857 
4.1701 0.5001 2.1444 0.6493 0.3837 
4.1701 0.5001 2.1444 0.6493 0.3837 
4.1701 0.5101 2.1408 0.6060 0.3857 
4.1591 0.5001 2.1501 0.6613 0.4168 
4.1401 0.5101 2.1545 0.6360 0.4742 
4.1591 0.5001 2.1501 0.6613 0.4168 
4.1701 0.5101 2.1408 0.6060 0.3857 
4.1801 0.5501 2.1312 0.4457 0.3664 
4.2001 0.5401 2.1426 0.4988 0.3107 
4.2101 0.5501 2.1153 0.4061 0.2748 
4.1551 0.5401 2.1401 0.5018 0.4362 
4.2001 0.5401 2.1426 0.4988 0.3107 
4.1801 0.5501 2.1312 0.4457 0.3664 
4.1701 0.5501 2.1301 0.4451 0.3945 
4.1551 0.5401 2.1401 0.5018 0.4362 
4.1801 0.5501 2.1312 0.4457 0.3664 
4.1701 0.5501 2.1301 0.4451 0.3945 
4.1801 0.5501 2.1312 0.4457 0.3664 
4.1701 0.5501 2.1301 0.4451 0.3945 
4.1601 0.5441 2.1301 0.4673 0.4215 
4.1551 0.5401 2.1401 0.5018 0.4362 
4.1701 0.5501 2.1301 0.4451 0.3945 
4.1601 0.5441 2.1301 0.4673 0.4215 
4.1401 0.5501 2.1264 0.4425 0.4799 
4.1551 0.5401 2.1401 0.5018 0.4362 
4.1901 0.5301 2.1271 0.5041 0.3299 
4.2001 0.5401 2.1426 0.4988 0.3107 
4.1801 0.5301 2.1348 0.5214 0.3612 
4.1801 0.5301 2.1348 0.5214 0.3612 
4.1551 0.5401 2.1401 0.5018 0.4362 
4.1601 0.5301 2.1291 0.5137 0.4179 
4.2001 0.5401 2.1426 0.4988 0.3107 
4.1551 0.5401 2.1401 0.5018 0.4362 
4.1801 0.5301 2.1348 0.5214 0.3612 
4.1601 0.5301 2.1291 0.5137 0.4179 
4.1551 0.5401 2.1401 0.5018 0.4362 
4.1501 0.5301 2.1401 0.5371 0.4483 
4.1801 0.5301 2.1348 0.5214 0.3612 
4.1601 0.5301 2.1291 0.5137 0.4179 
4.1801 0.5201 2.1488 0.5831 0.3621 
4.1801 0.5201 2.1488 0.5831 0.3621 
4.1601 0.5301 2.1291 0.5137 0.4179 
4.1501 0.5233 2.1501 0.5796 0.4480 
4.1601 0.5301 2.1291 0.5137 0.4179 
4.1501 0.5301 2.1401 0.5371 0.4483 
4.1501 0.5233 2.1501 0.5796 0.4480 
4.1701 0.5501 2.1301 0.4451 0.3945 
4.1701 0.5501 2.1301 0.4451 0.3945 
4.1701 0.5501 2.1301 0.4451 0.3945 
4.1701 0.5501 2.1301 0.4451 0.3945 
4.1701 0.5501 2.1301 0.4451 0.3945 
4.1601 0.5441 2.1301 0.4673 0.4215 
4.1701 0.5501 2.1301 0.4451 0.3945 
4.1401 0.5501 2.1264 0.4425 0.4799 
4.1601 0.5441 2.1301 0.4673 0.4215 
4.1501 0.5233 2.1501 0.5796 0.4480 
4.1501 0.5301 2.1401 0.5371 0.4483 
4.1401 0.5301 2.1460 0.5502 0.4773 
4.1401 0.5301 2.1460 0.5502 0.4773 
4.1301 0.5401 2.1219 0.4690 0.5073 
4.1201 0.5201 2.1530 0.6015 0.5326 
4.1301 0.5401 2.1219 0.4690 0.5073 
4.1201 0.5301 2.1458 0.5535 0.5341 
4.1201 0.5201 2.1530 0.6015 0.5326 
4.1001 0.5201 2.1453 0.5913 0.5908 
4.1201 0.5301 2.1458 0.5535 0.5341 
4.0901 0.5401 2.1471 0.5268 0.6196 
4.1001 0.5201 2.1453 0.5913 0.5908 
4.1201 0.5201 2.1530 0.6015 0.5326 
4.1201 0.5301 2.1458 0.5535 0.5341 
4.1701 0.5101 2.1408 0.6060 0.3857 
4.1501 0.5233 2.1501 0.5796 0.4480 
4.1401 0.5101 2.1545 0.6360 0.4742 
4.1201 0.5201 2.1530 0.6015 0.5326 
4.1001 0.5201 2.1453 0.5913 0.5908 
4.1101 0.5101 2.1475 0.6294 0.5608 
4.1201 0.5201 2.1530 0.6015 0.5326 
4.1401 0.4901 2.1438 0.6918 0.4698 
4.1401 0.5001 2.1513 0.6670 0.4722 
4.1201 0.5201 2.1530 0.6015 0.5326 
4.1101 0.5101 2.1475 0.6294 0.5608 
4.1401 0.4901 2.1438 0.6918 0.4698 
4.1401 0.5301 2.1460 0.5502 0.4773 
4.1551 0.5401 2.1401 0.5018 0.4362 
4.1401 0.5501 2.1264 0.4425 0.4799 
4.1401 0.5301 2.1460 0.5502 0.4773 
4.1401 0.5501 2.1264 0.4425 0.4799 
4.1301 0.5401 2.1219 0.4690 0.5073 
4.1301 0.5401 2.1219 0.4690 0.5073 
4.1101 0.5401 2.1196 0.4679 0.5667 
4.1201 0.5301 2.1458 0.5535 0.5341 
4.1101 0.5401 2.1196 0.4679 0.5667 
4.0901 0.5401 2.1471 0.5268 0.6196 
4.1201 0.5301 2.1458 0.5535 0.5341 
4.1301 0.5401 2.1219 0.4690 0.5073 
4.1101 0.5501 2.1299 0.4552 0.5661 
4.1101 0.5401 2.1196 0.4679 0.5667 
4.1101 0.5401 2.1196 0.4679 0.5667 
4.1101 0.5501 2.1299 0.4552 0.5661 
4.1001 0.5501 2.1205 0.4370 0.5967 
4.1401 0.5501 2.1264 0.4425 0.4799 
4.1101 0.5501 2.1299 0.4552 0.5661 
4.1301 0.5401 2.1219 0.4690 0.5073 
4.3001 0.6236 2.1001 0.1351 0.0681 
4.2701 0.6299 2.1001 0.1238 0.1398 
4.2901 0.6311 2.1001 0.1185 0.0919 
4.3001 0.6236 2.1001 0.1351 0.0681 
4.2601 0.6211 2.0901 0.1238 0.1547 
4.2701 0.6299 2.1001 0.1238 0.1398 
4.3001 0.6236 2.1001 0.1351 0.0681 
4.3101 0.6243 2.0901 0.1105 0.0531 
4.2801 0.6200 2.0801 0.1025 0.0957 
4.3001 0.6236 2.1001 0.1351 0.0681 
4.2801 0.6200 2.0801 0.1025 0.0957 
4.2601 0.6211 2.0901 0.1238 0.1547 
4.2601 0.6257 2.0801 0.0932 0.1504 
4.2601 0.6211 2.0901 0.1238 0.1547 
4.2801 0.6200 2.0801 0.1025 0.0957 
4.2601 0.6257 2.0801 0.0932 0.1504 
4.2501 0.6260 2.1001 0.1357 0.1900 
4.2601 0.6211 2.0901 0.1238 0.1547 
4.2801 0.6200 2.0801 0.1025 0.0957 
4.3101 0.6243 2.0901 0.1105 0.0531 
4.3001 0.6200 2.0601 0.0738 0.0528 
4.2701 0.6214 2.0701 0.0832 0.1144 
4.2601 0.6257 2.0801 0.0932 0.1504 
4.2801 0.6200 2.0801 0.1025 0.0957 
4.2401 0.6228 2.0901 0.1221 0.2097 
4.2301 0.6244 2.1001 0.1421 0.2430 
4.2401 0.6172 2.1001 0.1596 0.2127 
4.2501 0.6260 2.1001 0.1357 0.1900 
4.2401 0.6228 2.0901 0.1221 0.2097 
4.2401 0.6172 2.1001 0.1596 0.2127 
4.2401 0.6228 2.0901 0.1221 0.2097 
4.2501 0.6260 2.1001 0.1357 0.1900 
4.2601 0.6257 2.0801 0.0932 0.1504 
4.2401 0.6228 2.0901 0.1221 0.2097 
4.2601 0.6257 2.0801 0.0932 0.1504 
4.2401 0.6177 2.0801 0.1122 0.2014 
4.2401 0.6177 2.0801 0.1122 0.2014 
4.2301 0.6244 2.1001 0.1421 0.2430 
4.2401 0.6228 2.0901 0.1221 0.2097 
4.2101 0.6187 2.1001 0.1597 0.2954 
4.2301 0.6244 2.1001 0.1421 0.2430 
4.2001 0.6174 2.0701 0.0963 0.3115 
4.1901 0.6241 2.0801 0.1037 0.3464 
4.2101 0.6254 2.0901 0.1197 0.2939 
4.2001 0.6174 2.0701 0.0963 0.3115 
4.2001 0.6174 2.0701 0.0963 0.3115 
4.2101 0.6254 2.0901 0.1197 0.2939 
4.2101 0.6187 2.1001 0.1597 0.2954 
4.2101 0.6229 2.0601 0.0746 0.2798 
4.2301 0.6244 2.1001 0.1421 0.2430 
4.2401 0.6177 2.0801 0.1122 0.2014 
4.2001 0.6174 2.0701 0.0963 0.3115 
4.2301 0.6244 2.1001 0.1421 0.2430 
4.2101 0.6229 2.0601 0.0746 0.2798 
4.2001 0.6174 2.0701 0.0963 0.3115 
4.2101 0.6229 2.0601 0.0746 0.2798 
4.2101 0.6135 2.0501 0.0741 0.2709 
4.1901 0.6241 2.0801 0.1037 0.3464 
4.2101 0.6187 2.1001 0.1597 0.2954 
4.2101 0.6254 2.0901 0.1197 0.2939 
4.1801 0.6278 2.0901 0.1177 0.3788 
4.2101 0.6187 2.1001 0.1597 0.2954 
4.1901 0.6241 2.0801 0.1037 0.3464 
4.1801 0.6278 2.0901 0.1177 0.3788 
4.1701 0.6226 2.0901 0.1315 0.4056 
4.1601 0.6203 2.1001 0.1624 0.4348 
4.1701 0.6226 2.0901 0.1315 0.4056 
4.1601 0.6301 2.0905 0.1157 0.4357 
4.1601 0.6203 2.1001 0.1624 0.4348 
4.1601 0.6301 2.0905 0.1157 0.4357 
4.1501 0.6186 2.0901 0.1444 0.4616 
4.1501 0.6280 2.1101 0.1666 0.4649 
4.1601 0.6301 2.0905 0.1157 0.4357 
4.1501 0.6280 2.1101 0.1666 0.4649 
4.1601 0.6203 2.1001 0.1624 0.4348 
4.2101 0.6187 2.1001 0.1597 0.2954 
4.1801 0.6278 2.0901 0.1177 0.3788 
4.1801 0.6154 2.1001 0.1728 0.3776 
4.1801 0.6278 2.0901 0.1177 0.3788 
4.1601 0.6203 2.1001 0.1624 0.4348 
4.1801 0.6154 2.1001 0.1728 0.3776 
4.1601 0.6240 2.0801 0.1072 0.4329 
4.1701 0.6226 2.0901 0.1315 0.4056 
4.1801 0.6278 2.0901 0.1177 0.3788 
4.1901 0.6241 2.0801 0.1037 0.3464 
4.1601 0.6240 2.0801 0.1072 0.4329 
4.1801 0.6278 2.0901 0.1177 0.3788 
4.1601 0.6301 2.0905 0.1157 0.4357 
4.1701 0.6226 2.0901 0.1315 0.4056 
4.1601 0.6240 2.0801 0.1072 0.4329 
4.1601 0.6301 2.0905 0.1157 0.4357 
4.1601 0.6240 2.0801 0.1072 0.4329 
4.1501 0.6248 2.0801 0.1066 0.4620 
4.1601 0.6301 2.0905 0.1157 0.4357 
4.1501 0.6248 2.0801 0.1066 0.4620 
4.1501 0.6186 2.0901 0.1444 0.4616 
4.2001 0.6174 2.0701 0.0963 0.3115 
4.1901 0.6220 2.0601 0.0759 0.3391 
4.1901 0.6241 2.0801 0.1037 0.3464 
4.1901 0.6220 2.0601 0.0759 0.3391 
4.1801 0.6261 2.0701 0.0832 0.3731 
4.1901 0.6241 2.0801 0.1037 0.3464 
4.1801 0.6261 2.0701 0.0832 0.3731 
4.1601 0.6240 2.0801 0.1072 0.4329 
4.1901 0.6241 2.0801 0.1037 0.3464 
4.1601 0.6240 2.0801 0.1072 0.4329 
4.1801 0.6261 2.0701 0.0832 0.3731 
4.1601 0.6174 2.0601 0.0829 0.4283 
4.1601 0.6174 2.0601 0.0829 0.4283 
4.1501 0.6248 2.0801 0.1066 0.4620 
4.1601 0.6240 2.0801 0.1072 0.4329 
4.1901 0.6220 2.0601 0.0759 0.3391 
4.1701 0.6222 2.0601 0.0766 0.3993 
4.1801 0.6261 2.0701 0.0832 0.3731 
4.1701 0.6222 2.0601 0.0766 0.3993 
4.1601 0.6174 2.0601 0.0829 0.4283 
4.1801 0.6261 2.0701 0.0832 0.3731 
4.1501 0.6248 2.0801 0.1066 0.4620 
4.1601 0.6174 2.0601 0.0829 0.4283 
4.1401 0.6216 2.0701 0.0942 0.4902 
4.1501 0.6186 2.0901 0.1444 0.4616 
4.1201 0.6208 2.1001 0.1665 0.5470 
4.1501 0.6280 2.1101 0.1666 0.4649 
4.1501 0.6186 2.0901 0.1444 0.4616 
4.1201 0.6223 2.0901 0.1389 0.5480 
4.1201 0.6208 2.1001 0.1665 0.5470 
4.1201 0.6223 2.0901 0.1389 0.5480 
4.1001 0.6253 2.1001 0.1573 0.6034 
4.1201 0.6208 2.1001 0.1665 0.5470 
4.1501 0.6248 2.0801 0.1066 0.4620 
4.1401 0.6300 2.0801 0.0970 0.4918 
4.1501 0.6186 2.0901 0.1444 0.4616 
4.1201 0.6223 2.0901 0.1389 0.5480 
4.1501 0.6186 2.0901 0.1444 0.4616 
4.1401 0.6300 2.0801 0.0970 0.4918 
4.1201 0.6117 2.0801 0.1426 0.5479 
4.1001 0.6253 2.1001 0.1573 0.6034 
4.1201 0.6223 2.0901 0.1389 0.5480 
4.1401 0.6300 2.0801 0.0970 0.4918 
4.1201 0.6117 2.0801 0.1426 0.5479 
4.1201 0.6223 2.0901 0.1389 0.5480 
4.1401 0.6216 2.0701 0.0942 0.4902 
4.1401 0.6300 2.0801 0.0970 0.4918 
4.1501 0.6248 2.0801 0.1066 0.4620 
4.1401 0.6300 2.0801 0.0970 0.4918 
4.1201 0.6218 2.0701 0.0959 0.5498 
4.1201 0.6117 2.0801 0.1426 0.5479 
4.1201 0.6218 2.0701 0.0959 0.5498 
4.0901 0.6252 2.0701 0.0924 0.6395 
4.1201 0.6117 2.0801 0.1426 0.5479 
4.1401 0.6300 2.0801 0.0970 0.4918 
4.1401 0.6216 2.0701 0.0942 0.4902 
4.1201 0.6169 2.0601 0.0869 0.5503 
4.1201 0.6218 2.0701 0.0959 0.5498 
4.1401 0.6300 2.0801 0.0970 0.4918 
4.1201 0.6169 2.0601 0.0869 0.5503 
4.1101 0.6216 2.0601 0.0807 0.5813 
4.0901 0.6252 2.0701 0.0924 0.6395 
4.1201 0.6218 2.0701 0.0959 0.5498 
4.1001 0.6154 2.0601 0.0915 0.6117 
4.0901 0.6252 2.0701 0.0924 0.6395 
4.1101 0.6216 2.0601 0.0807 0.5813 
4.1101 0.6216 2.0601 0.0807 0.5813 
4.1201 0.6218 2.0701 0.0959 0.5498 
4.1201 0.6169 2.0601 0.0869 0.5503 
4.1401 0.6174 2.0501 0.0741 0.4889 
4.1201 0.6169 2.0601 0.0869 0.5503 
4.1401 0.6216 2.0701 0.0942 0.4902 
4.0501 0.6251 2.1501 0.2783 0.7227 
4.0201 0.6201 2.1581 0.3131 0.7968 
4.0401 0.6201 2.1568 0.3075 0.7462 
4.0501 0.6251 2.1501 0.2783 0.7227 
4.0401 0.6201 2.1568 0.3075 0.7462 
4.0264 0.6101 2.1501 0.3240 0.7863 
4.0401 0.6201 2.1568 0.3075 0.7462 
4.0201 0.6201 2.1581 0.3131 0.7968 
4.0264 0.6101 2.1501 0.3240 0.7863 
4.0994 0.6301 2.1401 0.2360 0.5981 
4.0901 0.5901 2.1437 0.3598 0.6210 
4.0980 0.6201 2.1401 0.2636 0.6015 
4.0994 0.6301 2.1401 0.2360 0.5981 
4.0801 0.6332 2.1401 0.2304 0.6481 
4.0901 0.5901 2.1437 0.3598 0.6210 
4.0801 0.6332 2.1401 0.2304 0.6481 
4.0701 0.6295 2.1401 0.2416 0.6742 
4.0701 0.6001 2.1430 0.3315 0.6746 
4.0801 0.6287 2.1201 0.1975 0.6537 
4.0801 0.6332 2.1401 0.2304 0.6481 
4.0901 0.6364 2.1401 0.2204 0.6223 
4.0801 0.6287 2.1201 0.1975 0.6537 
4.0701 0.6318 2.1201 0.1908 0.6805 
4.0701 0.6295 2.1401 0.2416 0.6742 
4.0701 0.6318 2.1201 0.1908 0.6805 
4.0623 0.6301 2.1301 0.2190 0.6979 
4.0701 0.6295 2.1401 0.2416 0.6742 
4.0801 0.6332 2.1401 0.2304 0.6481 
4.0801 0.6287 2.1201 0.1975 0.6537 
4.0701 0.6295 2.1401 0.2416 0.6742 
4.0701 0.6001 2.1430 0.3315 0.6746 
4.0701 0.6295 2.1401 0.2416 0.6742 
4.0623 0.6301 2.1301 0.2190 0.6979 
4.0501 0.6201 2.1284 0.2447 0.7321 
4.0701 0.6001 2.1430 0.3315 0.6746 
4.0623 0.6301 2.1301 0.2190 0.6979 
4.0901 0.6342 2.1201 0.1816 0.6267 
4.0901 0.6364 2.1401 0.2204 0.6223 
4.0994 0.6301 2.1401 0.2360 0.5981 
4.1101 0.6255 2.1201 0.2020 0.5727 
4.0901 0.6342 2.1201 0.1816 0.6267 
4.0994 0.6301 2.1401 0.2360 0.5981 
4.0901 0.6342 2.1201 0.1816 0.6267 
4.0801 0.6287 2.1201 0.1975 0.6537 
4.0901 0.6364 2.1401 0.2204 0.6223 
4.0623 0.6301 2.1301 0.2190 0.6979 
4.0701 0.6318 2.1201 0.1908 0.6805 
4.0601 0.6271 2.1201 0.2047 0.7078 
4.0601 0.6271 2.1201 0.2047 0.7078 
4.0501 0.6201 2.1284 0.2447 0.7321 
4.0623 0.6301 2.1301 0.2190 0.6979 
4.0401 0.6343 2.1201 0.1882 0.7611 
4.0601 0.6271 2.1201 0.2047 0.7078 
4.0501 0.6208 2.1001 0.1763 0.7448 
4.1001 0.6022 2.1101 0.2464 0.6007 
4.0901 0.6195 2.1101 0.1980 0.6290 
4.0901 0.6342 2.1201 0.1816 0.6267 
4.1101 0.6255 2.1201 0.2020 0.5727 
4.1001 0.6022 2.1101 0.2464 0.6007 
4.0901 0.6342 2.1201 0.1816 0.6267 
4.0901 0.6195 2.1101 0.1980 0.6290 
4.0801 0.6182 2.1001 0.1793 0.6599 
4.0801 0.6287 2.1201 0.1975 0.6537 
4.0901 0.6195 2.1101 0.1980 0.6290 
4.0801 0.6287 2.1201 0.1975 0.6537 
4.0901 0.6342 2.1201 0.1816 0.6267 
4.0801 0.6287 2.1201 0.1975 0.6537 
4.0701 0.6120 2.1101 0.2222 0.6850 
4.0701 0.6318 2.1201 0.1908 0.6805 
4.0601 0.6168 2.1001 0.1861 0.7168 
4.0601 0.6271 2.1201 0.2047 0.7078 
4.0701 0.6318 2.1201 0.1908 0.6805 
4.0601 0.6168 2.1001 0.1861 0.7168 
4.0701 0.6318 2.1201 0.1908 0.6805 
4.0701 0.6120 2.1101 0.2222 0.6850 
4.0501 0.6208 2.1001 0.1763 0.7448 
4.0601 0.6271 2.1201 0.2047 0.7078 
4.0601 0.6168 2.1001 0.1861 0.7168 
4.0901 0.6195 2.1101 0.1980 0.6290 
4.1001 0.6253 2.1001 0.1573 0.6034 
4.0801 0.6182 2.1001 0.1793 0.6599 
4.0901 0.6195 2.1101 0.1980 0.6290 
4.1001 0.6022 2.1101 0.2464 0.6007 
4.1001 0.6253 2.1001 0.1573 0.6034 
4.0701 0.6120 2.1101 0.2222 0.6850 
4.0801 0.6182 2.1001 0.1793 0.6599 
4.0701 0.6251 2.0901 0.1382 0.6915 
4.0801 0.6287 2.1201 0.1975 0.6537 
4.0801 0.6182 2.1001 0.1793 0.6599 
4.0701 0.6120 2.1101 0.2222 0.6850 
4.0601 0.6168 2.1001 0.1861 0.7168 
4.0701 0.6120 2.1101 0.2222 0.6850 
4.0701 0.6251 2.0901 0.1382 0.6915 
4.0101 0.6301 2.1501 0.2702 0.8249 
4.0201 0.6347 2.1501 0.2563 0.7984 
4.0101 0.6301 2.1501 0.2702 0.8249 
4.0101 0.6301 2.1501 0.2702 0.8249 
4.0201 0.6347 2.1501 0.2563 0.7984 
4.0201 0.6301 2.1446 0.2569 0.8022 
4.0101 0.6301 2.1501 0.2702 0.8249 
4.0101 0.6301 2.1501 0.2702 0.8249 
4.0101 0.6301 2.1501 0.2702 0.8249 
4.0201 0.6301 2.1446 0.2569 0.8022 
4.0201 0.6347 2.1501 0.2563 0.7984 
4.0101 0.6301 2.1501 0.2702 0.8249 
4.0201 0.6301 2.1446 0.2569 0.8022 
4.0101 0.6301 2.1501 0.2702 0.8249 
4.0101 0.6301 2.1501 0.2702 0.8249 
4.0101 0.6301 2.1501 0.2702 0.8249 
4.0101 0.6301 2.1501 0.2702 0.8249 
4.0101 0.6301 2.1501 0.2702 0.8249 
4.0001 0.6301 2.1463 0.2635 0.8530 
4.0001 0.6201 2.1435 0.2852 0.8572 
4.0029 0.6201 2.1401 0.2775 0.8519 
4.0501 0.6201 2.1284 0.2447 0.7321 
4.0301 0.6316 2.1401 0.2417 0.7782 
4.0301 0.5801 2.1448 0.4023 0.7840 
4.0301 0.6316 2.1401 0.2417 0.7782 
4.0101 0.6101 2.1321 0.2875 0.8400 
4.0301 0.5801 2.1448 0.4023 0.7840 
4.0101 0.6306 2.1301 0.2251 0.8367 
3.9901 0.6302 2.1301 0.2289 0.8902 
4.0001 0.6301 2.1463 0.2635 0.8530 
4.0301 0.6316 2.1401 0.2417 0.7782 
4.0101 0.6306 2.1301 0.2251 0.8367 
4.0101 0.6101 2.1321 0.2875 0.8400 
4.0029 0.6201 2.1401 0.2775 0.8519 
4.0101 0.6101 2.1321 0.2875 0.8400 
4.0001 0.6301 2.1463 0.2635 0.8530 
4.0101 0.6101 2.1321 0.2875 0.8400 
4.0101 0.6306 2.1301 0.2251 0.8367 
4.0001 0.6301 2.1463 0.2635 0.8530 
3.9949 0.6101 2.1301 0.2853 0.8827 
4.0001 0.6101 2.1234 0.2693 0.8733 
4.0029 0.6201 2.1401 0.2775 0.8519 
4.0101 0.6101 2.1321 0.2875 0.8400 
4.0029 0.6201 2.1401 0.2775 0.8519 
4.0001 0.6101 2.1234 0.2693 0.8733 
4.0301 0.6316 2.1401 0.2417 0.7782 
4.0601 0.6271 2.1201 0.2047 0.7078 
4.0401 0.6343 2.1201 0.1882 0.7611 
4.0301 0.6316 2.1401 0.2417 0.7782 
4.0401 0.6343 2.1201 0.1882 0.7611 
4.0101 0.6306 2.1301 0.2251 0.8367 
3.9901 0.6302 2.1301 0.2289 0.8902 
4.0101 0.6306 2.1301 0.2251 0.8367 
4.0001 0.6266 2.1201 0.2147 0.8712 
4.0301 0.6316 2.1401 0.2417 0.7782 
4.0501 0.6201 2.1284 0.2447 0.7321 
4.0601 0.6271 2.1201 0.2047 0.7078 
4.0501 0.6208 2.1001 0.1763 0.7448 
4.0401 0.6219 2.1101 0.1987 0.7679 
4.0401 0.6343 2.1201 0.1882 0.7611 
4.0101 0.6306 2.1301 0.2251 0.8367 
4.0401 0.6219 2.1101 0.1987 0.7679 
4.0101 0.6221 2.1001 0.1784 0.8584 
4.0101 0.6306 2.1301 0.2251 0.8367 
4.0401 0.6343 2.1201 0.1882 0.7611 
4.0401 0.6219 2.1101 0.1987 0.7679 
3.9901 0.6201 2.1028 0.1935 0.9140 
4.0001 0.6266 2.1201 0.2147 0.8712 
4.0101 0.6306 2.1301 0.2251 0.8367 
4.0101 0.6221 2.1001 0.1784 0.8584 
3.9901 0.6201 2.1028 0.1935 0.9140 
4.0101 0.6306 2.1301 0.2251 0.8367 
4.0001 0.6201 2.1001 0.1855 0.8876 
3.9901 0.6201 2.1028 0.1935 0.9140 
4.0101 0.6221 2.1001 0.1784 0.8584 
4.0001 0.6201 2.1001 0.1855 0.8876 
4.0101 0.6221 2.1001 0.1784 0.8584 
4.0001 0.6201 2.1001 0.1855 0.8876 
4.0001 0.6201 2.1001 0.1855 0.8876 
4.0001 0.6201 2.1001 0.1855 0.8876 
4.0001 0.6201 2.1001 0.1855 0.8876 
3.9901 0.6301 2.1401 0.2514 0.8832 
4.0001 0.6301 2.1463 0.2635 0.8530 
3.9901 0.6301 2.1401 0.2514 0.8832 
3.9901 0.6301 2.1401 0.2514 0.8832 
3.9901 0.6301 2.1401 0.2514 0.8832 
3.9901 0.6301 2.1401 0.2514 0.8832 
3.9501 0.6297 2.1401 0.2583 0.9887 
3.9601 0.6301 2.1489 0.2747 0.9550 
3.9701 0.6318 2.1301 0.2275 0.9433 
4.0001 0.6301 2.1463 0.2635 0.8530 
3.9901 0.6301 2.1401 0.2514 0.8832 
4.0001 0.6201 2.1435 0.2852 0.8572 
3.9801 0.6206 2.1401 0.2793 0.9123 
4.0001 0.6201 2.1435 0.2852 0.8572 
3.9901 0.6301 2.1401 0.2514 0.8832 
3.9801 0.6206 2.1401 0.2793 0.9123 
3.9901 0.6301 2.1401 0.2514 0.8832 
3.9901 0.6301 2.1401 0.2514 0.8832 
3.9701 0.6318 2.1301 0.2275 0.9433 
3.9601 0.6301 2.1489 0.2747 0.9550 
3.9801 0.6206 2.1401 0.2793 0.9123 
3.9501 0.6297 2.1401 0.2583 0.9887 
3.9801 0.6206 2.1401 0.2793 0.9123 
3.9601 0.6301 2.1489 0.2747 0.9550 
4.0001 0.6201 2.1435 0.2852 0.8572 
3.9801 0.6206 2.1401 0.2793 0.9123 
3.9801 0.6001 2.1489 0.3577 0.9118 
3.9801 0.6001 2.1489 0.3577 0.9118 
3.9801 0.6206 2.1401 0.2793 0.9123 
3.9601 0.5901 2.1445 0.3819 0.9727 
3.9801 0.6206 2.1401 0.2793 0.9123 
3.9501 0.6297 2.1401 0.2583 0.9887 
3.9601 0.5901 2.1445 0.3819 0.9727 
3.9901 0.6302 2.1301 0.2289 0.8902 
3.9901 0.6301 2.1401 0.2514 0.8832 
4.0001 0.6301 2.1463 0.2635 0.8530 
3.9901 0.6302 2.1301 0.2289 0.8902 
3.9901 0.6301 2.1401 0.2514 0.8832 
3.9901 0.6301 2.1401 0.2514 0.8832 
3.9801 0.6206 2.1401 0.2793 0.9123 
3.9901 0.6301 2.1401 0.2514 0.8832 
3.9801 0.6274 2.1301 0.2383 0.9179 
3.9901 0.6301 2.1401 0.2514 0.8832 
3.9901 0.6302 2.1301 0.2289 0.8902 
3.9801 0.6274 2.1301 0.2383 0.9179 
3.9801 0.6274 2.1301 0.2383 0.9179 
3.9701 0.6318 2.1301 0.2275 0.9433 
3.9801 0.6206 2.1401 0.2793 0.9123 
3.9901 0.6302 2.1301 0.2289 0.8902 
4.0001 0.6266 2.1201 0.2147 0.8712 
3.9801 0.6274 2.1301 0.2383 0.9179 
3.9701 0.6318 2.1301 0.2275 0.9433 
3.9801 0.6274 2.1301 0.2383 0.9179 
3.9701 0.6234 2.1201 0.2281 0.9545 
3.9701 0.6318 2.1301 0.2275 0.9433 
3.9701 0.6234 2.1201 0.2281 0.9545 
3.9501 0.6297 2.1401 0.2583 0.9887 
3.9901 0.6201 2.1028 0.1935 0.9140 
3.9801 0.6227 2.1001 0.1813 0.9440 
4.0001 0.6266 2.1201 0.2147 0.8712 
3.9801 0.6227 2.1001 0.1813 0.9440 
3.9801 0.6274 2.1301 0.2383 0.9179 
4.0001 0.6266 2.1201 0.2147 0.8712 
3.9701 0.6234 2.1201 0.2281 0.9545 
3.9801 0.6274 2.1301 0.2383 0.9179 
3.9801 0.6227 2.1001 0.1813 0.9440 
4.0001 0.6201 2.1001 0.1855 0.8876 
4.0001 0.6201 2.1001 0.1855 0.8876 
3.9901 0.6201 2.1028 0.1935 0.9140 
4.0001 0.6201 2.1001 0.1855 0.8876 
3.9901 0.6171 2.1001 0.1954 0.9172 
3.9901 0.6201 2.1028 0.1935 0.9140 
3.9801 0.6227 2.1001 0.1813 0.9440 
3.9901 0.6201 2.1028 0.1935 0.9140 
3.9901 0.6171 2.1001 0.1954 0.9172 
4.0901 0.5101 2.1438 0.6266 0.6200 
4.0801 0.5201 2.1440 0.5927 0.6491 
4.0801 0.5101 2.1595 0.6557 0.6448 
4.0701 0.5101 2.1600 0.6584 0.6732 
4.0801 0.5101 2.1595 0.6557 0.6448 
4.0801 0.5201 2.1440 0.5927 0.6491 
4.0801 0.5101 2.1595 0.6557 0.6448 
4.0701 0.5101 2.1600 0.6584 0.6732 
4.0601 0.5001 2.1483 0.6773 0.7074 
4.0601 0.5101 2.1498 0.6429 0.7059 
4.0601 0.5001 2.1483 0.6773 0.7074 
4.0701 0.5101 2.1600 0.6584 0.6732 
4.0101 0.5201 2.1654 0.6430 0.8392 
4.0201 0.5141 2.1501 0.6363 0.8218 
4.0101 0.5301 2.1390 0.5605 0.8548 
4.0101 0.5301 2.1390 0.5605 0.8548 
4.0001 0.5201 2.1427 0.6051 0.8842 
4.0101 0.5201 2.1654 0.6430 0.8392 
4.0201 0.5141 2.1501 0.6363 0.8218 
4.0101 0.5201 2.1654 0.6430 0.8392 
4.0052 0.5101 2.1501 0.6539 0.8665 
4.0101 0.5201 2.1654 0.6430 0.8392 
4.0001 0.5201 2.1427 0.6051 0.8842 
4.0052 0.5101 2.1501 0.6539 0.8665 
4.0401 0.5101 2.1501 0.6472 0.7641 
4.0401 0.4996 2.1501 0.6862 0.7658 
4.0601 0.5101 2.1498 0.6429 0.7059 
4.0201 0.5141 2.1501 0.6363 0.8218 
4.0101 0.5001 2.1524 0.6939 0.8530 
4.0401 0.4901 2.1560 0.7315 0.7641 
4.0201 0.5141 2.1501 0.6363 0.8218 
4.0052 0.5101 2.1501 0.6539 0.8665 
4.0101 0.5001 2.1524 0.6939 0.8530 
4.0052 0.5101 2.1501 0.6539 0.8665 
4.0001 0.5001 2.1603 0.7087 0.8765 
4.0101 0.5001 2.1524 0.6939 0.8530 
4.0980 0.6201 2.1401 0.2636 0.6015 
4.0901 0.5901 2.1437 0.3598 0.6210 
4.1101 0.5501 2.1328 0.4612 0.5658 
4.0801 0.6332 2.1401 0.2304 0.6481 
4.0701 0.6001 2.1430 0.3315 0.6746 
4.0901 0.5901 2.1437 0.3598 0.6210 
4.0901 0.5901 2.1437 0.3598 0.6210 
4.0701 0.6001 2.1430 0.3315 0.6746 
4.0601 0.5501 2.1428 0.4901 0.7053 
4.0601 0.5501 2.1428 0.4901 0.7053 
4.0701 0.6001 2.1430 0.3315 0.6746 
4.0401 0.5607 2.1401 0.4531 0.7617 
4.0901 0.5901 2.1437 0.3598 0.6210 
4.0601 0.5501 2.1428 0.4901 0.7053 
4.0901 0.5501 2.1369 0.4730 0.6221 
4.0601 0.5501 2.1428 0.4901 0.7053 
4.0401 0.5607 2.1401 0.4531 0.7617 
4.0428 0.5601 2.1501 0.4744 0.7494 
4.0401 0.5607 2.1401 0.4531 0.7617 
4.0701 0.6001 2.1430 0.3315 0.6746 
4.0501 0.6201 2.1284 0.2447 0.7321 
4.1101 0.5501 2.1328 0.4612 0.5658 
4.0901 0.5901 2.1437 0.3598 0.6210 
4.0901 0.5501 2.1369 0.4730 0.6221 
4.0401 0.5607 2.1401 0.4531 0.7617 
4.0401 0.6327 2.1501 0.2590 0.7476 
4.0428 0.5601 2.1501 0.4744 0.7494 
4.0350 0.5601 2.1501 0.4757 0.7710 
4.0401 0.6327 2.1501 0.2590 0.7476 
4.0401 0.5607 2.1401 0.4531 0.7617 
4.0501 0.6201 2.1284 0.2447 0.7321 
4.0301 0.5801 2.1448 0.4023 0.7840 
4.0401 0.5607 2.1401 0.4531 0.7617 
4.0101 0.6101 2.1321 0.2875 0.8400 
4.0201 0.5901 2.1393 0.3614 0.8126 
4.0301 0.5801 2.1448 0.4023 0.7840 
4.0201 0.5901 2.1393 0.3614 0.8126 
4.0201 0.5801 2.1401 0.3941 0.8141 
4.0301 0.5801 2.1448 0.4023 0.7840 
4.0201 0.5801 2.1401 0.3941 0.8141 
4.0301 0.5801 2.1448 0.4023 0.7840 
4.0201 0.5801 2.1401 0.3941 0.8141 
4.0201 0.5801 2.1401 0.3941 0.8141 
4.0170 0.5701 2.1401 0.4264 0.8249 
4.0301 0.5801 2.1448 0.4023 0.7840 
4.0029 0.6201 2.1401 0.2775 0.8519 
4.0001 0.6201 2.1435 0.2852 0.8572 
4.0101 0.5501 2.1416 0.4964 0.8479 
4.0301 0.5801 2.1448 0.4023 0.7840 
4.0350 0.5601 2.1501 0.4757 0.7710 
4.0401 0.5607 2.1401 0.4531 0.7617 
4.0170 0.5701 2.1401 0.4264 0.8249 
4.0101 0.5501 2.1416 0.4964 0.8479 
4.0301 0.5801 2.1448 0.4023 0.7840 
4.0350 0.5601 2.1501 0.4757 0.7710 
4.0301 0.5801 2.1448 0.4023 0.7840 
4.0101 0.5501 2.1416 0.4964 0.8479 
4.0001 0.6201 2.1435 0.2852 0.8572 
3.9901 0.5501 2.1490 0.5142 0.8992 
4.0101 0.5501 2.1416 0.4964 0.8479 
4.0201 0.5801 2.1401 0.3941 0.8141 
4.0201 0.5801 2.1401 0.3941 0.8141 
4.0201 0.5901 2.1393 0.3614 0.8126 
4.0201 0.5901 2.1393 0.3614 0.8126 
4.0101 0.6101 2.1321 0.2875 0.8400 
4.0201 0.5801 2.1401 0.3941 0.8141 
4.0029 0.6201 2.1401 0.2775 0.8519 
3.9971 0.5501 2.1301 0.4755 0.8938 
3.9949 0.6101 2.1301 0.2853 0.8827 
4.0201 0.5801 2.1401 0.3941 0.8141 
4.0201 0.5801 2.1401 0.3941 0.8141 
4.0201 0.5801 2.1401 0.3941 0.8141 
4.0101 0.5501 2.1416 0.4964 0.8479 
4.0201 0.5801 2.1401 0.3941 0.8141 
4.0101 0.6101 2.1321 0.2875 0.8400 
4.0170 0.5701 2.1401 0.4264 0.8249 
4.0201 0.5801 2.1401 0.3941 0.8141 
4.0101 0.5501 2.1416 0.4964 0.8479 
4.0170 0.5701 2.1401 0.4264 0.8249 
4.0201 0.5801 2.1401 0.3941 0.8141 
4.0201 0.5801 2.1401 0.3941 0.8141 
4.0061 0.5501 2.1301 0.4739 0.8675 
4.0101 0.5501 2.1416 0.4964 0.8479 
4.0101 0.6101 2.1321 0.2875 0.8400 
4.0029 0.6201 2.1401 0.2775 0.8519 
4.0101 0.5501 2.1416 0.4964 0.8479 
3.9971 0.5501 2.1301 0.4755 0.8938 
4.0061 0.5501 2.1301 0.4739 0.8675 
3.9971 0.5501 2.1301 0.4755 0.8938 
4.0101 0.5501 2.1416 0.4964 0.8479 
4.0061 0.5501 2.1301 0.4739 0.8675 
4.0101 0.6101 2.1321 0.2875 0.8400 
4.0001 0.6101 2.1234 0.2693 0.8733 
4.0001 0.5501 2.1262 0.4668 0.8881 
4.0061 0.5501 2.1301 0.4739 0.8675 
4.0001 0.6101 2.1234 0.2693 0.8733 
4.0801 0.5301 2.1358 0.5416 0.6513 
4.0901 0.5401 2.1471 0.5268 0.6196 
4.0701 0.5401 2.1382 0.5131 0.6792 
4.0801 0.5301 2.1358 0.5416 0.6513 
4.0701 0.5401 2.1382 0.5131 0.6792 
4.0701 0.5101 2.1600 0.6584 0.6732 
4.0701 0.5401 2.1382 0.5131 0.6792 
4.0601 0.5286 2.1401 0.5587 0.7082 
4.0701 0.5101 2.1600 0.6584 0.6732 
4.0801 0.5301 2.1358 0.5416 0.6513 
4.1001 0.5201 2.1453 0.5913 0.5908 
4.0901 0.5401 2.1471 0.5268 0.6196 
4.0901 0.5201 2.1564 0.6129 0.6172 
4.1001 0.5201 2.1453 0.5913 0.5908 
4.0801 0.5301 2.1358 0.5416 0.6513 
4.0801 0.5301 2.1358 0.5416 0.6513 
4.0801 0.5201 2.1440 0.5927 0.6491 
4.0901 0.5201 2.1564 0.6129 0.6172 
4.0801 0.5301 2.1358 0.5416 0.6513 
4.0701 0.5101 2.1600 0.6584 0.6732 
4.0801 0.5201 2.1440 0.5927 0.6491 
4.0901 0.5201 2.1564 0.6129 0.6172 
4.0901 0.5101 2.1438 0.6266 0.6200 
4.1001 0.5201 2.1453 0.5913 0.5908 
4.0901 0.5201 2.1564 0.6129 0.6172 
4.0801 0.5201 2.1440 0.5927 0.6491 
4.0901 0.5101 2.1438 0.6266 0.6200 
4.0601 0.5101 2.1498 0.6429 0.7059 
4.0701 0.5101 2.1600 0.6584 0.6732 
4.0601 0.5286 2.1401 0.5587 0.7082 
4.1101 0.5101 2.1475 0.6294 0.5608 
4.1001 0.5201 2.1453 0.5913 0.5908 
4.0901 0.5101 2.1438 0.6266 0.6200 
4.0601 0.5101 2.1498 0.6429 0.7059 
4.0401 0.4996 2.1501 0.6862 0.7658 
4.0601 0.5001 2.1483 0.6773 0.7074 
4.1101 0.5401 2.1196 0.4679 0.5667 
4.1001 0.5501 2.1205 0.4370 0.5967 
4.0901 0.5401 2.1471 0.5268 0.6196 
4.1001 0.5501 2.1205 0.4370 0.5967 
4.0701 0.5401 2.1382 0.5131 0.6792 
4.0901 0.5401 2.1471 0.5268 0.6196 
4.0701 0.5501 2.1275 0.4573 0.6824 
4.0601 0.5401 2.1249 0.4880 0.7136 
4.0701 0.5401 2.1382 0.5131 0.6792 
4.0601 0.5401 2.1249 0.4880 0.7136 
4.0601 0.5286 2.1401 0.5587 0.7082 
4.0701 0.5401 2.1382 0.5131 0.6792 
4.0601 0.5401 2.1249 0.4880 0.7136 
4.0501 0.5301 2.1523 0.5780 0.7316 
4.0601 0.5286 2.1401 0.5587 0.7082 
4.1001 0.5501 2.1205 0.4370 0.5967 
4.0701 0.5501 2.1275 0.4573 0.6824 
4.0701 0.5401 2.1382 0.5131 0.6792 
4.0501 0.5501 2.1271 0.4599 0.7409 
4.0601 0.5401 2.1249 0.4880 0.7136 
4.0701 0.5501 2.1275 0.4573 0.6824 
4.0501 0.5501 2.1271 0.4599 0.7409 
4.0501 0.5301 2.1523 0.5780 0.7316 
4.0601 0.5401 2.1249 0.4880 0.7136 
4.0501 0.5301 2.1523 0.5780 0.7316 
4.0201 0.5401 2.1422 0.5299 0.8212 
4.0401 0.5101 2.1501 0.6472 0.7641 
4.0001 0.5301 2.1599 0.6006 0.8686 
4.0101 0.5301 2.1390 0.5605 0.8548 
4.0001 0.5501 2.1342 0.4834 0.8819 
4.0601 0.5286 2.1401 0.5587 0.7082 
4.0501 0.5301 2.1523 0.5780 0.7316 
4.0401 0.5101 2.1501 0.6472 0.7641 
4.0101 0.5301 2.1390 0.5605 0.8548 
4.0201 0.5141 2.1501 0.6363 0.8218 
4.0201 0.5401 2.1422 0.5299 0.8212 
4.0101 0.5301 2.1390 0.5605 0.8548 
4.0001 0.5301 2.1599 0.6006 0.8686 
4.0001 0.5201 2.1427 0.6051 0.8842 
4.0401 0.5101 2.1501 0.6472 0.7641 
4.0601 0.5101 2.1498 0.6429 0.7059 
4.0601 0.5286 2.1401 0.5587 0.7082 
4.0401 0.5101 2.1501 0.6472 0.7641 
4.0201 0.5401 2.1422 0.5299 0.8212 
4.0201 0.5141 2.1501 0.6363 0.8218 
4.0201 0.5141 2.1501 0.6363 0.8218 
4.0401 0.4996 2.1501 0.6862 0.7658 
4.0401 0.5101 2.1501 0.6472 0.7641 
4.0201 0.5141 2.1501 0.6363 0.8218 
4.0401 0.4901 2.1560 0.7315 0.7641 
4.0401 0.4996 2.1501 0.6862 0.7658 
4.0501 0.5301 2.1523 0.5780 0.7316 
4.0501 0.5501 2.1271 0.4599 0.7409 
4.0201 0.5401 2.1422 0.5299 0.8212 
4.0501 0.5501 2.1271 0.4599 0.7409 
4.0301 0.5501 2.1252 0.4595 0.8005 
4.0201 0.5401 2.1422 0.5299 0.8212 
4.0201 0.5401 2.1422 0.5299 0.8212 
4.0301 0.5501 2.1252 0.4595 0.8005 
4.0001 0.5501 2.1342 0.4834 0.8819 
4.0101 0.5301 2.1390 0.5605 0.8548 
4.0201 0.5401 2.1422 0.5299 0.8212 
4.0001 0.5501 2.1342 0.4834 0.8819 
3.9501 0.5908 2.1501 0.3928 0.9945 
3.9501 0.5901 2.1510 0.3968 0.9940 
3.9520 0.5901 2.1501 0.3948 0.9897 
3.9520 0.5901 2.1501 0.3948 0.9897 
3.9501 0.5901 2.1510 0.3968 0.9940 
3.9492 0.5901 2.1501 0.3952 0.9973 
3.9501 0.5908 2.1501 0.3928 0.9945 
3.9492 0.5901 2.1501 0.3952 0.9973 
3.9501 0.5901 2.1510 0.3968 0.9940 
4.0001 0.5201 2.1427 0.6051 0.8842 
4.0001 0.5301 2.1599 0.6006 0.8686 
3.9901 0.5201 2.1496 0.6195 0.9080 
3.9901 0.5201 2.1496 0.6195 0.9080 
4.0001 0.5301 2.1599 0.6006 0.8686 
3.9801 0.5301 2.1485 0.5838 0.9346 
3.9601 0.5201 2.1632 0.6485 0.9824 
3.9901 0.5201 2.1496 0.6195 0.9080 
3.9801 0.5301 2.1485 0.5838 0.9346 
4.0001 0.6201 2.1435 0.2852 0.8572 
3.9801 0.6001 2.1489 0.3577 0.9118 
3.9901 0.5501 2.1490 0.5142 0.8992 
3.9801 0.6001 2.1489 0.3577 0.9118 
3.9601 0.5901 2.1445 0.3819 0.9727 
3.9901 0.5501 2.1490 0.5142 0.8992 
3.9901 0.5501 2.1490 0.5142 0.8992 
3.9601 0.5901 2.1445 0.3819 0.9727 
3.9601 0.5501 2.1363 0.4946 0.9961 
3.9971 0.5501 2.1301 0.4755 0.8938 
4.0001 0.6101 2.1234 0.2693 0.8733 
3.9949 0.6101 2.1301 0.2853 0.8827 
4.0001 0.5501 2.1262 0.4668 0.8881 
4.0001 0.6101 2.1234 0.2693 0.8733 
3.9971 0.5501 2.1301 0.4755 0.8938 
4.0001 0.5501 2.1342 0.4834 0.8819 
3.9801 0.5401 2.1271 0.5072 0.9500 
4.0001 0.5301 2.1599 0.6006 0.8686 
4.0001 0.5301 2.1599 0.6006 0.8686 
3.9801 0.5401 2.1271 0.5072 0.9500 
3.9801 0.5301 2.1485 0.5838 0.9346 
4.0052 0.5101 2.1501 0.6539 0.8665 
3.9901 0.5201 2.1496 0.6195 0.9080 
3.9801 0.5001 2.1493 0.6946 0.9446 
4.0001 0.5201 2.1427 0.6051 0.8842 
3.9901 0.5201 2.1496 0.6195 0.9080 
4.0052 0.5101 2.1501 0.6539 0.8665 
3.9601 0.5201 2.1632 0.6485 0.9824 
3.9701 0.5101 2.1465 0.6543 0.9732 
3.9901 0.5201 2.1496 0.6195 0.9080 
3.9701 0.5101 2.1465 0.6543 0.9732 
3.9601 0.5201 2.1632 0.6485 0.9824 
3.9601 0.5101 2.1565 0.6732 0.9930 
4.0001 0.5001 2.1603 0.7087 0.8765 
4.0052 0.5101 2.1501 0.6539 0.8665 
3.9801 0.5001 2.1493 0.6946 0.9446 
3.9701 0.5101 2.1465 0.6543 0.9732 
3.9801 0.5001 2.1493 0.6946 0.9446 
3.9901 0.5201 2.1496 0.6195 0.9080 
3.9701 0.4901 2.1537 0.7418 0.9744 
3.9801 0.5001 2.1493 0.6946 0.9446 
3.9701 0.5101 2.1465 0.6543 0.9732 
3.9801 0.5401 2.1271 0.5072 0.9500 
3.9701 0.5501 2.1271 0.4741 0.9758 
3.9801 0.5301 2.1485 0.5838 0.9346 
3.9701 0.5501 2.1271 0.4741 0.9758 
3.9601 0.5401 2.1460 0.5479 0.9907 
3.9801 0.5301 2.1485 0.5838 0.9346 
3.9701 0.5501 2.1271 0.4741 0.9758 
3.9801 0.5401 2.1271 0.5072 0.9500 
4.0001 0.5501 2.1342 0.4834 0.8819 
4.0801 0.6182 2.1001 0.1793 0.6599 
4.1001 0.6253 2.1001 0.1573 0.6034 
4.0801 0.6207 2.0801 0.1247 0.6662 
4.0801 0.6207 2.0801 0.1247 0.6662 
4.0701 0.6251 2.0901 0.1382 0.6915 
4.0801 0.6182 2.1001 0.1793 0.6599 
4.1201 0.6117 2.0801 0.1426 0.5479 
4.0901 0.6252 2.0701 0.0924 0.6395 
4.1001 0.6253 2.1001 0.1573 0.6034 
4.1001 0.6253 2.1001 0.1573 0.6034 
4.0901 0.6252 2.0701 0.0924 0.6395 
4.0801 0.6207 2.0801 0.1247 0.6662 
4.0701 0.6251 2.0901 0.1382 0.6915 
4.0801 0.6207 2.0801 0.1247 0.6662 
4.0601 0.6263 2.0701 0.0933 0.7292 
4.0701 0.6251 2.0901 0.1382 0.6915 
4.0601 0.6263 2.0701 0.0933 0.7292 
4.0601 0.6168 2.1001 0.1861 0.7168 
4.0601 0.6263 2.0701 0.0933 0.7292 
4.0501 0.6208 2.1001 0.1763 0.7448 
4.0601 0.6168 2.1001 0.1861 0.7168 
4.0901 0.6252 2.0701 0.0924 0.6395 
4.0801 0.6301 2.0698 0.0844 0.6693 
4.0801 0.6207 2.0801 0.1247 0.6662 
4.0801 0.6301 2.0698 0.0844 0.6693 
4.0801 0.6175 2.0601 0.0895 0.6733 
4.0801 0.6207 2.0801 0.1247 0.6662 
4.0801 0.6175 2.0601 0.0895 0.6733 
4.0601 0.6263 2.0701 0.0933 0.7292 
4.0801 0.6207 2.0801 0.1247 0.6662 
4.0801 0.6175 2.0601 0.0895 0.6733 
4.0701 0.6249 2.0601 0.0791 0.7035 
4.0601 0.6263 2.0701 0.0933 0.7292 
4.0601 0.6263 2.0701 0.0933 0.7292 
4.0701 0.6249 2.0601 0.0791 0.7035 
4.0501 0.6229 2.0601 0.0832 0.7652 
4.0601 0.6263 2.0701 0.0933 0.7292 
4.0501 0.6229 2.0601 0.0832 0.7652 
4.0401 0.6169 2.0801 0.1399 0.7851 
4.0901 0.6252 2.0701 0.0924 0.6395 
4.0801 0.6175 2.0601 0.0895 0.6733 
4.0801 0.6301 2.0698 0.0844 0.6693 
4.0501 0.6229 2.0601 0.0832 0.7652 
4.0701 0.6249 2.0601 0.0791 0.7035 
4.0501 0.6166 2.0501 0.0784 0.7720 
4.0901 0.6252 2.0701 0.0924 0.6395 
4.1001 0.6154 2.0601 0.0915 0.6117 
4.0801 0.6175 2.0601 0.0895 0.6733 
4.0701 0.6249 2.0601 0.0791 0.7035 
4.0801 0.6175 2.0601 0.0895 0.6733 
4.0701 0.6133 2.0501 0.0811 0.7090 
4.0701 0.6249 2.0601 0.0791 0.7035 
4.0701 0.6133 2.0501 0.0811 0.7090 
4.0501 0.6166 2.0501 0.0784 0.7720 
4.0301 0.6215 2.0901 0.1531 0.8076 
4.0101 0.6221 2.1001 0.1784 0.8584 
4.0401 0.6219 2.1101 0.1987 0.7679 
4.0301 0.6215 2.0901 0.1531 0.8076 
4.0001 0.6250 2.0901 0.1480 0.8938 
4.0101 0.6221 2.1001 0.1784 0.8584 
4.0001 0.6201 2.1001 0.1855 0.8876 
4.0101 0.6221 2.1001 0.1784 0.8584 
4.0001 0.6250 2.0901 0.1480 0.8938 
4.0001 0.6201 2.1001 0.1855 0.8876 
4.0001 0.6250 2.0901 0.1480 0.8938 
4.0001 0.6201 2.1001 0.1855 0.8876 
4.0401 0.6219 2.1101 0.1987 0.7679 
4.0501 0.6208 2.1001 0.1763 0.7448 
4.0301 0.6120 2.0701 0.1299 0.8225 
4.0301 0.6120 2.0701 0.1299 0.8225 
4.0301 0.6215 2.0901 0.1531 0.8076 
4.0401 0.6219 2.1101 0.1987 0.7679 
4.0001 0.6201 2.1001 0.1855 0.8876 
4.0001 0.6201 2.1001 0.1855 0.8876 
4.0001 0.6201 2.1001 0.1855 0.8876 
4.0401 0.6169 2.0801 0.1399 0.7851 
4.0501 0.6208 2.1001 0.1763 0.7448 
4.0601 0.6263 2.0701 0.0933 0.7292 
4.0201 0.6210 2.0701 0.1088 0.8508 
4.0001 0.6250 2.0901 0.1480 0.8938 
4.0301 0.6215 2.0901 0.1531 0.8076 
4.0301 0.6120 2.0701 0.1299 0.8225 
4.0501 0.6208 2.1001 0.1763 0.7448 
4.0401 0.6169 2.0801 0.1399 0.7851 
4.0401 0.6169 2.0801 0.1399 0.7851 
4.0301 0.6277 2.0601 0.0784 0.8257 
4.0301 0.6120 2.0701 0.1299 0.8225 
4.0201 0.6210 2.0701 0.1088 0.8508 
4.0301 0.6215 2.0901 0.1531 0.8076 
4.0301 0.6120 2.0701 0.1299 0.8225 
4.0401 0.6169 2.0801 0.1399 0.7851 
4.0501 0.6229 2.0601 0.0832 0.7652 
4.0301 0.6277 2.0601 0.0784 0.8257 
4.0301 0.6120 2.0701 0.1299 0.8225 
4.0301 0.6277 2.0601 0.0784 0.8257 
4.0201 0.6210 2.0701 0.1088 0.8508 
4.0101 0.6169 2.0501 0.0805 0.8991 
4.0201 0.6210 2.0701 0.1088 0.8508 
4.0301 0.6277 2.0601 0.0784 0.8257 
4.0101 0.6169 2.0501 0.0805 0.8991 
4.0301 0.6277 2.0601 0.0784 0.8257 
4.0301 0.6168 2.0501 0.0793 0.8354 
4.0001 0.6201 2.1001 0.1855 0.8876 
4.0001 0.6201 2.1001 0.1855 0.8876 
3.9901 0.6171 2.1001 0.1954 0.9172 
4.0001 0.6201 2.1001 0.1855 0.8876 
4.0001 0.6250 2.0901 0.1480 0.8938 
3.9901 0.6171 2.1001 0.1954 0.9172 
3.9801 0.6227 2.1001 0.1813 0.9440 
3.9901 0.6171 2.1001 0.1954 0.9172 
3.9701 0.6234 2.1201 0.2281 0.9545 
4.0201 0.6210 2.0701 0.1088 0.8508 
3.9901 0.6227 2.0801 0.1316 0.9323 
4.0001 0.6250 2.0901 0.1480 0.8938 
3.9901 0.6171 2.1001 0.1954 0.9172 
4.0001 0.6250 2.0901 0.1480 0.8938 
3.9901 0.6227 2.0801 0.1316 0.9323 
4.0101 0.6169 2.0501 0.0805 0.8991 
3.9901 0.6227 2.0801 0.1316 0.9323 
4.0201 0.6210 2.0701 0.1088 0.8508 
3.9901 0.6227 2.0801 0.1316 0.9323 
4.0101 0.6169 2.0501 0.0805 0.8991 
3.9801 0.6159 2.0601 0.1033 0.9847 
3.9801 0.6159 2.0601 0.1033 0.9847 
3.9801 0.6162 2.0701 0.1256 0.9744 
3.9901 0.6227 2.0801 0.1316 0.9323 
4.0101 0.6169 2.0501 0.0805 0.8991 
3.9901 0.6235 2.0501 0.0750 0.9602 
3.9801 0.6159 2.0601 0.1033 0.9847 
4.2301 0.5001 2.1479 0.6439 0.2123 
4.2401 0.4901 2.1424 0.6696 0.1755 
4.2501 0.5001 2.1419 0.6294 0.1525 
4.2701 0.5101 2.1448 0.5946 0.1071 
4.2501 0.5001 2.1419 0.6294 0.1525 
4.2801 0.4901 2.1422 0.6615 0.0717 
4.2801 0.5001 2.1360 0.6131 0.0725 
4.2701 0.5101 2.1448 0.5946 0.1071 
4.2801 0.4901 2.1422 0.6615 0.0717 
4.2701 0.5101 2.1448 0.5946 0.1071 
4.2501 0.5101 2.1499 0.6075 0.1632 
4.2501 0.5001 2.1419 0.6294 0.1525 
4.2701 0.4701 2.1419 0.7404 0.0832 
4.2501 0.5001 2.1419 0.6294 0.1525 
4.2601 0.4801 2.1447 0.7078 0.1162 
4.2801 0.4901 2.1422 0.6615 0.0717 
4.2501 0.5001 2.1419 0.6294 0.1525 
4.2701 0.4701 2.1419 0.7404 0.0832 
4.2601 0.4801 2.1447 0.7078 0.1162 
4.2501 0.5001 2.1419 0.6294 0.1525 
4.2401 0.4701 2.1435 0.7492 0.1655 
4.2501 0.4601 2.1411 0.7835 0.1295 
4.2701 0.4701 2.1419 0.7404 0.0832 
4.2601 0.4801 2.1447 0.7078 0.1162 
4.2601 0.4801 2.1447 0.7078 0.1162 
4.2401 0.4701 2.1435 0.7492 0.1655 
4.2501 0.4601 2.1411 0.7835 0.1295 
4.2801 0.4501 2.1387 0.8147 0.0550 
4.2701 0.4701 2.1419 0.7404 0.0832 
4.2701 0.4501 2.1528 0.8376 0.0803 
4.2501 0.4601 2.1411 0.7835 0.1295 
4.2701 0.4501 2.1528 0.8376 0.0803 
4.2701 0.4701 2.1419 0.7404 0.0832 
4.2501 0.4601 2.1411 0.7835 0.1295 
4.2401 0.4501 2.1363 0.8198 0.1490 
4.2701 0.4501 2.1528 0.8376 0.0803 
4.2901 0.5001 2.1394 0.6173 0.0577 
4.2801 0.5001 2.1360 0.6131 0.0725 
4.2801 0.4901 2.1422 0.6615 0.0717 
4.2401 0.4901 2.1424 0.6696 0.1755 
4.2301 0.5001 2.1479 0.6439 0.2123 
4.2201 0.4901 2.1432 0.6750 0.2335 
4.2001 0.5001 2.1411 0.6376 0.2949 
4.2101 0.4901 2.1467 0.6829 0.2643 
4.2201 0.4901 2.1432 0.6750 0.2335 
4.2401 0.4701 2.1435 0.7492 0.1655 
4.2401 0.4901 2.1424 0.6696 0.1755 
4.2401 0.4801 2.1475 0.7164 0.1736 
4.2501 0.5001 2.1419 0.6294 0.1525 
4.2401 0.4901 2.1424 0.6696 0.1755 
4.2401 0.4701 2.1435 0.7492 0.1655 
4.2401 0.4901 2.1424 0.6696 0.1755 
4.2201 0.4901 2.1432 0.6750 0.2335 
4.2401 0.4801 2.1475 0.7164 0.1736 
4.2401 0.4701 2.1435 0.7492 0.1655 
4.2201 0.4901 2.1432 0.6750 0.2335 
4.2301 0.4601 2.1417 0.7886 0.1881 
4.2401 0.4801 2.1475 0.7164 0.1736 
4.2201 0.4901 2.1432 0.6750 0.2335 
4.2401 0.4701 2.1435 0.7492 0.1655 
4.2301 0.4601 2.1417 0.7886 0.1881 
4.2201 0.4901 2.1432 0.6750 0.2335 
4.2101 0.4901 2.1467 0.6829 0.2643 
4.2301 0.4601 2.1417 0.7886 0.1881 
4.2101 0.4901 2.1467 0.6829 0.2643 
4.2101 0.4701 2.1386 0.7474 0.2512 
4.2101 0.4901 2.1467 0.6829 0.2643 
4.1901 0.4901 2.1490 0.6908 0.3234 
4.2001 0.4701 2.1476 0.7638 0.2856 
4.2101 0.4701 2.1386 0.7474 0.2512 
4.2101 0.4901 2.1467 0.6829 0.2643 
4.2001 0.4701 2.1476 0.7638 0.2856 
4.2001 0.4701 2.1476 0.7638 0.2856 
4.2101 0.4501 2.1412 0.8337 0.2431 
4.2101 0.4701 2.1386 0.7474 0.2512 
4.2401 0.4701 2.1435 0.7492 0.1655 
4.2401 0.4501 2.1363 0.8198 0.1490 
4.2501 0.4601 2.1411 0.7835 0.1295 
4.2401 0.4501 2.1363 0.8198 0.1490 
4.2401 0.4701 2.1435 0.7492 0.1655 
4.2301 0.4601 2.1417 0.7886 0.1881 
4.2301 0.4401 2.1364 0.8650 0.1733 
4.2301 0.4601 2.1417 0.7886 0.1881 
4.2101 0.4701 2.1386 0.7474 0.2512 
4.2101 0.4501 2.1412 0.8337 0.2431 
4.2301 0.4401 2.1364 0.8650 0.1733 
4.2101 0.4701 2.1386 0.7474 0.2512 
4.2701 0.4501 2.1528 0.8376 0.0803 
4.2701 0.4401 2.1354 0.8546 0.0639 
4.2801 0.4501 2.1387 0.8147 0.0550 
4.2601 0.4301 2.1387 0.9053 0.0829 
4.2701 0.4401 2.1354 0.8546 0.0639 
4.2701 0.4501 2.1528 0.8376 0.0803 
4.2601 0.4301 2.1387 0.9053 0.0829 
4.2701 0.4501 2.1528 0.8376 0.0803 
4.2401 0.4501 2.1363 0.8198 0.1490 
4.2701 0.4101 2.1315 0.9851 0.0533 
4.2601 0.4301 2.1387 0.9053 0.0829 
4.2501 0.4101 2.1357 0.9951 0.0951 
4.2601 0.4301 2.1387 0.9053 0.0829 
4.2401 0.4101 2.1354 0.9972 0.1240 
4.2501 0.4101 2.1357 0.9951 0.0951 
4.2101 0.4501 2.1412 0.8337 0.2431 
4.2201 0.4401 2.1450 0.8794 0.2097 
4.2301 0.4401 2.1364 0.8650 0.1733 
4.2201 0.4401 2.1450 0.8794 0.2097 
4.2101 0.4501 2.1412 0.8337 0.2431 
4.1901 0.4501 2.1433 0.8412 0.3058 
4.2401 0.4301 2.1493 0.9238 0.1470 
4.2601 0.4301 2.1387 0.9053 0.0829 
4.2301 0.4401 2.1364 0.8650 0.1733 
4.2301 0.4401 2.1364 0.8650 0.1733 
4.2601 0.4301 2.1387 0.9053 0.0829 
4.2401 0.4501 2.1363 0.8198 0.1490 
4.2201 0.4301 2.1377 0.9131 0.1996 
4.2401 0.4301 2.1493 0.9238 0.1470 
4.2301 0.4401 2.1364 0.8650 0.1733 
4.2201 0.4301 2.1377 0.9131 0.1996 
4.2201 0.4401 2.1450 0.8794 0.2097 
4.2001 0.4301 2.1378 0.9179 0.2629 
4.2001 0.4301 2.1378 0.9179 0.2629 
4.2201 0.4401 2.1450 0.8794 0.2097 
4.1901 0.4501 2.1433 0.8412 0.3058 
4.2401 0.4101 2.1354 0.9972 0.1240 
4.2601 0.4301 2.1387 0.9053 0.0829 
4.2401 0.4301 2.1493 0.9238 0.1470 
4.2401 0.4301 2.1493 0.9238 0.1470 
4.2201 0.4301 2.1377 0.9131 0.1996 
4.2301 0.4201 2.1496 0.9705 0.1713 
4.2101 0.4201 2.1523 0.9784 0.2347 
4.2301 0.4201 2.1496 0.9705 0.1713 
4.2201 0.4301 2.1377 0.9131 0.1996 
4.2201 0.4301 2.1377 0.9131 0.1996 
4.2001 0.4301 2.1378 0.9179 0.2629 
4.2101 0.4201 2.1523 0.9784 0.2347 
4.2001 0.4301 2.1378 0.9179 0.2629 
4.1901 0.4201 2.1373 0.9649 0.2902 
4.2101 0.4201 2.1523 0.9784 0.2347 
4.2401 0.4101 2.1354 0.9972 0.1240 
4.2401 0.4301 2.1493 0.9238 0.1470 
4.2301 0.4201 2.1496 0.9705 0.1713 
4.2301 0.4601 2.1417 0.7886 0.1881 
4.2301 0.4401 2.1364 0.8650 0.1733 
4.2401 0.4501 2.1363 0.8198 0.1490 
4.2201 0.4401 2.1450 0.8794 0.2097 
4.2201 0.4301 2.1377 0.9131 0.1996 
4.2301 0.4401 2.1364 0.8650 0.1733 
4.1401 0.5101 2.1545 0.6360 0.4742 
4.1501 0.4901 2.1501 0.7004 0.4408 
4.1591 0.5001 2.1501 0.6613 0.4168 
4.1591 0.5001 2.1501 0.6613 0.4168 
4.1501 0.4901 2.1501 0.7004 0.4408 
4.1501 0.4901 2.1501 0.7004 0.4408 
4.1501 0.4901 2.1501 0.7004 0.4408 
4.1501 0.4901 2.1501 0.7004 0.4408 
4.1501 0.4901 2.1501 0.7004 0.4408 
4.1501 0.4901 2.1501 0.7004 0.4408 
4.1401 0.5101 2.1545 0.6360 0.4742 
4.1401 0.5001 2.1513 0.6670 0.4722 
4.1501 0.4901 2.1501 0.7004 0.4408 
4.1501 0.4901 2.1501 0.7004 0.4408 
4.1401 0.5001 2.1513 0.6670 0.4722 
4.1501 0.4901 2.1501 0.7004 0.4408 
4.1501 0.4901 2.1501 0.7004 0.4408 
4.1501 0.4901 2.1501 0.7004 0.4408 
4.1401 0.4901 2.1438 0.6918 0.4698 
4.1301 0.4801 2.1531 0.7475 0.4981 
4.1501 0.4801 2.1446 0.7299 0.4377 
4.1101 0.4901 2.1557 0.7174 0.5582 
4.1301 0.4801 2.1531 0.7475 0.4981 
4.1401 0.4901 2.1438 0.6918 0.4698 
4.1301 0.4801 2.1531 0.7475 0.4981 
4.1101 0.4901 2.1557 0.7174 0.5582 
4.1001 0.4701 2.1473 0.7841 0.5879 
4.1101 0.4901 2.1557 0.7174 0.5582 
4.1001 0.4901 2.1492 0.7088 0.5886 
4.1001 0.4701 2.1473 0.7841 0.5879 
4.1301 0.4801 2.1531 0.7475 0.4981 
4.1001 0.4701 2.1473 0.7841 0.5879 
4.1301 0.4701 2.1463 0.7762 0.4964 
4.1001 0.4701 2.1473 0.7841 0.5879 
4.0901 0.4601 2.1497 0.8304 0.6177 
4.1201 0.4501 2.1472 0.8620 0.5242 
4.1901 0.5101 2.1435 0.6072 0.3286 
4.1901 0.4901 2.1490 0.6908 0.3234 
4.2001 0.5001 2.1411 0.6376 0.2949 
4.1901 0.4901 2.1490 0.6908 0.3234 
4.2101 0.4901 2.1467 0.6829 0.2643 
4.2001 0.5001 2.1411 0.6376 0.2949 
4.1901 0.4901 2.1490 0.6908 0.3234 
4.1901 0.5101 2.1435 0.6072 0.3286 
4.1801 0.5201 2.1488 0.5831 0.3621 
4.1801 0.5201 2.1488 0.5831 0.3621 
4.1701 0.5001 2.1444 0.6493 0.3837 
4.1901 0.4901 2.1490 0.6908 0.3234 
4.2001 0.4701 2.1476 0.7638 0.2856 
4.1701 0.5001 2.1444 0.6493 0.3837 
4.1701 0.4701 2.1467 0.7686 0.3752 
4.1901 0.4901 2.1490 0.6908 0.3234 
4.1701 0.5001 2.1444 0.6493 0.3837 
4.2001 0.4701 2.1476 0.7638 0.2856 
4.1701 0.4701 2.1467 0.7686 0.3752 
4.1591 0.5001 2.1501 0.6613 0.4168 
4.1501 0.4801 2.1446 0.7299 0.4377 
4.1701 0.5001 2.1444 0.6493 0.3837 
4.1591 0.5001 2.1501 0.6613 0.4168 
4.1701 0.4701 2.1467 0.7686 0.3752 
4.1501 0.4901 2.1501 0.7004 0.4408 
4.1501 0.4801 2.1446 0.7299 0.4377 
4.1591 0.5001 2.1501 0.6613 0.4168 
4.1501 0.4901 2.1501 0.7004 0.4408 
4.1501 0.4901 2.1501 0.7004 0.4408 
4.1501 0.4801 2.1446 0.7299 0.4377 
4.1701 0.4701 2.1467 0.7686 0.3752 
4.1501 0.4801 2.1446 0.7299 0.4377 
4.1501 0.4701 2.1466 0.7725 0.4356 
4.2101 0.4501 2.1412 0.8337 0.2431 
4.2001 0.4701 2.1476 0.7638 0.2856 
4.1901 0.4501 2.1433 0.8412 0.3058 
4.1901 0.4501 2.1433 0.8412 0.3058 
4.1701 0.4701 2.1467 0.7686 0.3752 
4.1801 0.4601 2.1403 0.7971 0.3393 
4.2001 0.4701 2.1476 0.7638 0.2856 
4.1701 0.4701 2.1467 0.7686 0.3752 
4.1901 0.4501 2.1433 0.8412 0.3058 
4.1501 0.4701 2.1466 0.7725 0.4356 
4.1801 0.4601 2.1403 0.7971 0.3393 
4.1701 0.4701 2.1467 0.7686 0.3752 
4.1501 0.4701 2.1466 0.7725 0.4356 
4.1601 0.4601 2.1545 0.8225 0.4042 
4.1801 0.4601 2.1403 0.7971 0.3393 
4.1601 0.4601 2.1545 0.8225 0.4042 
4.1501 0.4701 2.1466 0.7725 0.4356 
4.1501 0.4601 2.1406 0.8041 0.4323 
4.1901 0.4501 2.1433 0.8412 0.3058 
4.1801 0.4601 2.1403 0.7971 0.3393 
4.1901 0.4401 2.1386 0.8772 0.2995 
4.1601 0.4501 2.1405 0.8436 0.3983 
4.1901 0.4401 2.1386 0.8772 0.2995 
4.1801 0.4601 2.1403 0.7971 0.3393 
4.1801 0.4601 2.1403 0.7971 0.3393 
4.1601 0.4601 2.1545 0.8225 0.4042 
4.1601 0.4501 2.1405 0.8436 0.3983 
4.1601 0.4501 2.1405 0.8436 0.3983 
4.1501 0.4601 2.1406 0.8041 0.4323 
4.1501 0.4501 2.1491 0.8581 0.4311 
4.1601 0.4601 2.1545 0.8225 0.4042 
4.1501 0.4601 2.1406 0.8041 0.4323 
4.1601 0.4501 2.1405 0.8436 0.3983 
4.1401 0.5001 2.1513 0.6670 0.4722 
4.1401 0.4901 2.1438 0.6918 0.4698 
4.1501 0.4901 2.1501 0.7004 0.4408 
4.1001 0.4901 2.1492 0.7088 0.5886 
4.1101 0.4901 2.1557 0.7174 0.5582 
4.1101 0.5101 2.1475 0.6294 0.5608 
4.1501 0.4901 2.1501 0.7004 0.4408 
4.1401 0.4901 2.1438 0.6918 0.4698 
4.1501 0.4801 2.1446 0.7299 0.4377 
4.1501 0.4901 2.1501 0.7004 0.4408 
4.1501 0.4901 2.1501 0.7004 0.4408 
4.1401 0.4901 2.1438 0.6918 0.4698 
4.1501 0.4701 2.1466 0.7725 0.4356 
4.1501 0.4801 2.1446 0.7299 0.4377 
4.1301 0.4701 2.1463 0.7762 0.4964 
4.1501 0.4801 2.1446 0.7299 0.4377 
4.1301 0.4801 2.1531 0.7475 0.4981 
4.1301 0.4701 2.1463 0.7762 0.4964 
4.1401 0.4601 2.1486 0.8181 0.4641 
4.1501 0.4601 2.1406 0.8041 0.4323 
4.1501 0.4701 2.1466 0.7725 0.4356 
4.1301 0.4701 2.1463 0.7762 0.4964 
4.1001 0.4701 2.1473 0.7841 0.5879 
4.1201 0.4501 2.1472 0.8620 0.5242 
4.1401 0.4601 2.1486 0.8181 0.4641 
4.1501 0.4501 2.1491 0.8581 0.4311 
4.1501 0.4601 2.1406 0.8041 0.4323 
4.1201 0.4501 2.1472 0.8620 0.5242 
4.1401 0.4601 2.1486 0.8181 0.4641 
4.1301 0.4701 2.1463 0.7762 0.4964 
4.1501 0.4501 2.1491 0.8581 0.4311 
4.1401 0.4601 2.1486 0.8181 0.4641 
4.1201 0.4501 2.1472 0.8620 0.5242 
4.1201 0.4501 2.1472 0.8620 0.5242 
4.0901 0.4601 2.1497 0.8304 0.6177 
4.1001 0.4501 2.1458 0.8644 0.5871 
4.1501 0.4701 2.1466 0.7725 0.4356 
4.1301 0.4701 2.1463 0.7762 0.4964 
4.1401 0.4601 2.1486 0.8181 0.4641 
4.1601 0.4501 2.1405 0.8436 0.3983 
4.1601 0.4401 2.1444 0.8920 0.3963 
4.1701 0.4301 2.1468 0.9366 0.3621 
4.1601 0.4401 2.1444 0.8920 0.3963 
4.1601 0.4501 2.1405 0.8436 0.3983 
4.1501 0.4501 2.1491 0.8581 0.4311 
4.1601 0.4401 2.1444 0.8920 0.3963 
4.1501 0.4501 2.1491 0.8581 0.4311 
4.1501 0.4401 2.1343 0.8802 0.4261 
4.1701 0.4301 2.1468 0.9366 0.3621 
4.2001 0.4301 2.1378 0.9179 0.2629 
4.1901 0.4401 2.1386 0.8772 0.2995 
4.1701 0.4301 2.1468 0.9366 0.3621 
4.1601 0.4401 2.1444 0.8920 0.3963 
4.1501 0.4301 2.1390 0.9311 0.4242 
4.1701 0.4301 2.1468 0.9366 0.3621 
4.1501 0.4301 2.1390 0.9311 0.4242 
4.1601 0.4201 2.1382 0.9733 0.3885 
4.1601 0.4501 2.1405 0.8436 0.3983 
4.1701 0.4301 2.1468 0.9366 0.3621 
4.1901 0.4401 2.1386 0.8772 0.2995 
4.1901 0.4501 2.1433 0.8412 0.3058 
4.1901 0.4401 2.1386 0.8772 0.2995 
4.2001 0.4301 2.1378 0.9179 0.2629 
4.1501 0.4301 2.1390 0.9311 0.4242 
4.1601 0.4401 2.1444 0.8920 0.3963 
4.1501 0.4401 2.1343 0.8802 0.4261 
4.1701 0.4301 2.1468 0.9366 0.3621 
4.1901 0.4201 2.1373 0.9649 0.2902 
4.2001 0.4301 2.1378 0.9179 0.2629 
4.1601 0.4201 2.1382 0.9733 0.3885 
4.1901 0.4201 2.1373 0.9649 0.2902 
4.1701 0.4301 2.1468 0.9366 0.3621 
4.1301 0.4401 2.1404 0.8933 0.4911 
4.1501 0.4501 2.1491 0.8581 0.4311 
4.1201 0.4501 2.1472 0.8620 0.5242 
4.1301 0.4401 2.1404 0.8933 0.4911 
4.1501 0.4401 2.1343 0.8802 0.4261 
4.1501 0.4501 2.1491 0.8581 0.4311 
4.1301 0.4401 2.1404 0.8933 0.4911 
4.1201 0.4501 2.1472 0.8620 0.5242 
4.1201 0.4301 2.1367 0.9351 0.5219 
4.1201 0.4501 2.1472 0.8620 0.5242 
4.1001 0.4501 2.1458 0.8644 0.5871 
4.1101 0.4301 2.1457 0.9490 0.5537 
4.1201 0.4301 2.1367 0.9351 0.5219 
4.1201 0.4501 2.1472 0.8620 0.5242 
4.1101 0.4301 2.1457 0.9490 0.5537 
4.1301 0.4401 2.1404 0.8933 0.4911 
4.1201 0.4201 2.1456 0.9916 0.5201 
4.1401 0.4201 2.1417 0.9822 0.4547 
4.1201 0.4301 2.1367 0.9351 0.5219 
4.1201 0.4201 2.1456 0.9916 0.5201 
4.1301 0.4401 2.1404 0.8933 0.4911 
4.1201 0.4301 2.1367 0.9351 0.5219 
4.1101 0.4301 2.1457 0.9490 0.5537 
4.1201 0.4201 2.1456 0.9916 0.5201 
4.1201 0.4201 2.1456 0.9916 0.5201 
4.1101 0.4301 2.1457 0.9490 0.5537 
4.1001 0.4501 2.1458 0.8644 0.5871 
4.1501 0.4301 2.1390 0.9311 0.4242 
4.1501 0.4401 2.1343 0.8802 0.4261 
4.1401 0.4201 2.1417 0.9822 0.4547 
4.1401 0.4201 2.1417 0.9822 0.4547 
4.1501 0.4401 2.1343 0.8802 0.4261 
4.1301 0.4401 2.1404 0.8933 0.4911 
4.0501 0.4901 2.1601 0.7360 0.7326 
4.0501 0.4901 2.1601 0.7360 0.7326 
4.0501 0.4901 2.1601 0.7360 0.7326 
4.0501 0.4901 2.1601 0.7360 0.7326 
4.0501 0.4901 2.1601 0.7360 0.7326 
4.0501 0.4901 2.1601 0.7360 0.7326 
4.0901 0.5101 2.1438 0.6266 0.6200 
4.0801 0.5101 2.1595 0.6557 0.6448 
4.0801 0.4901 2.1475 0.7099 0.6487 
4.0801 0.5101 2.1595 0.6557 0.6448 
4.0601 0.5001 2.1483 0.6773 0.7074 
4.0801 0.4901 2.1475 0.7099 0.6487 
4.0801 0.4901 2.1475 0.7099 0.6487 
4.0601 0.5001 2.1483 0.6773 0.7074 
4.0601 0.4901 2.1596 0.7333 0.7036 
4.0601 0.5001 2.1483 0.6773 0.7074 
4.0401 0.4996 2.1501 0.6862 0.7658 
4.0501 0.4901 2.1601 0.7360 0.7326 
4.0601 0.4901 2.1596 0.7333 0.7036 
4.0601 0.5001 2.1483 0.6773 0.7074 
4.0501 0.4901 2.1601 0.7360 0.7326 
4.0601 0.4901 2.1596 0.7333 0.7036 
4.0501 0.4901 2.1601 0.7360 0.7326 
4.0501 0.4901 2.1601 0.7360 0.7326 
4.0801 0.4901 2.1475 0.7099 0.6487 
4.0601 0.4901 2.1596 0.7333 0.7036 
4.0601 0.4837 2.1501 0.7429 0.7081 
4.0501 0.4901 2.1601 0.7360 0.7326 
4.0501 0.4801 2.1476 0.7551 0.7399 
4.0601 0.4837 2.1501 0.7429 0.7081 
4.0501 0.4901 2.1601 0.7360 0.7326 
4.0501 0.4901 2.1601 0.7360 0.7326 
4.0601 0.4837 2.1501 0.7429 0.7081 
4.0501 0.4901 2.1601 0.7360 0.7326 
4.0601 0.4837 2.1501 0.7429 0.7081 
4.0601 0.4901 2.1596 0.7333 0.7036 
4.0801 0.4901 2.1475 0.7099 0.6487 
4.0801 0.4701 2.1582 0.8045 0.6458 
4.1001 0.4701 2.1473 0.7841 0.5879 
4.0701 0.4801 2.1426 0.7429 0.6810 
4.0601 0.4701 2.1488 0.7947 0.7099 
4.0801 0.4701 2.1582 0.8045 0.6458 
4.1001 0.4701 2.1473 0.7841 0.5879 
4.0801 0.4701 2.1582 0.8045 0.6458 
4.0901 0.4601 2.1497 0.8304 0.6177 
4.0801 0.4701 2.1582 0.8045 0.6458 
4.0601 0.4701 2.1488 0.7947 0.7099 
4.0901 0.4601 2.1497 0.8304 0.6177 
4.0901 0.4601 2.1497 0.8304 0.6177 
4.0601 0.4701 2.1488 0.7947 0.7099 
4.0701 0.4601 2.1487 0.8333 0.6799 
4.0601 0.4501 2.1460 0.8735 0.7132 
4.0801 0.4501 2.1578 0.8851 0.6463 
4.0701 0.4601 2.1487 0.8333 0.6799 
4.0701 0.4601 2.1487 0.8333 0.6799 
4.0801 0.4501 2.1578 0.8851 0.6463 
4.0901 0.4601 2.1497 0.8304 0.6177 
4.0701 0.4601 2.1487 0.8333 0.6799 
4.0601 0.4701 2.1488 0.7947 0.7099 
4.0601 0.4501 2.1460 0.8735 0.7132 
4.0501 0.4601 2.1490 0.8380 0.7418 
4.0601 0.4501 2.1460 0.8735 0.7132 
4.0601 0.4701 2.1488 0.7947 0.7099 
4.0501 0.4901 2.1601 0.7360 0.7326 
4.0501 0.4901 2.1601 0.7360 0.7326 
4.0501 0.4901 2.1601 0.7360 0.7326 
4.0501 0.4901 2.1601 0.7360 0.7326 
4.0501 0.4901 2.1601 0.7360 0.7326 
4.0501 0.4901 2.1601 0.7360 0.7326 
4.0501 0.4901 2.1601 0.7360 0.7326 
4.0501 0.4901 2.1601 0.7360 0.7326 
4.0401 0.4996 2.1501 0.6862 0.7658 
4.0501 0.4901 2.1601 0.7360 0.7326 
4.0401 0.4996 2.1501 0.6862 0.7658 
4.0401 0.4901 2.1560 0.7315 0.7641 
4.0401 0.4801 2.1505 0.7615 0.7687 
4.0401 0.4901 2.1560 0.7315 0.7641 
4.0101 0.5001 2.1524 0.6939 0.8530 
4.0001 0.5001 2.1603 0.7087 0.8765 
3.9901 0.4901 2.1519 0.7349 0.9160 
4.0101 0.5001 2.1524 0.6939 0.8530 
4.0501 0.4901 2.1601 0.7360 0.7326 
4.0401 0.4901 2.1560 0.7315 0.7641 
4.0501 0.4901 2.1601 0.7360 0.7326 
4.0401 0.4801 2.1505 0.7615 0.7687 
4.0501 0.4901 2.1601 0.7360 0.7326 
4.0401 0.4901 2.1560 0.7315 0.7641 
4.0401 0.4801 2.1505 0.7615 0.7687 
4.0501 0.4801 2.1476 0.7551 0.7399 
4.0501 0.4901 2.1601 0.7360 0.7326 
4.0201 0.4701 2.1585 0.8173 0.8262 
4.0501 0.4801 2.1476 0.7551 0.7399 
4.0401 0.4801 2.1505 0.7615 0.7687 
4.0201 0.4801 2.1480 0.7618 0.8311 
4.0201 0.4701 2.1585 0.8173 0.8262 
4.0401 0.4801 2.1505 0.7615 0.7687 
4.0001 0.4801 2.1593 0.7831 0.8831 
4.0201 0.4701 2.1585 0.8173 0.8262 
4.0201 0.4801 2.1480 0.7618 0.8311 
4.0501 0.4801 2.1476 0.7551 0.7399 
4.0401 0.4601 2.1593 0.8546 0.7671 
4.0501 0.4601 2.1490 0.8380 0.7418 
4.0501 0.4801 2.1476 0.7551 0.7399 
4.0201 0.4701 2.1585 0.8173 0.8262 
4.0401 0.4601 2.1593 0.8546 0.7671 
4.0201 0.4701 2.1585 0.8173 0.8262 
4.0001 0.4801 2.1593 0.7831 0.8831 
4.0101 0.4601 2.1558 0.8561 0.8613 
4.0201 0.4701 2.1585 0.8173 0.8262 
4.0101 0.4601 2.1558 0.8561 0.8613 
4.0201 0.4601 2.1441 0.8373 0.8389 
4.0501 0.4601 2.1490 0.8380 0.7418 
4.0401 0.4601 2.1593 0.8546 0.7671 
4.0401 0.4501 2.1435 0.8744 0.7781 
4.0401 0.4601 2.1593 0.8546 0.7671 
4.0201 0.4701 2.1585 0.8173 0.8262 
4.0401 0.4501 2.1435 0.8744 0.7781 
4.0101 0.4501 2.1449 0.8831 0.8728 
4.0001 0.4601 2.1479 0.8472 0.8988 
4.0001 0.4401 2.1493 0.9345 0.9043 
4.0901 0.4401 2.1492 0.9141 0.6175 
4.0801 0.4501 2.1578 0.8851 0.6463 
4.0801 0.4401 2.1438 0.9092 0.6510 
4.0801 0.4501 2.1578 0.8851 0.6463 
4.0601 0.4501 2.1460 0.8735 0.7132 
4.0801 0.4401 2.1438 0.9092 0.6510 
4.0901 0.5101 2.1438 0.6266 0.6200 
4.1001 0.4901 2.1492 0.7088 0.5886 
4.1101 0.5101 2.1475 0.6294 0.5608 
4.0801 0.4901 2.1475 0.7099 0.6487 
4.1001 0.4901 2.1492 0.7088 0.5886 
4.0901 0.5101 2.1438 0.6266 0.6200 
4.0801 0.4701 2.1582 0.8045 0.6458 
4.0801 0.4901 2.1475 0.7099 0.6487 
4.0701 0.4801 2.1426 0.7429 0.6810 
4.0801 0.4901 2.1475 0.7099 0.6487 
4.0501 0.4801 2.1476 0.7551 0.7399 
4.0701 0.4801 2.1426 0.7429 0.6810 
4.0801 0.4901 2.1475 0.7099 0.6487 
4.0601 0.4837 2.1501 0.7429 0.7081 
4.0501 0.4801 2.1476 0.7551 0.7399 
4.0801 0.4901 2.1475 0.7099 0.6487 
4.1001 0.4701 2.1473 0.7841 0.5879 
4.1001 0.4901 2.1492 0.7088 0.5886 
4.0601 0.4701 2.1488 0.7947 0.7099 
4.0701 0.4801 2.1426 0.7429 0.6810 
4.0501 0.4801 2.1476 0.7551 0.7399 
4.0501 0.4601 2.1490 0.8380 0.7418 
4.0601 0.4701 2.1488 0.7947 0.7099 
4.0501 0.4801 2.1476 0.7551 0.7399 
4.0901 0.4601 2.1497 0.8304 0.6177 
4.0801 0.4501 2.1578 0.8851 0.6463 
4.1001 0.4501 2.1458 0.8644 0.5871 
4.0601 0.4501 2.1460 0.8735 0.7132 
4.0501 0.4601 2.1490 0.8380 0.7418 
4.0501 0.4401 2.1491 0.9230 0.7446 
4.0101 0.5001 2.1524 0.6939 0.8530 
3.9901 0.4901 2.1519 0.7349 0.9160 
4.0401 0.4801 2.1505 0.7615 0.7687 
4.0401 0.4801 2.1505 0.7615 0.7687 
3.9901 0.4901 2.1519 0.7349 0.9160 
4.0201 0.4801 2.1480 0.7618 0.8311 
4.0001 0.4801 2.1593 0.7831 0.8831 
4.0201 0.4801 2.1480 0.7618 0.8311 
3.9901 0.4901 2.1519 0.7349 0.9160 
4.0501 0.4601 2.1490 0.8380 0.7418 
4.0401 0.4501 2.1435 0.8744 0.7781 
4.0501 0.4401 2.1491 0.9230 0.7446 
4.0401 0.4501 2.1435 0.8744 0.7781 
4.0201 0.4601 2.1441 0.8373 0.8389 
4.0101 0.4501 2.1449 0.8831 0.8728 
4.0401 0.4501 2.1435 0.8744 0.7781 
4.0201 0.4701 2.1585 0.8173 0.8262 
4.0201 0.4601 2.1441 0.8373 0.8389 
4.0201 0.4601 2.1441 0.8373 0.8389 
4.0101 0.4601 2.1558 0.8561 0.8613 
4.0101 0.4501 2.1449 0.8831 0.8728 
4.0101 0.4601 2.1558 0.8561 0.8613 
4.0001 0.4601 2.1479 0.8472 0.8988 
4.0101 0.4501 2.1449 0.8831 0.8728 
4.0801 0.4501 2.1578 0.8851 0.6463 
4.0901 0.4401 2.1492 0.9141 0.6175 
4.1001 0.4501 2.1458 0.8644 0.5871 
4.0601 0.4501 2.1460 0.8735 0.7132 
4.0701 0.4301 2.1458 0.9584 0.6829 
4.0801 0.4401 2.1438 0.9092 0.6510 
4.0701 0.4301 2.1458 0.9584 0.6829 
4.0601 0.4501 2.1460 0.8735 0.7132 
4.0501 0.4401 2.1491 0.9230 0.7446 
4.1001 0.4501 2.1458 0.8644 0.5871 
4.0901 0.4401 2.1492 0.9141 0.6175 
4.0901 0.4201 2.1484 1.0020 0.6173 
4.0901 0.4201 2.1484 1.0020 0.6173 
4.0901 0.4401 2.1492 0.9141 0.6175 
4.0801 0.4401 2.1438 0.9092 0.6510 
4.0201 0.4401 2.1477 0.9279 0.8415 
4.0501 0.4401 2.1491 0.9230 0.7446 
4.0401 0.4501 2.1435 0.8744 0.7781 
4.0401 0.4501 2.1435 0.8744 0.7781 
4.0101 0.4501 2.1449 0.8831 0.8728 
4.0201 0.4401 2.1477 0.9279 0.8415 
4.0101 0.4501 2.1449 0.8831 0.8728 
4.0001 0.4401 2.1493 0.9345 0.9043 
4.0201 0.4401 2.1477 0.9279 0.8415 
4.0201 0.4401 2.1477 0.9279 0.8415 
4.0301 0.4301 2.1384 0.9585 0.8183 
4.0501 0.4401 2.1491 0.9230 0.7446 
4.0201 0.4401 2.1477 0.9279 0.8415 
4.0001 0.4401 2.1493 0.9345 0.9043 
4.0101 0.4301 2.1412 0.9667 0.8823 
4.0301 0.4301 2.1384 0.9585 0.8183 
4.0401 0.4301 2.1306 0.9462 0.7902 
4.0501 0.4401 2.1491 0.9230 0.7446 
3.9801 0.5001 2.1493 0.6946 0.9446 
3.9901 0.4901 2.1519 0.7349 0.9160 
4.0001 0.5001 2.1603 0.7087 0.8765 
3.9901 0.4901 2.1519 0.7349 0.9160 
3.9901 0.4701 2.1511 0.8128 0.9236 
4.0001 0.4801 2.1593 0.7831 0.8831 
3.9901 0.4701 2.1511 0.8128 0.9236 
3.9801 0.5001 2.1493 0.6946 0.9446 
3.9701 0.4901 2.1537 0.7418 0.9744 
3.9901 0.4901 2.1519 0.7349 0.9160 
3.9801 0.5001 2.1493 0.6946 0.9446 
3.9901 0.4701 2.1511 0.8128 0.9236 
4.0001 0.4801 2.1593 0.7831 0.8831 
3.9901 0.4701 2.1511 0.8128 0.9236 
4.0101 0.4601 2.1558 0.8561 0.8613 
3.9901 0.4701 2.1511 0.8128 0.9236 
3.9701 0.4901 2.1537 0.7418 0.9744 
3.9701 0.4701 2.1568 0.8253 0.9795 
4.0101 0.4601 2.1558 0.8561 0.8613 
3.9901 0.4701 2.1511 0.8128 0.9236 
4.0001 0.4601 2.1479 0.8472 0.8988 
4.0001 0.4601 2.1479 0.8472 0.8988 
3.9901 0.4501 2.1495 0.8938 0.9324 
4.0001 0.4401 2.1493 0.9345 0.9043 
3.9801 0.4601 2.1458 0.8485 0.9637 
3.9701 0.4501 2.1468 0.8945 0.9990 
3.9901 0.4501 2.1495 0.8938 0.9324 
3.9901 0.4401 2.1501 0.9378 0.9357 
3.9901 0.4401 2.1501 0.9378 0.9357 
3.9901 0.4401 2.1501 0.9378 0.9357 
3.9901 0.4401 2.1501 0.9378 0.9357 
3.9901 0.4401 2.1501 0.9378 0.9357 
3.9901 0.4401 2.1501 0.9378 0.9357 
3.9701 0.4501 2.1468 0.8945 0.9990 
3.9901 0.4401 2.1501 0.9378 0.9357 
3.9901 0.4501 2.1495 0.8938 0.9324 
3.9901 0.4401 2.1501 0.9378 0.9357 
3.9901 0.4401 2.1501 0.9378 0.9357 
3.9901 0.4401 2.1501 0.9378 0.9357 
3.9901 0.4401 2.1501 0.9378 0.9357 
3.9901 0.4401 2.1501 0.9378 0.9357 
3.9901 0.4401 2.1501 0.9378 0.9357 
3.9601 0.5001 2.1542 0.7066 0.9994 
3.9801 0.5001 2.1538 0.7019 0.9406 
3.9801 0.4901 2.1411 0.7195 0.9561 
3.9701 0.4701 2.1568 0.8253 0.9795 
3.9801 0.4601 2.1458 0.8485 0.9637 
3.9901 0.4701 2.1511 0.8128 0.9236 
3.9801 0.4601 2.1458 0.8485 0.9637 
4.0001 0.4601 2.1479 0.8472 0.8988 
3.9901 0.4701 2.1511 0.8128 0.9236 
3.9801 0.4601 2.1458 0.8485 0.9637 
3.9901 0.4501 2.1495 0.8938 0.9324 
4.0001 0.4601 2.1479 0.8472 0.8988 
3.9901 0.4401 2.1501 0.9378 0.9357 
4.0001 0.4401 2.1493 0.9345 0.9043 
3.9901 0.4501 2.1495 0.8938 0.9324 
3.9901 0.4401 2.1501 0.9378 0.9357 
3.9901 0.4401 2.1501 0.9378 0.9357 
4.0001 0.4401 2.1493 0.9345 0.9043 
3.9901 0.4401 2.1501 0.9378 0.9357 
3.9901 0.4401 2.1501 0.9378 0.9357 
3.9901 0.4501 2.1495 0.8938 0.9324 
3.9901 0.4401 2.1501 0.9378 0.9357 
3.9901 0.4301 2.1449 0.9759 0.9448 
4.0001 0.4401 2.1493 0.9345 0.9043 
3.9901 0.4401 2.1501 0.9378 0.9357 
3.9901 0.4401 2.1501 0.9378 0.9357 
3.9901 0.4301 2.1449 0.9759 0.9448 
3.9901 0.4401 2.1501 0.9378 0.9357 
3.9901 0.4401 2.1501 0.9378 0.9357 
3.9901 0.4301 2.1449 0.9759 0.9448 
