NUMPOLLIES 241.000000 

2.9801 -0.2399 2.1918 0.1685 0.0991 
2.9701 -0.2599 2.1864 0.0794 0.0630 
2.9816 -0.2599 2.1801 0.0795 0.0903 
2.9901 -0.2599 2.1954 0.0840 0.1389 
3.0001 -0.2499 2.1848 0.1225 0.1658 
2.9801 -0.2399 2.1918 0.1685 0.0991 
2.9901 -0.2599 2.1954 0.0840 0.1389 
2.9801 -0.2399 2.1918 0.1685 0.0991 
2.9816 -0.2599 2.1801 0.0795 0.0903 
2.9901 -0.2599 2.1954 0.0840 0.1389 
3.0101 -0.2599 2.1937 0.0867 0.2142 
3.0001 -0.2499 2.1848 0.1225 0.1658 
2.9901 -0.2399 2.1857 0.1705 0.1282 
2.9801 -0.2399 2.1918 0.1685 0.0991 
3.0001 -0.2499 2.1848 0.1225 0.1658 
3.0001 -0.2399 2.1776 0.1724 0.1579 
2.9901 -0.2399 2.1857 0.1705 0.1282 
3.0001 -0.2499 2.1848 0.1225 0.1658 
2.9801 -0.2399 2.1918 0.1685 0.0991 
2.9901 -0.2399 2.1857 0.1705 0.1282 
2.9801 -0.2299 2.1838 0.2215 0.0903 
3.0001 -0.2299 2.1817 0.2273 0.1622 
2.9901 -0.2399 2.1857 0.1705 0.1282 
3.0001 -0.2399 2.1776 0.1724 0.1579 
2.9901 -0.2399 2.1857 0.1705 0.1282 
2.9801 -0.1999 2.1814 0.3884 0.0884 
2.9801 -0.2299 2.1838 0.2215 0.0903 
3.0001 -0.2299 2.1817 0.2273 0.1622 
2.9801 -0.1999 2.1814 0.3884 0.0884 
2.9901 -0.2399 2.1857 0.1705 0.1282 
3.0001 -0.2099 2.1856 0.3368 0.1659 
2.9801 -0.1999 2.1814 0.3884 0.0884 
3.0101 -0.2199 2.1863 0.2845 0.2058 
3.0101 -0.2199 2.1863 0.2845 0.2058 
2.9801 -0.1999 2.1814 0.3884 0.0884 
3.0001 -0.2299 2.1817 0.2273 0.1622 
3.0301 -0.2499 2.1872 0.1305 0.2882 
3.0001 -0.2499 2.1848 0.1225 0.1658 
3.0101 -0.2599 2.1937 0.0867 0.2142 
3.0301 -0.2599 2.1910 0.0893 0.2916 
3.0301 -0.2499 2.1872 0.1305 0.2882 
3.0101 -0.2599 2.1937 0.0867 0.2142 
3.0401 -0.2499 2.1756 0.1304 0.3219 
3.0301 -0.2499 2.1872 0.1305 0.2882 
3.0301 -0.2599 2.1910 0.0893 0.2916 
3.0501 -0.2499 2.1817 0.1344 0.3668 
3.0401 -0.2499 2.1756 0.1304 0.3219 
3.0301 -0.2599 2.1910 0.0893 0.2916 
3.0501 -0.2499 2.1817 0.1344 0.3668 
3.0301 -0.2599 2.1910 0.0893 0.2916 
3.0501 -0.2692 2.1901 0.0734 0.3731 
3.0601 -0.2599 2.1684 0.0885 0.4055 
3.0601 -0.2399 2.1887 0.1899 0.4088 
3.0501 -0.2499 2.1817 0.1344 0.3668 
3.0601 -0.2599 2.1684 0.0885 0.4055 
3.0501 -0.2499 2.1817 0.1344 0.3668 
3.0501 -0.2692 2.1901 0.0734 0.3731 
3.0601 -0.2599 2.1684 0.0885 0.4055 
3.0701 -0.2599 2.1782 0.0932 0.4509 
3.0601 -0.2399 2.1887 0.1899 0.4088 
3.0701 -0.2599 2.1782 0.0932 0.4509 
3.0801 -0.2599 2.1723 0.0935 0.4929 
3.0801 -0.2399 2.1881 0.1954 0.4893 
3.0801 -0.2399 2.1881 0.1954 0.4893 
3.0801 -0.2599 2.1723 0.0935 0.4929 
3.0901 -0.2599 2.1894 0.1003 0.5342 
3.0601 -0.2599 2.1684 0.0885 0.4055 
3.0501 -0.2692 2.1901 0.0734 0.3731 
3.0701 -0.2699 2.1906 0.0735 0.4548 
3.0701 -0.2599 2.1782 0.0932 0.4509 
3.0601 -0.2599 2.1684 0.0885 0.4055 
3.0701 -0.2699 2.1906 0.0735 0.4548 
3.0801 -0.2599 2.1723 0.0935 0.4929 
3.0701 -0.2599 2.1782 0.0932 0.4509 
3.0701 -0.2699 2.1906 0.0735 0.4548 
3.0801 -0.2599 2.1723 0.0935 0.4929 
3.0701 -0.2699 2.1906 0.0735 0.4548 
3.0901 -0.2599 2.1894 0.1003 0.5342 
3.0901 -0.2599 2.1894 0.1003 0.5342 
3.1001 -0.2499 2.1815 0.1475 0.5742 
3.0801 -0.2399 2.1881 0.1954 0.4893 
3.1001 -0.2499 2.1815 0.1475 0.5742 
3.0901 -0.2599 2.1894 0.1003 0.5342 
3.1001 -0.2599 2.1715 0.0973 0.5793 
3.0501 -0.2199 2.1812 0.2974 0.3626 
3.0301 -0.2199 2.1838 0.2908 0.2832 
3.0501 -0.2299 2.1814 0.2417 0.3640 
3.0001 -0.2399 2.1776 0.1724 0.1579 
3.0001 -0.2499 2.1848 0.1225 0.1658 
3.0201 -0.2299 2.1869 0.2326 0.2463 
3.0301 -0.2499 2.1872 0.1305 0.2882 
3.0201 -0.2299 2.1869 0.2326 0.2463 
3.0001 -0.2499 2.1848 0.1225 0.1658 
3.0401 -0.2399 2.1870 0.1843 0.3274 
3.0201 -0.2299 2.1869 0.2326 0.2463 
3.0301 -0.2499 2.1872 0.1305 0.2882 
3.0401 -0.2399 2.1870 0.1843 0.3274 
3.0301 -0.2499 2.1872 0.1305 0.2882 
3.0401 -0.2499 2.1756 0.1304 0.3219 
3.0501 -0.2499 2.1817 0.1344 0.3668 
3.0401 -0.2399 2.1870 0.1843 0.3274 
3.0401 -0.2499 2.1756 0.1304 0.3219 
3.0201 -0.2299 2.1869 0.2326 0.2463 
3.0401 -0.2399 2.1870 0.1843 0.3274 
3.0301 -0.2199 2.1838 0.2908 0.2832 
3.0301 -0.2199 2.1838 0.2908 0.2832 
3.0401 -0.2399 2.1870 0.1843 0.3274 
3.0501 -0.2299 2.1814 0.2417 0.3640 
3.0001 -0.2399 2.1776 0.1724 0.1579 
3.0101 -0.2199 2.1863 0.2845 0.2058 
3.0001 -0.2299 2.1817 0.2273 0.1622 
3.0001 -0.2399 2.1776 0.1724 0.1579 
3.0201 -0.2299 2.1869 0.2326 0.2463 
3.0101 -0.2199 2.1863 0.2845 0.2058 
3.0301 -0.2199 2.1838 0.2908 0.2832 
3.0101 -0.2199 2.1863 0.2845 0.2058 
3.0201 -0.2299 2.1869 0.2326 0.2463 
3.0201 -0.2099 2.1815 0.3443 0.2407 
3.0001 -0.2099 2.1856 0.3368 0.1659 
3.0101 -0.2199 2.1863 0.2845 0.2058 
3.0301 -0.1999 2.1870 0.3992 0.2837 
3.0201 -0.2099 2.1815 0.3443 0.2407 
3.0301 -0.2199 2.1838 0.2908 0.2832 
3.0301 -0.2199 2.1838 0.2908 0.2832 
3.0201 -0.2099 2.1815 0.3443 0.2407 
3.0101 -0.2199 2.1863 0.2845 0.2058 
3.0501 -0.2199 2.1812 0.2974 0.3626 
3.0301 -0.1999 2.1870 0.3992 0.2837 
3.0301 -0.2199 2.1838 0.2908 0.2832 
3.0301 -0.1999 2.1870 0.3992 0.2837 
3.0501 -0.2199 2.1812 0.2974 0.3626 
3.0501 -0.1899 2.1780 0.4665 0.3572 
3.0901 -0.2199 2.1872 0.3070 0.5254 
3.0901 -0.1999 2.1618 0.4345 0.5226 
3.0801 -0.2051 2.1701 0.3954 0.4812 
3.0901 -0.2299 2.1722 0.2546 0.5288 
3.0801 -0.2399 2.1881 0.1954 0.4893 
3.1001 -0.2499 2.1815 0.1475 0.5742 
3.0701 -0.2299 2.1688 0.2492 0.4435 
3.0501 -0.2299 2.1814 0.2417 0.3640 
3.0801 -0.2399 2.1881 0.1954 0.4893 
3.0901 -0.2299 2.1722 0.2546 0.5288 
3.0701 -0.2299 2.1688 0.2492 0.4435 
3.0801 -0.2399 2.1881 0.1954 0.4893 
3.0701 -0.2199 2.1717 0.3063 0.4423 
3.0501 -0.2299 2.1814 0.2417 0.3640 
3.0701 -0.2299 2.1688 0.2492 0.4435 
3.0901 -0.2199 2.1872 0.3070 0.5254 
3.0701 -0.2199 2.1717 0.3063 0.4423 
3.0901 -0.2299 2.1722 0.2546 0.5288 
3.0901 -0.2299 2.1722 0.2546 0.5288 
3.0701 -0.2199 2.1717 0.3063 0.4423 
3.0701 -0.2299 2.1688 0.2492 0.4435 
3.0501 -0.2299 2.1814 0.2417 0.3640 
3.0701 -0.2199 2.1717 0.3063 0.4423 
3.0601 -0.2099 2.1851 0.3541 0.4030 
3.0801 -0.2051 2.1701 0.3954 0.4812 
3.0601 -0.2099 2.1851 0.3541 0.4030 
3.0701 -0.2199 2.1717 0.3063 0.4423 
3.0701 -0.2199 2.1717 0.3063 0.4423 
3.0901 -0.2199 2.1872 0.3070 0.5254 
3.0801 -0.2051 2.1701 0.3954 0.4812 
3.1101 -0.2199 2.1792 0.3154 0.6082 
3.0901 -0.1999 2.1618 0.4345 0.5226 
3.0901 -0.2199 2.1872 0.3070 0.5254 
3.0601 -0.2099 2.1851 0.3541 0.4030 
3.0601 -0.1999 2.1706 0.4188 0.3967 
3.0501 -0.1899 2.1780 0.4665 0.3572 
3.0601 -0.1999 2.1706 0.4188 0.3967 
3.0601 -0.2099 2.1851 0.3541 0.4030 
3.0701 -0.1999 2.1527 0.4357 0.4343 
3.0801 -0.2051 2.1701 0.3954 0.4812 
3.0701 -0.1999 2.1527 0.4357 0.4343 
3.0601 -0.2099 2.1851 0.3541 0.4030 
3.0601 -0.2399 2.1887 0.1899 0.4088 
3.0401 -0.2399 2.1870 0.1843 0.3274 
3.0501 -0.2499 2.1817 0.1344 0.3668 
3.0701 -0.2599 2.1782 0.0932 0.4509 
3.0801 -0.2399 2.1881 0.1954 0.4893 
3.0601 -0.2399 2.1887 0.1899 0.4088 
3.0501 -0.2299 2.1814 0.2417 0.3640 
3.0401 -0.2399 2.1870 0.1843 0.3274 
3.0601 -0.2399 2.1887 0.1899 0.4088 
3.0601 -0.2399 2.1887 0.1899 0.4088 
3.0801 -0.2399 2.1881 0.1954 0.4893 
3.0501 -0.2299 2.1814 0.2417 0.3640 
3.1101 -0.2199 2.1792 0.3154 0.6082 
3.0901 -0.2199 2.1872 0.3070 0.5254 
3.0901 -0.2299 2.1722 0.2546 0.5288 
3.0601 -0.2099 2.1851 0.3541 0.4030 
3.0501 -0.2199 2.1812 0.2974 0.3626 
3.0501 -0.2299 2.1814 0.2417 0.3640 
3.0601 -0.2099 2.1851 0.3541 0.4030 
3.0501 -0.1899 2.1780 0.4665 0.3572 
3.0501 -0.2199 2.1812 0.2974 0.3626 
3.0001 -0.2099 2.1856 0.3368 0.1659 
2.9801 -0.1899 2.1803 0.4445 0.0875 
2.9801 -0.1999 2.1814 0.3884 0.0884 
3.0001 -0.1899 2.1836 0.4477 0.1635 
2.9701 -0.1699 2.1887 0.5422 0.0675 
3.0001 -0.2099 2.1856 0.3368 0.1659 
3.0001 -0.2099 2.1856 0.3368 0.1659 
2.9701 -0.1699 2.1887 0.5422 0.0675 
2.9801 -0.1899 2.1803 0.4445 0.0875 
2.9901 -0.1499 2.1850 0.6577 0.1279 
2.9701 -0.1699 2.1887 0.5422 0.0675 
3.0001 -0.1899 2.1836 0.4477 0.1635 
3.0001 -0.1499 2.1851 0.6602 0.1645 
2.9901 -0.1499 2.1850 0.6577 0.1279 
3.0201 -0.1799 2.1862 0.5052 0.2427 
2.9701 -0.1299 2.1794 0.7660 0.0611 
2.9601 -0.1299 2.1863 0.7515 0.0528 
2.9701 -0.1399 2.1873 0.7010 0.0672 
2.9701 -0.1299 2.1794 0.7660 0.0611 
2.9701 -0.1399 2.1873 0.7010 0.0672 
2.9801 -0.1299 2.1876 0.7544 0.0968 
2.9701 -0.1399 2.1873 0.7010 0.0672 
2.9901 -0.1499 2.1850 0.6577 0.1279 
2.9801 -0.1299 2.1876 0.7544 0.0968 
3.0001 -0.1299 2.1876 0.7598 0.1667 
2.9801 -0.1299 2.1876 0.7544 0.0968 
2.9901 -0.1499 2.1850 0.6577 0.1279 
3.0001 -0.1499 2.1851 0.6602 0.1645 
3.0001 -0.1299 2.1876 0.7598 0.1667 
2.9901 -0.1499 2.1850 0.6577 0.1279 
2.9701 -0.1299 2.1794 0.7660 0.0611 
2.9701 -0.1199 2.1914 0.7958 0.0715 
2.9601 -0.1299 2.1863 0.7515 0.0528 
2.9701 -0.1299 2.1794 0.7660 0.0611 
2.9801 -0.1299 2.1876 0.7544 0.0968 
2.9801 -0.1199 2.1901 0.8008 0.0996 
2.9801 -0.1199 2.1901 0.8008 0.0996 
2.9801 -0.1199 2.1901 0.8008 0.0996 
2.9801 -0.1299 2.1876 0.7544 0.0968 
2.9801 -0.1199 2.1901 0.8008 0.0996 
2.9801 -0.1299 2.1876 0.7544 0.0968 
2.9901 -0.1199 2.1845 0.8136 0.1275 
2.9901 -0.1199 2.1845 0.8136 0.1275 
2.9801 -0.1299 2.1876 0.7544 0.0968 
3.0001 -0.1299 2.1876 0.7598 0.1667 
3.0001 -0.1299 2.1876 0.7598 0.1667 
3.0001 -0.0999 2.1900 0.9056 0.1685 
2.9901 -0.1199 2.1845 0.8136 0.1275 
2.9701 -0.1199 2.1914 0.7958 0.0715 
2.9734 -0.1099 2.1901 0.8490 0.0795 
2.9701 -0.0999 2.1871 0.9040 0.0681 
2.9901 -0.1199 2.1845 0.8136 0.1275 
2.9734 -0.1099 2.1901 0.8490 0.0795 
2.9801 -0.1199 2.1901 0.8008 0.0996 
2.9801 -0.1199 2.1901 0.8008 0.0996 
2.9801 -0.1199 2.1901 0.8008 0.0996 
2.9901 -0.1199 2.1845 0.8136 0.1275 
2.9701 -0.0999 2.1871 0.9040 0.0681 
2.9734 -0.1099 2.1901 0.8490 0.0795 
2.9901 -0.1199 2.1845 0.8136 0.1275 
2.9701 -0.0899 2.1913 0.9440 0.0722 
2.9701 -0.0999 2.1871 0.9040 0.0681 
2.9901 -0.1199 2.1845 0.8136 0.1275 
2.9701 -0.0899 2.1913 0.9440 0.0722 
2.9901 -0.1199 2.1845 0.8136 0.1275 
3.0001 -0.0999 2.1900 0.9056 0.1685 
2.9801 -0.1199 2.1901 0.8008 0.0996 
2.9701 -0.1199 2.1914 0.7958 0.0715 
2.9701 -0.1299 2.1794 0.7660 0.0611 
2.9801 -0.1199 2.1901 0.8008 0.0996 
2.9701 -0.1199 2.1914 0.7958 0.0715 
2.9801 -0.1199 2.1901 0.8008 0.0996 
2.9801 -0.1199 2.1901 0.8008 0.0996 
2.9801 -0.1199 2.1901 0.8008 0.0996 
2.9801 -0.1199 2.1901 0.8008 0.0996 
2.9734 -0.1099 2.1901 0.8490 0.0795 
2.9801 -0.1199 2.1901 0.8008 0.0996 
2.9801 -0.1199 2.1901 0.8008 0.0996 
2.9734 -0.1099 2.1901 0.8490 0.0795 
2.9701 -0.1199 2.1914 0.7958 0.0715 
2.9801 -0.1199 2.1901 0.8008 0.0996 
2.9801 -0.1199 2.1901 0.8008 0.0996 
2.9801 -0.1199 2.1901 0.8008 0.0996 
2.9801 -0.1199 2.1901 0.8008 0.0996 
3.0301 -0.1999 2.1870 0.3992 0.2837 
3.0501 -0.1899 2.1780 0.4665 0.3572 
3.0201 -0.1899 2.1811 0.4553 0.2391 
3.0201 -0.1899 2.1811 0.4553 0.2391 
3.0001 -0.1899 2.1836 0.4477 0.1635 
3.0001 -0.2099 2.1856 0.3368 0.1659 
3.0201 -0.2099 2.1815 0.3443 0.2407 
3.0201 -0.1899 2.1811 0.4553 0.2391 
3.0001 -0.2099 2.1856 0.3368 0.1659 
3.0301 -0.1999 2.1870 0.3992 0.2837 
3.0201 -0.1899 2.1811 0.4553 0.2391 
3.0201 -0.2099 2.1815 0.3443 0.2407 
3.0201 -0.1799 2.1862 0.5052 0.2427 
3.0001 -0.1899 2.1836 0.4477 0.1635 
3.0201 -0.1899 2.1811 0.4553 0.2391 
3.0501 -0.1899 2.1780 0.4665 0.3572 
3.0201 -0.1799 2.1862 0.5052 0.2427 
3.0201 -0.1899 2.1811 0.4553 0.2391 
3.0201 -0.1799 2.1862 0.5052 0.2427 
2.9901 -0.1499 2.1850 0.6577 0.1279 
3.0001 -0.1899 2.1836 0.4477 0.1635 
3.0201 -0.1599 2.1884 0.6089 0.2433 
3.0001 -0.1499 2.1851 0.6602 0.1645 
3.0201 -0.1799 2.1862 0.5052 0.2427 
3.0501 -0.1599 2.1870 0.6188 0.3576 
3.0201 -0.1599 2.1884 0.6089 0.2433 
3.0201 -0.1799 2.1862 0.5052 0.2427 
3.0501 -0.1899 2.1780 0.4665 0.3572 
3.0501 -0.1599 2.1870 0.6188 0.3576 
3.0201 -0.1799 2.1862 0.5052 0.2427 
3.0401 -0.1499 2.1830 0.6742 0.3157 
3.0201 -0.1599 2.1884 0.6089 0.2433 
3.0501 -0.1599 2.1870 0.6188 0.3576 
3.0401 -0.1499 2.1830 0.6742 0.3157 
3.0001 -0.1499 2.1851 0.6602 0.1645 
3.0201 -0.1599 2.1884 0.6089 0.2433 
3.0701 -0.1999 2.1527 0.4357 0.4343 
3.0701 -0.1899 2.1778 0.4724 0.4382 
3.0601 -0.1999 2.1706 0.4188 0.3967 
3.0701 -0.1999 2.1527 0.4357 0.4343 
3.0801 -0.2051 2.1701 0.3954 0.4812 
3.0801 -0.1899 2.1681 0.4841 0.4780 
3.0701 -0.1999 2.1527 0.4357 0.4343 
3.0801 -0.1899 2.1681 0.4841 0.4780 
3.0701 -0.1899 2.1778 0.4724 0.4382 
3.0901 -0.1999 2.1618 0.4345 0.5226 
3.0801 -0.1899 2.1681 0.4841 0.4780 
3.0801 -0.2051 2.1701 0.3954 0.4812 
3.0501 -0.1899 2.1780 0.4665 0.3572 
3.0601 -0.1999 2.1706 0.4188 0.3967 
3.0601 -0.1799 2.1855 0.5170 0.3987 
3.0601 -0.1799 2.1855 0.5170 0.3987 
3.0601 -0.1999 2.1706 0.4188 0.3967 
3.0701 -0.1899 2.1778 0.4724 0.4382 
3.0901 -0.1999 2.1618 0.4345 0.5226 
3.1101 -0.1799 2.1836 0.5329 0.5962 
3.0801 -0.1899 2.1681 0.4841 0.4780 
3.0901 -0.1999 2.1618 0.4345 0.5226 
3.1201 -0.1899 2.1709 0.4932 0.6443 
3.1101 -0.1799 2.1836 0.5329 0.5962 
3.0501 -0.1599 2.1870 0.6188 0.3576 
3.0801 -0.1499 2.1722 0.7019 0.4705 
3.0401 -0.1499 2.1830 0.6742 0.3157 
3.0801 -0.1599 2.1824 0.6331 0.4734 
3.0801 -0.1499 2.1722 0.7019 0.4705 
3.0501 -0.1599 2.1870 0.6188 0.3576 
3.0901 -0.1499 2.1827 0.6884 0.5106 
3.0801 -0.1499 2.1722 0.7019 0.4705 
3.0801 -0.1599 2.1824 0.6331 0.4734 
3.0801 -0.1899 2.1681 0.4841 0.4780 
3.0601 -0.1799 2.1855 0.5170 0.3987 
3.0701 -0.1899 2.1778 0.4724 0.4382 
3.1101 -0.1799 2.1836 0.5329 0.5962 
3.0601 -0.1799 2.1855 0.5170 0.3987 
3.0801 -0.1899 2.1681 0.4841 0.4780 
3.0601 -0.1799 2.1855 0.5170 0.3987 
3.0501 -0.1599 2.1870 0.6188 0.3576 
3.0501 -0.1899 2.1780 0.4665 0.3572 
3.0801 -0.1599 2.1824 0.6331 0.4734 
3.0501 -0.1599 2.1870 0.6188 0.3576 
3.0601 -0.1799 2.1855 0.5170 0.3987 
3.1101 -0.1799 2.1836 0.5329 0.5962 
3.0801 -0.1599 2.1824 0.6331 0.4734 
3.0601 -0.1799 2.1855 0.5170 0.3987 
3.1201 -0.1699 2.1800 0.5938 0.6345 
3.0801 -0.1599 2.1824 0.6331 0.4734 
3.1101 -0.1799 2.1836 0.5329 0.5962 
3.0801 -0.1599 2.1824 0.6331 0.4734 
3.1201 -0.1699 2.1800 0.5938 0.6345 
3.0901 -0.1499 2.1827 0.6884 0.5106 
3.0401 -0.1499 2.1830 0.6742 0.3157 
3.0201 -0.1399 2.1881 0.7131 0.2419 
3.0001 -0.1499 2.1851 0.6602 0.1645 
3.0201 -0.1399 2.1881 0.7131 0.2419 
3.0001 -0.1299 2.1876 0.7598 0.1667 
3.0001 -0.1499 2.1851 0.6602 0.1645 
3.0501 -0.1399 2.1852 0.7257 0.3544 
3.0201 -0.1399 2.1881 0.7131 0.2419 
3.0401 -0.1499 2.1830 0.6742 0.3157 
3.0201 -0.0999 2.1855 0.9203 0.2376 
3.0001 -0.1299 2.1876 0.7598 0.1667 
3.0201 -0.1399 2.1881 0.7131 0.2419 
3.0401 -0.1199 2.1789 0.8379 0.3104 
3.0201 -0.0999 2.1855 0.9203 0.2376 
3.0201 -0.1399 2.1881 0.7131 0.2419 
3.0401 -0.1199 2.1789 0.8379 0.3104 
3.0201 -0.1399 2.1881 0.7131 0.2419 
3.0501 -0.1399 2.1852 0.7257 0.3544 
3.0401 -0.1199 2.1789 0.8379 0.3104 
3.0501 -0.1399 2.1852 0.7257 0.3544 
3.0601 -0.1199 2.1871 0.8272 0.3907 
3.0601 -0.1199 2.1871 0.8272 0.3907 
3.0401 -0.1099 2.1864 0.8736 0.3138 
3.0401 -0.1199 2.1789 0.8379 0.3104 
3.0001 -0.0999 2.1900 0.9056 0.1685 
3.0001 -0.1299 2.1876 0.7598 0.1667 
3.0201 -0.0999 2.1855 0.9203 0.2376 
3.0401 -0.1099 2.1864 0.8736 0.3138 
3.0201 -0.0999 2.1855 0.9203 0.2376 
3.0401 -0.1199 2.1789 0.8379 0.3104 
3.0601 -0.1099 2.1850 0.8816 0.3887 
3.0401 -0.1099 2.1864 0.8736 0.3138 
3.0601 -0.1199 2.1871 0.8272 0.3907 
3.0401 -0.1499 2.1830 0.6742 0.3157 
3.0801 -0.1499 2.1722 0.7019 0.4705 
3.0501 -0.1399 2.1852 0.7257 0.3544 
3.0501 -0.1399 2.1852 0.7257 0.3544 
3.0801 -0.1499 2.1722 0.7019 0.4705 
3.0801 -0.1399 2.1825 0.7381 0.4697 
3.0801 -0.1399 2.1825 0.7381 0.4697 
3.0801 -0.1499 2.1722 0.7019 0.4705 
3.0901 -0.1499 2.1827 0.6884 0.5106 
3.0801 -0.1399 2.1825 0.7381 0.4697 
3.0601 -0.1199 2.1871 0.8272 0.3907 
3.0501 -0.1399 2.1852 0.7257 0.3544 
3.1101 -0.1499 2.1833 0.6928 0.5887 
3.0801 -0.1399 2.1825 0.7381 0.4697 
3.0901 -0.1499 2.1827 0.6884 0.5106 
3.0901 -0.1199 2.1837 0.8416 0.5045 
3.0601 -0.1199 2.1871 0.8272 0.3907 
3.0801 -0.1399 2.1825 0.7381 0.4697 
3.1101 -0.1499 2.1833 0.6928 0.5887 
3.0901 -0.1199 2.1837 0.8416 0.5045 
3.0801 -0.1399 2.1825 0.7381 0.4697 
3.1101 -0.1199 2.1812 0.8518 0.5818 
3.0901 -0.1199 2.1837 0.8416 0.5045 
3.1001 -0.1299 2.1812 0.7979 0.5454 
3.0901 -0.1199 2.1837 0.8416 0.5045 
3.1101 -0.1499 2.1833 0.6928 0.5887 
3.1001 -0.1299 2.1812 0.7979 0.5454 
3.0901 -0.1199 2.1837 0.8416 0.5045 
3.0601 -0.1099 2.1850 0.8816 0.3887 
3.0601 -0.1199 2.1871 0.8272 0.3907 
3.1101 -0.1199 2.1812 0.8518 0.5818 
3.1001 -0.1099 2.1848 0.8925 0.5405 
3.0901 -0.1199 2.1837 0.8416 0.5045 
2.9701 -0.0999 2.1871 0.9040 0.0681 
2.9701 -0.0899 2.1913 0.9440 0.0722 
2.9601 -0.0899 2.1864 0.9525 0.0529 
3.1501 -0.0999 2.1815 0.9629 0.7297 
3.1501 -0.1199 2.1799 0.8652 0.7373 
3.1701 -0.1299 2.1813 0.8163 0.8171 
3.2101 -0.1099 2.1764 0.9397 0.9701 
3.1801 -0.0999 2.1820 0.9695 0.8437 
3.1801 -0.1199 2.1782 0.8767 0.8554 
3.1501 -0.0999 2.1815 0.9629 0.7297 
3.1801 -0.1199 2.1782 0.8767 0.8554 
3.1801 -0.0999 2.1820 0.9695 0.8437 
3.1501 -0.0999 2.1815 0.9629 0.7297 
3.1701 -0.1299 2.1813 0.8163 0.8171 
3.1801 -0.1199 2.1782 0.8767 0.8554 
3.2001 -0.1499 2.1763 0.7286 0.9492 
3.1801 -0.1199 2.1782 0.8767 0.8554 
3.1801 -0.1499 2.1769 0.7221 0.8689 
3.1801 -0.1199 2.1782 0.8767 0.8554 
3.1701 -0.1599 2.1759 0.6674 0.8342 
3.1801 -0.1499 2.1769 0.7221 0.8689 
3.1701 -0.1299 2.1813 0.8163 0.8171 
3.1701 -0.1599 2.1759 0.6674 0.8342 
3.1801 -0.1199 2.1782 0.8767 0.8554 
3.1701 -0.1599 2.1759 0.6674 0.8342 
3.1701 -0.1299 2.1813 0.8163 0.8171 
3.1501 -0.1499 2.1779 0.7122 0.7488 
3.1701 -0.1299 2.1813 0.8163 0.8171 
3.1501 -0.1199 2.1799 0.8652 0.7373 
3.1501 -0.1499 2.1779 0.7122 0.7488 
3.1701 -0.1599 2.1759 0.6674 0.8342 
3.1501 -0.1499 2.1779 0.7122 0.7488 
3.1601 -0.1499 2.1719 0.7248 0.7939 
3.1501 -0.0999 2.1815 0.9629 0.7297 
3.1401 -0.1099 2.1853 0.9018 0.6923 
3.1501 -0.1199 2.1799 0.8652 0.7373 
3.1501 -0.0999 2.1815 0.9629 0.7297 
3.1101 -0.0999 2.1813 0.9529 0.5770 
3.1401 -0.1099 2.1853 0.9018 0.6923 
3.1401 -0.1099 2.1853 0.9018 0.6923 
3.1101 -0.0999 2.1813 0.9529 0.5770 
3.1301 -0.1199 2.1835 0.8527 0.6580 
3.1301 -0.1199 2.1835 0.8527 0.6580 
3.1101 -0.0999 2.1813 0.9529 0.5770 
3.1101 -0.1199 2.1812 0.8518 0.5818 
3.1101 -0.0999 2.1813 0.9529 0.5770 
3.1001 -0.1099 2.1848 0.8925 0.5405 
3.1101 -0.1199 2.1812 0.8518 0.5818 
3.1401 -0.1099 2.1853 0.9018 0.6923 
3.1301 -0.1199 2.1835 0.8527 0.6580 
3.1501 -0.1199 2.1799 0.8652 0.7373 
3.1101 -0.1199 2.1812 0.8518 0.5818 
3.1001 -0.1299 2.1812 0.7979 0.5454 
3.1301 -0.1199 2.1835 0.8527 0.6580 
3.1301 -0.1199 2.1835 0.8527 0.6580 
3.1501 -0.1499 2.1779 0.7122 0.7488 
3.1501 -0.1199 2.1799 0.8652 0.7373 
3.1501 -0.1499 2.1779 0.7122 0.7488 
3.1301 -0.1199 2.1835 0.8527 0.6580 
3.1101 -0.1499 2.1833 0.6928 0.5887 
3.1301 -0.1199 2.1835 0.8527 0.6580 
3.1001 -0.1299 2.1812 0.7979 0.5454 
3.1101 -0.1499 2.1833 0.6928 0.5887 
3.2001 -0.1499 2.1763 0.7286 0.9492 
3.1801 -0.1499 2.1769 0.7221 0.8689 
3.1901 -0.1699 2.1712 0.6251 0.9250 
3.1701 -0.1599 2.1759 0.6674 0.8342 
3.1601 -0.1499 2.1719 0.7248 0.7939 
3.1701 -0.1699 2.1789 0.6091 0.8348 
3.1701 -0.1699 2.1789 0.6091 0.8348 
3.1501 -0.1499 2.1779 0.7122 0.7488 
3.1501 -0.1599 2.1705 0.6698 0.7583 
3.1601 -0.1499 2.1719 0.7248 0.7939 
3.1501 -0.1499 2.1779 0.7122 0.7488 
3.1701 -0.1699 2.1789 0.6091 0.8348 
3.1901 -0.1699 2.1712 0.6251 0.9250 
3.1701 -0.1599 2.1759 0.6674 0.8342 
3.1701 -0.1699 2.1789 0.6091 0.8348 
3.1801 -0.1499 2.1769 0.7221 0.8689 
3.1701 -0.1599 2.1759 0.6674 0.8342 
3.1901 -0.1699 2.1712 0.6251 0.9250 
3.1701 -0.1699 2.1789 0.6091 0.8348 
3.1501 -0.1599 2.1705 0.6698 0.7583 
3.1401 -0.1699 2.1787 0.6010 0.7151 
3.2001 -0.1799 2.1757 0.5671 0.9640 
3.1901 -0.1699 2.1712 0.6251 0.9250 
3.1801 -0.1899 2.1746 0.5071 0.8885 
3.1901 -0.1699 2.1712 0.6251 0.9250 
3.1701 -0.1699 2.1789 0.6091 0.8348 
3.1801 -0.1899 2.1746 0.5071 0.8885 
3.1601 -0.1799 2.1794 0.5515 0.7982 
3.1701 -0.1699 2.1789 0.6091 0.8348 
3.1401 -0.1699 2.1787 0.6010 0.7151 
3.1601 -0.1799 2.1794 0.5515 0.7982 
3.1401 -0.1699 2.1787 0.6010 0.7151 
3.1368 -0.1799 2.1701 0.5554 0.7109 
3.1901 -0.1899 2.1683 0.5164 0.9383 
3.2001 -0.1799 2.1757 0.5671 0.9640 
3.1801 -0.1899 2.1746 0.5071 0.8885 
3.1801 -0.1899 2.1746 0.5071 0.8885 
3.1601 -0.1799 2.1794 0.5515 0.7982 
3.1601 -0.1999 2.1715 0.4478 0.8137 
3.1701 -0.1699 2.1789 0.6091 0.8348 
3.1601 -0.1799 2.1794 0.5515 0.7982 
3.1801 -0.1899 2.1746 0.5071 0.8885 
3.2001 -0.1999 2.1686 0.4621 0.9847 
3.1901 -0.1899 2.1683 0.5164 0.9383 
3.1901 -0.2099 2.1741 0.3979 0.9394 
3.2001 -0.1999 2.1686 0.4621 0.9847 
3.2001 -0.1799 2.1757 0.5671 0.9640 
3.1901 -0.1899 2.1683 0.5164 0.9383 
3.1801 -0.1899 2.1746 0.5071 0.8885 
3.1601 -0.1999 2.1715 0.4478 0.8137 
3.1901 -0.2099 2.1741 0.3979 0.9394 
3.1901 -0.1899 2.1683 0.5164 0.9383 
3.1801 -0.1899 2.1746 0.5071 0.8885 
3.1901 -0.2099 2.1741 0.3979 0.9394 
3.1601 -0.1999 2.1715 0.4478 0.8137 
3.1601 -0.1799 2.1794 0.5515 0.7982 
3.1501 -0.2099 2.1753 0.3854 0.7723 
3.1101 -0.1499 2.1833 0.6928 0.5887 
3.0901 -0.1499 2.1827 0.6884 0.5106 
3.1201 -0.1699 2.1800 0.5938 0.6345 
3.1501 -0.1499 2.1779 0.7122 0.7488 
3.1201 -0.1699 2.1800 0.5938 0.6345 
3.1501 -0.1599 2.1705 0.6698 0.7583 
3.1101 -0.1499 2.1833 0.6928 0.5887 
3.1201 -0.1699 2.1800 0.5938 0.6345 
3.1501 -0.1499 2.1779 0.7122 0.7488 
3.1201 -0.1699 2.1800 0.5938 0.6345 
3.1401 -0.1699 2.1787 0.6010 0.7151 
3.1501 -0.1599 2.1705 0.6698 0.7583 
3.1401 -0.1699 2.1787 0.6010 0.7151 
3.1201 -0.1699 2.1800 0.5938 0.6345 
3.1368 -0.1799 2.1701 0.5554 0.7109 
3.1368 -0.1799 2.1701 0.5554 0.7109 
3.1201 -0.1699 2.1800 0.5938 0.6345 
3.1101 -0.1799 2.1836 0.5329 0.5962 
3.1368 -0.1799 2.1701 0.5554 0.7109 
3.1101 -0.1799 2.1836 0.5329 0.5962 
3.1201 -0.1899 2.1709 0.4932 0.6443 
3.1301 -0.1899 2.1701 0.4970 0.6863 
3.1368 -0.1799 2.1701 0.5554 0.7109 
3.1201 -0.1899 2.1709 0.4932 0.6443 
3.1301 -0.1899 2.1701 0.4970 0.6863 
3.1201 -0.1899 2.1709 0.4932 0.6443 
3.1301 -0.1899 2.1701 0.4970 0.6863 
3.1401 -0.1999 2.1652 0.4470 0.7352 
3.1501 -0.2099 2.1753 0.3854 0.7723 
3.1601 -0.1799 2.1794 0.5515 0.7982 
3.1401 -0.1999 2.1652 0.4470 0.7352 
3.1601 -0.1799 2.1794 0.5515 0.7982 
3.1368 -0.1799 2.1701 0.5554 0.7109 
3.1368 -0.1799 2.1701 0.5554 0.7109 
3.1301 -0.1899 2.1701 0.4970 0.6863 
3.1401 -0.1999 2.1652 0.4470 0.7352 
3.1368 -0.1799 2.1701 0.5554 0.7109 
3.1301 -0.1899 2.1701 0.4970 0.6863 
3.1301 -0.1899 2.1701 0.4970 0.6863 
3.1301 -0.1899 2.1701 0.4970 0.6863 
3.1301 -0.1899 2.1701 0.4970 0.6863 
3.1301 -0.1899 2.1701 0.4970 0.6863 
3.1401 -0.1999 2.1652 0.4470 0.7352 
3.1301 -0.1899 2.1701 0.4970 0.6863 
3.1201 -0.1999 2.1624 0.4432 0.6515 
3.1301 -0.1899 2.1701 0.4970 0.6863 
3.1201 -0.1999 2.1624 0.4432 0.6515 
3.1301 -0.1899 2.1701 0.4970 0.6863 
3.1301 -0.1899 2.1701 0.4970 0.6863 
3.1201 -0.1899 2.1709 0.4932 0.6443 
3.1201 -0.1999 2.1624 0.4432 0.6515 
3.1201 -0.1899 2.1709 0.4932 0.6443 
3.0901 -0.1999 2.1618 0.4345 0.5226 
3.1201 -0.1999 2.1624 0.4432 0.6515 
3.1801 -0.2499 2.1698 0.1678 0.9223 
3.1701 -0.2399 2.1846 0.2206 0.8568 
3.1701 -0.2499 2.1791 0.1662 0.8675 
3.1601 -0.2399 2.1798 0.2180 0.8210 
3.1701 -0.2499 2.1791 0.1662 0.8675 
3.1701 -0.2399 2.1846 0.2206 0.8568 
3.1701 -0.2199 2.1736 0.3353 0.8613 
3.1901 -0.2099 2.1741 0.3979 0.9394 
3.1601 -0.1999 2.1715 0.4478 0.8137 
3.1601 -0.1999 2.1715 0.4478 0.8137 
3.1601 -0.2199 2.1746 0.3319 0.8184 
3.1701 -0.2199 2.1736 0.3353 0.8613 
3.1601 -0.1999 2.1715 0.4478 0.8137 
3.1501 -0.2099 2.1753 0.3854 0.7723 
3.1601 -0.2199 2.1746 0.3319 0.8184 
3.1701 -0.2199 2.1736 0.3353 0.8613 
3.1701 -0.2399 2.1846 0.2206 0.8568 
3.1801 -0.2299 2.1721 0.2814 0.9097 
3.1601 -0.2399 2.1798 0.2180 0.8210 
3.1701 -0.2199 2.1736 0.3353 0.8613 
3.1601 -0.2199 2.1746 0.3319 0.8184 
3.1701 -0.2399 2.1846 0.2206 0.8568 
3.1701 -0.2199 2.1736 0.3353 0.8613 
3.1601 -0.2399 2.1798 0.2180 0.8210 
3.1501 -0.2299 2.1705 0.2728 0.7843 
3.1601 -0.2399 2.1798 0.2180 0.8210 
3.1601 -0.2199 2.1746 0.3319 0.8184 
3.1801 -0.2299 2.1721 0.2814 0.9097 
3.1801 -0.2499 2.1698 0.1678 0.9223 
3.2001 -0.2399 2.1781 0.2296 0.9895 
3.1801 -0.2499 2.1698 0.1678 0.9223 
3.1801 -0.2299 2.1721 0.2814 0.9097 
3.1701 -0.2399 2.1846 0.2206 0.8568 
3.1701 -0.2499 2.1791 0.1662 0.8675 
3.1601 -0.2399 2.1798 0.2180 0.8210 
3.1601 -0.2499 2.1795 0.1635 0.8253 
3.1501 -0.2099 2.1753 0.3854 0.7723 
3.1501 -0.2299 2.1705 0.2728 0.7843 
3.1601 -0.2199 2.1746 0.3319 0.8184 
3.1601 -0.2499 2.1795 0.1635 0.8253 
3.1601 -0.2399 2.1798 0.2180 0.8210 
3.1401 -0.2499 2.1822 0.1584 0.7397 
3.1601 -0.2399 2.1798 0.2180 0.8210 
3.1101 -0.2399 2.1789 0.2037 0.6138 
3.1401 -0.2499 2.1822 0.1584 0.7397 
3.1001 -0.2499 2.1815 0.1475 0.5742 
3.1401 -0.2499 2.1822 0.1584 0.7397 
3.1101 -0.2399 2.1789 0.2037 0.6138 
3.1401 -0.2199 2.1757 0.3255 0.7342 
3.1201 -0.1999 2.1624 0.4432 0.6515 
3.1101 -0.2099 2.1860 0.3679 0.6033 
3.1101 -0.2099 2.1860 0.3679 0.6033 
3.1201 -0.1999 2.1624 0.4432 0.6515 
3.0901 -0.1999 2.1618 0.4345 0.5226 
3.1101 -0.2099 2.1860 0.3679 0.6033 
3.0901 -0.1999 2.1618 0.4345 0.5226 
3.1101 -0.2199 2.1792 0.3154 0.6082 
3.1401 -0.2199 2.1757 0.3255 0.7342 
3.1201 -0.2299 2.1720 0.2636 0.6559 
3.1501 -0.2299 2.1705 0.2728 0.7843 
3.1101 -0.2099 2.1860 0.3679 0.6033 
3.1201 -0.2299 2.1720 0.2636 0.6559 
3.1401 -0.2199 2.1757 0.3255 0.7342 
3.1101 -0.2099 2.1860 0.3679 0.6033 
3.1101 -0.2199 2.1792 0.3154 0.6082 
3.1201 -0.2299 2.1720 0.2636 0.6559 
3.1601 -0.2399 2.1798 0.2180 0.8210 
3.1501 -0.2299 2.1705 0.2728 0.7843 
3.1101 -0.2399 2.1789 0.2037 0.6138 
3.1501 -0.2299 2.1705 0.2728 0.7843 
3.1201 -0.2299 2.1720 0.2636 0.6559 
3.1101 -0.2399 2.1789 0.2037 0.6138 
3.1101 -0.2199 2.1792 0.3154 0.6082 
3.1101 -0.2399 2.1789 0.2037 0.6138 
3.1201 -0.2299 2.1720 0.2636 0.6559 
3.1101 -0.2399 2.1789 0.2037 0.6138 
3.1101 -0.2199 2.1792 0.3154 0.6082 
3.0901 -0.2299 2.1722 0.2546 0.5288 
3.1101 -0.2399 2.1789 0.2037 0.6138 
3.0901 -0.2299 2.1722 0.2546 0.5288 
3.1001 -0.2499 2.1815 0.1475 0.5742 
3.1501 -0.2099 2.1753 0.3854 0.7723 
3.1401 -0.1999 2.1652 0.4470 0.7352 
3.1401 -0.2199 2.1757 0.3255 0.7342 
3.1401 -0.2199 2.1757 0.3255 0.7342 
3.1401 -0.1999 2.1652 0.4470 0.7352 
3.1201 -0.1999 2.1624 0.4432 0.6515 
3.1501 -0.2299 2.1705 0.2728 0.7843 
3.1501 -0.2099 2.1753 0.3854 0.7723 
3.1401 -0.2199 2.1757 0.3255 0.7342 
3.1601 -0.2499 2.1795 0.1635 0.8253 
3.1501 -0.2699 2.1851 0.0777 0.7860 
3.1701 -0.2499 2.1791 0.1662 0.8675 
3.1701 -0.2499 2.1791 0.1662 0.8675 
3.1501 -0.2699 2.1851 0.0777 0.7860 
3.1901 -0.2699 2.1837 0.0823 0.9538 
3.1501 -0.2599 2.1699 0.1082 0.7968 
3.1501 -0.2699 2.1851 0.0777 0.7860 
3.1601 -0.2499 2.1795 0.1635 0.8253 
3.1301 -0.2699 2.1859 0.0760 0.7025 
3.1501 -0.2699 2.1851 0.0777 0.7860 
3.1501 -0.2599 2.1699 0.1082 0.7968 
3.1401 -0.2499 2.1822 0.1584 0.7397 
3.1501 -0.2599 2.1699 0.1082 0.7968 
3.1601 -0.2499 2.1795 0.1635 0.8253 
3.1201 -0.2599 2.1650 0.0998 0.6694 
3.1501 -0.2599 2.1699 0.1082 0.7968 
3.1401 -0.2499 2.1822 0.1584 0.7397 
3.1201 -0.2599 2.1650 0.0998 0.6694 
3.1401 -0.2499 2.1822 0.1584 0.7397 
3.1001 -0.2499 2.1815 0.1475 0.5742 
3.1501 -0.2599 2.1699 0.1082 0.7968 
3.1201 -0.2599 2.1650 0.0998 0.6694 
3.1301 -0.2699 2.1859 0.0760 0.7025 
