NUMPOLLIES 260.000000 

4.1201 0.1001 2.1461 0.1100 0.4457 
4.0901 0.1101 2.1463 0.0764 0.6021 
4.1001 0.1001 2.1537 0.1040 0.5458 
4.0801 0.1001 2.1457 0.1218 0.6482 
4.0901 0.1101 2.1463 0.0764 0.6021 
4.0701 0.1101 2.1475 0.0780 0.7041 
4.0501 0.1101 2.1535 0.0768 0.7998 
4.0301 0.1101 2.1490 0.0829 0.9058 
4.0301 0.1001 2.1535 0.1229 0.8891 
4.0201 0.1001 2.1501 0.1315 0.9428 
4.0301 0.1101 2.1490 0.0829 0.9058 
4.0201 0.1001 2.1501 0.1315 0.9428 
4.0201 0.1001 2.1501 0.1315 0.9428 
4.0301 0.1001 2.1535 0.1229 0.8891 
4.0301 0.1101 2.1490 0.0829 0.9058 
4.0101 0.1045 2.1501 0.1105 0.9975 
4.0201 0.1001 2.1501 0.1315 0.9428 
4.0301 0.1101 2.1490 0.0829 0.9058 
4.0101 0.1045 2.1501 0.1105 0.9975 
4.0201 0.1001 2.1501 0.1315 0.9428 
4.0201 0.1001 2.1501 0.1315 0.9428 
4.2101 0.0701 2.1493 0.2531 0.0532 
4.2001 0.0601 2.1416 0.3359 0.0726 
4.2101 0.0501 2.1464 0.3785 0.0550 
4.2101 0.0501 2.1464 0.3785 0.0550 
4.2001 0.0601 2.1416 0.3359 0.0726 
4.1901 0.0501 2.1487 0.3779 0.1244 
4.2101 0.0501 2.1464 0.3785 0.0550 
4.1901 0.0501 2.1487 0.3779 0.1244 
4.2101 0.0401 2.1387 0.4582 0.0537 
4.1301 0.0801 2.1522 0.2115 0.3963 
4.1801 0.0701 2.1489 0.2636 0.1602 
4.1501 0.0801 2.1490 0.2124 0.2988 
4.1801 0.0701 2.1489 0.2636 0.1602 
4.1301 0.0801 2.1522 0.2115 0.3963 
4.1501 0.0601 2.1512 0.3257 0.3031 
4.1301 0.0801 2.1522 0.2115 0.3963 
4.1201 0.0801 2.1404 0.2418 0.4417 
4.1101 0.0701 2.1518 0.2780 0.4895 
4.1101 0.0701 2.1518 0.2780 0.4895 
4.1301 0.0501 2.1531 0.3837 0.3954 
4.1301 0.0801 2.1522 0.2115 0.3963 
4.0901 0.0601 2.1526 0.3401 0.5790 
4.1301 0.0501 2.1531 0.3837 0.3954 
4.1101 0.0701 2.1518 0.2780 0.4895 
4.1301 0.0501 2.1531 0.3837 0.3954 
4.0901 0.0601 2.1526 0.3401 0.5790 
4.1101 0.0501 2.1571 0.3786 0.4856 
4.1801 0.0401 2.1536 0.4229 0.1762 
4.1701 0.0401 2.1501 0.4358 0.2164 
4.1901 0.0301 2.1506 0.4826 0.1348 
4.2101 0.0301 2.1494 0.4808 0.0621 
4.1901 0.0301 2.1506 0.4826 0.1348 
4.2101 0.0201 2.1481 0.5373 0.0644 
4.1901 0.0301 2.1506 0.4826 0.1348 
4.1701 0.0401 2.1501 0.4358 0.2164 
4.1901 0.0101 2.1508 0.5850 0.1428 
4.1601 0.0301 2.1463 0.5041 0.2597 
4.1901 0.0101 2.1508 0.5850 0.1428 
4.1701 0.0401 2.1501 0.4358 0.2164 
4.1901 0.0101 2.1508 0.5850 0.1428 
4.2101 0.0101 2.1565 0.5619 0.0755 
4.2101 0.0201 2.1481 0.5373 0.0644 
4.1901 0.0101 2.1508 0.5850 0.1428 
4.1601 0.0301 2.1463 0.5041 0.2597 
4.1701 0.0101 2.1560 0.5737 0.2291 
4.1701 0.0101 2.1560 0.5737 0.2291 
4.1601 0.0301 2.1463 0.5041 0.2597 
4.1401 0.0101 2.1572 0.5776 0.3538 
4.2101 0.0101 2.1565 0.5619 0.0755 
4.1901 0.0101 2.1508 0.5850 0.1428 
4.2001 0.0001 2.1461 0.6469 0.1032 
4.1701 0.0101 2.1560 0.5737 0.2291 
4.1401 0.0101 2.1572 0.5776 0.3538 
4.1601 0.0001 2.1471 0.6538 0.2661 
4.1601 0.0001 2.1471 0.6538 0.2661 
4.1401 0.0101 2.1572 0.5776 0.3538 
4.1401 0.0001 2.1486 0.6536 0.3505 
4.1401 0.0601 2.1462 0.3419 0.3466 
4.1301 0.0501 2.1531 0.3837 0.3954 
4.1601 0.0428 2.1501 0.4237 0.2600 
4.1601 0.0428 2.1501 0.4237 0.2600 
4.1301 0.0501 2.1531 0.3837 0.3954 
4.1201 0.0401 2.1541 0.4385 0.4394 
4.1301 0.0501 2.1531 0.3837 0.3954 
4.1101 0.0501 2.1571 0.3786 0.4856 
4.1201 0.0401 2.1541 0.4385 0.4394 
4.1601 0.0428 2.1501 0.4237 0.2600 
4.1201 0.0401 2.1541 0.4385 0.4394 
4.1301 0.0301 2.1452 0.5157 0.3921 
4.1401 0.0101 2.1572 0.5776 0.3538 
4.1601 0.0301 2.1463 0.5041 0.2597 
4.1301 0.0301 2.1452 0.5157 0.3921 
4.1201 0.0201 2.1499 0.5558 0.4364 
4.1401 0.0101 2.1572 0.5776 0.3538 
4.1301 0.0301 2.1452 0.5157 0.3921 
4.1301 0.0301 2.1452 0.5157 0.3921 
4.1201 0.0401 2.1541 0.4385 0.4394 
4.1201 0.0201 2.1499 0.5558 0.4364 
4.1101 0.0001 2.1570 0.6335 0.4764 
4.1401 0.0101 2.1572 0.5776 0.3538 
4.1201 0.0201 2.1499 0.5558 0.4364 
4.1201 0.0201 2.1499 0.5558 0.4364 
4.1001 0.0301 2.1466 0.5196 0.5253 
4.1001 0.0101 2.1556 0.5926 0.5196 
4.1401 0.0001 2.1486 0.6536 0.3505 
4.1101 0.0001 2.1570 0.6335 0.4764 
4.1301 -0.0099 2.1585 0.6703 0.3950 
4.1401 0.0101 2.1572 0.5776 0.3538 
4.1101 0.0001 2.1570 0.6335 0.4764 
4.1401 0.0001 2.1486 0.6536 0.3505 
4.1901 0.0901 2.1457 0.1464 0.1024 
4.1801 0.1001 2.1419 0.1004 0.1392 
4.1501 0.0901 2.1517 0.1472 0.2992 
4.1501 0.0901 2.1517 0.1472 0.2992 
4.1801 0.1001 2.1419 0.1004 0.1392 
4.1501 0.1001 2.1419 0.1083 0.2905 
4.1501 0.0901 2.1517 0.1472 0.2992 
4.1806 0.0801 2.1401 0.2229 0.1437 
4.1901 0.0901 2.1457 0.1464 0.1024 
4.1806 0.0801 2.1401 0.2229 0.1437 
4.1501 0.0901 2.1517 0.1472 0.2992 
4.1501 0.0801 2.1490 0.2124 0.2988 
4.2101 0.0701 2.1493 0.2531 0.0532 
4.1901 0.0901 2.1457 0.1464 0.1024 
4.1801 0.0701 2.1489 0.2636 0.1602 
4.1806 0.0801 2.1401 0.2229 0.1437 
4.1801 0.0701 2.1489 0.2636 0.1602 
4.1901 0.0901 2.1457 0.1464 0.1024 
4.1501 0.0801 2.1490 0.2124 0.2988 
4.1801 0.0701 2.1489 0.2636 0.1602 
4.1806 0.0801 2.1401 0.2229 0.1437 
4.2001 0.0601 2.1416 0.3359 0.0726 
4.1801 0.0701 2.1489 0.2636 0.1602 
4.1701 0.0601 2.1424 0.3432 0.2032 
4.2101 0.0701 2.1493 0.2531 0.0532 
4.1801 0.0701 2.1489 0.2636 0.1602 
4.2001 0.0601 2.1416 0.3359 0.0726 
4.1801 0.0701 2.1489 0.2636 0.1602 
4.1501 0.0601 2.1512 0.3257 0.3031 
4.1701 0.0601 2.1424 0.3432 0.2032 
4.2001 0.0601 2.1416 0.3359 0.0726 
4.1701 0.0601 2.1424 0.3432 0.2032 
4.1901 0.0501 2.1487 0.3779 0.1244 
4.1701 0.0601 2.1424 0.3432 0.2032 
4.1501 0.0601 2.1512 0.3257 0.3031 
4.1701 0.0401 2.1501 0.4358 0.2164 
4.1501 0.0601 2.1512 0.3257 0.3031 
4.1401 0.0601 2.1462 0.3419 0.3466 
4.1701 0.0401 2.1501 0.4358 0.2164 
4.1501 0.0901 2.1517 0.1472 0.2992 
4.1501 0.1001 2.1419 0.1083 0.2905 
4.1301 0.0901 2.1457 0.1650 0.3944 
4.1301 0.0901 2.1457 0.1650 0.3944 
4.1201 0.1001 2.1461 0.1100 0.4457 
4.1201 0.0801 2.1404 0.2418 0.4417 
4.1001 0.1001 2.1537 0.1040 0.5458 
4.1201 0.0801 2.1404 0.2418 0.4417 
4.1201 0.1001 2.1461 0.1100 0.4457 
4.1501 0.0901 2.1517 0.1472 0.2992 
4.1301 0.0901 2.1457 0.1650 0.3944 
4.1501 0.0801 2.1490 0.2124 0.2988 
4.1301 0.0801 2.1522 0.2115 0.3963 
4.1501 0.0801 2.1490 0.2124 0.2988 
4.1301 0.0901 2.1457 0.1650 0.3944 
4.1301 0.0801 2.1522 0.2115 0.3963 
4.1301 0.0901 2.1457 0.1650 0.3944 
4.1201 0.0801 2.1404 0.2418 0.4417 
4.1201 0.0801 2.1404 0.2418 0.4417 
4.1001 0.1001 2.1537 0.1040 0.5458 
4.0901 0.0701 2.1467 0.2968 0.5844 
4.0901 0.0601 2.1526 0.3401 0.5790 
4.1201 0.0801 2.1404 0.2418 0.4417 
4.0901 0.0701 2.1467 0.2968 0.5844 
4.1101 0.0701 2.1518 0.2780 0.4895 
4.1201 0.0801 2.1404 0.2418 0.4417 
4.0901 0.0601 2.1526 0.3401 0.5790 
4.1501 0.0601 2.1512 0.3257 0.3031 
4.1301 0.0801 2.1522 0.2115 0.3963 
4.1401 0.0601 2.1462 0.3419 0.3466 
4.1301 0.0501 2.1531 0.3837 0.3954 
4.1401 0.0601 2.1462 0.3419 0.3466 
4.1301 0.0801 2.1522 0.2115 0.3963 
4.2101 0.0401 2.1387 0.4582 0.0537 
4.1901 0.0501 2.1487 0.3779 0.1244 
4.1901 0.0301 2.1506 0.4826 0.1348 
4.1701 0.0601 2.1424 0.3432 0.2032 
4.1901 0.0301 2.1506 0.4826 0.1348 
4.1901 0.0501 2.1487 0.3779 0.1244 
4.1801 0.0401 2.1536 0.4229 0.1762 
4.1901 0.0301 2.1506 0.4826 0.1348 
4.1701 0.0601 2.1424 0.3432 0.2032 
4.1801 0.0401 2.1536 0.4229 0.1762 
4.1701 0.0601 2.1424 0.3432 0.2032 
4.1701 0.0401 2.1501 0.4358 0.2164 
4.1701 0.0401 2.1501 0.4358 0.2164 
4.1401 0.0601 2.1462 0.3419 0.3466 
4.1601 0.0428 2.1501 0.4237 0.2600 
4.2101 0.0301 2.1494 0.4808 0.0621 
4.2101 0.0401 2.1387 0.4582 0.0537 
4.1901 0.0301 2.1506 0.4826 0.1348 
4.1601 0.0428 2.1501 0.4237 0.2600 
4.1601 0.0301 2.1463 0.5041 0.2597 
4.1701 0.0401 2.1501 0.4358 0.2164 
4.2101 0.0201 2.1481 0.5373 0.0644 
4.1901 0.0301 2.1506 0.4826 0.1348 
4.1901 0.0101 2.1508 0.5850 0.1428 
4.1901 0.0001 2.1360 0.6849 0.1313 
4.2001 0.0001 2.1461 0.6469 0.1032 
4.1901 0.0101 2.1508 0.5850 0.1428 
4.1901 0.0001 2.1360 0.6849 0.1313 
4.1901 0.0101 2.1508 0.5850 0.1428 
4.1701 0.0101 2.1560 0.5737 0.2291 
4.1601 0.0001 2.1471 0.6538 0.2661 
4.1901 0.0001 2.1360 0.6849 0.1313 
4.1701 0.0101 2.1560 0.5737 0.2291 
4.1301 0.0301 2.1452 0.5157 0.3921 
4.1601 0.0301 2.1463 0.5041 0.2597 
4.1601 0.0428 2.1501 0.4237 0.2600 
4.1201 0.0401 2.1541 0.4385 0.4394 
4.1001 0.0301 2.1466 0.5196 0.5253 
4.1201 0.0201 2.1499 0.5558 0.4364 
4.1201 0.0201 2.1499 0.5558 0.4364 
4.1001 0.0101 2.1556 0.5926 0.5196 
4.1101 0.0001 2.1570 0.6335 0.4764 
4.2101 -0.0599 2.1497 0.8966 0.0957 
4.2101 -0.0399 2.1540 0.7989 0.0922 
4.1701 -0.0399 2.1556 0.8019 0.2400 
4.2101 -0.0599 2.1497 0.8966 0.0957 
4.1701 -0.0399 2.1556 0.8019 0.2400 
4.1901 -0.0599 2.1497 0.9007 0.1657 
4.2001 -0.0699 2.1494 0.9393 0.1329 
4.2201 -0.0699 2.1537 0.9192 0.0733 
4.2101 -0.0599 2.1497 0.8966 0.0957 
4.2001 -0.0699 2.1494 0.9393 0.1329 
4.2101 -0.0599 2.1497 0.8966 0.0957 
4.1901 -0.0599 2.1497 0.9007 0.1657 
4.2201 -0.0699 2.1537 0.9192 0.0733 
4.2201 -0.0799 2.1433 0.9971 0.0683 
4.2301 -0.0899 2.1520 0.9992 0.0569 
4.2001 -0.0699 2.1494 0.9393 0.1329 
4.2201 -0.0799 2.1433 0.9971 0.0683 
4.2201 -0.0699 2.1537 0.9192 0.0733 
4.1401 0.0001 2.1486 0.6536 0.3505 
4.2001 -0.0099 2.1531 0.6713 0.1144 
4.1601 0.0001 2.1471 0.6538 0.2661 
4.2001 -0.0099 2.1531 0.6713 0.1144 
4.1401 0.0001 2.1486 0.6536 0.3505 
4.1801 -0.0199 2.1541 0.7180 0.1954 
4.2001 -0.0099 2.1531 0.6713 0.1144 
4.1801 -0.0199 2.1541 0.7180 0.1954 
4.2101 -0.0299 2.1480 0.7768 0.0828 
4.2101 -0.0299 2.1480 0.7768 0.0828 
4.1801 -0.0199 2.1541 0.7180 0.1954 
4.1801 -0.0299 2.1460 0.7910 0.1914 
4.1801 -0.0199 2.1541 0.7180 0.1954 
4.1401 -0.0299 2.1524 0.7773 0.3532 
4.1801 -0.0299 2.1460 0.7910 0.1914 
4.1701 -0.0399 2.1556 0.8019 0.2400 
4.2101 -0.0399 2.1540 0.7989 0.0922 
4.1801 -0.0299 2.1460 0.7910 0.1914 
4.1801 -0.0299 2.1460 0.7910 0.1914 
4.2101 -0.0399 2.1540 0.7989 0.0922 
4.2101 -0.0299 2.1480 0.7768 0.0828 
4.1801 -0.0299 2.1460 0.7910 0.1914 
4.1401 -0.0299 2.1524 0.7773 0.3532 
4.1701 -0.0399 2.1556 0.8019 0.2400 
4.1701 -0.0399 2.1556 0.8019 0.2400 
4.1401 -0.0299 2.1524 0.7773 0.3532 
4.1501 -0.0499 2.1538 0.8539 0.3164 
4.1201 -0.0399 2.1596 0.7989 0.4324 
4.1001 -0.0399 2.1605 0.8001 0.5083 
4.1001 -0.0403 2.1601 0.8031 0.5082 
4.1401 0.0001 2.1486 0.6536 0.3505 
4.1301 -0.0099 2.1585 0.6703 0.3950 
4.1801 -0.0199 2.1541 0.7180 0.1954 
4.1301 -0.0099 2.1585 0.6703 0.3950 
4.1101 0.0001 2.1570 0.6335 0.4764 
4.1201 -0.0299 2.1484 0.7959 0.4311 
4.1201 -0.0299 2.1484 0.7959 0.4311 
4.1101 0.0001 2.1570 0.6335 0.4764 
4.1001 -0.0199 2.1488 0.7549 0.5129 
4.1801 -0.0199 2.1541 0.7180 0.1954 
4.1301 -0.0099 2.1585 0.6703 0.3950 
4.1401 -0.0299 2.1524 0.7773 0.3532 
4.1301 -0.0099 2.1585 0.6703 0.3950 
4.1201 -0.0299 2.1484 0.7959 0.4311 
4.1401 -0.0299 2.1524 0.7773 0.3532 
4.1501 -0.0499 2.1538 0.8539 0.3164 
4.1401 -0.0299 2.1524 0.7773 0.3532 
4.1201 -0.0399 2.1596 0.7989 0.4324 
4.1201 -0.0399 2.1596 0.7989 0.4324 
4.1401 -0.0299 2.1524 0.7773 0.3532 
4.1201 -0.0299 2.1484 0.7959 0.4311 
4.1201 -0.0299 2.1484 0.7959 0.4311 
4.0901 -0.0299 2.1503 0.7960 0.5501 
4.1001 -0.0399 2.1605 0.8001 0.5083 
4.1201 -0.0399 2.1596 0.7989 0.4324 
4.1201 -0.0299 2.1484 0.7959 0.4311 
4.1001 -0.0399 2.1605 0.8001 0.5083 
4.1501 -0.0499 2.1538 0.8539 0.3164 
4.1201 -0.0399 2.1596 0.7989 0.4324 
4.1101 -0.0499 2.1563 0.8536 0.4686 
4.1001 -0.0499 2.1501 0.8779 0.5064 
4.1001 -0.0403 2.1601 0.8031 0.5082 
4.1001 -0.0499 2.1501 0.8779 0.5064 
4.1001 -0.0499 2.1501 0.8779 0.5064 
4.1201 -0.0399 2.1596 0.7989 0.4324 
4.1001 -0.0403 2.1601 0.8031 0.5082 
4.1001 -0.0499 2.1501 0.8779 0.5064 
4.1101 -0.0499 2.1563 0.8536 0.4686 
4.1201 -0.0399 2.1596 0.7989 0.4324 
4.1901 -0.0599 2.1497 0.9007 0.1657 
4.1701 -0.0399 2.1556 0.8019 0.2400 
4.1601 -0.0699 2.1483 0.9514 0.2782 
4.1701 -0.0399 2.1556 0.8019 0.2400 
4.1501 -0.0499 2.1538 0.8539 0.3164 
4.1601 -0.0699 2.1483 0.9514 0.2782 
4.1901 -0.0599 2.1497 0.9007 0.1657 
4.1901 -0.0799 2.1437 1.0017 0.1667 
4.2001 -0.0699 2.1494 0.9393 0.1329 
4.1601 -0.0699 2.1483 0.9514 0.2782 
4.1501 -0.0499 2.1538 0.8539 0.3164 
4.1301 -0.0599 2.1598 0.8766 0.3938 
4.1601 -0.0699 2.1483 0.9514 0.2782 
4.1301 -0.0599 2.1598 0.8766 0.3938 
4.1501 -0.0799 2.1486 0.9905 0.3165 
4.1301 -0.0599 2.1598 0.8766 0.3938 
4.1101 -0.0499 2.1563 0.8536 0.4686 
4.1201 -0.0599 2.1528 0.9038 0.4293 
4.1501 -0.0499 2.1538 0.8539 0.3164 
4.1101 -0.0499 2.1563 0.8536 0.4686 
4.1301 -0.0599 2.1598 0.8766 0.3938 
4.1001 -0.0499 2.1501 0.8779 0.5064 
4.1101 -0.0499 2.1563 0.8536 0.4686 
4.1001 -0.0499 2.1501 0.8779 0.5064 
4.1501 -0.0799 2.1486 0.9905 0.3165 
4.1301 -0.0599 2.1598 0.8766 0.3938 
4.1201 -0.0699 2.1415 0.9859 0.4263 
4.1301 -0.0599 2.1598 0.8766 0.3938 
4.1201 -0.0599 2.1528 0.9038 0.4293 
4.1201 -0.0699 2.1415 0.9859 0.4263 
4.1201 -0.0599 2.1528 0.9038 0.4293 
4.1101 -0.0499 2.1563 0.8536 0.4686 
4.1001 -0.0699 2.1561 0.9343 0.5024 
4.1101 -0.0499 2.1563 0.8536 0.4686 
4.1001 -0.0499 2.1501 0.8779 0.5064 
4.1001 -0.0699 2.1561 0.9343 0.5024 
4.1201 -0.0799 2.1562 0.9677 0.4284 
4.1001 -0.0699 2.1561 0.9343 0.5024 
4.1001 -0.0899 2.1599 0.9939 0.4988 
4.2001 0.0001 2.1461 0.6469 0.1032 
4.1901 0.0001 2.1360 0.6849 0.1313 
4.2001 -0.0099 2.1531 0.6713 0.1144 
4.1901 0.0001 2.1360 0.6849 0.1313 
4.1601 0.0001 2.1471 0.6538 0.2661 
4.2001 -0.0099 2.1531 0.6713 0.1144 
4.1201 -0.0299 2.1484 0.7959 0.4311 
4.1001 -0.0199 2.1488 0.7549 0.5129 
4.0901 -0.0299 2.1503 0.7960 0.5501 
4.1001 -0.0499 2.1501 0.8779 0.5064 
4.1001 -0.0499 2.1501 0.8779 0.5064 
4.1001 -0.0499 2.1501 0.8779 0.5064 
4.1901 -0.0799 2.1437 1.0017 0.1667 
4.1901 -0.0599 2.1497 0.9007 0.1657 
4.1801 -0.0699 2.1408 0.9766 0.1982 
4.1601 -0.0699 2.1483 0.9514 0.2782 
4.1801 -0.0699 2.1408 0.9766 0.1982 
4.1901 -0.0599 2.1497 0.9007 0.1657 
4.1001 -0.0499 2.1501 0.8779 0.5064 
4.1001 -0.0499 2.1501 0.8779 0.5064 
4.1001 -0.0499 2.1501 0.8779 0.5064 
4.1201 -0.0699 2.1415 0.9859 0.4263 
4.1201 -0.0599 2.1528 0.9038 0.4293 
4.1001 -0.0699 2.1561 0.9343 0.5024 
4.1201 -0.0699 2.1415 0.9859 0.4263 
4.1001 -0.0699 2.1561 0.9343 0.5024 
4.1201 -0.0799 2.1562 0.9677 0.4284 
4.1001 0.1001 2.1537 0.1040 0.5458 
4.0901 0.1101 2.1463 0.0764 0.6021 
4.0901 0.0801 2.1538 0.2203 0.5866 
4.0801 0.1001 2.1457 0.1218 0.6482 
4.0901 0.0801 2.1538 0.2203 0.5866 
4.0901 0.1101 2.1463 0.0764 0.6021 
4.0901 0.0801 2.1538 0.2203 0.5866 
4.0601 0.0901 2.1537 0.1705 0.7351 
4.0501 0.0701 2.1531 0.2931 0.7684 
4.0801 0.1001 2.1457 0.1218 0.6482 
4.0601 0.0901 2.1537 0.1705 0.7351 
4.0901 0.0801 2.1538 0.2203 0.5866 
4.0601 0.0601 2.1511 0.3531 0.7171 
4.0901 0.0601 2.1526 0.3401 0.5790 
4.0901 0.0701 2.1467 0.2968 0.5844 
4.0901 0.0601 2.1526 0.3401 0.5790 
4.0601 0.0601 2.1511 0.3531 0.7171 
4.0901 0.0501 2.1458 0.4156 0.5769 
4.0601 0.0901 2.1537 0.1705 0.7351 
4.0501 0.1101 2.1535 0.0768 0.7998 
4.0301 0.1001 2.1535 0.1229 0.8891 
4.0201 0.1001 2.1501 0.1315 0.9428 
4.0201 0.0901 2.1541 0.1820 0.9260 
4.0301 0.1001 2.1535 0.1229 0.8891 
4.0201 0.1001 2.1501 0.1315 0.9428 
4.0301 0.1001 2.1535 0.1229 0.8891 
4.0201 0.1001 2.1501 0.1315 0.9428 
4.0201 0.1001 2.1501 0.1315 0.9428 
4.0201 0.0901 2.1541 0.1820 0.9260 
4.0201 0.1001 2.1501 0.1315 0.9428 
4.0401 0.0801 2.1514 0.2411 0.8248 
4.0501 0.0701 2.1531 0.2931 0.7684 
4.0601 0.0901 2.1537 0.1705 0.7351 
4.0501 0.0701 2.1531 0.2931 0.7684 
4.0401 0.0801 2.1514 0.2411 0.8248 
4.0401 0.0601 2.1530 0.3539 0.8066 
4.0401 0.0601 2.1530 0.3539 0.8066 
4.0401 0.0801 2.1514 0.2411 0.8248 
4.0301 0.0701 2.1553 0.2938 0.8582 
4.0601 0.0601 2.1511 0.3531 0.7171 
4.0401 0.0601 2.1530 0.3539 0.8066 
4.0401 0.0401 2.1535 0.4625 0.7909 
4.0501 0.0701 2.1531 0.2931 0.7684 
4.0401 0.0601 2.1530 0.3539 0.8066 
4.0601 0.0601 2.1511 0.3531 0.7171 
4.0401 0.0401 2.1535 0.4625 0.7909 
4.0401 0.0601 2.1530 0.3539 0.8066 
4.0101 0.0401 2.1534 0.4710 0.9218 
4.0801 0.0401 2.1501 0.4612 0.6167 
4.1201 0.0401 2.1541 0.4385 0.4394 
4.1101 0.0501 2.1571 0.3786 0.4856 
4.0601 0.0301 2.1544 0.5067 0.6971 
4.0801 0.0401 2.1501 0.4612 0.6167 
4.0601 0.0501 2.1407 0.4393 0.7178 
4.0601 0.0501 2.1407 0.4393 0.7178 
4.0601 0.0601 2.1511 0.3531 0.7171 
4.0601 0.0301 2.1544 0.5067 0.6971 
4.0801 0.0401 2.1501 0.4612 0.6167 
4.0601 0.0301 2.1544 0.5067 0.6971 
4.0701 0.0201 2.1420 0.5947 0.6549 
4.1001 0.0101 2.1556 0.5926 0.5196 
4.1001 0.0301 2.1466 0.5196 0.5253 
4.0901 0.0301 2.1440 0.5306 0.5700 
4.0701 0.0101 2.1540 0.6052 0.6448 
4.1001 0.0101 2.1556 0.5926 0.5196 
4.0701 0.0201 2.1420 0.5947 0.6549 
4.1101 0.0001 2.1570 0.6335 0.4764 
4.1001 0.0101 2.1556 0.5926 0.5196 
4.0901 -0.0099 2.1575 0.6827 0.5549 
4.1001 0.0101 2.1556 0.5926 0.5196 
4.0701 0.0101 2.1540 0.6052 0.6448 
4.0901 -0.0099 2.1575 0.6827 0.5549 
4.0601 0.0101 2.1465 0.6322 0.6905 
4.0701 0.0001 2.1405 0.6991 0.6459 
4.0701 0.0101 2.1540 0.6052 0.6448 
4.0601 0.0601 2.1511 0.3531 0.7171 
4.0401 0.0401 2.1535 0.4625 0.7909 
4.0601 0.0301 2.1544 0.5067 0.6971 
4.0101 0.0401 2.1534 0.4710 0.9218 
4.0001 0.0501 2.1580 0.4072 0.9691 
4.0001 0.0301 2.1484 0.5411 0.9619 
4.0301 0.0201 2.1496 0.5803 0.8225 
4.0401 0.0401 2.1535 0.4625 0.7909 
4.0101 0.0401 2.1534 0.4710 0.9218 
4.0301 0.0201 2.1496 0.5803 0.8225 
4.0101 0.0401 2.1534 0.4710 0.9218 
4.0001 0.0301 2.1484 0.5411 0.9619 
4.0001 0.0301 2.1484 0.5411 0.9619 
4.0101 0.0201 2.1530 0.5745 0.9035 
4.0301 0.0201 2.1496 0.5803 0.8225 
4.0101 0.0201 2.1530 0.5745 0.9035 
4.0201 0.0101 2.1546 0.6159 0.8517 
4.0301 0.0201 2.1496 0.5803 0.8225 
4.0101 0.0101 2.1468 0.6438 0.9018 
4.0201 0.0101 2.1546 0.6159 0.8517 
4.0101 0.0201 2.1530 0.5745 0.9035 
4.0101 0.0201 2.1530 0.5745 0.9035 
4.0001 0.0301 2.1484 0.5411 0.9619 
3.9901 0.0101 2.1525 0.6300 0.9780 
4.0101 0.0201 2.1530 0.5745 0.9035 
3.9901 0.0101 2.1525 0.6300 0.9780 
4.0101 0.0101 2.1468 0.6438 0.9018 
4.0101 -0.0099 2.1590 0.6966 0.8716 
4.0301 0.0001 2.1525 0.6676 0.8050 
4.0201 0.0101 2.1546 0.6159 0.8517 
4.0101 0.0101 2.1468 0.6438 0.9018 
4.0101 -0.0099 2.1590 0.6966 0.8716 
4.0201 0.0101 2.1546 0.6159 0.8517 
4.0101 0.0101 2.1468 0.6438 0.9018 
3.9901 0.0101 2.1525 0.6300 0.9780 
4.0101 -0.0099 2.1590 0.6966 0.8716 
4.0801 0.1001 2.1457 0.1218 0.6482 
4.0701 0.1101 2.1475 0.0780 0.7041 
4.0601 0.0901 2.1537 0.1705 0.7351 
4.0701 0.1101 2.1475 0.0780 0.7041 
4.0501 0.1101 2.1535 0.0768 0.7998 
4.0601 0.0901 2.1537 0.1705 0.7351 
4.0901 0.0801 2.1538 0.2203 0.5866 
4.0901 0.0701 2.1467 0.2968 0.5844 
4.1001 0.1001 2.1537 0.1040 0.5458 
4.0501 0.0701 2.1531 0.2931 0.7684 
4.0901 0.0701 2.1467 0.2968 0.5844 
4.0901 0.0801 2.1538 0.2203 0.5866 
4.0901 0.0701 2.1467 0.2968 0.5844 
4.0501 0.0701 2.1531 0.2931 0.7684 
4.0601 0.0601 2.1511 0.3531 0.7171 
4.0901 0.0601 2.1526 0.3401 0.5790 
4.0901 0.0501 2.1458 0.4156 0.5769 
4.1101 0.0501 2.1571 0.3786 0.4856 
4.0601 0.0601 2.1511 0.3531 0.7171 
4.0601 0.0501 2.1407 0.4393 0.7178 
4.0901 0.0501 2.1458 0.4156 0.5769 
4.0301 0.1001 2.1535 0.1229 0.8891 
4.0401 0.0801 2.1514 0.2411 0.8248 
4.0601 0.0901 2.1537 0.1705 0.7351 
4.0401 0.0801 2.1514 0.2411 0.8248 
4.0301 0.1001 2.1535 0.1229 0.8891 
4.0201 0.0901 2.1541 0.1820 0.9260 
4.0201 0.1001 2.1501 0.1315 0.9428 
4.0201 0.1001 2.1501 0.1315 0.9428 
4.0201 0.1001 2.1501 0.1315 0.9428 
4.0201 0.1001 2.1501 0.1315 0.9428 
4.0201 0.1001 2.1501 0.1315 0.9428 
4.0201 0.1001 2.1501 0.1315 0.9428 
4.1101 0.0501 2.1571 0.3786 0.4856 
4.0901 0.0501 2.1458 0.4156 0.5769 
4.0801 0.0401 2.1501 0.4612 0.6167 
4.0601 0.0501 2.1407 0.4393 0.7178 
4.0801 0.0401 2.1501 0.4612 0.6167 
4.0901 0.0501 2.1458 0.4156 0.5769 
4.0801 0.0401 2.1501 0.4612 0.6167 
4.0901 0.0301 2.1440 0.5306 0.5700 
4.1201 0.0401 2.1541 0.4385 0.4394 
4.0901 0.0301 2.1440 0.5306 0.5700 
4.1001 0.0301 2.1466 0.5196 0.5253 
4.1201 0.0401 2.1541 0.4385 0.4394 
4.0901 0.0301 2.1440 0.5306 0.5700 
4.0801 0.0401 2.1501 0.4612 0.6167 
4.0701 0.0201 2.1420 0.5947 0.6549 
4.0601 0.0101 2.1465 0.6322 0.6905 
4.0701 0.0201 2.1420 0.5947 0.6549 
4.0601 0.0301 2.1544 0.5067 0.6971 
4.1001 0.0101 2.1556 0.5926 0.5196 
4.0901 0.0301 2.1440 0.5306 0.5700 
4.0701 0.0201 2.1420 0.5947 0.6549 
4.0601 0.0101 2.1465 0.6322 0.6905 
4.0701 0.0101 2.1540 0.6052 0.6448 
4.0701 0.0201 2.1420 0.5947 0.6549 
4.0701 0.0001 2.1405 0.6991 0.6459 
4.0601 0.0101 2.1465 0.6322 0.6905 
4.0501 -0.0099 2.1575 0.6922 0.7144 
4.0601 0.0101 2.1465 0.6322 0.6905 
4.0401 0.0401 2.1535 0.4625 0.7909 
4.0401 0.0101 2.1458 0.6396 0.7760 
4.0601 0.0101 2.1465 0.6322 0.6905 
4.0601 0.0301 2.1544 0.5067 0.6971 
4.0401 0.0401 2.1535 0.4625 0.7909 
4.0401 0.0401 2.1535 0.4625 0.7909 
4.0301 0.0201 2.1496 0.5803 0.8225 
4.0401 0.0101 2.1458 0.6396 0.7760 
4.0201 0.0101 2.1546 0.6159 0.8517 
4.0401 0.0101 2.1458 0.6396 0.7760 
4.0301 0.0201 2.1496 0.5803 0.8225 
4.0401 0.0101 2.1458 0.6396 0.7760 
4.0501 -0.0099 2.1575 0.6922 0.7144 
4.0601 0.0101 2.1465 0.6322 0.6905 
4.0401 0.0101 2.1458 0.6396 0.7760 
4.0201 0.0101 2.1546 0.6159 0.8517 
4.0301 0.0001 2.1525 0.6676 0.8050 
4.0901 -0.0399 2.1601 0.8036 0.5462 
4.1001 -0.0399 2.1605 0.8001 0.5083 
4.0901 -0.0399 2.1601 0.8036 0.5462 
4.0901 -0.0399 2.1601 0.8036 0.5462 
4.0901 -0.0399 2.1601 0.8036 0.5462 
4.0901 -0.0399 2.1601 0.8036 0.5462 
4.1001 -0.0399 2.1605 0.8001 0.5083 
4.0901 -0.0399 2.1601 0.8036 0.5462 
4.1001 -0.0403 2.1601 0.8031 0.5082 
4.1001 -0.0403 2.1601 0.8031 0.5082 
4.0901 -0.0399 2.1601 0.8036 0.5462 
4.0901 -0.0399 2.1601 0.8036 0.5462 
4.0901 -0.0399 2.1601 0.8036 0.5462 
4.0901 -0.0399 2.1601 0.8036 0.5462 
4.0901 -0.0399 2.1601 0.8036 0.5462 
4.0901 -0.0099 2.1575 0.6827 0.5549 
4.0701 0.0101 2.1540 0.6052 0.6448 
4.0801 -0.0099 2.1504 0.7090 0.5967 
4.1101 0.0001 2.1570 0.6335 0.4764 
4.0901 -0.0099 2.1575 0.6827 0.5549 
4.1001 -0.0199 2.1488 0.7549 0.5129 
4.0601 -0.0199 2.1561 0.7389 0.6705 
4.0701 -0.0199 2.1513 0.7530 0.6328 
4.0701 0.0001 2.1405 0.6991 0.6459 
4.0501 -0.0099 2.1575 0.6922 0.7144 
4.0401 -0.0199 2.1543 0.7495 0.7503 
4.0601 -0.0199 2.1561 0.7389 0.6705 
4.0501 -0.0099 2.1575 0.6922 0.7144 
4.0601 -0.0199 2.1561 0.7389 0.6705 
4.0701 0.0001 2.1405 0.6991 0.6459 
4.0901 -0.0099 2.1575 0.6827 0.5549 
4.0901 -0.0299 2.1503 0.7960 0.5501 
4.1001 -0.0199 2.1488 0.7549 0.5129 
4.0901 -0.0299 2.1503 0.7960 0.5501 
4.0801 -0.0099 2.1504 0.7090 0.5967 
4.0701 -0.0199 2.1513 0.7530 0.6328 
4.0901 -0.0099 2.1575 0.6827 0.5549 
4.0801 -0.0099 2.1504 0.7090 0.5967 
4.0901 -0.0299 2.1503 0.7960 0.5501 
4.0601 -0.0199 2.1561 0.7389 0.6705 
4.0401 -0.0199 2.1543 0.7495 0.7503 
4.0501 -0.0299 2.1576 0.7793 0.7038 
4.0901 -0.0299 2.1503 0.7960 0.5501 
4.0901 -0.0399 2.1601 0.8036 0.5462 
4.1001 -0.0399 2.1605 0.8001 0.5083 
4.0801 -0.0399 2.1598 0.8068 0.5841 
4.0901 -0.0299 2.1503 0.7960 0.5501 
4.0701 -0.0199 2.1513 0.7530 0.6328 
4.0901 -0.0399 2.1601 0.8036 0.5462 
4.0901 -0.0299 2.1503 0.7960 0.5501 
4.0801 -0.0399 2.1598 0.8068 0.5841 
4.0901 -0.0399 2.1601 0.8036 0.5462 
4.0901 -0.0399 2.1601 0.8036 0.5462 
4.0901 -0.0299 2.1503 0.7960 0.5501 
4.0801 -0.0399 2.1598 0.8068 0.5841 
4.0601 -0.0199 2.1561 0.7389 0.6705 
4.0501 -0.0299 2.1576 0.7793 0.7038 
4.0701 -0.0199 2.1513 0.7530 0.6328 
4.0601 -0.0199 2.1561 0.7389 0.6705 
4.0801 -0.0399 2.1598 0.8068 0.5841 
4.0901 -0.0499 2.1473 0.8903 0.5450 
4.1001 -0.0403 2.1601 0.8031 0.5082 
4.0901 -0.0399 2.1601 0.8036 0.5462 
4.1001 -0.0499 2.1501 0.8779 0.5064 
4.1001 -0.0403 2.1601 0.8031 0.5082 
4.0901 -0.0499 2.1473 0.8903 0.5450 
4.0901 -0.0399 2.1601 0.8036 0.5462 
4.0801 -0.0399 2.1598 0.8068 0.5841 
4.0901 -0.0399 2.1601 0.8036 0.5462 
4.0901 -0.0530 2.1501 0.8925 0.5439 
4.0901 -0.0399 2.1601 0.8036 0.5462 
4.0801 -0.0399 2.1598 0.8068 0.5841 
4.0901 -0.0530 2.1501 0.8925 0.5439 
4.0901 -0.0499 2.1473 0.8903 0.5450 
4.0901 -0.0399 2.1601 0.8036 0.5462 
4.0901 -0.0530 2.1501 0.8925 0.5439 
4.0501 -0.0299 2.1576 0.7793 0.7038 
4.0601 -0.0599 2.1569 0.9009 0.6525 
4.0801 -0.0399 2.1598 0.8068 0.5841 
4.0501 -0.0299 2.1576 0.7793 0.7038 
4.0901 -0.0530 2.1501 0.8925 0.5439 
4.0501 -0.0299 2.1576 0.7793 0.7038 
4.0501 -0.0499 2.1565 0.8654 0.6944 
4.0601 -0.0599 2.1569 0.9009 0.6525 
4.0501 -0.0099 2.1575 0.6922 0.7144 
4.0301 0.0001 2.1525 0.6676 0.8050 
4.0301 -0.0199 2.1619 0.7264 0.7839 
4.0401 0.0101 2.1458 0.6396 0.7760 
4.0301 0.0001 2.1525 0.6676 0.8050 
4.0501 -0.0099 2.1575 0.6922 0.7144 
4.0301 0.0001 2.1525 0.6676 0.8050 
4.0101 -0.0099 2.1590 0.6966 0.8716 
4.0301 -0.0199 2.1619 0.7264 0.7839 
4.0301 -0.0199 2.1619 0.7264 0.7839 
4.0401 -0.0199 2.1543 0.7495 0.7503 
4.0501 -0.0099 2.1575 0.6922 0.7144 
4.0301 -0.0199 2.1619 0.7264 0.7839 
4.0101 -0.0099 2.1590 0.6966 0.8716 
4.0101 -0.0299 2.1539 0.8009 0.8612 
4.0101 -0.0299 2.1539 0.8009 0.8612 
4.0101 -0.0099 2.1590 0.6966 0.8716 
3.9901 -0.0099 2.1532 0.7206 0.9576 
4.0501 -0.0299 2.1576 0.7793 0.7038 
4.0401 -0.0199 2.1543 0.7495 0.7503 
4.0501 -0.0499 2.1565 0.8654 0.6944 
4.0401 -0.0199 2.1543 0.7495 0.7503 
4.0301 -0.0299 2.1540 0.7959 0.7835 
4.0501 -0.0499 2.1565 0.8654 0.6944 
4.0301 -0.0199 2.1619 0.7264 0.7839 
4.0301 -0.0299 2.1540 0.7959 0.7835 
4.0401 -0.0199 2.1543 0.7495 0.7503 
4.0301 -0.0199 2.1619 0.7264 0.7839 
4.0101 -0.0299 2.1539 0.8009 0.8612 
4.0301 -0.0299 2.1540 0.7959 0.7835 
4.0101 -0.0299 2.1539 0.8009 0.8612 
3.9901 -0.0099 2.1532 0.7206 0.9576 
4.0001 -0.0299 2.1519 0.8100 0.9020 
4.0501 -0.0499 2.1565 0.8654 0.6944 
4.0301 -0.0299 2.1540 0.7959 0.7835 
4.0401 -0.0499 2.1579 0.8623 0.7310 
4.0401 -0.0499 2.1579 0.8623 0.7310 
4.0301 -0.0299 2.1540 0.7959 0.7835 
4.0101 -0.0299 2.1539 0.8009 0.8612 
4.0101 -0.0399 2.1612 0.8169 0.8469 
4.0101 -0.0299 2.1539 0.8009 0.8612 
4.0001 -0.0299 2.1519 0.8100 0.9020 
4.0101 -0.0499 2.1440 0.9195 0.8555 
4.0401 -0.0499 2.1579 0.8623 0.7310 
4.0101 -0.0299 2.1539 0.8009 0.8612 
4.0101 -0.0399 2.1612 0.8169 0.8469 
4.0101 -0.0499 2.1440 0.9195 0.8555 
4.0101 -0.0299 2.1539 0.8009 0.8612 
4.0901 -0.0599 2.1563 0.8973 0.5415 
4.1001 -0.0499 2.1501 0.8779 0.5064 
4.0901 -0.0530 2.1501 0.8925 0.5439 
4.0901 -0.0599 2.1563 0.8973 0.5415 
4.0901 -0.0530 2.1501 0.8925 0.5439 
4.0801 -0.0699 2.1519 0.9539 0.5764 
4.0901 -0.0530 2.1501 0.8925 0.5439 
4.0601 -0.0599 2.1569 0.9009 0.6525 
4.0801 -0.0699 2.1519 0.9539 0.5764 
4.0901 -0.0599 2.1563 0.8973 0.5415 
4.1001 -0.0699 2.1561 0.9343 0.5024 
4.1001 -0.0499 2.1501 0.8779 0.5064 
4.1001 -0.0699 2.1561 0.9343 0.5024 
4.0901 -0.0599 2.1563 0.8973 0.5415 
4.0801 -0.0699 2.1519 0.9539 0.5764 
4.0601 -0.0599 2.1569 0.9009 0.6525 
4.0301 -0.0699 2.1528 0.9601 0.7601 
4.0801 -0.0699 2.1519 0.9539 0.5764 
4.1001 -0.0699 2.1561 0.9343 0.5024 
4.0901 -0.0799 2.1512 0.9919 0.5371 
4.1001 -0.0899 2.1599 0.9939 0.4988 
4.0901 -0.0799 2.1512 0.9919 0.5371 
4.1001 -0.0699 2.1561 0.9343 0.5024 
4.0801 -0.0699 2.1519 0.9539 0.5764 
4.0601 -0.0599 2.1569 0.9009 0.6525 
4.0501 -0.0499 2.1565 0.8654 0.6944 
4.0101 -0.0599 2.1587 0.9045 0.8351 
4.0501 -0.0499 2.1565 0.8654 0.6944 
4.0401 -0.0499 2.1579 0.8623 0.7310 
4.0101 -0.0599 2.1587 0.9045 0.8351 
4.0401 -0.0499 2.1579 0.8623 0.7310 
4.0101 -0.0499 2.1440 0.9195 0.8555 
4.0101 -0.0599 2.1587 0.9045 0.8351 
3.9901 -0.0599 2.1553 0.9209 0.9117 
4.0101 -0.0599 2.1587 0.9045 0.8351 
4.0101 -0.0499 2.1440 0.9195 0.8555 
4.0101 -0.0599 2.1587 0.9045 0.8351 
4.0301 -0.0699 2.1528 0.9601 0.7601 
4.0601 -0.0599 2.1569 0.9009 0.6525 
4.0301 -0.0699 2.1528 0.9601 0.7601 
4.0101 -0.0599 2.1587 0.9045 0.8351 
4.0101 -0.0699 2.1492 0.9779 0.8364 
4.0701 -0.0199 2.1513 0.7530 0.6328 
4.0801 -0.0099 2.1504 0.7090 0.5967 
4.0701 0.0001 2.1405 0.6991 0.6459 
4.0801 -0.0099 2.1504 0.7090 0.5967 
4.0701 0.0101 2.1540 0.6052 0.6448 
4.0701 0.0001 2.1405 0.6991 0.6459 
4.0901 -0.0499 2.1473 0.8903 0.5450 
4.1001 -0.0499 2.1501 0.8779 0.5064 
4.1001 -0.0499 2.1501 0.8779 0.5064 
4.1001 -0.0499 2.1501 0.8779 0.5064 
4.1001 -0.0499 2.1501 0.8779 0.5064 
4.0901 -0.0530 2.1501 0.8925 0.5439 
4.1001 -0.0499 2.1501 0.8779 0.5064 
4.0901 -0.0499 2.1473 0.8903 0.5450 
4.0901 -0.0530 2.1501 0.8925 0.5439 
4.0101 -0.0699 2.1492 0.9779 0.8364 
4.0101 -0.0599 2.1587 0.9045 0.8351 
3.9901 -0.0599 2.1553 0.9209 0.9117 
3.9901 -0.0099 2.1532 0.7206 0.9576 
4.0101 -0.0099 2.1590 0.6966 0.8716 
3.9901 0.0101 2.1525 0.6300 0.9780 
3.9901 -0.0099 2.1532 0.7206 0.9576 
3.9901 -0.0199 2.1598 0.7424 0.9403 
4.0001 -0.0299 2.1519 0.8100 0.9020 
4.0001 -0.0299 2.1519 0.8100 0.9020 
3.9901 -0.0199 2.1598 0.7424 0.9403 
3.9801 -0.0399 2.1539 0.8489 0.9678 
4.0101 -0.0399 2.1612 0.8169 0.8469 
4.0001 -0.0299 2.1519 0.8100 0.9020 
3.9801 -0.0399 2.1539 0.8489 0.9678 
4.0101 -0.0399 2.1612 0.8169 0.8469 
3.9801 -0.0399 2.1539 0.8489 0.9678 
4.0101 -0.0499 2.1440 0.9195 0.8555 
3.9901 -0.0599 2.1553 0.9209 0.9117 
4.0101 -0.0499 2.1440 0.9195 0.8555 
3.9701 -0.0599 2.1600 0.9080 0.9793 
3.9701 -0.0599 2.1600 0.9080 0.9793 
3.9801 -0.0699 2.1506 0.9784 0.9453 
3.9901 -0.0599 2.1553 0.9209 0.9117 
