NUMPOLLIES  69.000000 

5.3301 -0.1299 2.1088 0.9785 0.6881 
5.3201 -0.1399 2.1034 0.9250 0.6447 
5.3401 -0.1399 2.1035 0.9319 0.7476 
5.3201 -0.1399 2.1034 0.9250 0.6447 
5.3001 -0.1399 2.1008 0.9258 0.5422 
5.3101 -0.1599 2.1003 0.7919 0.6012 
5.3601 -0.1699 2.0994 0.7416 0.8725 
5.3601 -0.1499 2.1012 0.8772 0.8588 
5.3501 -0.1699 2.1001 0.7363 0.8181 
5.3501 -0.1799 2.1032 0.6585 0.8191 
5.3601 -0.1699 2.0994 0.7416 0.8725 
5.3501 -0.1699 2.1001 0.7363 0.8181 
5.3701 -0.1999 2.1019 0.5233 0.9394 
5.3601 -0.1699 2.0994 0.7416 0.8725 
5.3501 -0.1799 2.1032 0.6585 0.8191 
5.3401 -0.1899 2.1020 0.5848 0.7721 
5.3701 -0.1999 2.1019 0.5233 0.9394 
5.3501 -0.1799 2.1032 0.6585 0.8191 
5.3401 -0.1399 2.1035 0.9319 0.7476 
5.3201 -0.1399 2.1034 0.9250 0.6447 
5.3101 -0.1599 2.1003 0.7919 0.6012 
5.3501 -0.1699 2.1001 0.7363 0.8181 
5.3601 -0.1499 2.1012 0.8772 0.8588 
5.3401 -0.1681 2.1001 0.7450 0.7640 
5.3401 -0.1681 2.1001 0.7450 0.7640 
5.3401 -0.1899 2.1020 0.5848 0.7721 
5.3501 -0.1799 2.1032 0.6585 0.8191 
5.3501 -0.1699 2.1001 0.7363 0.8181 
5.3401 -0.1681 2.1001 0.7450 0.7640 
5.3501 -0.1799 2.1032 0.6585 0.8191 
5.3501 -0.1699 2.1001 0.7363 0.8181 
5.3501 -0.1799 2.1032 0.6585 0.8191 
5.3501 -0.1699 2.1001 0.7363 0.8181 
5.3401 -0.1899 2.1020 0.5848 0.7721 
5.3101 -0.1599 2.1003 0.7919 0.6012 
5.3001 -0.1799 2.1035 0.6394 0.5539 
5.3401 -0.1681 2.1001 0.7450 0.7640 
5.3101 -0.1599 2.1003 0.7919 0.6012 
5.3401 -0.1899 2.1020 0.5848 0.7721 
5.3401 -0.1899 2.1020 0.5848 0.7721 
5.3001 -0.1799 2.1035 0.6394 0.5539 
5.3201 -0.1999 2.1101 0.4939 0.6633 
5.3401 -0.1899 2.1020 0.5848 0.7721 
5.3201 -0.1999 2.1101 0.4939 0.6633 
5.3301 -0.2099 2.1028 0.4330 0.7267 
5.3001 -0.1799 2.1035 0.6394 0.5539 
5.3001 -0.1999 2.1054 0.4922 0.5598 
5.3201 -0.1999 2.1101 0.4939 0.6633 
5.3701 -0.1999 2.1019 0.5233 0.9394 
5.3401 -0.1899 2.1020 0.5848 0.7721 
5.3701 -0.2299 2.1043 0.2984 0.9534 
5.3401 -0.1899 2.1020 0.5848 0.7721 
5.3301 -0.2099 2.1028 0.4330 0.7267 
5.3701 -0.2299 2.1043 0.2984 0.9534 
5.3301 -0.2099 2.1028 0.4330 0.7267 
5.3201 -0.1999 2.1101 0.4939 0.6633 
5.3101 -0.2099 2.1036 0.4245 0.6176 
5.3201 -0.1999 2.1101 0.4939 0.6633 
5.3001 -0.1999 2.1054 0.4922 0.5598 
5.3101 -0.2099 2.1036 0.4245 0.6176 
5.3301 -0.2099 2.1028 0.4330 0.7267 
5.3101 -0.2099 2.1036 0.4245 0.6176 
5.3301 -0.2299 2.1044 0.2829 0.7343 
5.3701 -0.2299 2.1043 0.2984 0.9534 
5.3301 -0.2099 2.1028 0.4330 0.7267 
5.3301 -0.2299 2.1044 0.2829 0.7343 
5.3601 -0.2499 2.1050 0.1485 0.9093 
5.3301 -0.2299 2.1044 0.2829 0.7343 
5.3601 -0.2599 2.1034 0.0878 0.9184 
5.3601 -0.2599 2.1034 0.0878 0.9184 
5.3301 -0.2299 2.1044 0.2829 0.7343 
5.3201 -0.2599 2.1063 0.0807 0.6908 
5.3301 -0.2299 2.1044 0.2829 0.7343 
5.3101 -0.2399 2.1035 0.2012 0.6290 
5.3201 -0.2599 2.1063 0.0807 0.6908 
5.3201 -0.1399 2.1034 0.9250 0.6447 
5.2901 -0.1299 2.0994 0.9948 0.4875 
5.3001 -0.1399 2.1008 0.9258 0.5422 
5.3401 -0.1399 2.1035 0.9319 0.7476 
5.3401 -0.1681 2.1001 0.7450 0.7640 
5.3701 -0.1399 2.0973 0.9614 0.9120 
5.3701 -0.1399 2.0973 0.9614 0.9120 
5.3401 -0.1681 2.1001 0.7450 0.7640 
5.3601 -0.1499 2.1012 0.8772 0.8588 
5.3701 -0.1399 2.0973 0.9614 0.9120 
5.3601 -0.1499 2.1012 0.8772 0.8588 
5.3601 -0.1699 2.0994 0.7416 0.8725 
5.3601 -0.1699 2.0994 0.7416 0.8725 
5.3501 -0.1699 2.1001 0.7363 0.8181 
5.3501 -0.1699 2.1001 0.7363 0.8181 
5.3401 -0.1681 2.1001 0.7450 0.7640 
5.3401 -0.1399 2.1035 0.9319 0.7476 
5.3101 -0.1599 2.1003 0.7919 0.6012 
5.3401 -0.1681 2.1001 0.7450 0.7640 
5.3501 -0.1699 2.1001 0.7363 0.8181 
5.3501 -0.1699 2.1001 0.7363 0.8181 
5.3501 -0.1699 2.1001 0.7363 0.8181 
5.3501 -0.1699 2.1001 0.7363 0.8181 
5.3501 -0.1699 2.1001 0.7363 0.8181 
5.2801 -0.1399 2.1021 0.9148 0.4385 
5.3001 -0.1399 2.1008 0.9258 0.5422 
5.2801 -0.1299 2.1001 0.9889 0.4358 
5.2801 -0.1299 2.1001 0.9889 0.4358 
5.3001 -0.1399 2.1008 0.9258 0.5422 
5.2901 -0.1299 2.0994 0.9948 0.4875 
5.2801 -0.1299 2.1001 0.9889 0.4358 
5.2701 -0.1299 2.1003 0.9849 0.3842 
5.2801 -0.1399 2.1021 0.9148 0.4385 
5.2801 -0.1299 2.1001 0.9889 0.4358 
5.2801 -0.1399 2.1021 0.9148 0.4385 
5.2801 -0.1299 2.1001 0.9889 0.4358 
5.3001 -0.1399 2.1008 0.9258 0.5422 
5.2801 -0.1399 2.1021 0.9148 0.4385 
5.2901 -0.1499 2.1075 0.8356 0.4931 
5.2901 -0.1499 2.1075 0.8356 0.4931 
5.2701 -0.1299 2.1003 0.9849 0.3842 
5.2701 -0.1599 2.1045 0.7672 0.3917 
5.2801 -0.1399 2.1021 0.9148 0.4385 
5.2701 -0.1299 2.1003 0.9849 0.3842 
5.2901 -0.1499 2.1075 0.8356 0.4931 
5.2701 -0.1599 2.1045 0.7672 0.3917 
5.2501 -0.1399 2.1028 0.9023 0.2845 
5.2601 -0.1599 2.1104 0.7502 0.3437 
5.2701 -0.1299 2.1003 0.9849 0.3842 
5.2501 -0.1399 2.1028 0.9023 0.2845 
5.2701 -0.1599 2.1045 0.7672 0.3917 
5.2501 -0.1399 2.1028 0.9023 0.2845 
5.2201 -0.1299 2.1032 0.9581 0.1347 
5.2201 -0.1399 2.1048 0.8860 0.1369 
5.2501 -0.1399 2.1028 0.9023 0.2845 
5.2201 -0.1399 2.1048 0.8860 0.1369 
5.2401 -0.1499 2.1017 0.8329 0.2330 
5.2901 -0.1499 2.1075 0.8356 0.4931 
5.2701 -0.1599 2.1045 0.7672 0.3917 
5.3101 -0.1599 2.1003 0.7919 0.6012 
5.2401 -0.1499 2.1017 0.8329 0.2330 
5.2601 -0.1599 2.1104 0.7502 0.3437 
5.2501 -0.1399 2.1028 0.9023 0.2845 
5.3001 -0.1799 2.1035 0.6394 0.5539 
5.3101 -0.1599 2.1003 0.7919 0.6012 
5.2701 -0.1599 2.1045 0.7672 0.3917 
5.2701 -0.1599 2.1045 0.7672 0.3917 
5.2601 -0.1599 2.1104 0.7502 0.3437 
5.2501 -0.1799 2.1037 0.6205 0.2898 
5.2601 -0.1599 2.1104 0.7502 0.3437 
5.2401 -0.1499 2.1017 0.8329 0.2330 
5.2501 -0.1799 2.1037 0.6205 0.2898 
5.3001 -0.1799 2.1035 0.6394 0.5539 
5.2701 -0.1599 2.1045 0.7672 0.3917 
5.2801 -0.1899 2.1020 0.5622 0.4500 
5.2701 -0.1599 2.1045 0.7672 0.3917 
5.2501 -0.1799 2.1037 0.6205 0.2898 
5.2801 -0.1899 2.1020 0.5622 0.4500 
5.3001 -0.1799 2.1035 0.6394 0.5539 
5.2801 -0.1899 2.1020 0.5622 0.4500 
5.3001 -0.1999 2.1054 0.4922 0.5598 
5.2801 -0.1899 2.1020 0.5622 0.4500 
5.2501 -0.1799 2.1037 0.6205 0.2898 
5.2501 -0.1899 2.1070 0.5435 0.2938 
5.2801 -0.1899 2.1020 0.5622 0.4500 
5.2501 -0.1899 2.1070 0.5435 0.2938 
5.2801 -0.2099 2.1045 0.4122 0.4554 
5.2801 -0.2099 2.1045 0.4122 0.4554 
5.2501 -0.1899 2.1070 0.5435 0.2938 
5.2401 -0.2099 2.1056 0.3959 0.2419 
5.2401 -0.1499 2.1017 0.8329 0.2330 
5.2201 -0.1399 2.1048 0.8860 0.1369 
5.2201 -0.1499 2.1012 0.8270 0.1317 
5.2501 -0.1799 2.1037 0.6205 0.2898 
5.2401 -0.1499 2.1017 0.8329 0.2330 
5.2201 -0.1499 2.1012 0.8270 0.1317 
5.2501 -0.1799 2.1037 0.6205 0.2898 
5.2201 -0.1499 2.1012 0.8270 0.1317 
5.2201 -0.1799 2.1048 0.6074 0.1369 
5.2501 -0.1799 2.1037 0.6205 0.2898 
5.2201 -0.1799 2.1048 0.6074 0.1369 
5.2501 -0.1899 2.1070 0.5435 0.2938 
5.2501 -0.1899 2.1070 0.5435 0.2938 
5.2201 -0.1799 2.1048 0.6074 0.1369 
5.2401 -0.2099 2.1056 0.3959 0.2419 
5.3101 -0.2099 2.1036 0.4245 0.6176 
5.3001 -0.1999 2.1054 0.4922 0.5598 
5.2801 -0.2099 2.1045 0.4122 0.4554 
5.3001 -0.1999 2.1054 0.4922 0.5598 
5.2801 -0.1899 2.1020 0.5622 0.4500 
5.2801 -0.2099 2.1045 0.4122 0.4554 
5.3101 -0.2099 2.1036 0.4245 0.6176 
5.2801 -0.2099 2.1045 0.4122 0.4554 
5.3301 -0.2299 2.1044 0.2829 0.7343 
5.2801 -0.2099 2.1045 0.4122 0.4554 
5.2401 -0.2099 2.1056 0.3959 0.2419 
5.2501 -0.2399 2.1070 0.1789 0.3000 
5.3301 -0.2299 2.1044 0.2829 0.7343 
5.2801 -0.2099 2.1045 0.4122 0.4554 
5.3101 -0.2399 2.1035 0.2012 0.6290 
5.3101 -0.2399 2.1035 0.2012 0.6290 
5.2801 -0.2099 2.1045 0.4122 0.4554 
5.3201 -0.2599 2.1063 0.0807 0.6908 
5.2501 -0.2399 2.1070 0.1789 0.3000 
5.2401 -0.2099 2.1056 0.3959 0.2419 
5.2201 -0.2099 2.1091 0.3856 0.1431 
5.2901 -0.1299 2.0994 0.9948 0.4875 
5.2801 -0.1299 2.1001 0.9889 0.4358 
5.2801 -0.1299 2.1001 0.9889 0.4358 
5.2801 -0.1299 2.1001 0.9889 0.4358 
5.2801 -0.1299 2.1001 0.9889 0.4358 
5.2801 -0.1299 2.1001 0.9889 0.4358 
