NUMPOLLIES 304.000000 

3.0001 -0.0599 2.1895 0.2264 0.1266 
2.9801 -0.0699 2.1861 0.1754 0.0566 
3.0101 -0.0699 2.1854 0.1848 0.1581 
2.9801 -0.0499 2.1770 0.3000 0.0563 
3.0001 -0.0599 2.1895 0.2264 0.1266 
3.0001 -0.0499 2.1851 0.2875 0.1260 
2.9801 -0.0099 2.1801 0.4928 0.0699 
2.9801 -0.0099 2.1801 0.4928 0.0699 
2.9901 -0.0099 2.1797 0.4964 0.1001 
2.9801 -0.0099 2.1801 0.4928 0.0699 
2.9901 -0.0099 2.1797 0.4964 0.1001 
2.9701 -0.0022 2.1801 0.5264 0.0537 
2.9701 -0.0022 2.1801 0.5264 0.0537 
2.9901 -0.0099 2.1797 0.4964 0.1001 
3.0001 0.0001 2.1800 0.5443 0.1393 
3.0001 -0.0499 2.1851 0.2875 0.1260 
2.9901 -0.0399 2.1893 0.3264 0.0980 
2.9801 -0.0499 2.1770 0.3000 0.0563 
2.9901 -0.0299 2.1784 0.4025 0.0911 
2.9901 -0.0199 2.1863 0.4318 0.1027 
2.9901 -0.0399 2.1893 0.3264 0.0980 
2.9801 -0.0099 2.1801 0.4928 0.0699 
2.9901 -0.0199 2.1863 0.4318 0.1027 
2.9901 -0.0099 2.1797 0.4964 0.1001 
2.9801 -0.0099 2.1801 0.4928 0.0699 
2.9801 -0.0099 2.1801 0.4928 0.0699 
2.9901 -0.0199 2.1863 0.4318 0.1027 
2.9901 -0.0099 2.1797 0.4964 0.1001 
2.9901 -0.0199 2.1863 0.4318 0.1027 
3.0001 0.0001 2.1800 0.5443 0.1393 
2.9701 -0.0022 2.1801 0.5264 0.0537 
2.9801 -0.0099 2.1801 0.4928 0.0699 
2.9801 -0.0099 2.1801 0.4928 0.0699 
2.9801 -0.0099 2.1801 0.4928 0.0699 
2.9801 -0.0099 2.1801 0.4928 0.0699 
2.9801 -0.0099 2.1801 0.4928 0.0699 
3.0301 -0.0599 2.1882 0.2371 0.2452 
3.0101 -0.0699 2.1854 0.1848 0.1581 
3.0201 -0.0799 2.1890 0.1305 0.1994 
3.0301 -0.0599 2.1882 0.2371 0.2452 
3.0001 -0.0599 2.1895 0.2264 0.1266 
3.0101 -0.0699 2.1854 0.1848 0.1581 
3.0501 -0.0599 2.1875 0.2440 0.3268 
3.0301 -0.0499 2.1835 0.2990 0.2438 
3.0601 -0.0699 2.1821 0.2048 0.3658 
3.0601 -0.0699 2.1821 0.2048 0.3658 
3.0301 -0.0499 2.1835 0.2990 0.2438 
3.0301 -0.0599 2.1882 0.2371 0.2452 
3.0001 -0.0599 2.1895 0.2264 0.1266 
3.0301 -0.0599 2.1882 0.2371 0.2452 
3.0001 -0.0499 2.1851 0.2875 0.1260 
3.0001 -0.0499 2.1851 0.2875 0.1260 
3.0301 -0.0599 2.1882 0.2371 0.2452 
3.0301 -0.0499 2.1835 0.2990 0.2438 
3.0801 -0.0599 2.1836 0.2602 0.4500 
3.0601 -0.0699 2.1821 0.2048 0.3658 
3.0901 -0.0799 2.1851 0.1548 0.4958 
3.0901 -0.0799 2.1851 0.1548 0.4958 
3.0601 -0.0699 2.1821 0.2048 0.3658 
3.0601 -0.0799 2.1854 0.1464 0.3670 
3.0601 -0.0499 2.1847 0.3045 0.3671 
3.0501 -0.0599 2.1875 0.2440 0.3268 
3.0601 -0.0699 2.1821 0.2048 0.3658 
3.0801 -0.0599 2.1836 0.2602 0.4500 
3.0601 -0.0499 2.1847 0.3045 0.3671 
3.0601 -0.0699 2.1821 0.2048 0.3658 
3.1101 -0.0499 2.1801 0.3283 0.5724 
3.0801 -0.0599 2.1836 0.2602 0.4500 
3.0901 -0.0799 2.1851 0.1548 0.4958 
3.0701 -0.0399 2.1833 0.3612 0.4071 
3.0601 -0.0499 2.1847 0.3045 0.3671 
3.0801 -0.0599 2.1836 0.2602 0.4500 
3.1101 -0.0499 2.1801 0.3283 0.5724 
3.0701 -0.0399 2.1833 0.3612 0.4071 
3.0801 -0.0599 2.1836 0.2602 0.4500 
2.9901 -0.0399 2.1893 0.3264 0.0980 
3.0301 -0.0299 2.1807 0.4071 0.2460 
2.9901 -0.0299 2.1784 0.4025 0.0911 
2.9901 -0.0299 2.1784 0.4025 0.0911 
3.0301 -0.0299 2.1807 0.4071 0.2460 
3.0301 -0.0199 2.1870 0.4398 0.2523 
3.0301 -0.0299 2.1807 0.4071 0.2460 
3.0501 -0.0299 2.1715 0.4359 0.3211 
3.0501 -0.0199 2.1776 0.4691 0.3250 
3.0301 -0.0199 2.1870 0.4398 0.2523 
3.0501 -0.0199 2.1776 0.4691 0.3250 
3.0201 -0.0099 2.1780 0.5083 0.2095 
3.0201 -0.0099 2.1780 0.5083 0.2095 
3.0501 -0.0199 2.1776 0.4691 0.3250 
3.0401 0.0101 2.1790 0.6013 0.2902 
3.0401 0.0101 2.1790 0.6013 0.2902 
3.0301 0.0001 2.1839 0.5407 0.2540 
3.0201 -0.0099 2.1780 0.5083 0.2095 
3.0301 -0.0399 2.1878 0.3403 0.2490 
2.9901 -0.0399 2.1893 0.3264 0.0980 
3.0301 -0.0499 2.1835 0.2990 0.2438 
3.0301 -0.0499 2.1835 0.2990 0.2438 
2.9901 -0.0399 2.1893 0.3264 0.0980 
3.0001 -0.0499 2.1851 0.2875 0.1260 
3.0501 -0.0299 2.1715 0.4359 0.3211 
3.0301 -0.0399 2.1878 0.3403 0.2490 
3.0501 -0.0599 2.1875 0.2440 0.3268 
3.0501 -0.0599 2.1875 0.2440 0.3268 
3.0301 -0.0399 2.1878 0.3403 0.2490 
3.0301 -0.0499 2.1835 0.2990 0.2438 
2.9901 -0.0399 2.1893 0.3264 0.0980 
3.0301 -0.0399 2.1878 0.3403 0.2490 
3.0301 -0.0299 2.1807 0.4071 0.2460 
3.0301 -0.0299 2.1807 0.4071 0.2460 
3.0301 -0.0399 2.1878 0.3403 0.2490 
3.0501 -0.0299 2.1715 0.4359 0.3211 
3.0301 -0.0199 2.1870 0.4398 0.2523 
2.9901 -0.0199 2.1863 0.4318 0.1027 
2.9901 -0.0299 2.1784 0.4025 0.0911 
3.0301 -0.0199 2.1870 0.4398 0.2523 
3.0301 -0.0299 2.1807 0.4071 0.2460 
3.0501 -0.0199 2.1776 0.4691 0.3250 
3.0201 -0.0099 2.1780 0.5083 0.2095 
3.0001 0.0001 2.1800 0.5443 0.1393 
3.0301 -0.0199 2.1870 0.4398 0.2523 
3.0001 0.0001 2.1800 0.5443 0.1393 
2.9901 -0.0199 2.1863 0.4318 0.1027 
3.0301 -0.0199 2.1870 0.4398 0.2523 
3.0001 0.0001 2.1800 0.5443 0.1393 
3.0201 -0.0099 2.1780 0.5083 0.2095 
3.0301 0.0001 2.1839 0.5407 0.2540 
3.0701 -0.0399 2.1833 0.3612 0.4071 
3.0601 -0.0299 2.1779 0.4219 0.3647 
3.0501 -0.0299 2.1715 0.4359 0.3211 
3.0901 -0.0299 2.1825 0.4178 0.4860 
3.0601 -0.0299 2.1779 0.4219 0.3647 
3.0701 -0.0399 2.1833 0.3612 0.4071 
3.0601 -0.0299 2.1779 0.4219 0.3647 
3.0501 -0.0199 2.1776 0.4691 0.3250 
3.0501 -0.0299 2.1715 0.4359 0.3211 
3.0701 -0.0199 2.1785 0.4716 0.4047 
3.0601 -0.0299 2.1779 0.4219 0.3647 
3.0901 -0.0299 2.1825 0.4178 0.4860 
3.0901 -0.0299 2.1825 0.4178 0.4860 
3.0801 -0.0199 2.1856 0.4556 0.4455 
3.0701 -0.0199 2.1785 0.4716 0.4047 
3.0901 -0.0299 2.1825 0.4178 0.4860 
3.1101 -0.0399 2.1738 0.3951 0.5703 
3.1001 -0.0199 2.1773 0.4824 0.5237 
3.0501 -0.0199 2.1776 0.4691 0.3250 
3.0701 -0.0199 2.1785 0.4716 0.4047 
3.0601 -0.0099 2.1716 0.5359 0.3626 
3.0801 -0.0199 2.1856 0.4556 0.4455 
3.0801 0.0001 2.1762 0.5740 0.4418 
3.0701 -0.0199 2.1785 0.4716 0.4047 
3.0601 -0.0099 2.1716 0.5359 0.3626 
3.0401 0.0201 2.1867 0.6225 0.2956 
3.0401 0.0101 2.1790 0.6013 0.2902 
3.0601 -0.0099 2.1716 0.5359 0.3626 
3.0401 0.0101 2.1790 0.6013 0.2902 
3.0501 -0.0199 2.1776 0.4691 0.3250 
3.0801 0.0001 2.1762 0.5740 0.4418 
3.0601 -0.0099 2.1716 0.5359 0.3626 
3.0701 -0.0199 2.1785 0.4716 0.4047 
3.1201 0.0001 2.1763 0.5831 0.5962 
3.0801 0.0001 2.1762 0.5740 0.4418 
3.1001 -0.0199 2.1773 0.4824 0.5237 
3.0701 -0.0399 2.1833 0.3612 0.4071 
3.0501 -0.0299 2.1715 0.4359 0.3211 
3.0601 -0.0499 2.1847 0.3045 0.3671 
3.0601 -0.0499 2.1847 0.3045 0.3671 
3.0501 -0.0299 2.1715 0.4359 0.3211 
3.0501 -0.0599 2.1875 0.2440 0.3268 
3.0901 -0.0299 2.1825 0.4178 0.4860 
3.0701 -0.0399 2.1833 0.3612 0.4071 
3.1101 -0.0499 2.1801 0.3283 0.5724 
3.1026 -0.0399 2.1801 0.3774 0.5387 
3.0901 -0.0299 2.1825 0.4178 0.4860 
3.1101 -0.0499 2.1801 0.3283 0.5724 
3.0901 -0.0299 2.1825 0.4178 0.4860 
3.1026 -0.0399 2.1801 0.3774 0.5387 
3.1101 -0.0399 2.1738 0.3951 0.5703 
3.0501 -0.0199 2.1776 0.4691 0.3250 
3.0601 -0.0299 2.1779 0.4219 0.3647 
3.0701 -0.0199 2.1785 0.4716 0.4047 
3.0801 -0.0199 2.1856 0.4556 0.4455 
3.0901 -0.0299 2.1825 0.4178 0.4860 
3.1001 -0.0199 2.1773 0.4824 0.5237 
3.0801 0.0001 2.1762 0.5740 0.4418 
3.0801 -0.0199 2.1856 0.4556 0.4455 
3.1001 -0.0199 2.1773 0.4824 0.5237 
3.0801 0.0001 2.1762 0.5740 0.4418 
3.0401 0.0201 2.1867 0.6225 0.2956 
3.0601 -0.0099 2.1716 0.5359 0.3626 
2.9901 0.0201 2.1790 0.6337 0.1107 
2.9701 -0.0022 2.1801 0.5264 0.0537 
3.0001 0.0001 2.1800 0.5443 0.1393 
3.0007 0.0201 2.1801 0.6329 0.1481 
2.9901 0.0201 2.1790 0.6337 0.1107 
3.0001 0.0001 2.1800 0.5443 0.1393 
3.0001 0.0301 2.1801 0.6752 0.1494 
2.9901 0.0301 2.1811 0.6700 0.1162 
2.9901 0.0201 2.1790 0.6337 0.1107 
3.0001 0.0301 2.1801 0.6752 0.1494 
2.9901 0.0201 2.1790 0.6337 0.1107 
3.0001 0.0301 2.1801 0.6752 0.1494 
3.0001 0.0301 2.1801 0.6752 0.1494 
2.9901 0.0201 2.1790 0.6337 0.1107 
3.0007 0.0201 2.1801 0.6329 0.1481 
2.9801 0.0401 2.1812 0.7090 0.0882 
2.9901 0.0201 2.1790 0.6337 0.1107 
2.9901 0.0301 2.1811 0.6700 0.1162 
3.0001 0.0301 2.1801 0.6752 0.1494 
3.0001 0.0301 2.1801 0.6752 0.1494 
3.0001 0.0301 2.1801 0.6752 0.1494 
3.0001 0.0401 2.1846 0.7028 0.1563 
3.0101 0.0501 2.1788 0.7625 0.1891 
2.9801 0.0401 2.1812 0.7090 0.0882 
2.9901 0.0201 2.1790 0.6337 0.1107 
2.9801 0.0101 2.1870 0.5651 0.0827 
2.9701 -0.0022 2.1801 0.5264 0.0537 
2.9901 0.0301 2.1811 0.6700 0.1162 
3.0001 0.0401 2.1846 0.7028 0.1563 
2.9801 0.0401 2.1812 0.7090 0.0882 
3.0001 0.0301 2.1801 0.6752 0.1494 
2.9901 0.0301 2.1811 0.6700 0.1162 
3.0001 0.0301 2.1801 0.6752 0.1494 
3.0001 0.0301 2.1801 0.6752 0.1494 
3.0001 0.0401 2.1846 0.7028 0.1563 
2.9901 0.0301 2.1811 0.6700 0.1162 
2.9801 0.0401 2.1812 0.7090 0.0882 
2.9801 0.0701 2.1774 0.8380 0.0954 
2.9701 0.0601 2.1748 0.8066 0.0639 
3.0101 0.0501 2.1788 0.7625 0.1891 
3.0001 0.0601 2.1790 0.7990 0.1577 
2.9801 0.0401 2.1812 0.7090 0.0882 
2.9801 0.0801 2.1789 0.8702 0.1000 
2.9901 0.1001 2.1756 0.9544 0.1345 
2.9701 0.1001 2.1765 0.9477 0.0771 
3.0001 0.0601 2.1790 0.7990 0.1577 
2.9801 0.0701 2.1774 0.8380 0.0954 
2.9801 0.0401 2.1812 0.7090 0.0882 
3.0101 0.0801 2.1873 0.8489 0.2026 
2.9801 0.0801 2.1789 0.8702 0.1000 
2.9801 0.0701 2.1774 0.8380 0.0954 
2.9901 0.1001 2.1756 0.9544 0.1345 
3.0101 0.0801 2.1873 0.8489 0.2026 
3.0101 0.0901 2.1750 0.9251 0.1963 
2.9801 0.0801 2.1789 0.8702 0.1000 
3.0101 0.0801 2.1873 0.8489 0.2026 
2.9901 0.1001 2.1756 0.9544 0.1345 
3.0401 0.0101 2.1790 0.6013 0.2902 
3.0007 0.0201 2.1801 0.6329 0.1481 
3.0001 0.0001 2.1800 0.5443 0.1393 
3.0007 0.0201 2.1801 0.6329 0.1481 
3.0001 0.0301 2.1801 0.6752 0.1494 
3.0001 0.0301 2.1801 0.6752 0.1494 
3.0401 0.0201 2.1867 0.6225 0.2956 
3.0801 0.0301 2.1724 0.7161 0.4382 
3.0401 0.0301 2.1782 0.6895 0.2923 
3.0001 0.0301 2.1801 0.6752 0.1494 
3.0001 0.0301 2.1801 0.6752 0.1494 
3.0001 0.0301 2.1801 0.6752 0.1494 
3.0401 0.0301 2.1782 0.6895 0.2923 
3.0801 0.0301 2.1724 0.7161 0.4382 
3.0501 0.0401 2.1837 0.7159 0.3319 
3.0401 0.0101 2.1790 0.6013 0.2902 
3.0001 0.0001 2.1800 0.5443 0.1393 
3.0301 0.0001 2.1839 0.5407 0.2540 
3.0401 0.0201 2.1867 0.6225 0.2956 
3.0007 0.0201 2.1801 0.6329 0.1481 
3.0401 0.0101 2.1790 0.6013 0.2902 
3.0001 0.0301 2.1801 0.6752 0.1494 
3.0401 0.0201 2.1867 0.6225 0.2956 
3.0401 0.0301 2.1782 0.6895 0.2923 
3.0001 0.0301 2.1801 0.6752 0.1494 
3.0007 0.0201 2.1801 0.6329 0.1481 
3.0401 0.0201 2.1867 0.6225 0.2956 
3.0001 0.0301 2.1801 0.6752 0.1494 
3.0001 0.0401 2.1846 0.7028 0.1563 
3.0001 0.0301 2.1801 0.6752 0.1494 
3.0401 0.0301 2.1782 0.6895 0.2923 
3.0001 0.0401 2.1846 0.7028 0.1563 
3.0001 0.0301 2.1801 0.6752 0.1494 
3.0501 0.0401 2.1837 0.7159 0.3319 
3.0001 0.0401 2.1846 0.7028 0.1563 
3.0401 0.0301 2.1782 0.6895 0.2923 
3.0101 0.0501 2.1788 0.7625 0.1891 
3.0001 0.0401 2.1846 0.7028 0.1563 
3.0501 0.0501 2.1778 0.7740 0.3300 
3.0001 0.0401 2.1846 0.7028 0.1563 
3.0501 0.0401 2.1837 0.7159 0.3319 
3.0501 0.0501 2.1778 0.7740 0.3300 
3.0801 0.0001 2.1762 0.5740 0.4418 
3.1201 0.0001 2.1763 0.5831 0.5962 
3.0901 0.0101 2.1830 0.6013 0.4793 
3.0701 0.0201 2.1826 0.6410 0.4039 
3.0801 0.0301 2.1724 0.7161 0.4382 
3.0401 0.0201 2.1867 0.6225 0.2956 
3.1001 0.0201 2.1826 0.6474 0.5145 
3.0801 0.0301 2.1724 0.7161 0.4382 
3.0701 0.0201 2.1826 0.6410 0.4039 
3.0501 0.0401 2.1837 0.7159 0.3319 
3.0801 0.0301 2.1724 0.7161 0.4382 
3.0801 0.0401 2.1814 0.7290 0.4387 
3.0801 0.0401 2.1814 0.7290 0.4387 
3.0801 0.0301 2.1724 0.7161 0.4382 
3.1101 0.0455 2.1801 0.7610 0.5452 
3.0701 0.0201 2.1826 0.6410 0.4039 
3.0401 0.0201 2.1867 0.6225 0.2956 
3.0801 0.0001 2.1762 0.5740 0.4418 
3.0701 0.0201 2.1826 0.6410 0.4039 
3.0801 0.0001 2.1762 0.5740 0.4418 
3.0901 0.0101 2.1830 0.6013 0.4793 
3.1001 0.0201 2.1826 0.6474 0.5145 
3.0701 0.0201 2.1826 0.6410 0.4039 
3.0901 0.0101 2.1830 0.6013 0.4793 
3.0501 0.0401 2.1837 0.7159 0.3319 
3.0701 0.0501 2.1779 0.7779 0.4015 
3.0501 0.0501 2.1778 0.7740 0.3300 
3.0701 0.0501 2.1779 0.7779 0.4015 
3.0501 0.0401 2.1837 0.7159 0.3319 
3.0801 0.0401 2.1814 0.7290 0.4387 
3.0801 0.0401 2.1814 0.7290 0.4387 
3.1101 0.0455 2.1801 0.7610 0.5452 
3.0701 0.0501 2.1779 0.7779 0.4015 
3.0401 0.0701 2.1701 0.8742 0.2927 
3.0401 0.0701 2.1701 0.8742 0.2927 
3.0401 0.0701 2.1701 0.8742 0.2927 
3.0401 0.0701 2.1701 0.8742 0.2927 
3.0401 0.0701 2.1701 0.8742 0.2927 
3.0401 0.0701 2.1701 0.8742 0.2927 
3.0401 0.0701 2.1701 0.8742 0.2927 
3.0401 0.0701 2.1701 0.8742 0.2927 
3.0401 0.0701 2.1701 0.8742 0.2927 
3.0401 0.0701 2.1701 0.8742 0.2927 
3.0401 0.0701 2.1701 0.8742 0.2927 
3.0401 0.0701 2.1701 0.8742 0.2927 
3.0401 0.0601 2.1793 0.8060 0.2963 
3.0101 0.0501 2.1788 0.7625 0.1891 
3.0501 0.0501 2.1778 0.7740 0.3300 
3.0501 0.0601 2.1702 0.8376 0.3274 
3.0401 0.0601 2.1793 0.8060 0.2963 
3.0501 0.0501 2.1778 0.7740 0.3300 
3.0001 0.0601 2.1790 0.7990 0.1577 
3.0101 0.0701 2.1745 0.8535 0.1910 
2.9801 0.0701 2.1774 0.8380 0.0954 
3.0101 0.0701 2.1745 0.8535 0.1910 
3.0101 0.0501 2.1788 0.7625 0.1891 
3.0401 0.0601 2.1793 0.8060 0.2963 
3.0301 0.0701 2.1725 0.8640 0.2589 
3.0101 0.0701 2.1745 0.8535 0.1910 
3.0401 0.0601 2.1793 0.8060 0.2963 
3.0401 0.0701 2.1701 0.8742 0.2927 
3.0401 0.0601 2.1793 0.8060 0.2963 
3.0401 0.0701 2.1701 0.8742 0.2927 
3.0401 0.0701 2.1701 0.8742 0.2927 
3.0301 0.0701 2.1725 0.8640 0.2589 
3.0401 0.0601 2.1793 0.8060 0.2963 
3.0401 0.0701 2.1701 0.8742 0.2927 
3.0501 0.0701 2.1785 0.8482 0.3315 
3.0401 0.0701 2.1701 0.8742 0.2927 
3.0401 0.0701 2.1701 0.8742 0.2927 
3.0401 0.0601 2.1793 0.8060 0.2963 
3.0501 0.0701 2.1785 0.8482 0.3315 
3.0401 0.0601 2.1793 0.8060 0.2963 
3.0501 0.0601 2.1702 0.8376 0.3274 
3.0501 0.0701 2.1785 0.8482 0.3315 
3.0301 0.0701 2.1725 0.8640 0.2589 
3.0201 0.0801 2.1727 0.8986 0.2263 
3.0101 0.0701 2.1745 0.8535 0.1910 
3.0401 0.0701 2.1701 0.8742 0.2927 
3.0301 0.0701 2.1725 0.8640 0.2589 
3.0401 0.0701 2.1701 0.8742 0.2927 
3.0401 0.0701 2.1701 0.8742 0.2927 
3.0401 0.0801 2.1729 0.9018 0.2952 
3.0301 0.0701 2.1725 0.8640 0.2589 
3.0401 0.0801 2.1729 0.9018 0.2952 
3.0201 0.0801 2.1727 0.8986 0.2263 
3.0301 0.0701 2.1725 0.8640 0.2589 
3.0401 0.0701 2.1701 0.8742 0.2927 
3.0401 0.0801 2.1729 0.9018 0.2952 
3.0401 0.0701 2.1701 0.8742 0.2927 
3.0401 0.0701 2.1701 0.8742 0.2927 
3.0501 0.0701 2.1785 0.8482 0.3315 
3.0401 0.0801 2.1729 0.9018 0.2952 
3.0401 0.0901 2.1791 0.9167 0.2993 
3.0101 0.0901 2.1750 0.9251 0.1963 
3.0201 0.0801 2.1727 0.8986 0.2263 
3.0401 0.0801 2.1729 0.9018 0.2952 
3.0401 0.0901 2.1791 0.9167 0.2993 
3.0201 0.0801 2.1727 0.8986 0.2263 
3.0501 0.1001 2.1690 0.9879 0.3295 
3.0401 0.0901 2.1791 0.9167 0.2993 
3.0501 0.0701 2.1785 0.8482 0.3315 
3.0501 0.0701 2.1785 0.8482 0.3315 
3.0401 0.0901 2.1791 0.9167 0.2993 
3.0401 0.0801 2.1729 0.9018 0.2952 
3.0401 0.1001 2.1734 0.9710 0.2976 
3.0101 0.1001 2.1739 0.9637 0.1979 
3.0401 0.0901 2.1791 0.9167 0.2993 
3.0401 0.0901 2.1791 0.9167 0.2993 
3.0101 0.1001 2.1739 0.9637 0.1979 
3.0101 0.0901 2.1750 0.9251 0.1963 
3.0401 0.1001 2.1734 0.9710 0.2976 
3.0401 0.0901 2.1791 0.9167 0.2993 
3.0501 0.1001 2.1690 0.9879 0.3295 
3.0101 0.0701 2.1745 0.8535 0.1910 
3.0001 0.0601 2.1790 0.7990 0.1577 
3.0101 0.0501 2.1788 0.7625 0.1891 
3.0101 0.0701 2.1745 0.8535 0.1910 
3.0101 0.0801 2.1873 0.8489 0.2026 
2.9801 0.0701 2.1774 0.8380 0.0954 
3.0201 0.0801 2.1727 0.8986 0.2263 
3.0101 0.0801 2.1873 0.8489 0.2026 
3.0101 0.0701 2.1745 0.8535 0.1910 
3.0101 0.0901 2.1750 0.9251 0.1963 
3.0101 0.0801 2.1873 0.8489 0.2026 
3.0201 0.0801 2.1727 0.8986 0.2263 
3.0801 0.0701 2.1704 0.8811 0.4342 
3.0701 0.0601 2.1691 0.8453 0.3989 
3.0923 0.0601 2.1701 0.8465 0.4789 
3.0501 0.0501 2.1778 0.7740 0.3300 
3.0701 0.0501 2.1779 0.7779 0.4015 
3.0501 0.0601 2.1702 0.8376 0.3274 
3.0701 0.0601 2.1691 0.8453 0.3989 
3.0501 0.0601 2.1702 0.8376 0.3274 
3.0701 0.0501 2.1779 0.7779 0.4015 
3.0701 0.0601 2.1691 0.8453 0.3989 
3.0701 0.0501 2.1779 0.7779 0.4015 
3.0923 0.0601 2.1701 0.8465 0.4789 
3.0701 0.0501 2.1779 0.7779 0.4015 
3.1101 0.0455 2.1801 0.7610 0.5452 
3.0923 0.0601 2.1701 0.8465 0.4789 
3.0701 0.0601 2.1691 0.8453 0.3989 
3.0701 0.0801 2.1782 0.8896 0.4004 
3.0501 0.0601 2.1702 0.8376 0.3274 
3.0701 0.0801 2.1782 0.8896 0.4004 
3.0501 0.0701 2.1785 0.8482 0.3315 
3.0501 0.0601 2.1702 0.8376 0.3274 
3.0801 0.0701 2.1704 0.8811 0.4342 
3.0701 0.0801 2.1782 0.8896 0.4004 
3.0701 0.0601 2.1691 0.8453 0.3989 
3.0801 0.0701 2.1704 0.8811 0.4342 
3.0923 0.0601 2.1701 0.8465 0.4789 
3.0901 0.0701 2.1820 0.8446 0.4705 
3.0923 0.0601 2.1701 0.8465 0.4789 
3.1201 0.0701 2.1767 0.8675 0.5744 
3.0901 0.0701 2.1820 0.8446 0.4705 
3.0701 0.0801 2.1782 0.8896 0.4004 
3.0501 0.1001 2.1690 0.9879 0.3295 
3.0501 0.0701 2.1785 0.8482 0.3315 
3.0901 0.0701 2.1820 0.8446 0.4705 
3.0901 0.0801 2.1719 0.9146 0.4683 
3.0801 0.0701 2.1704 0.8811 0.4342 
3.0801 0.0701 2.1704 0.8811 0.4342 
3.0901 0.0801 2.1719 0.9146 0.4683 
3.0701 0.0801 2.1782 0.8896 0.4004 
3.0901 0.0701 2.1820 0.8446 0.4705 
3.1201 0.0701 2.1767 0.8675 0.5744 
3.0901 0.0801 2.1719 0.9146 0.4683 
3.0701 0.0901 2.1801 0.9188 0.4005 
3.0701 0.0901 2.1801 0.9188 0.4005 
3.0601 0.0901 2.1746 0.9356 0.3651 
3.0701 0.0901 2.1801 0.9188 0.4005 
3.0601 0.0901 2.1746 0.9356 0.3651 
3.0701 0.0801 2.1782 0.8896 0.4004 
3.0701 0.0801 2.1782 0.8896 0.4004 
3.0601 0.0901 2.1746 0.9356 0.3651 
3.0501 0.1001 2.1690 0.9879 0.3295 
3.0701 0.0901 2.1801 0.9188 0.4005 
3.0701 0.0901 2.1801 0.9188 0.4005 
3.0701 0.0801 2.1782 0.8896 0.4004 
3.0701 0.0901 2.1801 0.9188 0.4005 
3.0701 0.0801 2.1782 0.8896 0.4004 
3.0801 0.0901 2.1781 0.9274 0.4338 
3.0901 0.0801 2.1719 0.9146 0.4683 
3.0801 0.0901 2.1781 0.9274 0.4338 
3.0701 0.0801 2.1782 0.8896 0.4004 
3.1001 0.0901 2.1776 0.9325 0.5013 
3.0801 0.0901 2.1781 0.9274 0.4338 
3.0901 0.0801 2.1719 0.9146 0.4683 
3.0501 0.1001 2.1690 0.9879 0.3295 
3.0601 0.0901 2.1746 0.9356 0.3651 
3.0701 0.1001 2.1739 0.9747 0.3987 
3.0701 0.0901 2.1801 0.9188 0.4005 
3.0701 0.0901 2.1801 0.9188 0.4005 
3.0701 0.1001 2.1739 0.9747 0.3987 
3.0701 0.0901 2.1801 0.9188 0.4005 
3.0701 0.1001 2.1739 0.9747 0.3987 
3.0601 0.0901 2.1746 0.9356 0.3651 
3.0701 0.0901 2.1801 0.9188 0.4005 
3.0701 0.0901 2.1801 0.9188 0.4005 
3.0801 0.0901 2.1781 0.9274 0.4338 
3.0701 0.0901 2.1801 0.9188 0.4005 
3.0801 0.0901 2.1781 0.9274 0.4338 
3.0701 0.1001 2.1739 0.9747 0.3987 
3.0701 0.1001 2.1739 0.9747 0.3987 
3.0801 0.0901 2.1781 0.9274 0.4338 
3.0801 0.1001 2.1712 0.9856 0.4319 
3.0801 0.1001 2.1712 0.9856 0.4319 
3.0801 0.0901 2.1781 0.9274 0.4338 
3.1001 0.0901 2.1776 0.9325 0.5013 
3.0701 0.0901 2.1801 0.9188 0.4005 
3.0701 0.0901 2.1801 0.9188 0.4005 
3.0701 0.0901 2.1801 0.9188 0.4005 
3.0701 0.0901 2.1801 0.9188 0.4005 
3.0701 0.0901 2.1801 0.9188 0.4005 
3.0701 0.0901 2.1801 0.9188 0.4005 
3.0701 0.0901 2.1801 0.9188 0.4005 
3.0701 0.0901 2.1801 0.9188 0.4005 
3.0701 0.0901 2.1801 0.9188 0.4005 
3.0701 0.0901 2.1801 0.9188 0.4005 
3.0701 0.0901 2.1801 0.9188 0.4005 
3.0701 0.0901 2.1801 0.9188 0.4005 
3.0701 0.1001 2.1739 0.9747 0.3987 
3.0401 0.1001 2.1734 0.9710 0.2976 
3.0501 0.1001 2.1690 0.9879 0.3295 
3.0701 0.1001 2.1739 0.9747 0.3987 
3.0801 0.1001 2.1712 0.9856 0.4319 
3.0401 0.1001 2.1734 0.9710 0.2976 
3.2201 0.0901 2.1759 0.9602 0.9057 
3.2301 0.0601 2.1649 0.8917 0.9758 
3.2401 0.0901 2.1675 0.9929 0.9819 
3.2301 0.0601 2.1649 0.8917 0.9758 
3.2201 0.0901 2.1759 0.9602 0.9057 
3.2101 0.0801 2.1680 0.9504 0.8862 
3.2101 0.0801 2.1680 0.9504 0.8862 
3.2001 0.0801 2.1773 0.9168 0.8439 
3.2101 0.0601 2.1731 0.8597 0.8960 
3.2101 0.0801 2.1680 0.9504 0.8862 
3.2101 0.0601 2.1731 0.8597 0.8960 
3.2301 0.0601 2.1649 0.8917 0.9758 
3.2101 0.0601 2.1731 0.8597 0.8960 
3.2201 0.0501 2.1627 0.8587 0.9508 
3.2301 0.0601 2.1649 0.8917 0.9758 
3.1901 0.0501 2.1697 0.8287 0.8349 
3.2201 0.0501 2.1627 0.8587 0.9508 
3.2101 0.0601 2.1731 0.8597 0.8960 
3.2301 0.0401 2.1751 0.7800 0.9811 
3.2101 0.0301 2.1755 0.7342 0.9167 
3.2201 0.0201 2.1756 0.6946 0.9617 
3.2301 0.0401 2.1751 0.7800 0.9811 
3.2201 0.0501 2.1627 0.8587 0.9508 
3.2101 0.0301 2.1755 0.7342 0.9167 
3.2101 0.0301 2.1755 0.7342 0.9167 
3.2201 0.0501 2.1627 0.8587 0.9508 
3.1901 0.0501 2.1697 0.8287 0.8349 
3.2101 0.0301 2.1755 0.7342 0.9167 
3.2001 0.0201 2.1706 0.7061 0.8928 
3.2201 0.0201 2.1756 0.6946 0.9617 
3.2201 0.0201 2.1756 0.6946 0.9617 
3.2001 0.0201 2.1706 0.7061 0.8928 
3.2101 0.0101 2.1733 0.6571 0.9358 
3.2001 0.0801 2.1773 0.9168 0.8439 
3.1801 0.0801 2.1736 0.9255 0.7785 
3.2101 0.0601 2.1731 0.8597 0.8960 
3.2101 0.0601 2.1731 0.8597 0.8960 
3.1801 0.0801 2.1736 0.9255 0.7785 
3.1901 0.0501 2.1697 0.8287 0.8349 
3.1801 0.0801 2.1736 0.9255 0.7785 
3.1701 0.0601 2.1663 0.8749 0.7594 
3.1901 0.0501 2.1697 0.8287 0.8349 
3.1601 0.0801 2.1686 0.9390 0.7123 
3.1501 0.0801 2.1762 0.9112 0.6744 
3.1501 0.0601 2.1701 0.8579 0.6856 
3.1501 0.0501 2.1743 0.8054 0.6882 
3.1701 0.0501 2.1752 0.8065 0.7592 
3.1501 0.0601 2.1701 0.8579 0.6856 
3.1801 0.0801 2.1736 0.9255 0.7785 
3.1601 0.0801 2.1686 0.9390 0.7123 
3.1701 0.0601 2.1663 0.8749 0.7594 
3.1701 0.0601 2.1663 0.8749 0.7594 
3.1601 0.0801 2.1686 0.9390 0.7123 
3.1501 0.0601 2.1701 0.8579 0.6856 
3.1701 0.0601 2.1663 0.8749 0.7594 
3.1501 0.0601 2.1701 0.8579 0.6856 
3.1701 0.0501 2.1752 0.8065 0.7592 
3.1601 0.0801 2.1686 0.9390 0.7123 
3.1301 0.0901 2.1821 0.9230 0.6014 
3.1501 0.0801 2.1762 0.9112 0.6744 
3.1301 0.0901 2.1821 0.9230 0.6014 
3.1301 0.0801 2.1707 0.9263 0.6073 
3.1501 0.0801 2.1762 0.9112 0.6744 
3.1301 0.0901 2.1821 0.9230 0.6014 
3.1201 0.0901 2.1682 0.9686 0.5702 
3.1301 0.0801 2.1707 0.9263 0.6073 
3.1201 0.0901 2.1682 0.9686 0.5702 
3.1001 0.0901 2.1776 0.9325 0.5013 
3.1201 0.0701 2.1767 0.8675 0.5744 
3.1501 0.0601 2.1701 0.8579 0.6856 
3.1301 0.0801 2.1707 0.9263 0.6073 
3.1201 0.0701 2.1767 0.8675 0.5744 
3.1501 0.0801 2.1762 0.9112 0.6744 
3.1301 0.0801 2.1707 0.9263 0.6073 
3.1501 0.0601 2.1701 0.8579 0.6856 
3.1001 0.0901 2.1776 0.9325 0.5013 
3.0901 0.0801 2.1719 0.9146 0.4683 
3.1201 0.0701 2.1767 0.8675 0.5744 
3.1501 0.0601 2.1701 0.8579 0.6856 
3.1201 0.0701 2.1767 0.8675 0.5744 
3.1401 0.0601 2.1657 0.8710 0.6516 
3.1401 0.0601 2.1657 0.8710 0.6516 
3.1201 0.0701 2.1767 0.8675 0.5744 
3.0923 0.0601 2.1701 0.8465 0.4789 
3.1401 0.0601 2.1657 0.8710 0.6516 
3.1501 0.0501 2.1743 0.8054 0.6882 
3.1501 0.0601 2.1701 0.8579 0.6856 
3.1101 0.0455 2.1801 0.7610 0.5452 
3.1501 0.0501 2.1743 0.8054 0.6882 
3.1401 0.0601 2.1657 0.8710 0.6516 
3.1401 0.0601 2.1657 0.8710 0.6516 
3.0923 0.0601 2.1701 0.8465 0.4789 
3.1101 0.0455 2.1801 0.7610 0.5452 
3.1201 0.0701 2.1767 0.8675 0.5744 
3.1301 0.0801 2.1707 0.9263 0.6073 
3.1201 0.0901 2.1682 0.9686 0.5702 
3.1701 0.0501 2.1752 0.8065 0.7592 
3.1801 0.0201 2.1750 0.6878 0.8140 
3.1901 0.0501 2.1697 0.8287 0.8349 
3.1701 0.0601 2.1663 0.8749 0.7594 
3.1701 0.0501 2.1752 0.8065 0.7592 
3.1901 0.0501 2.1697 0.8287 0.8349 
3.1801 0.0201 2.1750 0.6878 0.8140 
3.1701 0.0501 2.1752 0.8065 0.7592 
3.1501 0.0501 2.1743 0.8054 0.6882 
3.2101 0.0301 2.1755 0.7342 0.9167 
3.1901 0.0501 2.1697 0.8287 0.8349 
3.1801 0.0201 2.1750 0.6878 0.8140 
3.1801 0.0201 2.1750 0.6878 0.8140 
3.1501 0.0501 2.1743 0.8054 0.6882 
3.1501 0.0301 2.1767 0.7178 0.6964 
3.1501 0.0501 2.1743 0.8054 0.6882 
3.1501 0.0401 2.1799 0.7482 0.6902 
3.1501 0.0301 2.1767 0.7178 0.6964 
3.2001 0.0201 2.1706 0.7061 0.8928 
3.2101 0.0301 2.1755 0.7342 0.9167 
3.1801 0.0201 2.1750 0.6878 0.8140 
3.2001 0.0201 2.1706 0.7061 0.8928 
3.1801 0.0201 2.1750 0.6878 0.8140 
3.2101 0.0101 2.1733 0.6571 0.9358 
3.2101 0.0101 2.1733 0.6571 0.9358 
3.1801 0.0201 2.1750 0.6878 0.8140 
3.1901 0.0001 2.1780 0.5944 0.8631 
3.1901 0.0001 2.1780 0.5944 0.8631 
3.1501 0.0301 2.1767 0.7178 0.6964 
3.1601 -0.0099 2.1705 0.5636 0.7599 
3.1801 0.0201 2.1750 0.6878 0.8140 
3.1501 0.0301 2.1767 0.7178 0.6964 
3.1901 0.0001 2.1780 0.5944 0.8631 
3.1601 -0.0099 2.1705 0.5636 0.7599 
3.1401 0.0201 2.1796 0.6651 0.6628 
3.1401 0.0101 2.1761 0.6327 0.6687 
3.1501 0.0301 2.1767 0.7178 0.6964 
3.1401 0.0201 2.1796 0.6651 0.6628 
3.1601 -0.0099 2.1705 0.5636 0.7599 
3.2101 -0.0099 2.1749 0.5630 0.9516 
3.2101 0.0101 2.1733 0.6571 0.9358 
3.1901 0.0001 2.1780 0.5944 0.8631 
3.1601 -0.0099 2.1705 0.5636 0.7599 
3.1401 0.0101 2.1761 0.6327 0.6687 
3.1501 0.0001 2.1795 0.5809 0.7098 
3.1201 0.0401 2.1801 0.7415 0.5825 
3.1101 0.0455 2.1801 0.7610 0.5452 
3.1201 0.0301 2.1817 0.6961 0.5852 
3.1201 0.0401 2.1801 0.7415 0.5825 
3.1201 0.0301 2.1817 0.6961 0.5852 
3.1201 0.0401 2.1801 0.7415 0.5825 
3.1001 0.0201 2.1826 0.6474 0.5145 
3.0901 0.0101 2.1830 0.6013 0.4793 
3.1201 0.0101 2.1808 0.6144 0.5918 
3.1201 0.0101 2.1808 0.6144 0.5918 
3.1201 0.0001 2.1763 0.5831 0.5962 
3.1501 0.0001 2.1795 0.5809 0.7098 
3.1201 0.0401 2.1801 0.7415 0.5825 
3.1501 0.0401 2.1799 0.7482 0.6902 
3.1501 0.0501 2.1743 0.8054 0.6882 
3.1201 0.0401 2.1801 0.7415 0.5825 
3.1501 0.0501 2.1743 0.8054 0.6882 
3.1101 0.0455 2.1801 0.7610 0.5452 
3.1101 0.0455 2.1801 0.7610 0.5452 
3.1201 0.0401 2.1801 0.7415 0.5825 
3.1201 0.0401 2.1801 0.7415 0.5825 
3.1501 0.0401 2.1799 0.7482 0.6902 
3.1301 0.0301 2.1751 0.7185 0.6235 
3.1501 0.0301 2.1767 0.7178 0.6964 
3.1501 0.0401 2.1799 0.7482 0.6902 
3.1201 0.0401 2.1801 0.7415 0.5825 
3.1301 0.0301 2.1751 0.7185 0.6235 
3.1201 0.0401 2.1801 0.7415 0.5825 
3.1301 0.0301 2.1751 0.7185 0.6235 
3.1201 0.0401 2.1801 0.7415 0.5825 
3.1201 0.0401 2.1801 0.7415 0.5825 
3.1201 0.0301 2.1817 0.6961 0.5852 
3.1301 0.0301 2.1751 0.7185 0.6235 
3.1201 0.0401 2.1801 0.7415 0.5825 
3.1201 0.0401 2.1801 0.7415 0.5825 
3.1201 0.0401 2.1801 0.7415 0.5825 
3.1101 0.0455 2.1801 0.7610 0.5452 
3.0801 0.0301 2.1724 0.7161 0.4382 
3.1201 0.0301 2.1817 0.6961 0.5852 
3.1401 0.0201 2.1796 0.6651 0.6628 
3.1301 0.0301 2.1751 0.7185 0.6235 
3.1401 0.0101 2.1761 0.6327 0.6687 
3.1501 0.0301 2.1767 0.7178 0.6964 
3.1301 0.0301 2.1751 0.7185 0.6235 
3.1401 0.0201 2.1796 0.6651 0.6628 
3.1301 0.0301 2.1751 0.7185 0.6235 
3.1201 0.0301 2.1817 0.6961 0.5852 
3.1001 0.0201 2.1826 0.6474 0.5145 
3.1201 0.0301 2.1817 0.6961 0.5852 
3.0801 0.0301 2.1724 0.7161 0.4382 
3.1001 0.0201 2.1826 0.6474 0.5145 
3.1401 0.0101 2.1761 0.6327 0.6687 
3.1301 0.0301 2.1751 0.7185 0.6235 
3.1201 0.0101 2.1808 0.6144 0.5918 
3.1301 0.0301 2.1751 0.7185 0.6235 
3.1001 0.0201 2.1826 0.6474 0.5145 
3.1201 0.0101 2.1808 0.6144 0.5918 
3.1401 0.0101 2.1761 0.6327 0.6687 
3.1201 0.0101 2.1808 0.6144 0.5918 
3.1501 0.0001 2.1795 0.5809 0.7098 
3.0901 0.0101 2.1830 0.6013 0.4793 
3.1201 0.0001 2.1763 0.5831 0.5962 
3.1201 0.0101 2.1808 0.6144 0.5918 
3.2201 -0.0199 2.1754 0.5171 0.9994 
3.2101 -0.0099 2.1749 0.5630 0.9516 
3.2001 -0.0199 2.1698 0.5282 0.9274 
3.2001 -0.0199 2.1698 0.5282 0.9274 
3.2101 -0.0099 2.1749 0.5630 0.9516 
3.1901 0.0001 2.1780 0.5944 0.8631 
3.2201 -0.0199 2.1754 0.5171 0.9994 
3.2001 -0.0199 2.1698 0.5282 0.9274 
3.2101 -0.0299 2.1782 0.4593 0.9660 
3.1901 -0.0099 2.1658 0.5847 0.8833 
3.1901 0.0001 2.1780 0.5944 0.8631 
3.1601 -0.0099 2.1705 0.5636 0.7599 
3.2001 -0.0199 2.1698 0.5282 0.9274 
3.1901 -0.0099 2.1658 0.5847 0.8833 
3.1901 -0.0299 2.1777 0.4555 0.8870 
3.2001 -0.0199 2.1698 0.5282 0.9274 
3.1901 0.0001 2.1780 0.5944 0.8631 
3.1901 -0.0099 2.1658 0.5847 0.8833 
3.1601 -0.0099 2.1705 0.5636 0.7599 
3.1601 -0.0199 2.1792 0.4922 0.7599 
3.1901 -0.0299 2.1777 0.4555 0.8870 
3.1901 -0.0099 2.1658 0.5847 0.8833 
3.1601 -0.0099 2.1705 0.5636 0.7599 
3.1901 -0.0299 2.1777 0.4555 0.8870 
3.1601 -0.0099 2.1705 0.5636 0.7599 
3.1501 0.0001 2.1795 0.5809 0.7098 
3.1601 -0.0199 2.1792 0.4922 0.7599 
3.2001 -0.0199 2.1698 0.5282 0.9274 
3.1901 -0.0299 2.1777 0.4555 0.8870 
3.2101 -0.0299 2.1782 0.4593 0.9660 
3.2101 -0.0299 2.1782 0.4593 0.9660 
3.1901 -0.0299 2.1777 0.4555 0.8870 
3.2001 -0.0499 2.1743 0.3662 0.9496 
3.2001 -0.0499 2.1743 0.3662 0.9496 
3.1901 -0.0299 2.1777 0.4555 0.8870 
3.1601 -0.0399 2.1735 0.4090 0.7770 
3.1901 -0.0299 2.1777 0.4555 0.8870 
3.1601 -0.0199 2.1792 0.4922 0.7599 
3.1601 -0.0399 2.1735 0.4090 0.7770 
3.1601 -0.0399 2.1735 0.4090 0.7770 
3.1601 -0.0199 2.1792 0.4922 0.7599 
3.1401 -0.0299 2.1707 0.4614 0.6907 
3.2001 -0.0499 2.1743 0.3662 0.9496 
3.1601 -0.0399 2.1735 0.4090 0.7770 
3.1801 -0.0499 2.1788 0.3500 0.8618 
3.1601 -0.0399 2.1735 0.4090 0.7770 
3.1401 -0.0299 2.1707 0.4614 0.6907 
3.1601 -0.0599 2.1821 0.2851 0.7836 
3.1201 -0.0299 2.1772 0.4392 0.6068 
3.1201 -0.0499 2.1810 0.3288 0.6134 
3.1401 -0.0699 2.1788 0.2335 0.7081 
3.1601 -0.0199 2.1792 0.4922 0.7599 
3.1501 0.0001 2.1795 0.5809 0.7098 
3.1401 -0.0299 2.1707 0.4614 0.6907 
3.1201 0.0001 2.1763 0.5831 0.5962 
3.1401 -0.0299 2.1707 0.4614 0.6907 
3.1501 0.0001 2.1795 0.5809 0.7098 
3.1201 0.0001 2.1763 0.5831 0.5962 
3.1301 -0.0199 2.1818 0.4779 0.6410 
3.1401 -0.0299 2.1707 0.4614 0.6907 
3.1201 0.0001 2.1763 0.5831 0.5962 
3.1001 -0.0199 2.1773 0.4824 0.5237 
3.1301 -0.0199 2.1818 0.4779 0.6410 
3.1301 -0.0199 2.1818 0.4779 0.6410 
3.1201 -0.0299 2.1772 0.4392 0.6068 
3.1401 -0.0299 2.1707 0.4614 0.6907 
3.1301 -0.0199 2.1818 0.4779 0.6410 
3.1001 -0.0199 2.1773 0.4824 0.5237 
3.1201 -0.0299 2.1772 0.4392 0.6068 
3.1201 -0.0399 2.1782 0.3866 0.6103 
3.1001 -0.0199 2.1773 0.4824 0.5237 
3.1101 -0.0399 2.1738 0.3951 0.5703 
3.1201 -0.0299 2.1772 0.4392 0.6068 
3.1001 -0.0199 2.1773 0.4824 0.5237 
3.1201 -0.0399 2.1782 0.3866 0.6103 
3.1401 -0.0299 2.1707 0.4614 0.6907 
3.1201 -0.0299 2.1772 0.4392 0.6068 
3.1601 -0.0599 2.1821 0.2851 0.7836 
3.1201 -0.0299 2.1772 0.4392 0.6068 
3.1201 -0.0399 2.1782 0.3866 0.6103 
3.1201 -0.0499 2.1810 0.3288 0.6134 
3.1101 -0.0499 2.1801 0.3283 0.5724 
3.1201 -0.0399 2.1782 0.3866 0.6103 
3.1101 -0.0399 2.1738 0.3951 0.5703 
3.1101 -0.0499 2.1801 0.3283 0.5724 
3.1201 -0.0399 2.1782 0.3866 0.6103 
3.1101 -0.0499 2.1801 0.3283 0.5724 
3.1101 -0.0499 2.1801 0.3283 0.5724 
3.1201 -0.0499 2.1810 0.3288 0.6134 
3.1201 -0.0399 2.1782 0.3866 0.6103 
3.1101 -0.0499 2.1801 0.3283 0.5724 
3.1101 -0.0499 2.1801 0.3283 0.5724 
3.1026 -0.0399 2.1801 0.3774 0.5387 
3.1101 -0.0499 2.1801 0.3283 0.5724 
3.1101 -0.0399 2.1738 0.3951 0.5703 
3.1026 -0.0399 2.1801 0.3774 0.5387 
3.1801 -0.0599 2.1801 0.2950 0.8687 
3.1801 -0.0599 2.1801 0.2950 0.8687 
3.1801 -0.0599 2.1801 0.2950 0.8687 
3.1801 -0.0599 2.1801 0.2950 0.8687 
3.1801 -0.0599 2.1801 0.2950 0.8687 
3.1801 -0.0599 2.1801 0.2950 0.8687 
3.1801 -0.0599 2.1801 0.2950 0.8687 
3.1801 -0.0599 2.1801 0.2950 0.8687 
3.1801 -0.0599 2.1801 0.2950 0.8687 
3.1801 -0.0599 2.1801 0.2950 0.8687 
3.1801 -0.0599 2.1801 0.2950 0.8687 
3.1801 -0.0599 2.1801 0.2950 0.8687 
3.1601 -0.0599 2.1821 0.2851 0.7836 
3.1401 -0.0699 2.1788 0.2335 0.7081 
3.1501 -0.0899 2.1811 0.1265 0.7624 
3.1501 -0.0999 2.1815 0.0841 0.7691 
3.1801 -0.0999 2.1820 0.0887 0.9021 
3.1501 -0.0899 2.1811 0.1265 0.7624 
3.1801 -0.0499 2.1788 0.3500 0.8618 
3.1901 -0.0599 2.1778 0.3029 0.9130 
3.2001 -0.0499 2.1743 0.3662 0.9496 
3.1801 -0.0599 2.1801 0.2950 0.8687 
3.1901 -0.0599 2.1778 0.3029 0.9130 
3.1801 -0.0499 2.1788 0.3500 0.8618 
3.1801 -0.0599 2.1801 0.2950 0.8687 
3.1801 -0.0599 2.1801 0.2950 0.8687 
3.1901 -0.0599 2.1778 0.3029 0.9130 
3.1801 -0.0599 2.1801 0.2950 0.8687 
3.1801 -0.0499 2.1788 0.3500 0.8618 
3.1601 -0.0399 2.1735 0.4090 0.7770 
3.1801 -0.0599 2.1801 0.2950 0.8687 
3.1801 -0.0599 2.1801 0.2950 0.8687 
3.1801 -0.0499 2.1788 0.3500 0.8618 
3.1801 -0.0599 2.1801 0.2950 0.8687 
3.1801 -0.0699 2.1762 0.2503 0.8816 
3.1901 -0.0599 2.1778 0.3029 0.9130 
3.1801 -0.0599 2.1801 0.2950 0.8687 
3.1801 -0.0599 2.1801 0.2950 0.8687 
3.1801 -0.0699 2.1762 0.2503 0.8816 
3.1801 -0.0599 2.1801 0.2950 0.8687 
3.1601 -0.0399 2.1735 0.4090 0.7770 
3.1801 -0.0699 2.1762 0.2503 0.8816 
3.1801 -0.0599 2.1801 0.2950 0.8687 
3.1801 -0.0599 2.1801 0.2950 0.8687 
3.1801 -0.0699 2.1762 0.2503 0.8816 
3.1601 -0.0399 2.1735 0.4090 0.7770 
3.1601 -0.0599 2.1821 0.2851 0.7836 
3.1801 -0.0699 2.1762 0.2503 0.8816 
3.1801 -0.0699 2.1762 0.2503 0.8816 
3.1501 -0.0899 2.1811 0.1265 0.7624 
3.1801 -0.0999 2.1820 0.0887 0.9021 
3.1801 -0.0699 2.1762 0.2503 0.8816 
3.1601 -0.0599 2.1821 0.2851 0.7836 
3.1501 -0.0899 2.1811 0.1265 0.7624 
3.1101 -0.0499 2.1801 0.3283 0.5724 
3.1101 -0.0599 2.1807 0.2746 0.5756 
3.1201 -0.0499 2.1810 0.3288 0.6134 
3.1101 -0.0499 2.1801 0.3283 0.5724 
3.1201 -0.0499 2.1810 0.3288 0.6134 
3.1101 -0.0499 2.1801 0.3283 0.5724 
3.1101 -0.0499 2.1801 0.3283 0.5724 
3.1101 -0.0599 2.1807 0.2746 0.5756 
3.1101 -0.0499 2.1801 0.3283 0.5724 
3.1401 -0.0699 2.1788 0.2335 0.7081 
3.1201 -0.0499 2.1810 0.3288 0.6134 
3.1201 -0.0799 2.1862 0.1610 0.6240 
3.1201 -0.0499 2.1810 0.3288 0.6134 
3.1101 -0.0599 2.1807 0.2746 0.5756 
3.1201 -0.0799 2.1862 0.1610 0.6240 
3.1101 -0.0599 2.1807 0.2746 0.5756 
3.1101 -0.0499 2.1801 0.3283 0.5724 
3.0901 -0.0799 2.1851 0.1548 0.4958 
3.1401 -0.0699 2.1788 0.2335 0.7081 
3.1201 -0.0799 2.1862 0.1610 0.6240 
3.1501 -0.0899 2.1811 0.1265 0.7624 
3.1201 -0.0799 2.1862 0.1610 0.6240 
3.1101 -0.0599 2.1807 0.2746 0.5756 
3.1101 -0.0999 2.1813 0.0786 0.5901 
3.1101 -0.0599 2.1807 0.2746 0.5756 
3.0901 -0.0799 2.1851 0.1548 0.4958 
3.1101 -0.0999 2.1813 0.0786 0.5901 
3.1501 -0.0999 2.1815 0.0841 0.7691 
3.1201 -0.0799 2.1862 0.1610 0.6240 
3.1101 -0.0999 2.1813 0.0786 0.5901 
3.1501 -0.0899 2.1811 0.1265 0.7624 
3.1201 -0.0799 2.1862 0.1610 0.6240 
3.1501 -0.0999 2.1815 0.0841 0.7691 
3.1401 -0.0699 2.1788 0.2335 0.7081 
3.1601 -0.0599 2.1821 0.2851 0.7836 
3.1201 -0.0299 2.1772 0.4392 0.6068 
3.1101 -0.0499 2.1801 0.3283 0.5724 
3.1101 -0.0499 2.1801 0.3283 0.5724 
3.1101 -0.0499 2.1801 0.3283 0.5724 
3.1101 -0.0499 2.1801 0.3283 0.5724 
3.1101 -0.0499 2.1801 0.3283 0.5724 
3.1101 -0.0499 2.1801 0.3283 0.5724 
