NUMPOLLIES 312.000000 

2.9901 0.2682 2.1801 0.9540 0.9361 
2.9801 0.2701 2.1801 0.9468 0.9724 
2.9801 0.2701 2.1801 0.9468 0.9724 
2.9801 0.2701 2.1801 0.9468 0.9724 
2.9801 0.2701 2.1801 0.9468 0.9724 
2.9801 0.2701 2.1801 0.9468 0.9724 
2.9801 0.2701 2.1801 0.9468 0.9724 
2.9801 0.2701 2.1801 0.9468 0.9724 
2.9801 0.2701 2.1801 0.9468 0.9724 
2.9801 0.3001 2.1801 0.7937 0.9710 
2.9801 0.3001 2.1801 0.7937 0.9710 
2.9801 0.3001 2.1801 0.7937 0.9710 
2.9801 0.3001 2.1801 0.7937 0.9710 
2.9801 0.3001 2.1801 0.7937 0.9710 
2.9801 0.3001 2.1801 0.7937 0.9710 
2.9801 0.2701 2.1801 0.9468 0.9724 
2.9801 0.2801 2.1804 0.8952 0.9715 
2.9801 0.2701 2.1801 0.9468 0.9724 
2.9801 0.2701 2.1801 0.9468 0.9724 
2.9901 0.2682 2.1801 0.9540 0.9361 
2.9801 0.2801 2.1804 0.8952 0.9715 
3.0001 0.2901 2.1808 0.8389 0.8987 
2.9701 0.2901 2.1906 0.8458 0.9929 
2.9801 0.2801 2.1804 0.8952 0.9715 
2.9801 0.3001 2.1801 0.7937 0.9710 
2.9901 0.3001 2.1804 0.7911 0.9347 
2.9801 0.3001 2.1801 0.7937 0.9710 
2.9801 0.3001 2.1801 0.7937 0.9710 
2.9701 0.2901 2.1906 0.8458 0.9929 
2.9901 0.3001 2.1804 0.7911 0.9347 
2.9701 0.2901 2.1906 0.8458 0.9929 
3.0001 0.2901 2.1808 0.8389 0.8987 
2.9901 0.3001 2.1804 0.7911 0.9347 
3.0201 0.2901 2.1795 0.8337 0.8282 
2.9801 0.2801 2.1804 0.8952 0.9715 
2.9901 0.2682 2.1801 0.9540 0.9361 
3.0301 0.2801 2.1792 0.8821 0.7921 
3.0201 0.2901 2.1795 0.8337 0.8282 
3.0501 0.2601 2.1762 0.9818 0.7201 
3.0501 0.2601 2.1762 0.9818 0.7201 
3.0201 0.2901 2.1795 0.8337 0.8282 
2.9901 0.2682 2.1801 0.9540 0.9361 
3.0001 0.2901 2.1808 0.8389 0.8987 
2.9801 0.2801 2.1804 0.8952 0.9715 
3.0201 0.2901 2.1795 0.8337 0.8282 
3.0301 0.2901 2.1801 0.8311 0.7917 
3.0301 0.2901 2.1801 0.8311 0.7917 
3.0201 0.2901 2.1795 0.8337 0.8282 
3.0301 0.2901 2.1801 0.8311 0.7917 
3.0201 0.2901 2.1795 0.8337 0.8282 
3.0301 0.2801 2.1792 0.8821 0.7921 
3.0301 0.2901 2.1801 0.8311 0.7917 
3.0301 0.2901 2.1801 0.8311 0.7917 
3.0301 0.2801 2.1792 0.8821 0.7921 
3.0301 0.2901 2.1801 0.8311 0.7917 
3.0301 0.2801 2.1792 0.8821 0.7921 
3.0401 0.2901 2.1781 0.8286 0.7573 
3.0201 0.2901 2.1795 0.8337 0.8282 
3.0101 0.3101 2.1787 0.7357 0.8651 
3.0001 0.2901 2.1808 0.8389 0.8987 
3.0301 0.2901 2.1801 0.8311 0.7917 
3.0301 0.2901 2.1801 0.8311 0.7917 
3.0301 0.3001 2.1786 0.7806 0.7933 
3.0301 0.2901 2.1801 0.8311 0.7917 
3.0301 0.3001 2.1786 0.7806 0.7933 
3.0201 0.2901 2.1795 0.8337 0.8282 
3.0301 0.2901 2.1801 0.8311 0.7917 
3.0301 0.2901 2.1801 0.8311 0.7917 
3.0401 0.2901 2.1781 0.8286 0.7573 
3.0301 0.2901 2.1801 0.8311 0.7917 
3.0401 0.2901 2.1781 0.8286 0.7573 
3.0301 0.3001 2.1786 0.7806 0.7933 
3.0401 0.3060 2.1801 0.7487 0.7568 
3.0301 0.3001 2.1786 0.7806 0.7933 
3.0401 0.2901 2.1781 0.8286 0.7573 
3.0301 0.2901 2.1801 0.8311 0.7917 
3.0301 0.2901 2.1801 0.8311 0.7917 
3.0301 0.2901 2.1801 0.8311 0.7917 
3.0301 0.2901 2.1801 0.8311 0.7917 
3.0301 0.2901 2.1801 0.8311 0.7917 
3.0301 0.2901 2.1801 0.8311 0.7917 
3.0301 0.2901 2.1801 0.8311 0.7917 
3.0301 0.2901 2.1801 0.8311 0.7917 
3.0301 0.2901 2.1801 0.8311 0.7917 
3.0301 0.2901 2.1801 0.8311 0.7917 
3.0301 0.2901 2.1801 0.8311 0.7917 
3.0301 0.2901 2.1801 0.8311 0.7917 
3.0801 0.2801 2.1761 0.8694 0.6126 
3.0801 0.3001 2.1774 0.7674 0.6149 
3.0501 0.2601 2.1762 0.9818 0.7201 
3.0801 0.3001 2.1774 0.7674 0.6149 
3.0401 0.2901 2.1781 0.8286 0.7573 
3.0501 0.2601 2.1762 0.9818 0.7201 
3.0501 0.2601 2.1762 0.9818 0.7201 
3.0401 0.2901 2.1781 0.8286 0.7573 
3.0301 0.2801 2.1792 0.8821 0.7921 
3.1001 0.2901 2.1811 0.8127 0.5412 
3.0801 0.3001 2.1774 0.7674 0.6149 
3.0801 0.2801 2.1761 0.8694 0.6126 
3.0401 0.2901 2.1781 0.8286 0.7573 
3.0801 0.3001 2.1774 0.7674 0.6149 
3.0701 0.3001 2.1819 0.7705 0.6488 
3.0801 0.3001 2.1774 0.7674 0.6149 
3.1001 0.2901 2.1811 0.8127 0.5412 
3.1001 0.3001 2.1764 0.7621 0.5434 
3.0701 0.3001 2.1819 0.7705 0.6488 
3.0401 0.3060 2.1801 0.7487 0.7568 
3.0401 0.2901 2.1781 0.8286 0.7573 
2.9801 0.3001 2.1801 0.7937 0.9710 
2.9801 0.3001 2.1801 0.7937 0.9710 
2.9801 0.3001 2.1801 0.7937 0.9710 
2.9801 0.3001 2.1801 0.7937 0.9710 
2.9801 0.3001 2.1801 0.7937 0.9710 
2.9801 0.3001 2.1801 0.7937 0.9710 
2.9801 0.3001 2.1801 0.7937 0.9710 
2.9801 0.3101 2.1820 0.7441 0.9680 
2.9801 0.3001 2.1801 0.7937 0.9710 
2.9801 0.3001 2.1801 0.7937 0.9710 
2.9901 0.3001 2.1804 0.7911 0.9347 
2.9801 0.3101 2.1820 0.7441 0.9680 
3.0001 0.2901 2.1808 0.8389 0.8987 
2.9801 0.3101 2.1820 0.7441 0.9680 
2.9901 0.3001 2.1804 0.7911 0.9347 
3.0101 0.3201 2.1867 0.6889 0.8571 
2.9701 0.3201 2.1860 0.6987 0.9973 
2.9801 0.3101 2.1820 0.7441 0.9680 
3.0001 0.3301 2.1820 0.6412 0.8969 
2.9701 0.3201 2.1860 0.6987 0.9973 
3.0101 0.3201 2.1867 0.6889 0.8571 
2.9801 0.3801 2.1880 0.4172 0.9575 
2.9701 0.3901 2.1852 0.3716 0.9943 
2.9801 0.3701 2.1839 0.4587 0.9629 
2.9901 0.3901 2.1835 0.3649 0.9286 
2.9801 0.3801 2.1880 0.4172 0.9575 
2.9801 0.3701 2.1839 0.4587 0.9629 
3.0001 0.3801 2.1855 0.4099 0.8927 
2.9901 0.3901 2.1835 0.3649 0.9286 
2.9801 0.3701 2.1839 0.4587 0.9629 
2.9801 0.3801 2.1880 0.4172 0.9575 
2.9901 0.3901 2.1835 0.3649 0.9286 
2.9701 0.3901 2.1852 0.3716 0.9943 
3.0001 0.2901 2.1808 0.8389 0.8987 
3.0101 0.3101 2.1787 0.7357 0.8651 
2.9801 0.3101 2.1820 0.7441 0.9680 
3.0401 0.3101 2.1784 0.7279 0.7582 
3.0101 0.3101 2.1787 0.7357 0.8651 
3.0301 0.3001 2.1786 0.7806 0.7933 
3.0301 0.3001 2.1786 0.7806 0.7933 
3.0101 0.3101 2.1787 0.7357 0.8651 
3.0201 0.2901 2.1795 0.8337 0.8282 
3.0401 0.3060 2.1801 0.7487 0.7568 
3.0401 0.3101 2.1784 0.7279 0.7582 
3.0301 0.3001 2.1786 0.7806 0.7933 
3.0501 0.3101 2.1801 0.7257 0.7216 
3.0401 0.3101 2.1784 0.7279 0.7582 
3.0401 0.3060 2.1801 0.7487 0.7568 
3.0501 0.3101 2.1801 0.7257 0.7216 
3.0501 0.3101 2.1801 0.7257 0.7216 
3.0401 0.3060 2.1801 0.7487 0.7568 
3.0401 0.3101 2.1784 0.7279 0.7582 
3.0501 0.3101 2.1801 0.7257 0.7216 
3.0501 0.3101 2.1801 0.7257 0.7216 
3.0101 0.3101 2.1787 0.7357 0.8651 
3.0101 0.3201 2.1867 0.6889 0.8571 
2.9801 0.3101 2.1820 0.7441 0.9680 
3.0101 0.3201 2.1867 0.6889 0.8571 
3.0101 0.3101 2.1787 0.7357 0.8651 
3.0201 0.3201 2.1910 0.6878 0.8187 
3.0201 0.3201 2.1910 0.6878 0.8187 
3.0101 0.3101 2.1787 0.7357 0.8651 
3.0401 0.3101 2.1784 0.7279 0.7582 
3.0501 0.3301 2.1850 0.6302 0.7201 
3.0201 0.3201 2.1910 0.6878 0.8187 
3.0401 0.3101 2.1784 0.7279 0.7582 
3.0501 0.3101 2.1801 0.7257 0.7216 
3.0501 0.3301 2.1850 0.6302 0.7201 
3.0401 0.3101 2.1784 0.7279 0.7582 
3.0201 0.3201 2.1910 0.6878 0.8187 
3.0201 0.3301 2.1819 0.6362 0.8269 
3.0101 0.3201 2.1867 0.6889 0.8571 
3.0101 0.3201 2.1867 0.6889 0.8571 
3.0201 0.3301 2.1819 0.6362 0.8269 
3.0001 0.3301 2.1820 0.6412 0.8969 
3.0201 0.3301 2.1819 0.6362 0.8269 
3.0201 0.3201 2.1910 0.6878 0.8187 
3.0501 0.3301 2.1850 0.6302 0.7201 
3.0201 0.3301 2.1819 0.6362 0.8269 
3.0001 0.3401 2.1864 0.5957 0.8921 
3.0001 0.3301 2.1820 0.6412 0.8969 
3.0501 0.3301 2.1850 0.6302 0.7201 
3.0001 0.3401 2.1864 0.5957 0.8921 
3.0201 0.3301 2.1819 0.6362 0.8269 
3.0601 0.3101 2.1797 0.7231 0.6863 
3.0501 0.3101 2.1801 0.7257 0.7216 
3.0501 0.3101 2.1801 0.7257 0.7216 
3.0701 0.3001 2.1819 0.7705 0.6488 
3.0801 0.3001 2.1774 0.7674 0.6149 
3.0601 0.3112 2.1801 0.7178 0.6862 
3.0801 0.3201 2.1801 0.6689 0.6166 
3.0801 0.3001 2.1774 0.7674 0.6149 
3.1001 0.3001 2.1764 0.7621 0.5434 
3.1001 0.3001 2.1764 0.7621 0.5434 
3.1001 0.3201 2.1775 0.6627 0.5465 
3.0801 0.3201 2.1801 0.6689 0.6166 
3.0501 0.3101 2.1801 0.7257 0.7216 
3.0601 0.3101 2.1797 0.7231 0.6863 
3.0601 0.3112 2.1801 0.7178 0.6862 
3.0501 0.3101 2.1801 0.7257 0.7216 
3.0501 0.3101 2.1801 0.7257 0.7216 
3.0601 0.3112 2.1801 0.7178 0.6862 
3.0601 0.3112 2.1801 0.7178 0.6862 
3.0801 0.3001 2.1774 0.7674 0.6149 
3.0801 0.3201 2.1801 0.6689 0.6166 
3.0901 0.3301 2.1780 0.6166 0.5833 
3.1001 0.3201 2.1775 0.6627 0.5465 
3.1201 0.3401 2.1778 0.5606 0.4797 
3.0801 0.3201 2.1801 0.6689 0.6166 
3.0601 0.3401 2.1806 0.5774 0.6886 
3.0501 0.3301 2.1850 0.6302 0.7201 
3.0801 0.3201 2.1801 0.6689 0.6166 
3.0901 0.3301 2.1780 0.6166 0.5833 
3.0901 0.3401 2.1833 0.5717 0.5835 
3.0601 0.3401 2.1806 0.5774 0.6886 
3.0801 0.3201 2.1801 0.6689 0.6166 
3.0901 0.3401 2.1833 0.5717 0.5835 
3.0901 0.3301 2.1780 0.6166 0.5833 
3.1201 0.3401 2.1778 0.5606 0.4797 
3.0901 0.3401 2.1833 0.5717 0.5835 
3.0601 0.3501 2.1801 0.5294 0.6898 
3.0601 0.3501 2.1801 0.5294 0.6898 
3.0601 0.3501 2.1801 0.5294 0.6898 
3.0601 0.3501 2.1801 0.5294 0.6898 
3.0601 0.3501 2.1801 0.5294 0.6898 
3.0601 0.3501 2.1801 0.5294 0.6898 
3.0501 0.3101 2.1801 0.7257 0.7216 
3.0701 0.3001 2.1819 0.7705 0.6488 
3.0601 0.3101 2.1797 0.7231 0.6863 
3.0401 0.3060 2.1801 0.7487 0.7568 
3.0701 0.3001 2.1819 0.7705 0.6488 
3.0501 0.3101 2.1801 0.7257 0.7216 
3.0601 0.3101 2.1797 0.7231 0.6863 
3.0701 0.3001 2.1819 0.7705 0.6488 
3.0601 0.3112 2.1801 0.7178 0.6862 
3.0601 0.3112 2.1801 0.7178 0.6862 
3.0501 0.3301 2.1850 0.6302 0.7201 
3.0501 0.3101 2.1801 0.7257 0.7216 
3.0501 0.3301 2.1850 0.6302 0.7201 
3.0601 0.3112 2.1801 0.7178 0.6862 
3.0801 0.3201 2.1801 0.6689 0.6166 
3.0901 0.3301 2.1780 0.6166 0.5833 
3.0801 0.3201 2.1801 0.6689 0.6166 
3.1001 0.3201 2.1775 0.6627 0.5465 
3.0601 0.3401 2.1806 0.5774 0.6886 
3.0501 0.3501 2.1816 0.5330 0.7236 
3.0501 0.3301 2.1850 0.6302 0.7201 
3.0601 0.3501 2.1801 0.5294 0.6898 
3.0601 0.3401 2.1806 0.5774 0.6886 
3.0601 0.3501 2.1801 0.5294 0.6898 
3.0601 0.3501 2.1801 0.5294 0.6898 
3.0501 0.3501 2.1816 0.5330 0.7236 
3.0601 0.3401 2.1806 0.5774 0.6886 
3.0601 0.3501 2.1801 0.5294 0.6898 
3.0701 0.3501 2.1805 0.5273 0.6548 
3.0601 0.3501 2.1801 0.5294 0.6898 
3.0601 0.3501 2.1801 0.5294 0.6898 
3.0601 0.3401 2.1806 0.5774 0.6886 
3.0701 0.3501 2.1805 0.5273 0.6548 
3.0701 0.3501 2.1805 0.5273 0.6548 
3.0901 0.3401 2.1833 0.5717 0.5835 
3.0901 0.3501 2.1782 0.5206 0.5860 
3.0701 0.3501 2.1805 0.5273 0.6548 
3.0601 0.3401 2.1806 0.5774 0.6886 
3.0901 0.3401 2.1833 0.5717 0.5835 
3.0901 0.3501 2.1782 0.5206 0.5860 
3.0901 0.3401 2.1833 0.5717 0.5835 
3.1101 0.3601 2.1858 0.4754 0.5178 
3.0401 0.3701 2.1825 0.4430 0.7588 
2.9801 0.3701 2.1839 0.4587 0.9629 
3.0001 0.3401 2.1864 0.5957 0.8921 
3.0501 0.3301 2.1850 0.6302 0.7201 
3.0401 0.3701 2.1825 0.4430 0.7588 
3.0001 0.3401 2.1864 0.5957 0.8921 
3.0501 0.3501 2.1816 0.5330 0.7236 
3.0401 0.3701 2.1825 0.4430 0.7588 
3.0501 0.3301 2.1850 0.6302 0.7201 
3.0401 0.3701 2.1825 0.4430 0.7588 
3.0001 0.3801 2.1855 0.4099 0.8927 
2.9801 0.3701 2.1839 0.4587 0.9629 
3.0601 0.3601 2.1802 0.4824 0.6906 
3.0401 0.3701 2.1825 0.4430 0.7588 
3.0501 0.3501 2.1816 0.5330 0.7236 
3.0401 0.4101 2.1866 0.2697 0.7582 
3.0101 0.4001 2.1831 0.3153 0.8612 
3.0401 0.3701 2.1825 0.4430 0.7588 
3.0401 0.3701 2.1825 0.4430 0.7588 
3.0101 0.4001 2.1831 0.3153 0.8612 
3.0001 0.3801 2.1855 0.4099 0.8927 
3.0601 0.3601 2.1802 0.4824 0.6906 
3.0401 0.4101 2.1866 0.2697 0.7582 
3.0401 0.3701 2.1825 0.4430 0.7588 
3.0001 0.3801 2.1855 0.4099 0.8927 
3.0101 0.4001 2.1831 0.3153 0.8612 
2.9901 0.4101 2.1874 0.2820 0.9238 
3.0601 0.3501 2.1801 0.5294 0.6898 
3.0601 0.3501 2.1801 0.5294 0.6898 
3.0601 0.3501 2.1801 0.5294 0.6898 
3.0601 0.3501 2.1801 0.5294 0.6898 
3.0601 0.3501 2.1801 0.5294 0.6898 
3.0601 0.3501 2.1801 0.5294 0.6898 
3.0901 0.3701 2.1793 0.4278 0.5886 
3.0601 0.3601 2.1802 0.4824 0.6906 
3.0701 0.3501 2.1805 0.5273 0.6548 
3.1001 0.3801 2.1801 0.3804 0.5556 
3.0901 0.3801 2.1803 0.3829 0.5897 
3.0901 0.3701 2.1793 0.4278 0.5886 
3.1001 0.3801 2.1801 0.3804 0.5556 
3.0901 0.3701 2.1793 0.4278 0.5886 
3.1001 0.3801 2.1801 0.3804 0.5556 
3.1001 0.3801 2.1801 0.3804 0.5556 
3.1001 0.3801 2.1801 0.3804 0.5556 
3.1001 0.3801 2.1801 0.3804 0.5556 
3.0601 0.3501 2.1801 0.5294 0.6898 
3.0501 0.3501 2.1816 0.5330 0.7236 
3.0601 0.3501 2.1801 0.5294 0.6898 
3.0601 0.3501 2.1801 0.5294 0.6898 
3.0601 0.3601 2.1802 0.4824 0.6906 
3.0501 0.3501 2.1816 0.5330 0.7236 
3.0601 0.3501 2.1801 0.5294 0.6898 
3.0601 0.3601 2.1802 0.4824 0.6906 
3.0601 0.3501 2.1801 0.5294 0.6898 
3.0601 0.3501 2.1801 0.5294 0.6898 
3.0701 0.3501 2.1805 0.5273 0.6548 
3.0601 0.3601 2.1802 0.4824 0.6906 
3.0901 0.3701 2.1793 0.4278 0.5886 
3.0701 0.3501 2.1805 0.5273 0.6548 
3.0901 0.3501 2.1782 0.5206 0.5860 
3.0601 0.4001 2.1806 0.3005 0.6939 
3.0401 0.4101 2.1866 0.2697 0.7582 
3.0601 0.3601 2.1802 0.4824 0.6906 
3.0701 0.3901 2.1876 0.3514 0.6561 
3.0601 0.4001 2.1806 0.3005 0.6939 
3.0901 0.3701 2.1793 0.4278 0.5886 
3.0901 0.3701 2.1793 0.4278 0.5886 
3.0601 0.4001 2.1806 0.3005 0.6939 
3.0601 0.3601 2.1802 0.4824 0.6906 
3.0901 0.3801 2.1803 0.3829 0.5897 
3.0701 0.3901 2.1876 0.3514 0.6561 
3.0901 0.3701 2.1793 0.4278 0.5886 
3.1001 0.3801 2.1801 0.3804 0.5556 
3.0901 0.3801 2.1803 0.3829 0.5897 
3.1001 0.3801 2.1801 0.3804 0.5556 
3.1001 0.3801 2.1801 0.3804 0.5556 
3.1001 0.3901 2.1835 0.3395 0.5566 
3.0901 0.3801 2.1803 0.3829 0.5897 
3.1001 0.3901 2.1835 0.3395 0.5566 
3.0701 0.3901 2.1876 0.3514 0.6561 
3.0901 0.3801 2.1803 0.3829 0.5897 
3.0701 0.4101 2.1856 0.2616 0.6589 
3.0601 0.4001 2.1806 0.3005 0.6939 
3.0701 0.3901 2.1876 0.3514 0.6561 
3.1001 0.3901 2.1835 0.3395 0.5566 
3.0701 0.4101 2.1856 0.2616 0.6589 
3.0701 0.3901 2.1876 0.3514 0.6561 
3.0001 0.3801 2.1855 0.4099 0.8927 
2.9901 0.4101 2.1874 0.2820 0.9238 
2.9901 0.3901 2.1835 0.3649 0.9286 
2.9901 0.4201 2.1845 0.2353 0.9267 
2.9701 0.4201 2.1948 0.2543 0.9806 
2.9901 0.4101 2.1874 0.2820 0.9238 
2.9901 0.4101 2.1874 0.2820 0.9238 
3.0201 0.4101 2.1921 0.2816 0.8201 
2.9901 0.4201 2.1845 0.2353 0.9267 
2.9901 0.4201 2.1845 0.2353 0.9267 
3.0201 0.4301 2.1864 0.1903 0.8254 
2.9801 0.4401 2.1938 0.1703 0.9485 
2.9901 0.4201 2.1845 0.2353 0.9267 
2.9801 0.4401 2.1938 0.1703 0.9485 
2.9701 0.4201 2.1948 0.2543 0.9806 
3.0001 0.4501 2.1882 0.1213 0.8895 
2.9701 0.4501 2.1924 0.1329 0.9822 
2.9801 0.4401 2.1938 0.1703 0.9485 
3.0001 0.4701 2.1907 0.0753 0.8869 
2.9901 0.4601 2.1963 0.1025 0.9133 
3.0001 0.4501 2.1882 0.1213 0.8895 
2.9901 0.4601 2.1963 0.1025 0.9133 
2.9701 0.4501 2.1924 0.1329 0.9822 
3.0001 0.4501 2.1882 0.1213 0.8895 
2.9901 0.4101 2.1874 0.2820 0.9238 
3.0101 0.4001 2.1831 0.3153 0.8612 
3.0201 0.4101 2.1921 0.2816 0.8201 
3.0201 0.4101 2.1921 0.2816 0.8201 
3.0101 0.4001 2.1831 0.3153 0.8612 
3.0401 0.4101 2.1866 0.2697 0.7582 
3.0201 0.4101 2.1921 0.2816 0.8201 
3.0201 0.4301 2.1864 0.1903 0.8254 
2.9901 0.4201 2.1845 0.2353 0.9267 
3.0401 0.4101 2.1866 0.2697 0.7582 
3.0201 0.4301 2.1864 0.1903 0.8254 
3.0201 0.4101 2.1921 0.2816 0.8201 
3.0301 0.4501 2.1930 0.1230 0.7882 
3.0201 0.4301 2.1864 0.1903 0.8254 
3.0501 0.4201 2.1830 0.2199 0.7277 
3.0501 0.4201 2.1830 0.2199 0.7277 
3.0201 0.4301 2.1864 0.1903 0.8254 
3.0401 0.4101 2.1866 0.2697 0.7582 
3.0601 0.4501 2.1869 0.1092 0.6949 
3.0301 0.4501 2.1930 0.1230 0.7882 
3.0501 0.4201 2.1830 0.2199 0.7277 
3.0201 0.4301 2.1864 0.1903 0.8254 
3.0301 0.4501 2.1930 0.1230 0.7882 
3.0001 0.4501 2.1882 0.1213 0.8895 
3.0201 0.4301 2.1864 0.1903 0.8254 
3.0001 0.4501 2.1882 0.1213 0.8895 
2.9801 0.4401 2.1938 0.1703 0.9485 
3.0601 0.4501 2.1869 0.1092 0.6949 
3.0601 0.4301 2.1873 0.1833 0.6930 
3.0701 0.4501 2.1870 0.1077 0.6623 
3.0701 0.4101 2.1856 0.2616 0.6589 
3.0401 0.4101 2.1866 0.2697 0.7582 
3.0601 0.4001 2.1806 0.3005 0.6939 
3.0901 0.4101 2.1844 0.2556 0.5927 
3.0701 0.4101 2.1856 0.2616 0.6589 
3.1001 0.3901 2.1835 0.3395 0.5566 
3.0601 0.4301 2.1873 0.1833 0.6930 
3.0501 0.4201 2.1830 0.2199 0.7277 
3.0701 0.4101 2.1856 0.2616 0.6589 
3.0701 0.4101 2.1856 0.2616 0.6589 
3.0501 0.4201 2.1830 0.2199 0.7277 
3.0401 0.4101 2.1866 0.2697 0.7582 
3.0801 0.4301 2.1859 0.1772 0.6278 
3.0601 0.4301 2.1873 0.1833 0.6930 
3.0901 0.4101 2.1844 0.2556 0.5927 
3.0901 0.4101 2.1844 0.2556 0.5927 
3.0601 0.4301 2.1873 0.1833 0.6930 
3.0701 0.4101 2.1856 0.2616 0.6589 
3.1001 0.4301 2.1831 0.1686 0.5625 
3.0801 0.4301 2.1859 0.1772 0.6278 
3.0901 0.4101 2.1844 0.2556 0.5927 
3.0601 0.4501 2.1869 0.1092 0.6949 
3.0501 0.4201 2.1830 0.2199 0.7277 
3.0601 0.4301 2.1873 0.1833 0.6930 
3.0801 0.4301 2.1859 0.1772 0.6278 
3.0701 0.4501 2.1870 0.1077 0.6623 
3.0601 0.4301 2.1873 0.1833 0.6930 
3.0901 0.4501 2.1896 0.1081 0.5966 
3.0801 0.4301 2.1859 0.1772 0.6278 
3.1001 0.4301 2.1831 0.1686 0.5625 
3.0901 0.4601 2.1840 0.0778 0.5992 
3.0701 0.4501 2.1870 0.1077 0.6623 
3.0801 0.4301 2.1859 0.1772 0.6278 
3.0901 0.4501 2.1896 0.1081 0.5966 
3.0901 0.4601 2.1840 0.0778 0.5992 
3.0801 0.4301 2.1859 0.1772 0.6278 
3.0001 0.4501 2.1882 0.1213 0.8895 
3.0301 0.4501 2.1930 0.1230 0.7882 
3.0301 0.4701 2.1885 0.0736 0.7923 
3.0001 0.4501 2.1882 0.1213 0.8895 
3.0301 0.4701 2.1885 0.0736 0.7923 
3.0001 0.4701 2.1907 0.0753 0.8869 
3.0001 0.4701 2.1907 0.0753 0.8869 
3.0301 0.4701 2.1885 0.0736 0.7923 
3.0201 0.4701 2.1930 0.0754 0.8209 
3.0301 0.4501 2.1930 0.1230 0.7882 
3.0601 0.4501 2.1869 0.1092 0.6949 
3.0301 0.4701 2.1885 0.0736 0.7923 
3.0701 0.4601 2.1901 0.0847 0.6620 
3.0701 0.4601 2.1901 0.0847 0.6620 
3.0601 0.4601 2.1892 0.0850 0.6946 
3.0701 0.4601 2.1901 0.0847 0.6620 
3.0601 0.4601 2.1892 0.0850 0.6946 
3.0701 0.4501 2.1870 0.1077 0.6623 
3.0701 0.4501 2.1870 0.1077 0.6623 
3.0601 0.4601 2.1892 0.0850 0.6946 
3.0601 0.4501 2.1869 0.1092 0.6949 
3.0701 0.4601 2.1901 0.0847 0.6620 
3.0701 0.4601 2.1901 0.0847 0.6620 
3.0701 0.4501 2.1870 0.1077 0.6623 
3.0701 0.4601 2.1901 0.0847 0.6620 
3.0701 0.4501 2.1870 0.1077 0.6623 
3.0901 0.4601 2.1840 0.0778 0.5992 
3.1001 0.4601 2.1924 0.0837 0.5653 
3.0901 0.4601 2.1840 0.0778 0.5992 
3.1001 0.4501 2.1853 0.1008 0.5650 
3.1001 0.4501 2.1853 0.1008 0.5650 
3.0901 0.4601 2.1840 0.0778 0.5992 
3.0901 0.4501 2.1896 0.1081 0.5966 
3.0601 0.4601 2.1892 0.0850 0.6946 
3.0701 0.4601 2.1901 0.0847 0.6620 
3.0701 0.4701 2.1903 0.0734 0.6628 
3.0701 0.4601 2.1901 0.0847 0.6620 
3.0901 0.4601 2.1840 0.0778 0.5992 
3.0708 0.4701 2.1901 0.0734 0.6607 
3.0701 0.4601 2.1901 0.0847 0.6620 
3.0701 0.4601 2.1901 0.0847 0.6620 
3.0701 0.4601 2.1901 0.0847 0.6620 
3.0701 0.4601 2.1901 0.0847 0.6620 
3.0701 0.4601 2.1901 0.0847 0.6620 
3.0701 0.4601 2.1901 0.0847 0.6620 
3.0701 0.4701 2.1903 0.0734 0.6628 
3.0701 0.4601 2.1901 0.0847 0.6620 
3.0701 0.4601 2.1901 0.0847 0.6620 
3.0708 0.4701 2.1901 0.0734 0.6607 
3.0701 0.4601 2.1901 0.0847 0.6620 
3.0701 0.4601 2.1901 0.0847 0.6620 
3.0701 0.4701 2.1903 0.0734 0.6628 
3.0701 0.4601 2.1901 0.0847 0.6620 
3.0708 0.4701 2.1901 0.0734 0.6607 
3.2401 0.4401 2.1801 0.1020 0.1102 
3.2401 0.4401 2.1801 0.1020 0.1102 
3.2401 0.4401 2.1801 0.1020 0.1102 
3.2301 0.4401 2.1805 0.1042 0.1405 
3.2401 0.4401 2.1801 0.1020 0.1102 
3.2301 0.4419 2.1801 0.0982 0.1407 
3.2301 0.4419 2.1801 0.0982 0.1407 
3.2401 0.4401 2.1801 0.1020 0.1102 
3.2401 0.4401 2.1801 0.1020 0.1102 
3.2301 0.4419 2.1801 0.0982 0.1407 
3.2101 0.4501 2.1801 0.0810 0.2061 
3.2201 0.4301 2.1770 0.1352 0.1655 
3.2401 0.4401 2.1801 0.1020 0.1102 
3.2401 0.4401 2.1801 0.1020 0.1102 
3.2401 0.4401 2.1801 0.1020 0.1102 
3.2401 0.4401 2.1801 0.1020 0.1102 
3.2301 0.4401 2.1805 0.1042 0.1405 
3.2401 0.4401 2.1801 0.1020 0.1102 
3.2012 0.4301 2.1801 0.1437 0.2290 
3.2001 0.4201 2.1801 0.1833 0.2295 
3.2001 0.4201 2.1801 0.1833 0.2295 
3.2001 0.4201 2.1801 0.1833 0.2295 
3.2001 0.4201 2.1801 0.1833 0.2295 
3.2001 0.4201 2.1801 0.1833 0.2295 
3.2401 0.4401 2.1801 0.1020 0.1102 
3.2401 0.4401 2.1801 0.1020 0.1102 
3.2501 0.4401 2.1789 0.0990 0.0816 
3.2301 0.4401 2.1805 0.1042 0.1405 
3.2301 0.4419 2.1801 0.0982 0.1407 
3.2201 0.4301 2.1770 0.1352 0.1655 
3.2401 0.4401 2.1801 0.1020 0.1102 
3.2401 0.4301 2.1793 0.1349 0.1062 
3.2501 0.4401 2.1789 0.0990 0.0816 
3.2401 0.4401 2.1801 0.1020 0.1102 
3.2401 0.4401 2.1801 0.1020 0.1102 
3.2401 0.4301 2.1793 0.1349 0.1062 
3.2301 0.4401 2.1805 0.1042 0.1405 
3.2401 0.4301 2.1793 0.1349 0.1062 
3.2401 0.4401 2.1801 0.1020 0.1102 
3.2301 0.4401 2.1805 0.1042 0.1405 
3.2201 0.4301 2.1770 0.1352 0.1655 
3.2401 0.4301 2.1793 0.1349 0.1062 
3.2201 0.4301 2.1770 0.1352 0.1655 
3.2101 0.4501 2.1801 0.0810 0.2061 
3.2012 0.4301 2.1801 0.1437 0.2290 
3.2401 0.4301 2.1793 0.1349 0.1062 
3.2201 0.4301 2.1770 0.1352 0.1655 
3.2201 0.4101 2.1785 0.2182 0.1605 
3.2001 0.4201 2.1801 0.1833 0.2295 
3.2201 0.4301 2.1770 0.1352 0.1655 
3.2012 0.4301 2.1801 0.1437 0.2290 
3.2501 0.4401 2.1789 0.0990 0.0816 
3.2401 0.4301 2.1793 0.1349 0.1062 
3.2601 0.4101 2.1707 0.1973 0.0531 
3.2401 0.4301 2.1793 0.1349 0.1062 
3.2201 0.4101 2.1785 0.2182 0.1605 
3.2601 0.4101 2.1707 0.1973 0.0531 
3.2201 0.4301 2.1770 0.1352 0.1655 
3.2001 0.4101 2.1776 0.2212 0.2247 
3.2201 0.4101 2.1785 0.2182 0.1605 
3.2001 0.4201 2.1801 0.1833 0.2295 
3.2001 0.4101 2.1776 0.2212 0.2247 
3.2201 0.4301 2.1770 0.1352 0.1655 
3.2001 0.4201 2.1801 0.1833 0.2295 
3.2001 0.4201 2.1801 0.1833 0.2295 
3.2001 0.4101 2.1776 0.2212 0.2247 
3.2601 0.4101 2.1707 0.1973 0.0531 
3.2201 0.4101 2.1785 0.2182 0.1605 
3.2501 0.3901 2.1723 0.2899 0.0632 
3.2301 0.3901 2.1731 0.2956 0.1174 
3.2201 0.4101 2.1785 0.2182 0.1605 
3.2001 0.4101 2.1776 0.2212 0.2247 
3.2101 0.4501 2.1801 0.0810 0.2061 
3.1701 0.4501 2.1837 0.0890 0.3372 
3.2012 0.4301 2.1801 0.1437 0.2290 
3.1901 0.4301 2.1801 0.1459 0.2650 
3.1701 0.4501 2.1837 0.0890 0.3372 
3.1801 0.4101 2.1829 0.2335 0.2939 
3.2012 0.4301 2.1801 0.1437 0.2290 
3.1701 0.4501 2.1837 0.0890 0.3372 
3.1901 0.4301 2.1801 0.1459 0.2650 
3.1801 0.4101 2.1829 0.2335 0.2939 
3.1701 0.4501 2.1837 0.0890 0.3372 
3.1401 0.4501 2.1850 0.0945 0.4349 
3.2001 0.4201 2.1801 0.1833 0.2295 
3.2012 0.4301 2.1801 0.1437 0.2290 
3.1901 0.4301 2.1801 0.1459 0.2650 
3.2001 0.4201 2.1801 0.1833 0.2295 
3.2001 0.4201 2.1801 0.1833 0.2295 
3.1901 0.4301 2.1801 0.1459 0.2650 
3.1801 0.4101 2.1829 0.2335 0.2939 
3.1401 0.4501 2.1850 0.0945 0.4349 
3.1501 0.4101 2.1813 0.2378 0.3926 
3.1401 0.4501 2.1850 0.0945 0.4349 
3.1401 0.4201 2.1851 0.2037 0.4288 
3.1501 0.4101 2.1813 0.2378 0.3926 
3.2001 0.4201 2.1801 0.1833 0.2295 
3.2001 0.4201 2.1801 0.1833 0.2295 
3.2001 0.4201 2.1801 0.1833 0.2295 
3.1801 0.4101 2.1829 0.2335 0.2939 
3.1501 0.4101 2.1813 0.2378 0.3926 
3.1701 0.4001 2.1749 0.2675 0.3205 
3.1901 0.4301 2.1801 0.1459 0.2650 
3.1901 0.4201 2.1775 0.1814 0.2605 
3.2001 0.4201 2.1801 0.1833 0.2295 
3.1901 0.4201 2.1775 0.1814 0.2605 
3.1901 0.4301 2.1801 0.1459 0.2650 
3.1801 0.4101 2.1829 0.2335 0.2939 
3.2001 0.4201 2.1801 0.1833 0.2295 
3.1901 0.4201 2.1775 0.1814 0.2605 
3.2001 0.4101 2.1776 0.2212 0.2247 
3.2001 0.4201 2.1801 0.1833 0.2295 
3.2001 0.4201 2.1801 0.1833 0.2295 
3.1901 0.4201 2.1775 0.1814 0.2605 
3.2001 0.4101 2.1776 0.2212 0.2247 
3.1901 0.4201 2.1775 0.1814 0.2605 
3.1801 0.4101 2.1829 0.2335 0.2939 
3.2001 0.4101 2.1776 0.2212 0.2247 
3.1801 0.4101 2.1829 0.2335 0.2939 
3.1701 0.4001 2.1749 0.2675 0.3205 
3.1401 0.4201 2.1851 0.2037 0.4288 
3.1201 0.4501 2.1877 0.1008 0.4999 
3.1001 0.4501 2.1853 0.1008 0.5650 
3.1101 0.4201 2.1861 0.2116 0.5277 
3.1001 0.4501 2.1853 0.1008 0.5650 
3.0901 0.4501 2.1896 0.1081 0.5966 
3.1401 0.4201 2.1851 0.2037 0.4288 
3.1001 0.4501 2.1853 0.1008 0.5650 
3.1292 0.4101 2.1801 0.2407 0.4624 
3.1001 0.4501 2.1853 0.1008 0.5650 
3.1101 0.4201 2.1861 0.2116 0.5277 
3.1292 0.4101 2.1801 0.2407 0.4624 
3.1101 0.4201 2.1861 0.2116 0.5277 
3.0901 0.4501 2.1896 0.1081 0.5966 
3.1001 0.4301 2.1831 0.1686 0.5625 
3.1501 0.4101 2.1813 0.2378 0.3926 
3.1401 0.4201 2.1851 0.2037 0.4288 
3.1292 0.4101 2.1801 0.2407 0.4624 
3.1101 0.4201 2.1861 0.2116 0.5277 
3.1001 0.4301 2.1831 0.1686 0.5625 
3.0901 0.4101 2.1844 0.2556 0.5927 
3.2501 0.3901 2.1723 0.2899 0.0632 
3.2201 0.4101 2.1785 0.2182 0.1605 
3.2301 0.3901 2.1731 0.2956 0.1174 
3.2301 0.3801 2.1761 0.3449 0.1169 
3.2001 0.4101 2.1776 0.2212 0.2247 
3.2301 0.3601 2.1711 0.4320 0.1054 
3.2301 0.3901 2.1731 0.2956 0.1174 
3.2001 0.4101 2.1776 0.2212 0.2247 
3.2301 0.3801 2.1761 0.3449 0.1169 
3.2001 0.4101 2.1776 0.2212 0.2247 
3.2101 0.3901 2.1762 0.3046 0.1845 
3.2301 0.3601 2.1711 0.4320 0.1054 
3.2501 0.3601 2.1702 0.4262 0.0563 
3.2301 0.3801 2.1761 0.3449 0.1169 
3.2301 0.3601 2.1711 0.4320 0.1054 
3.2301 0.3601 2.1711 0.4320 0.1054 
3.2101 0.3901 2.1762 0.3046 0.1845 
3.2201 0.3701 2.1750 0.3918 0.1442 
3.2101 0.3901 2.1762 0.3046 0.1845 
3.1901 0.3801 2.1790 0.3578 0.2499 
3.2201 0.3701 2.1750 0.3918 0.1442 
3.2101 0.3501 2.1733 0.4867 0.1689 
3.1901 0.3801 2.1790 0.3578 0.2499 
3.1901 0.3601 2.1777 0.4485 0.2431 
3.2201 0.3701 2.1750 0.3918 0.1442 
3.1901 0.3801 2.1790 0.3578 0.2499 
3.2101 0.3501 2.1733 0.4867 0.1689 
3.2501 0.3601 2.1702 0.4262 0.0563 
3.2301 0.3601 2.1711 0.4320 0.1054 
3.2401 0.3501 2.1779 0.4835 0.0802 
3.2401 0.3501 2.1779 0.4835 0.0802 
3.2201 0.3701 2.1750 0.3918 0.1442 
3.2201 0.3401 2.1747 0.5334 0.1338 
3.2301 0.3601 2.1711 0.4320 0.1054 
3.2201 0.3701 2.1750 0.3918 0.1442 
3.2401 0.3501 2.1779 0.4835 0.0802 
3.2201 0.3701 2.1750 0.3918 0.1442 
3.2101 0.3501 2.1733 0.4867 0.1689 
3.2201 0.3401 2.1747 0.5334 0.1338 
3.2501 0.3301 2.1737 0.5736 0.0540 
3.2401 0.3501 2.1779 0.4835 0.0802 
3.2201 0.3401 2.1747 0.5334 0.1338 
3.2201 0.3401 2.1747 0.5334 0.1338 
3.2101 0.3501 2.1733 0.4867 0.1689 
3.1801 0.3501 2.1736 0.4944 0.2716 
3.2301 0.3201 2.1762 0.6290 0.0973 
3.2201 0.3401 2.1747 0.5334 0.1338 
3.2201 0.3101 2.1747 0.6803 0.1236 
3.2201 0.3401 2.1747 0.5334 0.1338 
3.1801 0.3501 2.1736 0.4944 0.2716 
3.2201 0.3101 2.1747 0.6803 0.1236 
3.1801 0.3501 2.1736 0.4944 0.2716 
3.1901 0.3301 2.1775 0.5912 0.2339 
3.2201 0.3101 2.1747 0.6803 0.1236 
3.2501 0.3301 2.1737 0.5736 0.0540 
3.2201 0.3401 2.1747 0.5334 0.1338 
3.2301 0.3201 2.1762 0.6290 0.0973 
3.2201 0.3101 2.1747 0.6803 0.1236 
3.1901 0.3301 2.1775 0.5912 0.2339 
3.2001 0.3101 2.1717 0.6844 0.1882 
3.2301 0.3201 2.1762 0.6290 0.0973 
3.2201 0.3101 2.1747 0.6803 0.1236 
3.2301 0.2801 2.1759 0.8294 0.0840 
3.2101 0.3901 2.1762 0.3046 0.1845 
3.1701 0.4001 2.1749 0.2675 0.3205 
3.1701 0.3801 2.1792 0.3628 0.3174 
3.2001 0.4101 2.1776 0.2212 0.2247 
3.1701 0.4001 2.1749 0.2675 0.3205 
3.2101 0.3901 2.1762 0.3046 0.1845 
3.1701 0.4001 2.1749 0.2675 0.3205 
3.1401 0.3901 2.1779 0.3231 0.4210 
3.1701 0.3801 2.1792 0.3628 0.3174 
3.1501 0.4101 2.1813 0.2378 0.3926 
3.1401 0.3901 2.1779 0.3231 0.4210 
3.1701 0.4001 2.1749 0.2675 0.3205 
3.2101 0.3901 2.1762 0.3046 0.1845 
3.1701 0.3801 2.1792 0.3628 0.3174 
3.1901 0.3801 2.1790 0.3578 0.2499 
3.1701 0.3801 2.1792 0.3628 0.3174 
3.1901 0.3601 2.1777 0.4485 0.2431 
3.1901 0.3801 2.1790 0.3578 0.2499 
3.1701 0.3801 2.1792 0.3628 0.3174 
3.1401 0.3901 2.1779 0.3231 0.4210 
3.1601 0.3701 2.1732 0.4044 0.3462 
3.1701 0.3501 2.1796 0.5020 0.3096 
3.1901 0.3601 2.1777 0.4485 0.2431 
3.1701 0.3801 2.1792 0.3628 0.3174 
3.1701 0.3501 2.1796 0.5020 0.3096 
3.1701 0.3801 2.1792 0.3628 0.3174 
3.1601 0.3701 2.1732 0.4044 0.3462 
3.1601 0.3701 2.1732 0.4044 0.3462 
3.1401 0.3901 2.1779 0.3231 0.4210 
3.1401 0.3501 2.1769 0.5071 0.4120 
3.2101 0.3501 2.1733 0.4867 0.1689 
3.1901 0.3601 2.1777 0.4485 0.2431 
3.1801 0.3501 2.1736 0.4944 0.2716 
3.1901 0.3601 2.1777 0.4485 0.2431 
3.1701 0.3501 2.1796 0.5020 0.3096 
3.1801 0.3501 2.1736 0.4944 0.2716 
3.1601 0.3701 2.1732 0.4044 0.3462 
3.1401 0.3501 2.1769 0.5071 0.4120 
3.1701 0.3501 2.1796 0.5020 0.3096 
3.1501 0.4101 2.1813 0.2378 0.3926 
3.1292 0.4101 2.1801 0.2407 0.4624 
3.1401 0.3901 2.1779 0.3231 0.4210 
3.1401 0.3901 2.1779 0.3231 0.4210 
3.1101 0.4201 2.1861 0.2116 0.5277 
3.1101 0.3709 2.1801 0.4202 0.5199 
3.1292 0.4101 2.1801 0.2407 0.4624 
3.1101 0.4201 2.1861 0.2116 0.5277 
3.1401 0.3901 2.1779 0.3231 0.4210 
3.1101 0.3709 2.1801 0.4202 0.5199 
3.0901 0.4101 2.1844 0.2556 0.5927 
3.1001 0.3901 2.1835 0.3395 0.5566 
3.1101 0.4201 2.1861 0.2116 0.5277 
3.0901 0.4101 2.1844 0.2556 0.5927 
3.1101 0.3709 2.1801 0.4202 0.5199 
3.1001 0.3801 2.1801 0.3804 0.5556 
3.1101 0.3709 2.1801 0.4202 0.5199 
3.1001 0.3901 2.1835 0.3395 0.5566 
3.1001 0.3801 2.1801 0.3804 0.5556 
3.1001 0.3901 2.1835 0.3395 0.5566 
3.1001 0.3801 2.1801 0.3804 0.5556 
3.1101 0.3601 2.1858 0.4754 0.5178 
3.1401 0.3601 2.1808 0.4636 0.4152 
3.1101 0.3709 2.1801 0.4202 0.5199 
3.1101 0.3709 2.1801 0.4202 0.5199 
3.0901 0.3501 2.1782 0.5206 0.5860 
3.1101 0.3601 2.1858 0.4754 0.5178 
3.1001 0.3801 2.1801 0.3804 0.5556 
3.1001 0.3801 2.1801 0.3804 0.5556 
3.1001 0.3801 2.1801 0.3804 0.5556 
3.1401 0.3901 2.1779 0.3231 0.4210 
3.1101 0.3709 2.1801 0.4202 0.5199 
3.1401 0.3601 2.1808 0.4636 0.4152 
3.1101 0.3709 2.1801 0.4202 0.5199 
3.1001 0.3801 2.1801 0.3804 0.5556 
3.0901 0.3701 2.1793 0.4278 0.5886 
3.1101 0.3709 2.1801 0.4202 0.5199 
3.1001 0.3801 2.1801 0.3804 0.5556 
3.1001 0.3801 2.1801 0.3804 0.5556 
3.1401 0.3601 2.1808 0.4636 0.4152 
3.1401 0.3501 2.1769 0.5071 0.4120 
3.1401 0.3901 2.1779 0.3231 0.4210 
3.0901 0.3501 2.1782 0.5206 0.5860 
3.1101 0.3709 2.1801 0.4202 0.5199 
3.0901 0.3701 2.1793 0.4278 0.5886 
3.1101 0.3601 2.1858 0.4754 0.5178 
3.1201 0.3401 2.1778 0.5606 0.4797 
3.1401 0.3601 2.1808 0.4636 0.4152 
3.1201 0.3401 2.1778 0.5606 0.4797 
3.1401 0.3501 2.1769 0.5071 0.4120 
3.1401 0.3601 2.1808 0.4636 0.4152 
3.1801 0.3501 2.1736 0.4944 0.2716 
3.1701 0.3501 2.1796 0.5020 0.3096 
3.1901 0.3301 2.1775 0.5912 0.2339 
3.1401 0.3501 2.1769 0.5071 0.4120 
3.1525 0.3401 2.1801 0.5542 0.3678 
3.1701 0.3501 2.1796 0.5020 0.3096 
3.1901 0.3301 2.1775 0.5912 0.2339 
3.1701 0.3501 2.1796 0.5020 0.3096 
3.1601 0.3301 2.1743 0.5968 0.3363 
3.1701 0.3501 2.1796 0.5020 0.3096 
3.1525 0.3401 2.1801 0.5542 0.3678 
3.1601 0.3301 2.1743 0.5968 0.3363 
3.1501 0.3201 2.1797 0.6510 0.3710 
3.1601 0.3301 2.1743 0.5968 0.3363 
3.1525 0.3401 2.1801 0.5542 0.3678 
3.1901 0.3301 2.1775 0.5912 0.2339 
3.1601 0.3301 2.1743 0.5968 0.3363 
3.1801 0.3201 2.1796 0.6433 0.2667 
3.1601 0.3301 2.1743 0.5968 0.3363 
3.1501 0.3201 2.1797 0.6510 0.3710 
3.1801 0.3201 2.1796 0.6433 0.2667 
3.2001 0.3101 2.1717 0.6844 0.1882 
3.1801 0.3201 2.1796 0.6433 0.2667 
3.1701 0.3101 2.1740 0.6930 0.2953 
3.1901 0.3301 2.1775 0.5912 0.2339 
3.1801 0.3201 2.1796 0.6433 0.2667 
3.2001 0.3101 2.1717 0.6844 0.1882 
3.1701 0.3101 2.1740 0.6930 0.2953 
3.1801 0.3201 2.1796 0.6433 0.2667 
3.1501 0.3101 2.1747 0.6984 0.3666 
3.1801 0.3201 2.1796 0.6433 0.2667 
3.1501 0.3201 2.1797 0.6510 0.3710 
3.1501 0.3101 2.1747 0.6984 0.3666 
3.1701 0.3101 2.1740 0.6930 0.2953 
3.1501 0.3101 2.1747 0.6984 0.3666 
3.1801 0.2901 2.1772 0.7917 0.2562 
3.1201 0.3401 2.1778 0.5606 0.4797 
3.1101 0.3601 2.1858 0.4754 0.5178 
3.0901 0.3401 2.1833 0.5717 0.5835 
3.1501 0.3201 2.1797 0.6510 0.3710 
3.1525 0.3401 2.1801 0.5542 0.3678 
3.1201 0.3401 2.1778 0.5606 0.4797 
3.1201 0.3101 2.1754 0.7064 0.4737 
3.1001 0.3201 2.1775 0.6627 0.5465 
3.1001 0.3001 2.1764 0.7621 0.5434 
3.1525 0.3401 2.1801 0.5542 0.3678 
3.1401 0.3501 2.1769 0.5071 0.4120 
3.1201 0.3401 2.1778 0.5606 0.4797 
3.1501 0.3101 2.1747 0.6984 0.3666 
3.1201 0.3401 2.1778 0.5606 0.4797 
3.1201 0.3201 2.1811 0.6591 0.4761 
3.1501 0.3201 2.1797 0.6510 0.3710 
3.1201 0.3401 2.1778 0.5606 0.4797 
3.1501 0.3101 2.1747 0.6984 0.3666 
3.1201 0.3201 2.1811 0.6591 0.4761 
3.1201 0.3401 2.1778 0.5606 0.4797 
3.1001 0.3201 2.1775 0.6627 0.5465 
3.1501 0.3101 2.1747 0.6984 0.3666 
3.1201 0.3201 2.1811 0.6591 0.4761 
3.1201 0.3101 2.1754 0.7064 0.4737 
3.1201 0.3201 2.1811 0.6591 0.4761 
3.1001 0.3201 2.1775 0.6627 0.5465 
3.1201 0.3101 2.1754 0.7064 0.4737 
3.2301 0.2801 2.1759 0.8294 0.0840 
3.2201 0.3101 2.1747 0.6803 0.1236 
3.2101 0.2801 2.1746 0.8348 0.1463 
3.2101 0.2801 2.1746 0.8348 0.1463 
3.2001 0.3101 2.1717 0.6844 0.1882 
3.2001 0.2801 2.1704 0.8378 0.1768 
3.2201 0.3101 2.1747 0.6803 0.1236 
3.2001 0.3101 2.1717 0.6844 0.1882 
3.2101 0.2801 2.1746 0.8348 0.1463 
3.2301 0.2801 2.1759 0.8294 0.0840 
3.2101 0.2801 2.1746 0.8348 0.1463 
3.2401 0.2701 2.1680 0.8798 0.0545 
3.2101 0.2801 2.1746 0.8348 0.1463 
3.2001 0.2801 2.1704 0.8378 0.1768 
3.2001 0.2701 2.1763 0.8889 0.1788 
3.2401 0.2701 2.1680 0.8798 0.0545 
3.2101 0.2501 2.1700 0.9942 0.1310 
3.2401 0.2501 2.1726 0.9844 0.0540 
3.2001 0.2701 2.1763 0.8889 0.1788 
3.1901 0.2601 2.1721 0.9453 0.2071 
3.2101 0.2801 2.1746 0.8348 0.1463 
3.2101 0.2501 2.1700 0.9942 0.1310 
3.2401 0.2701 2.1680 0.8798 0.0545 
3.2101 0.2801 2.1746 0.8348 0.1463 
3.1901 0.2601 2.1721 0.9453 0.2071 
3.2101 0.2501 2.1700 0.9942 0.1310 
3.2101 0.2801 2.1746 0.8348 0.1463 
3.2001 0.2801 2.1704 0.8378 0.1768 
3.1701 0.3101 2.1740 0.6930 0.2953 
3.1801 0.2901 2.1772 0.7917 0.2562 
3.2001 0.3101 2.1717 0.6844 0.1882 
3.1701 0.3101 2.1740 0.6930 0.2953 
3.2001 0.2801 2.1704 0.8378 0.1768 
3.1801 0.2901 2.1772 0.7917 0.2562 
3.1501 0.3101 2.1747 0.6984 0.3666 
3.1701 0.2901 2.1734 0.7942 0.2892 
3.2001 0.2801 2.1704 0.8378 0.1768 
3.1701 0.2901 2.1734 0.7942 0.2892 
3.1801 0.2701 2.1750 0.8945 0.2484 
3.1801 0.2901 2.1772 0.7917 0.2562 
3.1701 0.2901 2.1734 0.7942 0.2892 
3.2001 0.2801 2.1704 0.8378 0.1768 
3.1801 0.2701 2.1750 0.8945 0.2484 
3.1701 0.2901 2.1734 0.7942 0.2892 
3.1401 0.2801 2.1784 0.8531 0.3962 
3.2001 0.2701 2.1763 0.8889 0.1788 
3.2001 0.2801 2.1704 0.8378 0.1768 
3.1801 0.2701 2.1750 0.8945 0.2484 
3.1801 0.2701 2.1750 0.8945 0.2484 
3.1401 0.2801 2.1784 0.8531 0.3962 
3.1301 0.2701 2.1741 0.9083 0.4289 
3.2001 0.2701 2.1763 0.8889 0.1788 
3.1801 0.2701 2.1750 0.8945 0.2484 
3.1901 0.2601 2.1721 0.9453 0.2071 
3.1501 0.3101 2.1747 0.6984 0.3666 
3.1201 0.3101 2.1754 0.7064 0.4737 
3.1701 0.2901 2.1734 0.7942 0.2892 
3.1201 0.3101 2.1754 0.7064 0.4737 
3.1001 0.3001 2.1764 0.7621 0.5434 
3.1401 0.2801 2.1784 0.8531 0.3962 
3.1701 0.2901 2.1734 0.7942 0.2892 
3.1201 0.3101 2.1754 0.7064 0.4737 
3.1401 0.2801 2.1784 0.8531 0.3962 
3.1301 0.2701 2.1741 0.9083 0.4289 
3.1001 0.3001 2.1764 0.7621 0.5434 
3.0801 0.2801 2.1761 0.8694 0.6126 
3.1401 0.2801 2.1784 0.8531 0.3962 
3.1001 0.3001 2.1764 0.7621 0.5434 
3.1301 0.2701 2.1741 0.9083 0.4289 
3.1001 0.2901 2.1811 0.8127 0.5412 
3.0801 0.2801 2.1761 0.8694 0.6126 
3.1001 0.3001 2.1764 0.7621 0.5434 
