NUMPOLLIES 874.000000 

4.3001 0.4001 2.1392 0.9924 0.9087 
4.2901 0.3901 2.1380 0.9815 0.8932 
4.3101 0.3901 2.1387 0.9808 0.9392 
4.3301 0.3801 2.1325 0.9874 0.9974 
4.3001 0.4001 2.1392 0.9924 0.9087 
4.3201 0.3801 2.1371 0.9722 0.9712 
4.3201 0.3801 2.1371 0.9722 0.9712 
4.3001 0.4001 2.1392 0.9924 0.9087 
4.3101 0.3901 2.1387 0.9808 0.9392 
4.3101 0.3901 2.1387 0.9808 0.9392 
4.2901 0.3901 2.1380 0.9815 0.8932 
4.2901 0.3801 2.1380 0.9671 0.9001 
4.3301 0.3801 2.1325 0.9874 0.9974 
4.3201 0.3801 2.1371 0.9722 0.9712 
4.3101 0.3701 2.1316 0.9743 0.9587 
4.2901 0.3801 2.1380 0.9671 0.9001 
4.3001 0.3701 2.1389 0.9505 0.9307 
4.3101 0.3701 2.1316 0.9743 0.9587 
4.3201 0.3801 2.1371 0.9722 0.9712 
4.3101 0.3901 2.1387 0.9808 0.9392 
4.3101 0.3701 2.1316 0.9743 0.9587 
4.3101 0.3901 2.1387 0.9808 0.9392 
4.2901 0.3801 2.1380 0.9671 0.9001 
4.3101 0.3701 2.1316 0.9743 0.9587 
4.3201 0.3401 2.1450 0.8855 1.0004 
4.3101 0.3501 2.1315 0.9443 0.9755 
4.3101 0.3401 2.1294 0.9351 0.9855 
4.3101 0.3401 2.1294 0.9351 0.9855 
4.3101 0.3501 2.1315 0.9443 0.9755 
4.3001 0.3401 2.1350 0.9161 0.9570 
4.3101 0.3401 2.1294 0.9351 0.9855 
4.3101 0.3301 2.1396 0.8852 0.9879 
4.3201 0.3401 2.1450 0.8855 1.0004 
4.3101 0.3401 2.1294 0.9351 0.9855 
4.3001 0.3401 2.1350 0.9161 0.9570 
4.3101 0.3301 2.1396 0.8852 0.9879 
4.2301 0.4201 2.1496 0.9837 0.7361 
4.2101 0.4201 2.1523 0.9742 0.6912 
4.2101 0.4101 2.1464 0.9782 0.6963 
4.2101 0.4101 2.1464 0.9782 0.6963 
4.2101 0.4001 2.1494 0.9552 0.6995 
4.2201 0.4001 2.1416 0.9793 0.7244 
4.2301 0.4201 2.1496 0.9837 0.7361 
4.2101 0.4101 2.1464 0.9782 0.6963 
4.2401 0.4001 2.1353 1.0001 0.7724 
4.2201 0.4001 2.1416 0.9793 0.7244 
4.2401 0.4001 2.1353 1.0001 0.7724 
4.2101 0.4101 2.1464 0.9782 0.6963 
4.2101 0.4001 2.1494 0.9552 0.6995 
4.2101 0.4101 2.1464 0.9782 0.6963 
4.1801 0.4101 2.1512 0.9618 0.6277 
4.1601 0.4001 2.1339 0.9989 0.5865 
4.1801 0.4001 2.1345 0.9985 0.6332 
4.1801 0.4101 2.1512 0.9618 0.6277 
4.1701 0.4101 2.1432 0.9847 0.6060 
4.1601 0.4001 2.1339 0.9989 0.5865 
4.1801 0.4101 2.1512 0.9618 0.6277 
4.1501 0.4101 2.1386 0.9973 0.5607 
4.1601 0.4001 2.1339 0.9989 0.5865 
4.1701 0.4101 2.1432 0.9847 0.6060 
4.1201 0.4201 2.1456 0.9878 0.4908 
4.1301 0.3901 2.1463 0.9440 0.5174 
4.1501 0.3901 2.1427 0.9566 0.5646 
4.1201 0.4201 2.1456 0.9878 0.4908 
4.1201 0.4001 2.1390 0.9800 0.4928 
4.1301 0.3901 2.1463 0.9440 0.5174 
4.1201 0.4001 2.1390 0.9800 0.4928 
4.1201 0.4201 2.1456 0.9878 0.4908 
4.1101 0.4010 2.1401 0.9773 0.4694 
4.1201 0.4201 2.1456 0.9878 0.4908 
4.1001 0.4101 2.1436 0.9787 0.4459 
4.1101 0.4010 2.1401 0.9773 0.4694 
4.1101 0.4010 2.1401 0.9773 0.4694 
4.1001 0.4101 2.1436 0.9787 0.4459 
4.1001 0.4001 2.1401 0.9753 0.4461 
4.1201 0.4001 2.1390 0.9800 0.4928 
4.1101 0.4010 2.1401 0.9773 0.4694 
4.1101 0.4001 2.1393 0.9786 0.4694 
4.1001 0.4001 2.1401 0.9753 0.4461 
4.1001 0.4001 2.1401 0.9753 0.4461 
4.1101 0.4010 2.1401 0.9773 0.4694 
4.1001 0.4001 2.1401 0.9753 0.4461 
4.1101 0.4001 2.1393 0.9786 0.4694 
4.1101 0.4010 2.1401 0.9773 0.4694 
4.3001 0.4001 2.1392 0.9924 0.9087 
4.2701 0.4001 2.1424 0.9806 0.8388 
4.2901 0.3901 2.1380 0.9815 0.8932 
4.2901 0.3901 2.1380 0.9815 0.8932 
4.2701 0.4001 2.1424 0.9806 0.8388 
4.2901 0.3801 2.1380 0.9671 0.9001 
4.2601 0.3801 2.1369 0.9685 0.8298 
4.2901 0.3801 2.1380 0.9671 0.9001 
4.2701 0.4001 2.1424 0.9806 0.8388 
4.2601 0.3801 2.1369 0.9685 0.8298 
4.2701 0.4001 2.1424 0.9806 0.8388 
4.2501 0.4001 2.1496 0.9575 0.7905 
4.2601 0.3801 2.1369 0.9685 0.8298 
4.2401 0.3701 2.1344 0.9601 0.7887 
4.2601 0.3601 2.1407 0.9262 0.8406 
4.2601 0.3801 2.1369 0.9685 0.8298 
4.2401 0.4001 2.1353 1.0001 0.7724 
4.2401 0.3901 2.1319 0.9970 0.7787 
4.2601 0.3801 2.1369 0.9685 0.8298 
4.2501 0.4001 2.1496 0.9575 0.7905 
4.2401 0.4001 2.1353 1.0001 0.7724 
4.2901 0.3701 2.1301 0.9775 0.9113 
4.3001 0.3701 2.1389 0.9505 0.9307 
4.2901 0.3801 2.1380 0.9671 0.9001 
4.2901 0.3701 2.1301 0.9775 0.9113 
4.2901 0.3801 2.1380 0.9671 0.9001 
4.2901 0.3701 2.1301 0.9775 0.9113 
4.2901 0.3701 2.1301 0.9775 0.9113 
4.2901 0.3801 2.1380 0.9671 0.9001 
4.2801 0.3701 2.1322 0.9700 0.8862 
4.2901 0.3701 2.1301 0.9775 0.9113 
4.2801 0.3701 2.1322 0.9700 0.8862 
4.2901 0.3701 2.1301 0.9775 0.9113 
4.2901 0.3801 2.1380 0.9671 0.9001 
4.2601 0.3801 2.1369 0.9685 0.8298 
4.2801 0.3701 2.1322 0.9700 0.8862 
4.2401 0.3701 2.1344 0.9601 0.7887 
4.2601 0.3801 2.1369 0.9685 0.8298 
4.2401 0.3901 2.1319 0.9970 0.7787 
4.2901 0.3601 2.1341 0.9496 0.9167 
4.3101 0.3501 2.1315 0.9443 0.9755 
4.3001 0.3701 2.1389 0.9505 0.9307 
4.2901 0.3701 2.1301 0.9775 0.9113 
4.2901 0.3601 2.1341 0.9496 0.9167 
4.3001 0.3701 2.1389 0.9505 0.9307 
4.2901 0.3701 2.1301 0.9775 0.9113 
4.3001 0.3701 2.1389 0.9505 0.9307 
4.2901 0.3701 2.1301 0.9775 0.9113 
4.2901 0.3701 2.1301 0.9775 0.9113 
4.2801 0.3701 2.1322 0.9700 0.8862 
4.2901 0.3601 2.1341 0.9496 0.9167 
4.2901 0.3701 2.1301 0.9775 0.9113 
4.2901 0.3601 2.1341 0.9496 0.9167 
4.2901 0.3701 2.1301 0.9775 0.9113 
4.2801 0.3701 2.1322 0.9700 0.8862 
4.2601 0.3801 2.1369 0.9685 0.8298 
4.2701 0.3501 2.1304 0.9445 0.8767 
4.2701 0.3501 2.1304 0.9445 0.8767 
4.2601 0.3801 2.1369 0.9685 0.8298 
4.2601 0.3601 2.1407 0.9262 0.8406 
4.2801 0.3401 2.1373 0.9070 0.9055 
4.2901 0.3601 2.1341 0.9496 0.9167 
4.2801 0.3701 2.1322 0.9700 0.8862 
4.2801 0.3401 2.1373 0.9070 0.9055 
4.2801 0.3701 2.1322 0.9700 0.8862 
4.2701 0.3501 2.1304 0.9445 0.8767 
4.2701 0.3501 2.1304 0.9445 0.8767 
4.2401 0.3701 2.1344 0.9601 0.7887 
4.2601 0.3401 2.1350 0.9127 0.8564 
4.2601 0.3601 2.1407 0.9262 0.8406 
4.2401 0.3701 2.1344 0.9601 0.7887 
4.2701 0.3501 2.1304 0.9445 0.8767 
4.2901 0.3701 2.1301 0.9775 0.9113 
4.2901 0.3701 2.1301 0.9775 0.9113 
4.2901 0.3701 2.1301 0.9775 0.9113 
4.2901 0.3701 2.1301 0.9775 0.9113 
4.2901 0.3701 2.1301 0.9775 0.9113 
4.2901 0.3701 2.1301 0.9775 0.9113 
4.2901 0.3701 2.1301 0.9775 0.9113 
4.2901 0.3701 2.1301 0.9775 0.9113 
4.2901 0.3701 2.1301 0.9775 0.9113 
4.2901 0.3701 2.1301 0.9775 0.9113 
4.2901 0.3701 2.1301 0.9775 0.9113 
4.2901 0.3701 2.1301 0.9775 0.9113 
4.2201 0.4001 2.1416 0.9793 0.7244 
4.2101 0.4001 2.1494 0.9552 0.6995 
4.2101 0.3801 2.1400 0.9549 0.7101 
4.2101 0.3801 2.1400 0.9549 0.7101 
4.2101 0.4001 2.1494 0.9552 0.6995 
4.2001 0.3901 2.1446 0.9545 0.6814 
4.2001 0.3901 2.1446 0.9545 0.6814 
4.2001 0.3801 2.1514 0.9190 0.6837 
4.2101 0.3801 2.1400 0.9549 0.7101 
4.2301 0.3801 2.1373 0.9647 0.7584 
4.2201 0.3701 2.1350 0.9565 0.7400 
4.2301 0.3601 2.1367 0.9364 0.7689 
4.2101 0.3801 2.1400 0.9549 0.7101 
4.2001 0.3701 2.1375 0.9469 0.6909 
4.2201 0.3701 2.1350 0.9565 0.7400 
4.2001 0.3701 2.1375 0.9469 0.6909 
4.2101 0.3801 2.1400 0.9549 0.7101 
4.2001 0.3801 2.1514 0.9190 0.6837 
4.2401 0.3701 2.1344 0.9601 0.7887 
4.2301 0.3601 2.1367 0.9364 0.7689 
4.2401 0.3601 2.1430 0.9175 0.7911 
4.2201 0.3701 2.1350 0.9565 0.7400 
4.2001 0.3701 2.1375 0.9469 0.6909 
4.2101 0.3601 2.1373 0.9330 0.7197 
4.2401 0.4001 2.1353 1.0001 0.7724 
4.2201 0.4001 2.1416 0.9793 0.7244 
4.2401 0.3901 2.1319 0.9970 0.7787 
4.2401 0.3701 2.1344 0.9601 0.7887 
4.2401 0.3901 2.1319 0.9970 0.7787 
4.2301 0.3801 2.1373 0.9647 0.7584 
4.2301 0.3801 2.1373 0.9647 0.7584 
4.2201 0.4001 2.1416 0.9793 0.7244 
4.2201 0.3701 2.1350 0.9565 0.7400 
4.2401 0.3901 2.1319 0.9970 0.7787 
4.2201 0.4001 2.1416 0.9793 0.7244 
4.2301 0.3801 2.1373 0.9647 0.7584 
4.2201 0.4001 2.1416 0.9793 0.7244 
4.2101 0.3801 2.1400 0.9549 0.7101 
4.2201 0.3701 2.1350 0.9565 0.7400 
4.2301 0.3801 2.1373 0.9647 0.7584 
4.2301 0.3601 2.1367 0.9364 0.7689 
4.2401 0.3701 2.1344 0.9601 0.7887 
4.2001 0.3701 2.1375 0.9469 0.6909 
4.1901 0.3601 2.1442 0.9096 0.6690 
4.2101 0.3601 2.1373 0.9330 0.7197 
4.2601 0.3401 2.1350 0.9127 0.8564 
4.2401 0.3701 2.1344 0.9601 0.7887 
4.2401 0.3601 2.1430 0.9175 0.7911 
4.2301 0.3601 2.1367 0.9364 0.7689 
4.2201 0.3701 2.1350 0.9565 0.7400 
4.2201 0.3401 2.1405 0.8914 0.7534 
4.2101 0.3601 2.1373 0.9330 0.7197 
4.2201 0.3401 2.1405 0.8914 0.7534 
4.2201 0.3701 2.1350 0.9565 0.7400 
4.1901 0.3601 2.1442 0.9096 0.6690 
4.1901 0.3501 2.1318 0.9332 0.6756 
4.2101 0.3601 2.1373 0.9330 0.7197 
4.2901 0.3201 2.1356 0.8794 0.9481 
4.3101 0.3301 2.1396 0.8852 0.9879 
4.2801 0.3301 2.1376 0.8891 0.9131 
4.2701 0.3201 2.1338 0.8836 0.8972 
4.2701 0.3001 2.1494 0.7959 0.9044 
4.2801 0.3001 2.1331 0.8512 0.9405 
4.2701 0.3201 2.1338 0.8836 0.8972 
4.2601 0.3001 2.1397 0.8268 0.8832 
4.2701 0.3001 2.1494 0.7959 0.9044 
4.2501 0.3201 2.1322 0.8871 0.8458 
4.2501 0.3001 2.1501 0.7918 0.8514 
4.2601 0.3001 2.1397 0.8268 0.8832 
4.3101 0.3501 2.1315 0.9443 0.9755 
4.2901 0.3601 2.1341 0.9496 0.9167 
4.3001 0.3401 2.1350 0.9161 0.9570 
4.2901 0.3601 2.1341 0.9496 0.9167 
4.2801 0.3401 2.1373 0.9070 0.9055 
4.3001 0.3401 2.1350 0.9161 0.9570 
4.2801 0.3401 2.1373 0.9070 0.9055 
4.2701 0.3501 2.1304 0.9445 0.8767 
4.2601 0.3401 2.1350 0.9127 0.8564 
4.2801 0.3301 2.1376 0.8891 0.9131 
4.3001 0.3401 2.1350 0.9161 0.9570 
4.2801 0.3401 2.1373 0.9070 0.9055 
4.2801 0.3301 2.1376 0.8891 0.9131 
4.3101 0.3301 2.1396 0.8852 0.9879 
4.3001 0.3401 2.1350 0.9161 0.9570 
4.2601 0.3401 2.1350 0.9127 0.8564 
4.2801 0.3301 2.1376 0.8891 0.9131 
4.2801 0.3401 2.1373 0.9070 0.9055 
4.2901 0.3201 2.1356 0.8794 0.9481 
4.3001 0.3201 2.1313 0.8946 0.9767 
4.3101 0.3301 2.1396 0.8852 0.9879 
4.2701 0.3201 2.1338 0.8836 0.8972 
4.2901 0.3201 2.1356 0.8794 0.9481 
4.2801 0.3301 2.1376 0.8891 0.9131 
4.2601 0.3401 2.1350 0.9127 0.8564 
4.2701 0.3201 2.1338 0.8836 0.8972 
4.2801 0.3301 2.1376 0.8891 0.9131 
4.2701 0.3201 2.1338 0.8836 0.8972 
4.2501 0.3401 2.1318 0.9224 0.8325 
4.2501 0.3201 2.1322 0.8871 0.8458 
4.2601 0.3401 2.1350 0.9127 0.8564 
4.2501 0.3401 2.1318 0.9224 0.8325 
4.2701 0.3201 2.1338 0.8836 0.8972 
4.2901 0.3201 2.1356 0.8794 0.9481 
4.2801 0.3001 2.1331 0.8512 0.9405 
4.2901 0.3001 2.1381 0.8350 0.9641 
4.2901 0.3201 2.1356 0.8794 0.9481 
4.2701 0.3201 2.1338 0.8836 0.8972 
4.2801 0.3001 2.1331 0.8512 0.9405 
4.2701 0.3201 2.1338 0.8836 0.8972 
4.2501 0.3201 2.1322 0.8871 0.8458 
4.2601 0.3001 2.1397 0.8268 0.8832 
4.2901 0.3201 2.1356 0.8794 0.9481 
4.2901 0.3001 2.1381 0.8350 0.9641 
4.3001 0.3001 2.1315 0.8585 0.9953 
4.2401 0.3401 2.1358 0.9083 0.8055 
4.2301 0.3601 2.1367 0.9364 0.7689 
4.2201 0.3401 2.1405 0.8914 0.7534 
4.2101 0.3601 2.1373 0.9330 0.7197 
4.2101 0.3401 2.1482 0.8659 0.7259 
4.2201 0.3401 2.1405 0.8914 0.7534 
4.1901 0.3501 2.1318 0.9332 0.6756 
4.2001 0.3301 2.1409 0.8714 0.7073 
4.2101 0.3601 2.1373 0.9330 0.7197 
4.2101 0.3601 2.1373 0.9330 0.7197 
4.2001 0.3301 2.1409 0.8714 0.7073 
4.2101 0.3401 2.1482 0.8659 0.7259 
4.2201 0.3401 2.1405 0.8914 0.7534 
4.2101 0.3401 2.1482 0.8659 0.7259 
4.2201 0.3301 2.1355 0.8908 0.7604 
4.2201 0.3301 2.1355 0.8908 0.7604 
4.2101 0.3401 2.1482 0.8659 0.7259 
4.2101 0.3201 2.1391 0.8606 0.7386 
4.2101 0.3401 2.1482 0.8659 0.7259 
4.2001 0.3301 2.1409 0.8714 0.7073 
4.2101 0.3201 2.1391 0.8606 0.7386 
4.2101 0.3201 2.1391 0.8606 0.7386 
4.2101 0.3101 2.1464 0.8186 0.7415 
4.2201 0.3001 2.1395 0.8237 0.7761 
4.1901 0.3201 2.1394 0.8578 0.6863 
4.2101 0.3101 2.1464 0.8186 0.7415 
4.2101 0.3201 2.1391 0.8606 0.7386 
4.2301 0.3001 2.1467 0.8007 0.7999 
4.2501 0.3001 2.1501 0.7918 0.8514 
4.2501 0.3201 2.1322 0.8871 0.8458 
4.2301 0.3301 2.1364 0.8886 0.7858 
4.2201 0.3001 2.1395 0.8237 0.7761 
4.2301 0.3001 2.1467 0.8007 0.7999 
4.2601 0.3401 2.1350 0.9127 0.8564 
4.2401 0.3401 2.1358 0.9083 0.8055 
4.2501 0.3401 2.1318 0.9224 0.8325 
4.2401 0.3601 2.1430 0.9175 0.7911 
4.2401 0.3401 2.1358 0.9083 0.8055 
4.2601 0.3401 2.1350 0.9127 0.8564 
4.2401 0.3601 2.1430 0.9175 0.7911 
4.2301 0.3601 2.1367 0.9364 0.7689 
4.2401 0.3401 2.1358 0.9083 0.8055 
4.2401 0.3401 2.1358 0.9083 0.8055 
4.2201 0.3401 2.1405 0.8914 0.7534 
4.2301 0.3301 2.1364 0.8886 0.7858 
4.2201 0.3301 2.1355 0.8908 0.7604 
4.2301 0.3301 2.1364 0.8886 0.7858 
4.2201 0.3401 2.1405 0.8914 0.7534 
4.2501 0.3401 2.1318 0.9224 0.8325 
4.2401 0.3401 2.1358 0.9083 0.8055 
4.2501 0.3201 2.1322 0.8871 0.8458 
4.2401 0.3401 2.1358 0.9083 0.8055 
4.2301 0.3301 2.1364 0.8886 0.7858 
4.2501 0.3201 2.1322 0.8871 0.8458 
4.2001 0.3301 2.1409 0.8714 0.7073 
4.1901 0.3201 2.1394 0.8578 0.6863 
4.2101 0.3201 2.1391 0.8606 0.7386 
4.2301 0.3301 2.1364 0.8886 0.7858 
4.2301 0.3001 2.1467 0.8007 0.7999 
4.2501 0.3201 2.1322 0.8871 0.8458 
4.2201 0.3001 2.1395 0.8237 0.7761 
4.2301 0.3301 2.1364 0.8886 0.7858 
4.2201 0.3301 2.1355 0.8908 0.7604 
4.2101 0.3201 2.1391 0.8606 0.7386 
4.2201 0.3001 2.1395 0.8237 0.7761 
4.2201 0.3301 2.1355 0.8908 0.7604 
4.1501 0.3201 2.1483 0.8252 0.5805 
4.1601 0.3001 2.1484 0.7884 0.6127 
4.1601 0.3201 2.1524 0.8131 0.6059 
4.2101 0.4001 2.1494 0.9552 0.6995 
4.1868 0.3901 2.1401 0.9674 0.6512 
4.2001 0.3901 2.1446 0.9545 0.6814 
4.1801 0.4101 2.1512 0.9618 0.6277 
4.1868 0.3901 2.1401 0.9674 0.6512 
4.2101 0.4001 2.1494 0.9552 0.6995 
4.1801 0.4101 2.1512 0.9618 0.6277 
4.1801 0.4001 2.1345 0.9985 0.6332 
4.1868 0.3901 2.1401 0.9674 0.6512 
4.2001 0.3801 2.1514 0.9190 0.6837 
4.2001 0.3901 2.1446 0.9545 0.6814 
4.1868 0.3901 2.1401 0.9674 0.6512 
4.1601 0.3901 2.1455 0.9490 0.5878 
4.1501 0.3901 2.1427 0.9566 0.5646 
4.1401 0.3801 2.1458 0.9316 0.5427 
4.1901 0.3701 2.1395 0.9400 0.6662 
4.2001 0.3701 2.1375 0.9469 0.6909 
4.2001 0.3801 2.1514 0.9190 0.6837 
4.1701 0.3801 2.1356 0.9656 0.6154 
4.1601 0.3901 2.1455 0.9490 0.5878 
4.1601 0.3701 2.1375 0.9437 0.5937 
4.1601 0.3901 2.1455 0.9490 0.5878 
4.1401 0.3801 2.1458 0.9316 0.5427 
4.1601 0.3701 2.1375 0.9437 0.5937 
4.1901 0.3701 2.1395 0.9400 0.6662 
4.1901 0.3601 2.1442 0.9096 0.6690 
4.2001 0.3701 2.1375 0.9469 0.6909 
4.1901 0.3701 2.1395 0.9400 0.6662 
4.1801 0.3601 2.1396 0.9233 0.6454 
4.1901 0.3601 2.1442 0.9096 0.6690 
4.1501 0.3601 2.1422 0.9126 0.5713 
4.1801 0.3601 2.1396 0.9233 0.6454 
4.1601 0.3701 2.1375 0.9437 0.5937 
4.1801 0.3601 2.1396 0.9233 0.6454 
4.1501 0.3601 2.1422 0.9126 0.5713 
4.1501 0.3401 2.1419 0.8809 0.5761 
4.1868 0.3901 2.1401 0.9674 0.6512 
4.1601 0.4001 2.1339 0.9989 0.5865 
4.1701 0.3801 2.1356 0.9656 0.6154 
4.1801 0.4001 2.1345 0.9985 0.6332 
4.1601 0.4001 2.1339 0.9989 0.5865 
4.1868 0.3901 2.1401 0.9674 0.6512 
4.1601 0.3901 2.1455 0.9490 0.5878 
4.1701 0.3801 2.1356 0.9656 0.6154 
4.1601 0.4001 2.1339 0.9989 0.5865 
4.1901 0.3701 2.1395 0.9400 0.6662 
4.2001 0.3801 2.1514 0.9190 0.6837 
4.1868 0.3901 2.1401 0.9674 0.6512 
4.1868 0.3901 2.1401 0.9674 0.6512 
4.1701 0.3801 2.1356 0.9656 0.6154 
4.1901 0.3701 2.1395 0.9400 0.6662 
4.1701 0.3801 2.1356 0.9656 0.6154 
4.1601 0.3701 2.1375 0.9437 0.5937 
4.1801 0.3601 2.1396 0.9233 0.6454 
4.1801 0.3601 2.1396 0.9233 0.6454 
4.1901 0.3701 2.1395 0.9400 0.6662 
4.1701 0.3801 2.1356 0.9656 0.6154 
4.1901 0.3601 2.1442 0.9096 0.6690 
4.1801 0.3601 2.1396 0.9233 0.6454 
4.1901 0.3501 2.1318 0.9332 0.6756 
4.1801 0.3601 2.1396 0.9233 0.6454 
4.1901 0.3401 2.1432 0.8802 0.6770 
4.1901 0.3501 2.1318 0.9332 0.6756 
4.1001 0.3901 2.1436 0.9500 0.4467 
4.1101 0.4001 2.1393 0.9786 0.4694 
4.1001 0.4001 2.1401 0.9753 0.4461 
4.1401 0.3801 2.1458 0.9316 0.5427 
4.1501 0.3901 2.1427 0.9566 0.5646 
4.1301 0.3901 2.1463 0.9440 0.5174 
4.1201 0.3701 2.1434 0.9221 0.4961 
4.1401 0.3701 2.1435 0.9235 0.5447 
4.1401 0.3801 2.1458 0.9316 0.5427 
4.1101 0.3801 2.1388 0.9510 0.4709 
4.1201 0.3701 2.1434 0.9221 0.4961 
4.1401 0.3801 2.1458 0.9316 0.5427 
4.1101 0.3801 2.1388 0.9510 0.4709 
4.1001 0.3601 2.1361 0.9280 0.4475 
4.1201 0.3701 2.1434 0.9221 0.4961 
4.1201 0.3601 2.1343 0.9354 0.4973 
4.1401 0.3701 2.1435 0.9235 0.5447 
4.1201 0.3701 2.1434 0.9221 0.4961 
4.1501 0.3401 2.1419 0.8809 0.5761 
4.1401 0.3701 2.1435 0.9235 0.5447 
4.1401 0.3401 2.1508 0.8516 0.5501 
4.1501 0.3601 2.1422 0.9126 0.5713 
4.1401 0.3701 2.1435 0.9235 0.5447 
4.1501 0.3401 2.1419 0.8809 0.5761 
4.1401 0.3401 2.1508 0.8516 0.5501 
4.1401 0.3701 2.1435 0.9235 0.5447 
4.1201 0.3601 2.1343 0.9354 0.4973 
4.1101 0.4001 2.1393 0.9786 0.4694 
4.1001 0.4001 2.1401 0.9753 0.4461 
4.1001 0.4001 2.1401 0.9753 0.4461 
4.1001 0.3901 2.1436 0.9500 0.4467 
4.1101 0.3801 2.1388 0.9510 0.4709 
4.1101 0.4001 2.1393 0.9786 0.4694 
4.1601 0.3701 2.1375 0.9437 0.5937 
4.1401 0.3801 2.1458 0.9316 0.5427 
4.1401 0.3701 2.1435 0.9235 0.5447 
4.1001 0.3601 2.1361 0.9280 0.4475 
4.1101 0.3801 2.1388 0.9510 0.4709 
4.1001 0.3901 2.1436 0.9500 0.4467 
4.1601 0.3701 2.1375 0.9437 0.5937 
4.1401 0.3701 2.1435 0.9235 0.5447 
4.1501 0.3601 2.1422 0.9126 0.5713 
4.1001 0.3601 2.1361 0.9280 0.4475 
4.1201 0.3601 2.1343 0.9354 0.4973 
4.1201 0.3701 2.1434 0.9221 0.4961 
4.1001 0.3501 2.1406 0.8974 0.4482 
4.1201 0.3601 2.1343 0.9354 0.4973 
4.1001 0.3601 2.1361 0.9280 0.4475 
4.1801 0.3601 2.1396 0.9233 0.6454 
4.1501 0.3401 2.1419 0.8809 0.5761 
4.1901 0.3401 2.1432 0.8802 0.6770 
4.1901 0.3401 2.1432 0.8802 0.6770 
4.1901 0.3301 2.1494 0.8431 0.6797 
4.2001 0.3301 2.1409 0.8714 0.7073 
4.1801 0.3301 2.1334 0.8940 0.6575 
4.1901 0.3301 2.1494 0.8431 0.6797 
4.1901 0.3401 2.1432 0.8802 0.6770 
4.1801 0.3301 2.1334 0.8940 0.6575 
4.1901 0.3401 2.1432 0.8802 0.6770 
4.1701 0.3301 2.1404 0.8704 0.6303 
4.1701 0.3301 2.1404 0.8704 0.6303 
4.1901 0.3401 2.1432 0.8802 0.6770 
4.1501 0.3401 2.1419 0.8809 0.5761 
4.2001 0.3301 2.1409 0.8714 0.7073 
4.1901 0.3301 2.1494 0.8431 0.6797 
4.1901 0.3201 2.1394 0.8578 0.6863 
4.1801 0.3301 2.1334 0.8940 0.6575 
4.1901 0.3201 2.1394 0.8578 0.6863 
4.1901 0.3301 2.1494 0.8431 0.6797 
4.1701 0.3301 2.1404 0.8704 0.6303 
4.1601 0.3201 2.1524 0.8131 0.6059 
4.1801 0.3101 2.1418 0.8308 0.6636 
4.1701 0.3301 2.1404 0.8704 0.6303 
4.1501 0.3201 2.1483 0.8252 0.5805 
4.1601 0.3201 2.1524 0.8131 0.6059 
4.1801 0.3101 2.1418 0.8308 0.6636 
4.2101 0.3101 2.1464 0.8186 0.7415 
4.1901 0.3201 2.1394 0.8578 0.6863 
4.1601 0.3001 2.1484 0.7884 0.6127 
4.1801 0.3101 2.1418 0.8308 0.6636 
4.1601 0.3201 2.1524 0.8131 0.6059 
4.1501 0.3101 2.1416 0.8288 0.5839 
4.1601 0.3001 2.1484 0.7884 0.6127 
4.1501 0.3201 2.1483 0.8252 0.5805 
4.2101 0.3101 2.1464 0.8186 0.7415 
4.1801 0.3101 2.1418 0.8308 0.6636 
4.1901 0.3001 2.1425 0.8109 0.6944 
4.2201 0.3001 2.1395 0.8237 0.7761 
4.2101 0.3101 2.1464 0.8186 0.7415 
4.1901 0.3001 2.1425 0.8109 0.6944 
4.1901 0.3001 2.1425 0.8109 0.6944 
4.1801 0.3101 2.1418 0.8308 0.6636 
4.1601 0.3001 2.1484 0.7884 0.6127 
4.1901 0.3501 2.1318 0.9332 0.6756 
4.1901 0.3401 2.1432 0.8802 0.6770 
4.2001 0.3301 2.1409 0.8714 0.7073 
4.1901 0.3201 2.1394 0.8578 0.6863 
4.1801 0.3301 2.1334 0.8940 0.6575 
4.1801 0.3101 2.1418 0.8308 0.6636 
4.1801 0.3101 2.1418 0.8308 0.6636 
4.1801 0.3301 2.1334 0.8940 0.6575 
4.1701 0.3301 2.1404 0.8704 0.6303 
4.1401 0.3401 2.1508 0.8516 0.5501 
4.1201 0.3601 2.1343 0.9354 0.4973 
4.1201 0.3401 2.1541 0.8396 0.4998 
4.1201 0.3601 2.1343 0.9354 0.4973 
4.1001 0.3501 2.1406 0.8974 0.4482 
4.1201 0.3401 2.1541 0.8396 0.4998 
4.1001 0.3501 2.1406 0.8974 0.4482 
4.0901 0.3401 2.1468 0.8597 0.4238 
4.1201 0.3401 2.1541 0.8396 0.4998 
4.1501 0.3401 2.1419 0.8809 0.5761 
4.1401 0.3201 2.1390 0.8544 0.5551 
4.1701 0.3301 2.1404 0.8704 0.6303 
4.1501 0.3401 2.1419 0.8809 0.5761 
4.1401 0.3401 2.1508 0.8516 0.5501 
4.1401 0.3201 2.1390 0.8544 0.5551 
4.1201 0.3401 2.1541 0.8396 0.4998 
4.1201 0.3301 2.1442 0.8536 0.5011 
4.1401 0.3401 2.1508 0.8516 0.5501 
4.1201 0.3301 2.1442 0.8536 0.5011 
4.1401 0.3201 2.1390 0.8544 0.5551 
4.1401 0.3401 2.1508 0.8516 0.5501 
4.1501 0.3201 2.1483 0.8252 0.5805 
4.1701 0.3301 2.1404 0.8704 0.6303 
4.1401 0.3201 2.1390 0.8544 0.5551 
4.1401 0.3201 2.1390 0.8544 0.5551 
4.1201 0.3301 2.1442 0.8536 0.5011 
4.1301 0.3101 2.1491 0.8023 0.5302 
4.1201 0.3201 2.1373 0.8583 0.5024 
4.1301 0.3101 2.1491 0.8023 0.5302 
4.1201 0.3301 2.1442 0.8536 0.5011 
4.1201 0.3301 2.1442 0.8536 0.5011 
4.1201 0.3401 2.1541 0.8396 0.4998 
4.1001 0.3201 2.1450 0.8310 0.4500 
4.1201 0.3201 2.1373 0.8583 0.5024 
4.1201 0.3301 2.1442 0.8536 0.5011 
4.1001 0.3201 2.1450 0.8310 0.4500 
4.1201 0.3401 2.1541 0.8396 0.4998 
4.0901 0.3401 2.1468 0.8597 0.4238 
4.1001 0.3201 2.1450 0.8310 0.4500 
4.1401 0.3101 2.1499 0.8007 0.5566 
4.1501 0.3101 2.1416 0.8288 0.5839 
4.1501 0.3201 2.1483 0.8252 0.5805 
4.1401 0.3201 2.1390 0.8544 0.5551 
4.1401 0.3101 2.1499 0.8007 0.5566 
4.1501 0.3201 2.1483 0.8252 0.5805 
4.1401 0.3201 2.1390 0.8544 0.5551 
4.1301 0.3101 2.1491 0.8023 0.5302 
4.1401 0.3101 2.1499 0.8007 0.5566 
4.1201 0.3201 2.1373 0.8583 0.5024 
4.1201 0.3101 2.1547 0.7831 0.5038 
4.1301 0.3101 2.1491 0.8023 0.5302 
4.1201 0.3201 2.1373 0.8583 0.5024 
4.1001 0.3201 2.1450 0.8310 0.4500 
4.1201 0.3101 2.1547 0.7831 0.5038 
4.1401 0.3101 2.1499 0.8007 0.5566 
4.1301 0.3101 2.1491 0.8023 0.5302 
4.1201 0.3001 2.1446 0.7968 0.5052 
4.1301 0.3101 2.1491 0.8023 0.5302 
4.1201 0.3101 2.1547 0.7831 0.5038 
4.1201 0.3001 2.1446 0.7968 0.5052 
4.1201 0.3001 2.1446 0.7968 0.5052 
4.1201 0.3101 2.1547 0.7831 0.5038 
4.1001 0.3201 2.1450 0.8310 0.4500 
4.0501 0.4401 2.1491 0.9990 0.3357 
4.0401 0.4201 2.1493 0.9712 0.3109 
4.0701 0.4301 2.1458 0.9970 0.3785 
4.0901 0.4201 2.1484 0.9774 0.4234 
4.0801 0.4181 2.1401 0.9987 0.3998 
4.1001 0.4101 2.1436 0.9787 0.4459 
4.1001 0.4101 2.1436 0.9787 0.4459 
4.0801 0.4181 2.1401 0.9987 0.3998 
4.0901 0.4001 2.1454 0.9583 0.4232 
4.1001 0.4001 2.1401 0.9753 0.4461 
4.1001 0.4101 2.1436 0.9787 0.4459 
4.0901 0.4001 2.1454 0.9583 0.4232 
4.1001 0.4001 2.1401 0.9753 0.4461 
4.0901 0.4001 2.1454 0.9583 0.4232 
4.1001 0.4001 2.1401 0.9753 0.4461 
4.0801 0.4181 2.1401 0.9987 0.3998 
4.0801 0.4001 2.1361 0.9861 0.3988 
4.0901 0.4001 2.1454 0.9583 0.4232 
4.0801 0.4181 2.1401 0.9987 0.3998 
4.0601 0.4101 2.1470 0.9655 0.3546 
4.0801 0.4001 2.1361 0.9861 0.3988 
4.1001 0.4001 2.1401 0.9753 0.4461 
4.1001 0.4001 2.1401 0.9753 0.4461 
4.1001 0.4001 2.1401 0.9753 0.4461 
4.0301 0.4001 2.1366 0.9809 0.2814 
4.0401 0.4201 2.1493 0.9712 0.3109 
4.0301 0.4201 2.1503 0.9674 0.2887 
4.0301 0.4001 2.1366 0.9809 0.2814 
4.0401 0.3901 2.1391 0.9594 0.3038 
4.0401 0.4201 2.1493 0.9712 0.3109 
3.9901 0.4201 2.1488 0.9689 0.1988 
3.9901 0.4001 2.1537 0.9259 0.1944 
4.0101 0.3901 2.1458 0.9366 0.2348 
3.9201 0.4501 2.1545 0.9877 0.0715 
3.9301 0.4501 2.1624 0.9660 0.0910 
3.9401 0.4601 2.1687 0.9620 0.1157 
3.9901 0.4401 2.1501 0.9921 0.2051 
3.9901 0.4401 2.1501 0.9921 0.2051 
3.9901 0.4401 2.1501 0.9921 0.2051 
3.9901 0.4401 2.1501 0.9921 0.2051 
3.9901 0.4401 2.1501 0.9921 0.2051 
3.9901 0.4401 2.1501 0.9921 0.2051 
3.9901 0.4401 2.1501 0.9921 0.2051 
3.9901 0.4401 2.1501 0.9921 0.2051 
3.9901 0.4401 2.1501 0.9921 0.2051 
3.9901 0.4401 2.1501 0.9921 0.2051 
3.9901 0.4401 2.1501 0.9921 0.2051 
3.9901 0.4401 2.1501 0.9921 0.2051 
3.9556 0.4401 2.1501 0.9898 0.1318 
3.9501 0.4301 2.1501 0.9760 0.1169 
3.9501 0.4301 2.1501 0.9760 0.1169 
3.9501 0.4301 2.1501 0.9760 0.1169 
3.9501 0.4301 2.1501 0.9760 0.1169 
3.9501 0.4301 2.1501 0.9760 0.1169 
3.9801 0.4201 2.1568 0.9448 0.1796 
3.9701 0.4201 2.1568 0.9441 0.1579 
3.9901 0.4201 2.1488 0.9689 0.1988 
3.9401 0.4601 2.1687 0.9620 0.1157 
3.9301 0.4501 2.1624 0.9660 0.0910 
3.9556 0.4401 2.1501 0.9898 0.1318 
3.9201 0.4501 2.1545 0.9877 0.0715 
3.9001 0.4501 2.1637 0.9604 0.0535 
3.9101 0.4301 2.1581 0.9499 0.0555 
3.9401 0.4301 2.1521 0.9694 0.0979 
3.9501 0.4301 2.1501 0.9760 0.1169 
3.9556 0.4401 2.1501 0.9898 0.1318 
3.9301 0.4501 2.1624 0.9660 0.0910 
3.9201 0.4501 2.1545 0.9877 0.0715 
3.9301 0.4201 2.1482 0.9664 0.0746 
3.9201 0.4501 2.1545 0.9877 0.0715 
3.9101 0.4301 2.1581 0.9499 0.0555 
3.9301 0.4201 2.1482 0.9664 0.0746 
3.9501 0.4301 2.1501 0.9760 0.1169 
3.9401 0.4301 2.1521 0.9694 0.0979 
3.9501 0.4301 2.1501 0.9760 0.1169 
3.9501 0.4301 2.1501 0.9760 0.1169 
3.9401 0.4301 2.1521 0.9694 0.0979 
3.9501 0.4201 2.1457 0.9755 0.1112 
3.9301 0.4201 2.1482 0.9664 0.0746 
3.9101 0.4301 2.1581 0.9499 0.0555 
3.9201 0.4201 2.1539 0.9487 0.0620 
3.9201 0.4201 2.1539 0.9487 0.0620 
3.9101 0.4301 2.1581 0.9499 0.0555 
3.9101 0.4101 2.1522 0.9389 0.0528 
3.9201 0.4201 2.1539 0.9487 0.0620 
3.9101 0.4101 2.1522 0.9389 0.0528 
3.9201 0.4101 2.1460 0.9583 0.0574 
3.9301 0.4201 2.1482 0.9664 0.0746 
3.9301 0.3901 2.1497 0.9182 0.0648 
3.9401 0.4001 2.1509 0.9304 0.0857 
3.9901 0.4401 2.1501 0.9921 0.2051 
3.9901 0.4401 2.1501 0.9921 0.2051 
4.0001 0.4401 2.1493 0.9950 0.2265 
3.9901 0.4401 2.1501 0.9921 0.2051 
3.9901 0.4301 2.1449 0.9943 0.2004 
4.0001 0.4401 2.1493 0.9950 0.2265 
3.9901 0.4401 2.1501 0.9921 0.2051 
3.9901 0.4401 2.1501 0.9921 0.2051 
3.9901 0.4301 2.1449 0.9943 0.2004 
3.9901 0.4401 2.1501 0.9921 0.2051 
3.9901 0.4401 2.1501 0.9921 0.2051 
3.9901 0.4301 2.1449 0.9943 0.2004 
3.9801 0.4201 2.1568 0.9448 0.1796 
3.9901 0.4301 2.1449 0.9943 0.2004 
3.9901 0.4401 2.1501 0.9921 0.2051 
3.9801 0.4201 2.1568 0.9448 0.1796 
3.9901 0.4401 2.1501 0.9921 0.2051 
3.9701 0.4201 2.1568 0.9441 0.1579 
4.0001 0.4401 2.1493 0.9950 0.2265 
3.9901 0.4301 2.1449 0.9943 0.2004 
3.9901 0.4201 2.1488 0.9689 0.1988 
3.9901 0.4201 2.1488 0.9689 0.1988 
3.9901 0.4301 2.1449 0.9943 0.2004 
3.9801 0.4201 2.1568 0.9448 0.1796 
3.9601 0.4201 2.1459 0.9756 0.1322 
3.9701 0.4201 2.1568 0.9441 0.1579 
3.9556 0.4401 2.1501 0.9898 0.1318 
3.9556 0.4401 2.1501 0.9898 0.1318 
3.9501 0.4201 2.1457 0.9755 0.1112 
3.9601 0.4201 2.1459 0.9756 0.1322 
3.9501 0.4301 2.1501 0.9760 0.1169 
3.9501 0.4201 2.1457 0.9755 0.1112 
3.9556 0.4401 2.1501 0.9898 0.1318 
3.9501 0.4301 2.1501 0.9760 0.1169 
3.9501 0.4301 2.1501 0.9760 0.1169 
3.9501 0.4201 2.1457 0.9755 0.1112 
3.9601 0.4201 2.1459 0.9756 0.1322 
3.9601 0.4001 2.1406 0.9634 0.1221 
3.9701 0.4201 2.1568 0.9441 0.1579 
3.9601 0.4201 2.1459 0.9756 0.1322 
3.9501 0.4201 2.1457 0.9755 0.1112 
3.9601 0.4001 2.1406 0.9634 0.1221 
3.9901 0.4201 2.1488 0.9689 0.1988 
3.9601 0.4001 2.1406 0.9634 0.1221 
3.9901 0.4001 2.1537 0.9259 0.1944 
3.9901 0.4201 2.1488 0.9689 0.1988 
3.9701 0.4201 2.1568 0.9441 0.1579 
3.9601 0.4001 2.1406 0.9634 0.1221 
3.9401 0.4301 2.1521 0.9694 0.0979 
3.9301 0.4501 2.1624 0.9660 0.0910 
3.9301 0.4201 2.1482 0.9664 0.0746 
3.9501 0.4201 2.1457 0.9755 0.1112 
3.9401 0.4301 2.1521 0.9694 0.0979 
3.9301 0.4201 2.1482 0.9664 0.0746 
3.9601 0.4001 2.1406 0.9634 0.1221 
3.9501 0.4201 2.1457 0.9755 0.1112 
3.9401 0.4001 2.1509 0.9304 0.0857 
3.9301 0.4201 2.1482 0.9664 0.0746 
3.9401 0.4001 2.1509 0.9304 0.0857 
3.9501 0.4201 2.1457 0.9755 0.1112 
3.9201 0.4201 2.1539 0.9487 0.0620 
3.9201 0.4101 2.1460 0.9583 0.0574 
3.9301 0.4201 2.1482 0.9664 0.0746 
3.9301 0.3901 2.1497 0.9182 0.0648 
3.9301 0.4201 2.1482 0.9664 0.0746 
3.9201 0.4101 2.1460 0.9583 0.0574 
4.0601 0.3801 2.1459 0.9250 0.3516 
4.0501 0.3701 2.1454 0.9102 0.3262 
4.0701 0.3701 2.1416 0.9236 0.3742 
4.0501 0.3701 2.1454 0.9102 0.3262 
4.0601 0.3601 2.1456 0.8944 0.3495 
4.0701 0.3701 2.1416 0.9236 0.3742 
4.0601 0.3001 2.1491 0.7759 0.3434 
4.0801 0.3001 2.1451 0.7911 0.3968 
4.0801 0.3201 2.1518 0.8074 0.3984 
4.0201 0.3401 2.1470 0.8528 0.2462 
4.0301 0.3301 2.1478 0.8336 0.2694 
4.0401 0.3401 2.1491 0.8479 0.2974 
4.0301 0.3201 2.1545 0.7941 0.2691 
4.0501 0.3201 2.1507 0.8080 0.3200 
4.0301 0.3301 2.1478 0.8336 0.2694 
4.0301 0.3301 2.1478 0.8336 0.2694 
4.0501 0.3201 2.1507 0.8080 0.3200 
4.0401 0.3401 2.1491 0.8479 0.2974 
4.1001 0.4001 2.1401 0.9753 0.4461 
4.0901 0.4001 2.1454 0.9583 0.4232 
4.1001 0.3901 2.1436 0.9500 0.4467 
4.1001 0.4001 2.1401 0.9753 0.4461 
4.1001 0.3901 2.1436 0.9500 0.4467 
4.1001 0.4001 2.1401 0.9753 0.4461 
4.0801 0.3901 2.1471 0.9379 0.3999 
4.0901 0.4001 2.1454 0.9583 0.4232 
4.0801 0.4001 2.1361 0.9861 0.3988 
4.0801 0.4001 2.1361 0.9861 0.3988 
4.0601 0.4101 2.1470 0.9655 0.3546 
4.0801 0.3901 2.1471 0.9379 0.3999 
4.0801 0.3901 2.1471 0.9379 0.3999 
4.0601 0.4101 2.1470 0.9655 0.3546 
4.0601 0.3801 2.1459 0.9250 0.3516 
4.0601 0.4101 2.1470 0.9655 0.3546 
4.0401 0.4201 2.1493 0.9712 0.3109 
4.0601 0.3801 2.1459 0.9250 0.3516 
4.1001 0.3901 2.1436 0.9500 0.4467 
4.0901 0.4001 2.1454 0.9583 0.4232 
4.0901 0.3801 2.1376 0.9532 0.4226 
4.0901 0.4001 2.1454 0.9583 0.4232 
4.0801 0.3901 2.1471 0.9379 0.3999 
4.0901 0.3801 2.1376 0.9532 0.4226 
4.0601 0.3801 2.1459 0.9250 0.3516 
4.0701 0.3701 2.1416 0.9236 0.3742 
4.0801 0.3901 2.1471 0.9379 0.3999 
4.0801 0.3501 2.1465 0.8768 0.3987 
4.1001 0.3501 2.1406 0.8974 0.4482 
4.0901 0.3801 2.1376 0.9532 0.4226 
4.0701 0.3701 2.1416 0.9236 0.3742 
4.0601 0.3601 2.1456 0.8944 0.3495 
4.0801 0.3501 2.1465 0.8768 0.3987 
4.0601 0.3601 2.1456 0.8944 0.3495 
4.0501 0.3701 2.1454 0.9102 0.3262 
4.0401 0.3601 2.1412 0.9066 0.2990 
4.0801 0.3501 2.1465 0.8768 0.3987 
4.0601 0.3601 2.1456 0.8944 0.3495 
4.0601 0.3501 2.1450 0.8798 0.3483 
4.0401 0.3601 2.1412 0.9066 0.2990 
4.0601 0.3501 2.1450 0.8798 0.3483 
4.0601 0.3601 2.1456 0.8944 0.3495 
4.0501 0.3501 2.1544 0.8495 0.3254 
4.0601 0.3501 2.1450 0.8798 0.3483 
4.0401 0.3601 2.1412 0.9066 0.2990 
4.1001 0.4001 2.1401 0.9753 0.4461 
4.1001 0.4001 2.1401 0.9753 0.4461 
4.1001 0.4001 2.1401 0.9753 0.4461 
4.0801 0.3901 2.1471 0.9379 0.3999 
4.0701 0.3701 2.1416 0.9236 0.3742 
4.0901 0.3801 2.1376 0.9532 0.4226 
4.0901 0.3801 2.1376 0.9532 0.4226 
4.1001 0.3601 2.1361 0.9280 0.4475 
4.1001 0.3901 2.1436 0.9500 0.4467 
4.1001 0.3501 2.1406 0.8974 0.4482 
4.1001 0.3601 2.1361 0.9280 0.4475 
4.0901 0.3801 2.1376 0.9532 0.4226 
4.0901 0.3801 2.1376 0.9532 0.4226 
4.0701 0.3701 2.1416 0.9236 0.3742 
4.0801 0.3501 2.1465 0.8768 0.3987 
4.0601 0.3801 2.1459 0.9250 0.3516 
4.0401 0.4201 2.1493 0.9712 0.3109 
4.0401 0.3901 2.1391 0.9594 0.3038 
4.0401 0.3901 2.1391 0.9594 0.3038 
4.0301 0.4001 2.1366 0.9809 0.2814 
4.0201 0.3701 2.1457 0.9068 0.2535 
4.0101 0.3901 2.1458 0.9366 0.2348 
3.9901 0.4001 2.1537 0.9259 0.1944 
4.0101 0.3801 2.1416 0.9343 0.2308 
4.0601 0.3801 2.1459 0.9250 0.3516 
4.0401 0.3901 2.1391 0.9594 0.3038 
4.0501 0.3701 2.1454 0.9102 0.3262 
4.0101 0.3901 2.1458 0.9366 0.2348 
4.0101 0.3801 2.1416 0.9343 0.2308 
4.0201 0.3801 2.1364 0.9516 0.2531 
4.0401 0.3901 2.1391 0.9594 0.3038 
4.0401 0.3601 2.1412 0.9066 0.2990 
4.0501 0.3701 2.1454 0.9102 0.3262 
4.0401 0.3901 2.1391 0.9594 0.3038 
4.0201 0.3701 2.1457 0.9068 0.2535 
4.0401 0.3601 2.1412 0.9066 0.2990 
4.0101 0.3801 2.1416 0.9343 0.2308 
4.0101 0.3701 2.1421 0.9172 0.2281 
4.0201 0.3701 2.1457 0.9068 0.2535 
4.0401 0.3601 2.1412 0.9066 0.2990 
4.0201 0.3701 2.1457 0.9068 0.2535 
4.0301 0.3501 2.1406 0.8913 0.2719 
4.0201 0.3701 2.1457 0.9068 0.2535 
4.0101 0.3701 2.1421 0.9172 0.2281 
4.0301 0.3501 2.1406 0.8913 0.2719 
4.0501 0.3501 2.1544 0.8495 0.3254 
4.0401 0.3601 2.1412 0.9066 0.2990 
4.0301 0.3501 2.1406 0.8913 0.2719 
4.0201 0.3401 2.1470 0.8528 0.2462 
4.0101 0.3701 2.1421 0.9172 0.2281 
4.0001 0.3501 2.1489 0.8621 0.2001 
4.0301 0.3501 2.1406 0.8913 0.2719 
4.0101 0.3701 2.1421 0.9172 0.2281 
4.0201 0.3401 2.1470 0.8528 0.2462 
4.0101 0.3901 2.1458 0.9366 0.2348 
4.0201 0.3801 2.1364 0.9516 0.2531 
4.0301 0.4001 2.1366 0.9809 0.2814 
4.0201 0.3701 2.1457 0.9068 0.2535 
4.0301 0.4001 2.1366 0.9809 0.2814 
4.0201 0.3801 2.1364 0.9516 0.2531 
4.0201 0.3801 2.1364 0.9516 0.2531 
4.0101 0.3801 2.1416 0.9343 0.2308 
4.0201 0.3701 2.1457 0.9068 0.2535 
4.1001 0.3501 2.1406 0.8974 0.4482 
4.0801 0.3501 2.1465 0.8768 0.3987 
4.0901 0.3401 2.1468 0.8597 0.4238 
4.0601 0.3501 2.1450 0.8798 0.3483 
4.0601 0.3401 2.1450 0.8629 0.3472 
4.0801 0.3501 2.1465 0.8768 0.3987 
4.0601 0.3401 2.1450 0.8629 0.3472 
4.0501 0.3501 2.1544 0.8495 0.3254 
4.0501 0.3401 2.1345 0.8962 0.3192 
4.0601 0.3401 2.1450 0.8629 0.3472 
4.0601 0.3501 2.1450 0.8798 0.3483 
4.0501 0.3501 2.1544 0.8495 0.3254 
4.0901 0.3401 2.1468 0.8597 0.4238 
4.0601 0.3401 2.1450 0.8629 0.3472 
4.0701 0.3301 2.1425 0.8543 0.3715 
4.0801 0.3501 2.1465 0.8768 0.3987 
4.0601 0.3401 2.1450 0.8629 0.3472 
4.0901 0.3401 2.1468 0.8597 0.4238 
4.0601 0.3301 2.1505 0.8279 0.3472 
4.0701 0.3301 2.1425 0.8543 0.3715 
4.0601 0.3401 2.1450 0.8629 0.3472 
4.0601 0.3401 2.1450 0.8629 0.3472 
4.0501 0.3401 2.1345 0.8962 0.3192 
4.0601 0.3301 2.1505 0.8279 0.3472 
4.0501 0.3401 2.1345 0.8962 0.3192 
4.0401 0.3401 2.1491 0.8479 0.2974 
4.0601 0.3301 2.1505 0.8279 0.3472 
4.0801 0.3201 2.1518 0.8074 0.3984 
4.1001 0.3201 2.1450 0.8310 0.4500 
4.0901 0.3401 2.1468 0.8597 0.4238 
4.0801 0.3201 2.1518 0.8074 0.3984 
4.0901 0.3401 2.1468 0.8597 0.4238 
4.0701 0.3301 2.1425 0.8543 0.3715 
4.0601 0.3301 2.1505 0.8279 0.3472 
4.0401 0.3401 2.1491 0.8479 0.2974 
4.0701 0.3301 2.1425 0.8543 0.3715 
4.0501 0.3201 2.1507 0.8080 0.3200 
4.0701 0.3301 2.1425 0.8543 0.3715 
4.0401 0.3401 2.1491 0.8479 0.2974 
4.0801 0.3201 2.1518 0.8074 0.3984 
4.0901 0.3001 2.1419 0.8026 0.4236 
4.1001 0.3201 2.1450 0.8310 0.4500 
4.0901 0.3001 2.1419 0.8026 0.4236 
4.0801 0.3201 2.1518 0.8074 0.3984 
4.0801 0.3001 2.1451 0.7911 0.3968 
4.0801 0.3201 2.1518 0.8074 0.3984 
4.0701 0.3301 2.1425 0.8543 0.3715 
4.0601 0.3001 2.1491 0.7759 0.3434 
4.0501 0.3201 2.1507 0.8080 0.3200 
4.0401 0.3001 2.1495 0.7726 0.2895 
4.0701 0.3301 2.1425 0.8543 0.3715 
4.0401 0.3001 2.1495 0.7726 0.2895 
4.0601 0.3001 2.1491 0.7759 0.3434 
4.0701 0.3301 2.1425 0.8543 0.3715 
4.0501 0.3401 2.1345 0.8962 0.3192 
4.0501 0.3501 2.1544 0.8495 0.3254 
4.0401 0.3401 2.1491 0.8479 0.2974 
4.0301 0.3501 2.1406 0.8913 0.2719 
4.0401 0.3401 2.1491 0.8479 0.2974 
4.0501 0.3501 2.1544 0.8495 0.3254 
4.0201 0.3401 2.1470 0.8528 0.2462 
4.0401 0.3401 2.1491 0.8479 0.2974 
4.0301 0.3501 2.1406 0.8913 0.2719 
4.0101 0.3401 2.1374 0.8829 0.2175 
4.0201 0.3401 2.1470 0.8528 0.2462 
4.0001 0.3501 2.1489 0.8621 0.2001 
4.0101 0.3401 2.1374 0.8829 0.2175 
4.0001 0.3501 2.1489 0.8621 0.2001 
4.0001 0.3401 2.1421 0.8668 0.1940 
4.0201 0.3301 2.1374 0.8665 0.2402 
4.0301 0.3301 2.1478 0.8336 0.2694 
4.0201 0.3401 2.1470 0.8528 0.2462 
4.0201 0.3301 2.1374 0.8665 0.2402 
4.0201 0.3401 2.1470 0.8528 0.2462 
4.0101 0.3401 2.1374 0.8829 0.2175 
4.0201 0.3301 2.1374 0.8665 0.2402 
4.0301 0.3201 2.1545 0.7941 0.2691 
4.0301 0.3301 2.1478 0.8336 0.2694 
4.0201 0.3301 2.1374 0.8665 0.2402 
4.0301 0.3101 2.1453 0.8046 0.2637 
4.0301 0.3201 2.1545 0.7941 0.2691 
4.0201 0.3301 2.1374 0.8665 0.2402 
4.0101 0.3401 2.1374 0.8829 0.2175 
4.0101 0.3101 2.1453 0.8028 0.2107 
4.0201 0.3301 2.1374 0.8665 0.2402 
4.0101 0.3101 2.1453 0.8028 0.2107 
4.0301 0.3101 2.1453 0.8046 0.2637 
4.0001 0.3201 2.1401 0.8377 0.1859 
4.0101 0.3401 2.1374 0.8829 0.2175 
4.0001 0.3401 2.1421 0.8668 0.1940 
4.0001 0.3201 2.1401 0.8377 0.1859 
4.0101 0.3101 2.1453 0.8028 0.2107 
4.0101 0.3401 2.1374 0.8829 0.2175 
4.0301 0.3101 2.1453 0.8046 0.2637 
4.0401 0.3001 2.1495 0.7726 0.2895 
4.0501 0.3201 2.1507 0.8080 0.3200 
4.0301 0.3201 2.1545 0.7941 0.2691 
4.0301 0.3101 2.1453 0.8046 0.2637 
4.0501 0.3201 2.1507 0.8080 0.3200 
4.0101 0.3101 2.1453 0.8028 0.2107 
4.0001 0.3201 2.1401 0.8377 0.1859 
4.0001 0.3001 2.1459 0.7804 0.1808 
4.0301 0.3101 2.1453 0.8046 0.2637 
4.0101 0.3101 2.1453 0.8028 0.2107 
4.0301 0.2901 2.1427 0.7742 0.2576 
3.9601 0.3601 2.1463 0.8838 0.1081 
3.9601 0.3301 2.1445 0.8376 0.0940 
3.9801 0.3501 2.1434 0.8779 0.1490 
3.9601 0.3601 2.1463 0.8838 0.1081 
3.9501 0.3501 2.1439 0.8737 0.0816 
3.9601 0.3301 2.1445 0.8376 0.0940 
3.9601 0.3301 2.1445 0.8376 0.0940 
3.9601 0.3101 2.1546 0.7676 0.0898 
3.9801 0.3201 2.1422 0.8289 0.1358 
3.9801 0.3201 2.1422 0.8289 0.1358 
3.9601 0.3101 2.1546 0.7676 0.0898 
3.9601 0.3001 2.1482 0.7686 0.0822 
3.9901 0.4001 2.1537 0.9259 0.1944 
3.9901 0.3901 2.1487 0.9261 0.1893 
4.0101 0.3801 2.1416 0.9343 0.2308 
3.9901 0.3901 2.1487 0.9261 0.1893 
3.9601 0.4001 2.1406 0.9634 0.1221 
3.9701 0.3901 2.1410 0.9480 0.1405 
3.9901 0.4001 2.1537 0.9259 0.1944 
3.9601 0.4001 2.1406 0.9634 0.1221 
3.9901 0.3901 2.1487 0.9261 0.1893 
3.9701 0.3901 2.1410 0.9480 0.1405 
3.9401 0.4001 2.1509 0.9304 0.0857 
3.9401 0.3901 2.1422 0.9421 0.0782 
3.9601 0.4001 2.1406 0.9634 0.1221 
3.9401 0.4001 2.1509 0.9304 0.0857 
3.9701 0.3901 2.1410 0.9480 0.1405 
3.9701 0.3901 2.1410 0.9480 0.1405 
3.9801 0.3801 2.1498 0.9067 0.1632 
3.9901 0.3901 2.1487 0.9261 0.1893 
3.9601 0.3801 2.1514 0.9000 0.1187 
3.9801 0.3801 2.1498 0.9067 0.1632 
3.9701 0.3901 2.1410 0.9480 0.1405 
3.9601 0.3801 2.1514 0.9000 0.1187 
3.9701 0.3901 2.1410 0.9480 0.1405 
3.9401 0.3901 2.1422 0.9421 0.0782 
4.0101 0.3801 2.1416 0.9343 0.2308 
3.9901 0.3901 2.1487 0.9261 0.1893 
3.9901 0.3601 2.1469 0.8845 0.1784 
4.0101 0.3801 2.1416 0.9343 0.2308 
3.9901 0.3601 2.1469 0.8845 0.1784 
4.0101 0.3701 2.1421 0.9172 0.2281 
3.9901 0.3901 2.1487 0.9261 0.1893 
3.9801 0.3801 2.1498 0.9067 0.1632 
3.9901 0.3601 2.1469 0.8845 0.1784 
3.9801 0.3801 2.1498 0.9067 0.1632 
3.9601 0.3701 2.1433 0.9095 0.1110 
3.9901 0.3601 2.1469 0.8845 0.1784 
3.9801 0.3801 2.1498 0.9067 0.1632 
3.9601 0.3801 2.1514 0.9000 0.1187 
3.9601 0.3701 2.1433 0.9095 0.1110 
3.9601 0.3701 2.1433 0.9095 0.1110 
3.9601 0.3801 2.1514 0.9000 0.1187 
3.9501 0.3601 2.1475 0.8791 0.0874 
4.0101 0.3701 2.1421 0.9172 0.2281 
3.9901 0.3601 2.1469 0.8845 0.1784 
4.0001 0.3501 2.1489 0.8621 0.2001 
3.9901 0.3601 2.1469 0.8845 0.1784 
3.9601 0.3701 2.1433 0.9095 0.1110 
3.9601 0.3601 2.1463 0.8838 0.1081 
3.9601 0.3701 2.1433 0.9095 0.1110 
3.9501 0.3601 2.1475 0.8791 0.0874 
3.9601 0.3601 2.1463 0.8838 0.1081 
4.0001 0.3501 2.1489 0.8621 0.2001 
3.9901 0.3601 2.1469 0.8845 0.1784 
4.0001 0.3401 2.1421 0.8668 0.1940 
4.0001 0.3401 2.1421 0.8668 0.1940 
3.9901 0.3601 2.1469 0.8845 0.1784 
3.9801 0.3501 2.1434 0.8779 0.1490 
3.9901 0.3601 2.1469 0.8845 0.1784 
3.9601 0.3601 2.1463 0.8838 0.1081 
3.9801 0.3501 2.1434 0.8779 0.1490 
3.9501 0.3501 2.1439 0.8737 0.0816 
3.9601 0.3601 2.1463 0.8838 0.1081 
3.9501 0.3601 2.1475 0.8791 0.0874 
3.9301 0.3901 2.1497 0.9182 0.0648 
3.9401 0.3901 2.1422 0.9421 0.0782 
3.9401 0.4001 2.1509 0.9304 0.0857 
3.9301 0.3901 2.1497 0.9182 0.0648 
3.9201 0.4101 2.1460 0.9583 0.0574 
3.9201 0.3901 2.1412 0.9436 0.0534 
3.9301 0.3801 2.1391 0.9359 0.0587 
3.9401 0.3901 2.1422 0.9421 0.0782 
3.9301 0.3901 2.1497 0.9182 0.0648 
3.9501 0.3601 2.1475 0.8791 0.0874 
3.9401 0.3901 2.1422 0.9421 0.0782 
3.9301 0.3801 2.1391 0.9359 0.0587 
3.9601 0.3801 2.1514 0.9000 0.1187 
3.9401 0.3901 2.1422 0.9421 0.0782 
3.9501 0.3601 2.1475 0.8791 0.0874 
3.9301 0.3601 2.1434 0.8904 0.0552 
3.9501 0.3601 2.1475 0.8791 0.0874 
3.9301 0.3801 2.1391 0.9359 0.0587 
3.9301 0.3601 2.1434 0.8904 0.0552 
3.9501 0.3501 2.1439 0.8737 0.0816 
3.9501 0.3601 2.1475 0.8791 0.0874 
3.9901 0.3301 2.1481 0.8288 0.1677 
4.0001 0.3401 2.1421 0.8668 0.1940 
3.9801 0.3501 2.1434 0.8779 0.1490 
3.9901 0.3301 2.1481 0.8288 0.1677 
3.9801 0.3501 2.1434 0.8779 0.1490 
3.9801 0.3301 2.1459 0.8350 0.1419 
3.9801 0.3501 2.1434 0.8779 0.1490 
3.9601 0.3301 2.1445 0.8376 0.0940 
3.9801 0.3301 2.1459 0.8350 0.1419 
3.9601 0.3301 2.1445 0.8376 0.0940 
3.9501 0.3501 2.1439 0.8737 0.0816 
3.9501 0.3201 2.1438 0.8207 0.0692 
4.0001 0.3201 2.1401 0.8377 0.1859 
3.9901 0.3301 2.1481 0.8288 0.1677 
3.9801 0.3201 2.1422 0.8289 0.1358 
4.0001 0.3401 2.1421 0.8668 0.1940 
3.9901 0.3301 2.1481 0.8288 0.1677 
4.0001 0.3201 2.1401 0.8377 0.1859 
3.9901 0.3301 2.1481 0.8288 0.1677 
3.9801 0.3301 2.1459 0.8350 0.1419 
3.9801 0.3201 2.1422 0.8289 0.1358 
3.9601 0.3301 2.1445 0.8376 0.0940 
3.9801 0.3201 2.1422 0.8289 0.1358 
3.9801 0.3301 2.1459 0.8350 0.1419 
4.0001 0.3201 2.1401 0.8377 0.1859 
3.9801 0.3201 2.1422 0.8289 0.1358 
4.0001 0.3001 2.1459 0.7804 0.1808 
3.9601 0.3301 2.1445 0.8376 0.0940 
3.9501 0.3201 2.1438 0.8207 0.0692 
3.9601 0.3101 2.1546 0.7676 0.0898 
3.9901 0.2901 2.1495 0.7470 0.1519 
4.0001 0.3001 2.1459 0.7804 0.1808 
3.9701 0.2901 2.1528 0.7342 0.1026 
3.9801 0.3201 2.1422 0.8289 0.1358 
3.9701 0.2901 2.1528 0.7342 0.1026 
4.0001 0.3001 2.1459 0.7804 0.1808 
3.9601 0.3001 2.1482 0.7686 0.0822 
3.9701 0.2901 2.1528 0.7342 0.1026 
3.9801 0.3201 2.1422 0.8289 0.1358 
3.9501 0.3201 2.1438 0.8207 0.0692 
3.9501 0.3501 2.1439 0.8737 0.0816 
3.9301 0.3401 2.1451 0.8507 0.0529 
4.2801 0.3001 2.1331 0.8512 0.9405 
4.2801 0.2701 2.1401 0.7684 0.9634 
4.2901 0.3001 2.1381 0.8350 0.9641 
4.2801 0.3001 2.1331 0.8512 0.9405 
4.2701 0.2901 2.1390 0.8111 0.9186 
4.2801 0.2701 2.1401 0.7684 0.9634 
4.2801 0.3001 2.1331 0.8512 0.9405 
4.2701 0.3001 2.1494 0.7959 0.9044 
4.2701 0.2901 2.1390 0.8111 0.9186 
4.2701 0.2901 2.1390 0.8111 0.9186 
4.2601 0.3001 2.1397 0.8268 0.8832 
4.2701 0.2744 2.1401 0.7763 0.9315 
4.2701 0.2901 2.1390 0.8111 0.9186 
4.2701 0.3001 2.1494 0.7959 0.9044 
4.2601 0.3001 2.1397 0.8268 0.8832 
4.2501 0.3001 2.1501 0.7918 0.8514 
4.2401 0.2901 2.1418 0.7987 0.8356 
4.2701 0.2744 2.1401 0.7763 0.9315 
4.2601 0.3001 2.1397 0.8268 0.8832 
4.2501 0.3001 2.1501 0.7918 0.8514 
4.2701 0.2744 2.1401 0.7763 0.9315 
4.2701 0.2901 2.1390 0.8111 0.9186 
4.2701 0.2744 2.1401 0.7763 0.9315 
4.2801 0.2701 2.1401 0.7684 0.9634 
4.2701 0.2744 2.1401 0.7763 0.9315 
4.2401 0.2901 2.1418 0.7987 0.8356 
4.2501 0.2801 2.1485 0.7577 0.8669 
4.2701 0.2744 2.1401 0.7763 0.9315 
4.2501 0.2801 2.1485 0.7577 0.8669 
4.2601 0.2601 2.1417 0.7396 0.9150 
4.2801 0.2601 2.1401 0.7473 0.9730 
4.2801 0.2701 2.1401 0.7684 0.9634 
4.2801 0.2601 2.1401 0.7473 0.9730 
4.2701 0.2744 2.1401 0.7763 0.9315 
4.2801 0.2401 2.1431 0.6923 0.9912 
4.2801 0.2601 2.1401 0.7473 0.9730 
4.2801 0.2701 2.1401 0.7684 0.9634 
4.2701 0.2744 2.1401 0.7763 0.9315 
4.2801 0.2601 2.1401 0.7473 0.9730 
4.2801 0.2701 2.1401 0.7684 0.9634 
4.2801 0.2601 2.1401 0.7473 0.9730 
4.2801 0.2701 2.1401 0.7684 0.9634 
4.2701 0.2744 2.1401 0.7763 0.9315 
4.2601 0.2601 2.1417 0.7396 0.9150 
4.2801 0.2401 2.1431 0.6923 0.9912 
4.2701 0.2744 2.1401 0.7763 0.9315 
4.2801 0.2701 2.1401 0.7684 0.9634 
4.2801 0.2701 2.1401 0.7684 0.9634 
4.2801 0.2701 2.1401 0.7684 0.9634 
4.2801 0.2701 2.1401 0.7684 0.9634 
4.2801 0.2701 2.1401 0.7684 0.9634 
4.2501 0.3001 2.1501 0.7918 0.8514 
4.2301 0.3001 2.1467 0.8007 0.7999 
4.2401 0.2901 2.1418 0.7987 0.8356 
4.2201 0.3001 2.1395 0.8237 0.7761 
4.2101 0.2901 2.1503 0.7676 0.7510 
4.2301 0.3001 2.1467 0.8007 0.7999 
4.2501 0.2801 2.1485 0.7577 0.8669 
4.2401 0.2901 2.1418 0.7987 0.8356 
4.2401 0.2701 2.1413 0.7599 0.8504 
4.2401 0.2901 2.1418 0.7987 0.8356 
4.2301 0.3001 2.1467 0.8007 0.7999 
4.2401 0.2701 2.1413 0.7599 0.8504 
4.2301 0.3001 2.1467 0.8007 0.7999 
4.2101 0.2901 2.1503 0.7676 0.7510 
4.2301 0.2601 2.1434 0.7303 0.8285 
4.2101 0.2901 2.1503 0.7676 0.7510 
4.2101 0.2701 2.1470 0.7375 0.7637 
4.2301 0.2601 2.1434 0.7303 0.8285 
4.2401 0.2701 2.1413 0.7599 0.8504 
4.2301 0.3001 2.1467 0.8007 0.7999 
4.2301 0.2601 2.1434 0.7303 0.8285 
4.2601 0.2601 2.1417 0.7396 0.9150 
4.2401 0.2701 2.1413 0.7599 0.8504 
4.2501 0.2501 2.1475 0.6968 0.8916 
4.2501 0.2801 2.1485 0.7577 0.8669 
4.2401 0.2701 2.1413 0.7599 0.8504 
4.2601 0.2601 2.1417 0.7396 0.9150 
4.2401 0.2701 2.1413 0.7599 0.8504 
4.2301 0.2601 2.1434 0.7303 0.8285 
4.2501 0.2501 2.1475 0.6968 0.8916 
4.2301 0.2501 2.1375 0.7288 0.8389 
4.2501 0.2501 2.1475 0.6968 0.8916 
4.2301 0.2601 2.1434 0.7303 0.8285 
4.2301 0.2601 2.1434 0.7303 0.8285 
4.2101 0.2701 2.1470 0.7375 0.7637 
4.2201 0.2401 2.1430 0.6854 0.8141 
4.2301 0.2601 2.1434 0.7303 0.8285 
4.2201 0.2401 2.1430 0.6854 0.8141 
4.2301 0.2501 2.1375 0.7288 0.8389 
4.2101 0.2701 2.1470 0.7375 0.7637 
4.1901 0.2701 2.1501 0.7249 0.7067 
4.1901 0.2501 2.1448 0.6989 0.7187 
4.2801 0.2401 2.1431 0.6923 0.9912 
4.2601 0.2601 2.1417 0.7396 0.9150 
4.2601 0.2401 2.1405 0.6990 0.9341 
4.2601 0.2401 2.1405 0.6990 0.9341 
4.2601 0.2601 2.1417 0.7396 0.9150 
4.2501 0.2501 2.1475 0.6968 0.8916 
4.2601 0.2401 2.1405 0.6990 0.9341 
4.2501 0.2501 2.1475 0.6968 0.8916 
4.2401 0.2401 2.1414 0.6935 0.8743 
4.2501 0.2257 2.1401 0.6650 0.9180 
4.2701 0.2301 2.1406 0.6762 0.9738 
4.2601 0.2401 2.1405 0.6990 0.9341 
4.2701 0.2301 2.1406 0.6762 0.9738 
4.2501 0.2257 2.1401 0.6650 0.9180 
4.2701 0.2201 2.1366 0.6660 0.9875 
4.2701 0.2201 2.1366 0.6660 0.9875 
4.2601 0.2101 2.1389 0.6315 0.9655 
4.2701 0.2101 2.1450 0.6109 0.9919 
4.2801 0.2401 2.1431 0.6923 0.9912 
4.2601 0.2401 2.1405 0.6990 0.9341 
4.2701 0.2301 2.1406 0.6762 0.9738 
4.2601 0.2401 2.1405 0.6990 0.9341 
4.2401 0.2401 2.1414 0.6935 0.8743 
4.2501 0.2257 2.1401 0.6650 0.9180 
4.2501 0.2257 2.1401 0.6650 0.9180 
4.2501 0.2201 2.1362 0.6650 0.9260 
4.2701 0.2201 2.1366 0.6660 0.9875 
4.2501 0.2201 2.1362 0.6650 0.9260 
4.2601 0.2101 2.1389 0.6315 0.9655 
4.2701 0.2201 2.1366 0.6660 0.9875 
4.2501 0.2501 2.1475 0.6968 0.8916 
4.2301 0.2501 2.1375 0.7288 0.8389 
4.2401 0.2401 2.1414 0.6935 0.8743 
4.2201 0.2401 2.1430 0.6854 0.8141 
4.1901 0.2501 2.1448 0.6989 0.7187 
4.2101 0.2301 2.1457 0.6511 0.7901 
4.2101 0.2701 2.1470 0.7375 0.7637 
4.1901 0.2501 2.1448 0.6989 0.7187 
4.2201 0.2401 2.1430 0.6854 0.8141 
4.2401 0.2401 2.1414 0.6935 0.8743 
4.2301 0.2201 2.1401 0.6485 0.8617 
4.2501 0.2257 2.1401 0.6650 0.9180 
4.2301 0.2501 2.1375 0.7288 0.8389 
4.2301 0.2201 2.1401 0.6485 0.8617 
4.2401 0.2401 2.1414 0.6935 0.8743 
4.2301 0.2501 2.1375 0.7288 0.8389 
4.2201 0.2401 2.1430 0.6854 0.8141 
4.2301 0.2201 2.1401 0.6485 0.8617 
4.2501 0.2257 2.1401 0.6650 0.9180 
4.2301 0.2201 2.1401 0.6485 0.8617 
4.2401 0.2201 2.1401 0.6498 0.8926 
4.2301 0.2201 2.1401 0.6485 0.8617 
4.2201 0.2401 2.1430 0.6854 0.8141 
4.2201 0.2201 2.1446 0.6315 0.8285 
4.2301 0.2201 2.1401 0.6485 0.8617 
4.2201 0.2201 2.1446 0.6315 0.8285 
4.2301 0.2201 2.1401 0.6485 0.8617 
4.2201 0.2401 2.1430 0.6854 0.8141 
4.2101 0.2301 2.1457 0.6511 0.7901 
4.2201 0.2201 2.1446 0.6315 0.8285 
4.1901 0.2201 2.1448 0.6266 0.7360 
4.2201 0.2201 2.1446 0.6315 0.8285 
4.2101 0.2301 2.1457 0.6511 0.7901 
4.2301 0.2101 2.1430 0.6127 0.8687 
4.2601 0.2101 2.1389 0.6315 0.9655 
4.2401 0.2201 2.1401 0.6498 0.8926 
4.2301 0.2201 2.1401 0.6485 0.8617 
4.2301 0.2101 2.1430 0.6127 0.8687 
4.2401 0.2201 2.1401 0.6498 0.8926 
4.2201 0.2201 2.1446 0.6315 0.8285 
4.2201 0.2001 2.1418 0.5890 0.8464 
4.2301 0.2101 2.1430 0.6127 0.8687 
4.2301 0.2201 2.1401 0.6485 0.8617 
4.2201 0.2201 2.1446 0.6315 0.8285 
4.2301 0.2101 2.1430 0.6127 0.8687 
4.2301 0.2201 2.1401 0.6485 0.8617 
4.2301 0.2101 2.1430 0.6127 0.8687 
4.2301 0.2201 2.1401 0.6485 0.8617 
4.2201 0.2201 2.1446 0.6315 0.8285 
4.1901 0.2201 2.1448 0.6266 0.7360 
4.2001 0.2001 2.1451 0.5742 0.7805 
4.2601 0.2101 2.1389 0.6315 0.9655 
4.2301 0.2101 2.1430 0.6127 0.8687 
4.2601 0.1901 2.1415 0.5679 0.9856 
4.2201 0.2201 2.1446 0.6315 0.8285 
4.2001 0.2001 2.1451 0.5742 0.7805 
4.2201 0.2001 2.1418 0.5890 0.8464 
4.2401 0.2201 2.1401 0.6498 0.8926 
4.2401 0.2201 2.1401 0.6498 0.8926 
4.2501 0.2257 2.1401 0.6650 0.9180 
4.2401 0.2201 2.1401 0.6498 0.8926 
4.2501 0.2201 2.1362 0.6650 0.9260 
4.2501 0.2257 2.1401 0.6650 0.9180 
4.2301 0.2201 2.1401 0.6485 0.8617 
4.2301 0.2201 2.1401 0.6485 0.8617 
4.2401 0.2201 2.1401 0.6498 0.8926 
4.2301 0.2201 2.1401 0.6485 0.8617 
4.2401 0.2201 2.1401 0.6498 0.8926 
4.2401 0.2201 2.1401 0.6498 0.8926 
4.2301 0.2201 2.1401 0.6485 0.8617 
4.2301 0.2201 2.1401 0.6485 0.8617 
4.2301 0.2201 2.1401 0.6485 0.8617 
4.2601 0.2101 2.1389 0.6315 0.9655 
4.2501 0.2201 2.1362 0.6650 0.9260 
4.2401 0.2201 2.1401 0.6498 0.8926 
4.2501 0.2201 2.1362 0.6650 0.9260 
4.2401 0.2201 2.1401 0.6498 0.8926 
4.2401 0.2201 2.1401 0.6498 0.8926 
4.2401 0.2201 2.1401 0.6498 0.8926 
4.2401 0.2201 2.1401 0.6498 0.8926 
4.2301 0.2201 2.1401 0.6485 0.8617 
4.2401 0.2201 2.1401 0.6498 0.8926 
4.2301 0.2201 2.1401 0.6485 0.8617 
4.2301 0.2201 2.1401 0.6485 0.8617 
4.2301 0.2201 2.1401 0.6485 0.8617 
4.2301 0.2201 2.1401 0.6485 0.8617 
4.2301 0.2201 2.1401 0.6485 0.8617 
4.2201 0.3001 2.1395 0.8237 0.7761 
4.1901 0.3001 2.1425 0.8109 0.6944 
4.2101 0.2901 2.1503 0.7676 0.7510 
4.1901 0.3001 2.1425 0.8109 0.6944 
4.1601 0.3001 2.1484 0.7884 0.6127 
4.1801 0.2901 2.1453 0.7811 0.6711 
4.1801 0.2901 2.1453 0.7811 0.6711 
4.1601 0.3001 2.1484 0.7884 0.6127 
4.1601 0.2701 2.1454 0.7372 0.6233 
4.1601 0.2701 2.1454 0.7372 0.6233 
4.1501 0.3101 2.1416 0.8288 0.5839 
4.1401 0.2901 2.1370 0.8046 0.5623 
4.1601 0.3001 2.1484 0.7884 0.6127 
4.1501 0.3101 2.1416 0.8288 0.5839 
4.1601 0.2701 2.1454 0.7372 0.6233 
4.2101 0.2701 2.1470 0.7375 0.7637 
4.1901 0.3001 2.1425 0.8109 0.6944 
4.1801 0.2901 2.1453 0.7811 0.6711 
4.2101 0.2901 2.1503 0.7676 0.7510 
4.1901 0.3001 2.1425 0.8109 0.6944 
4.2101 0.2701 2.1470 0.7375 0.7637 
4.1601 0.2701 2.1454 0.7372 0.6233 
4.1401 0.2901 2.1370 0.8046 0.5623 
4.1401 0.2801 2.1492 0.7436 0.5637 
4.2101 0.2701 2.1470 0.7375 0.7637 
4.1801 0.2901 2.1453 0.7811 0.6711 
4.1901 0.2701 2.1501 0.7249 0.7067 
4.1901 0.2501 2.1448 0.6989 0.7187 
4.1801 0.2901 2.1453 0.7811 0.6711 
4.1701 0.2501 2.1458 0.6931 0.6600 
4.1901 0.2701 2.1501 0.7249 0.7067 
4.1801 0.2901 2.1453 0.7811 0.6711 
4.1901 0.2501 2.1448 0.6989 0.7187 
4.1801 0.2901 2.1453 0.7811 0.6711 
4.1601 0.2701 2.1454 0.7372 0.6233 
4.1701 0.2501 2.1458 0.6931 0.6600 
4.1701 0.2501 2.1458 0.6931 0.6600 
4.1601 0.2701 2.1454 0.7372 0.6233 
4.1601 0.2601 2.1401 0.7338 0.6280 
4.1701 0.2501 2.1458 0.6931 0.6600 
4.1601 0.2601 2.1401 0.7338 0.6280 
4.1501 0.2501 2.1487 0.6809 0.6009 
4.1401 0.2901 2.1370 0.8046 0.5623 
4.1501 0.3101 2.1416 0.8288 0.5839 
4.1401 0.3101 2.1499 0.8007 0.5566 
4.1401 0.3101 2.1499 0.8007 0.5566 
4.1201 0.3001 2.1446 0.7968 0.5052 
4.1301 0.2901 2.1440 0.7803 0.5342 
4.1401 0.2901 2.1370 0.8046 0.5623 
4.1401 0.3101 2.1499 0.8007 0.5566 
4.1301 0.2901 2.1440 0.7803 0.5342 
4.1301 0.2901 2.1440 0.7803 0.5342 
4.1201 0.3001 2.1446 0.7968 0.5052 
4.1101 0.2801 2.1396 0.7724 0.4800 
4.1201 0.3001 2.1446 0.7968 0.5052 
4.1001 0.3201 2.1450 0.8310 0.4500 
4.1101 0.2801 2.1396 0.7724 0.4800 
4.1101 0.2801 2.1396 0.7724 0.4800 
4.0901 0.3001 2.1419 0.8026 0.4236 
4.1001 0.2901 2.1478 0.7643 0.4518 
4.1001 0.3201 2.1450 0.8310 0.4500 
4.0901 0.3001 2.1419 0.8026 0.4236 
4.1101 0.2801 2.1396 0.7724 0.4800 
4.1301 0.2901 2.1440 0.7803 0.5342 
4.1401 0.2801 2.1492 0.7436 0.5637 
4.1401 0.2901 2.1370 0.8046 0.5623 
4.1101 0.2801 2.1396 0.7724 0.4800 
4.1401 0.2801 2.1492 0.7436 0.5637 
4.1301 0.2901 2.1440 0.7803 0.5342 
4.1601 0.2701 2.1454 0.7372 0.6233 
4.1401 0.2801 2.1492 0.7436 0.5637 
4.1201 0.2701 2.1488 0.7216 0.5097 
4.1401 0.2801 2.1492 0.7436 0.5637 
4.1101 0.2801 2.1396 0.7724 0.4800 
4.1201 0.2701 2.1488 0.7216 0.5097 
4.1101 0.2801 2.1396 0.7724 0.4800 
4.1001 0.2601 2.1490 0.6964 0.4536 
4.1201 0.2701 2.1488 0.7216 0.5097 
4.1601 0.2601 2.1401 0.7338 0.6280 
4.1201 0.2701 2.1488 0.7216 0.5097 
4.1301 0.2601 2.1410 0.7272 0.5406 
4.1601 0.2701 2.1454 0.7372 0.6233 
4.1201 0.2701 2.1488 0.7216 0.5097 
4.1601 0.2601 2.1401 0.7338 0.6280 
4.1301 0.2601 2.1410 0.7272 0.5406 
4.1201 0.2701 2.1488 0.7216 0.5097 
4.1301 0.2501 2.1472 0.6834 0.5425 
4.1301 0.2501 2.1472 0.6834 0.5425 
4.1201 0.2701 2.1488 0.7216 0.5097 
4.1001 0.2601 2.1490 0.6964 0.4536 
4.1601 0.2601 2.1401 0.7338 0.6280 
4.1301 0.2601 2.1410 0.7272 0.5406 
4.1501 0.2501 2.1487 0.6809 0.6009 
4.1501 0.2501 2.1487 0.6809 0.6009 
4.1301 0.2601 2.1410 0.7272 0.5406 
4.1301 0.2501 2.1472 0.6834 0.5425 
4.1901 0.2501 2.1448 0.6989 0.7187 
4.1701 0.2501 2.1458 0.6931 0.6600 
4.1901 0.2301 2.1354 0.6848 0.7334 
4.1901 0.2301 2.1354 0.6848 0.7334 
4.1701 0.2501 2.1458 0.6931 0.6600 
4.1701 0.2401 2.1411 0.6861 0.6656 
4.1701 0.2401 2.1411 0.6861 0.6656 
4.1501 0.2501 2.1487 0.6809 0.6009 
4.1601 0.2301 2.1471 0.6397 0.6384 
4.1701 0.2501 2.1458 0.6931 0.6600 
4.1501 0.2501 2.1487 0.6809 0.6009 
4.1701 0.2401 2.1411 0.6861 0.6656 
4.1701 0.2401 2.1411 0.6861 0.6656 
4.1801 0.2201 2.1475 0.6159 0.7042 
4.1901 0.2301 2.1354 0.6848 0.7334 
4.1901 0.2301 2.1354 0.6848 0.7334 
4.1801 0.2201 2.1475 0.6159 0.7042 
4.1901 0.2201 2.1448 0.6266 0.7360 
4.1701 0.2201 2.1398 0.6416 0.6755 
4.1801 0.2201 2.1475 0.6159 0.7042 
4.1701 0.2401 2.1411 0.6861 0.6656 
4.1701 0.2401 2.1411 0.6861 0.6656 
4.1601 0.2301 2.1471 0.6397 0.6384 
4.1701 0.2201 2.1398 0.6416 0.6755 
4.1701 0.2201 2.1398 0.6416 0.6755 
4.1601 0.2301 2.1471 0.6397 0.6384 
4.1401 0.2201 2.1477 0.6100 0.5806 
4.1901 0.2201 2.1448 0.6266 0.7360 
4.1801 0.2201 2.1475 0.6159 0.7042 
4.1801 0.2001 2.1494 0.5562 0.7148 
4.1701 0.2201 2.1398 0.6416 0.6755 
4.1801 0.2001 2.1494 0.5562 0.7148 
4.1801 0.2201 2.1475 0.6159 0.7042 
4.2001 0.2001 2.1451 0.5742 0.7805 
4.1901 0.2201 2.1448 0.6266 0.7360 
4.1801 0.2001 2.1494 0.5562 0.7148 
4.1801 0.2001 2.1494 0.5562 0.7148 
4.1701 0.2201 2.1398 0.6416 0.6755 
4.1601 0.1901 2.1448 0.5416 0.6568 
4.1601 0.1901 2.1448 0.5416 0.6568 
4.1401 0.2201 2.1477 0.6100 0.5806 
4.1401 0.2001 2.1376 0.5925 0.5884 
4.1701 0.2201 2.1398 0.6416 0.6755 
4.1401 0.2201 2.1477 0.6100 0.5806 
4.1601 0.1901 2.1448 0.5416 0.6568 
4.1901 0.2501 2.1448 0.6989 0.7187 
4.1901 0.2301 2.1354 0.6848 0.7334 
4.2101 0.2301 2.1457 0.6511 0.7901 
4.1901 0.2201 2.1448 0.6266 0.7360 
4.2101 0.2301 2.1457 0.6511 0.7901 
4.1901 0.2301 2.1354 0.6848 0.7334 
4.1501 0.2501 2.1487 0.6809 0.6009 
4.1301 0.2501 2.1472 0.6834 0.5425 
4.1301 0.2401 2.1449 0.6679 0.5449 
4.1301 0.2401 2.1449 0.6679 0.5449 
4.1001 0.2601 2.1490 0.6964 0.4536 
4.1101 0.2401 2.1456 0.6628 0.4848 
4.1301 0.2501 2.1472 0.6834 0.5425 
4.1001 0.2601 2.1490 0.6964 0.4536 
4.1301 0.2401 2.1449 0.6679 0.5449 
4.1001 0.2601 2.1490 0.6964 0.4536 
4.1001 0.2501 2.1412 0.7005 0.4537 
4.1101 0.2401 2.1456 0.6628 0.4848 
4.1601 0.2301 2.1471 0.6397 0.6384 
4.1501 0.2501 2.1487 0.6809 0.6009 
4.1301 0.2401 2.1449 0.6679 0.5449 
4.1101 0.2401 2.1456 0.6628 0.4848 
4.1001 0.2501 2.1412 0.7005 0.4537 
4.1301 0.2101 2.1447 0.5930 0.5523 
4.1601 0.2301 2.1471 0.6397 0.6384 
4.1301 0.2401 2.1449 0.6679 0.5449 
4.1401 0.2201 2.1477 0.6100 0.5806 
4.1401 0.2201 2.1477 0.6100 0.5806 
4.1301 0.2401 2.1449 0.6679 0.5449 
4.1301 0.2101 2.1447 0.5930 0.5523 
4.1301 0.2401 2.1449 0.6679 0.5449 
4.1101 0.2401 2.1456 0.6628 0.4848 
4.1301 0.2101 2.1447 0.5930 0.5523 
4.1301 0.2101 2.1447 0.5930 0.5523 
4.1001 0.2501 2.1412 0.7005 0.4537 
4.1101 0.2101 2.1460 0.5854 0.4887 
4.1401 0.2201 2.1477 0.6100 0.5806 
4.1301 0.2101 2.1447 0.5930 0.5523 
4.1301 0.2001 2.1435 0.5700 0.5551 
4.1401 0.2001 2.1376 0.5925 0.5884 
4.1401 0.2201 2.1477 0.6100 0.5806 
4.1301 0.2001 2.1435 0.5700 0.5551 
4.1301 0.2101 2.1447 0.5930 0.5523 
4.1101 0.2101 2.1460 0.5854 0.4887 
4.1301 0.2001 2.1435 0.5700 0.5551 
4.2601 0.1901 2.1415 0.5679 0.9856 
4.2701 0.2101 2.1450 0.6109 0.9919 
4.2601 0.2101 2.1389 0.6315 0.9655 
4.2501 0.1701 2.1419 0.5066 0.9754 
4.2601 0.1901 2.1415 0.5679 0.9856 
4.2401 0.1801 2.1454 0.5225 0.9281 
4.2601 0.1901 2.1415 0.5679 0.9856 
4.2301 0.2101 2.1430 0.6127 0.8687 
4.2201 0.2001 2.1418 0.5890 0.8464 
4.2601 0.1901 2.1415 0.5679 0.9856 
4.2201 0.2001 2.1418 0.5890 0.8464 
4.2401 0.1801 2.1454 0.5225 0.9281 
4.2401 0.1801 2.1454 0.5225 0.9281 
4.2201 0.2001 2.1418 0.5890 0.8464 
4.2301 0.1701 2.1423 0.5022 0.9073 
4.2301 0.1701 2.1423 0.5022 0.9073 
4.2001 0.2001 2.1451 0.5742 0.7805 
4.2001 0.1801 2.1437 0.5225 0.7962 
4.2201 0.2001 2.1418 0.5890 0.8464 
4.2001 0.2001 2.1451 0.5742 0.7805 
4.2301 0.1701 2.1423 0.5022 0.9073 
4.2401 0.1701 2.1401 0.5117 0.9429 
4.2501 0.1701 2.1419 0.5066 0.9754 
4.2401 0.1801 2.1454 0.5225 0.9281 
4.2401 0.1701 2.1401 0.5117 0.9429 
4.2401 0.1801 2.1454 0.5225 0.9281 
4.2401 0.1701 2.1401 0.5117 0.9429 
4.2401 0.1701 2.1401 0.5117 0.9429 
4.2401 0.1801 2.1454 0.5225 0.9281 
4.2301 0.1701 2.1423 0.5022 0.9073 
4.2401 0.1701 2.1401 0.5117 0.9429 
4.2301 0.1701 2.1423 0.5022 0.9073 
4.2401 0.1701 2.1401 0.5117 0.9429 
4.2301 0.1701 2.1423 0.5022 0.9073 
4.2001 0.1801 2.1437 0.5225 0.7962 
4.2001 0.1701 2.1458 0.4848 0.8031 
4.2401 0.1701 2.1401 0.5117 0.9429 
4.2401 0.1601 2.1419 0.4739 0.9528 
4.2501 0.1701 2.1419 0.5066 0.9754 
4.2401 0.1701 2.1401 0.5117 0.9429 
4.2501 0.1701 2.1419 0.5066 0.9754 
4.2401 0.1701 2.1401 0.5117 0.9429 
4.2401 0.1701 2.1401 0.5117 0.9429 
4.2301 0.1701 2.1423 0.5022 0.9073 
4.2401 0.1601 2.1419 0.4739 0.9528 
4.2401 0.1701 2.1401 0.5117 0.9429 
4.2401 0.1601 2.1419 0.4739 0.9528 
4.2401 0.1701 2.1401 0.5117 0.9429 
4.2401 0.1601 2.1419 0.4739 0.9528 
4.2301 0.1701 2.1423 0.5022 0.9073 
4.2101 0.1601 2.1408 0.4729 0.8492 
4.2301 0.1701 2.1423 0.5022 0.9073 
4.2001 0.1701 2.1458 0.4848 0.8031 
4.2101 0.1601 2.1408 0.4729 0.8492 
4.2101 0.1601 2.1408 0.4729 0.8492 
4.2001 0.1701 2.1458 0.4848 0.8031 
4.1901 0.1601 2.1406 0.4703 0.7792 
4.1901 0.1601 2.1406 0.4703 0.7792 
4.2001 0.1401 2.1476 0.3798 0.8280 
4.2101 0.1601 2.1408 0.4729 0.8492 
4.2401 0.1701 2.1401 0.5117 0.9429 
4.2401 0.1701 2.1401 0.5117 0.9429 
4.2401 0.1701 2.1401 0.5117 0.9429 
4.2401 0.1701 2.1401 0.5117 0.9429 
4.2401 0.1701 2.1401 0.5117 0.9429 
4.2401 0.1701 2.1401 0.5117 0.9429 
4.2401 0.1701 2.1401 0.5117 0.9429 
4.2401 0.1701 2.1401 0.5117 0.9429 
4.2401 0.1701 2.1401 0.5117 0.9429 
4.2401 0.1701 2.1401 0.5117 0.9429 
4.2401 0.1701 2.1401 0.5117 0.9429 
4.2401 0.1701 2.1401 0.5117 0.9429 
4.2201 0.1401 2.1438 0.3970 0.9029 
4.2101 0.1601 2.1408 0.4729 0.8492 
4.2001 0.1401 2.1476 0.3798 0.8280 
4.2201 0.1401 2.1438 0.3970 0.9029 
4.2001 0.1401 2.1476 0.3798 0.8280 
4.2101 0.1301 2.1441 0.3585 0.8768 
4.2101 0.1301 2.1441 0.3585 0.8768 
4.2301 0.1201 2.1437 0.3267 0.9638 
4.2201 0.1401 2.1438 0.3970 0.9029 
4.2101 0.1301 2.1441 0.3585 0.8768 
4.2001 0.1201 2.1462 0.3118 0.8482 
4.2301 0.1201 2.1437 0.3267 0.9638 
4.2001 0.1201 2.1462 0.3118 0.8482 
4.2101 0.1101 2.1419 0.2908 0.9008 
4.2301 0.1201 2.1437 0.3267 0.9638 
4.1301 0.1501 2.1501 0.3926 0.5695 
4.1301 0.1501 2.1501 0.3926 0.5695 
4.1301 0.1501 2.1501 0.3926 0.5695 
4.1301 0.1501 2.1501 0.3926 0.5695 
4.1301 0.1501 2.1501 0.3926 0.5695 
4.1301 0.1501 2.1501 0.3926 0.5695 
4.1701 0.1201 2.1483 0.2986 0.7331 
4.1701 0.1101 2.1533 0.2421 0.7383 
4.1901 0.1101 2.1469 0.2687 0.8193 
4.1301 0.1501 2.1501 0.3926 0.5695 
4.1301 0.1501 2.1501 0.3926 0.5695 
4.1301 0.1501 2.1501 0.3926 0.5695 
4.1301 0.1501 2.1501 0.3926 0.5695 
4.1301 0.1501 2.1501 0.3926 0.5695 
4.1301 0.1501 2.1501 0.3926 0.5695 
4.2001 0.2001 2.1451 0.5742 0.7805 
4.1801 0.2001 2.1494 0.5562 0.7148 
4.2001 0.1801 2.1437 0.5225 0.7962 
4.2001 0.1801 2.1437 0.5225 0.7962 
4.1601 0.1901 2.1448 0.5416 0.6568 
4.1701 0.1801 2.1372 0.5416 0.6979 
4.1801 0.2001 2.1494 0.5562 0.7148 
4.1601 0.1901 2.1448 0.5416 0.6568 
4.2001 0.1801 2.1437 0.5225 0.7962 
4.1701 0.1701 2.1447 0.4836 0.7012 
4.2001 0.1801 2.1437 0.5225 0.7962 
4.1701 0.1801 2.1372 0.5416 0.6979 
4.1701 0.1801 2.1372 0.5416 0.6979 
4.1601 0.1901 2.1448 0.5416 0.6568 
4.1401 0.1801 2.1496 0.4920 0.5937 
4.1801 0.1701 2.1408 0.4994 0.7371 
4.2001 0.1701 2.1458 0.4848 0.8031 
4.2001 0.1801 2.1437 0.5225 0.7962 
4.1801 0.1701 2.1408 0.4994 0.7371 
4.2001 0.1801 2.1437 0.5225 0.7962 
4.1701 0.1701 2.1447 0.4836 0.7012 
4.1701 0.1801 2.1372 0.5416 0.6979 
4.1601 0.1601 2.1438 0.4536 0.6726 
4.1701 0.1701 2.1447 0.4836 0.7012 
4.1701 0.1801 2.1372 0.5416 0.6979 
4.1401 0.1801 2.1496 0.4920 0.5937 
4.1601 0.1601 2.1438 0.4536 0.6726 
4.2001 0.1701 2.1458 0.4848 0.8031 
4.1801 0.1701 2.1408 0.4994 0.7371 
4.1901 0.1601 2.1406 0.4703 0.7792 
4.1801 0.1701 2.1408 0.4994 0.7371 
4.1701 0.1701 2.1447 0.4836 0.7012 
4.1601 0.1601 2.1438 0.4536 0.6726 
4.1901 0.1601 2.1406 0.4703 0.7792 
4.1801 0.1401 2.1483 0.3737 0.7553 
4.2001 0.1401 2.1476 0.3798 0.8280 
4.1701 0.1401 2.1429 0.3911 0.7212 
4.1501 0.1601 2.1418 0.4594 0.6380 
4.1401 0.1501 2.1485 0.4001 0.6055 
4.1601 0.1601 2.1438 0.4536 0.6726 
4.1501 0.1601 2.1418 0.4594 0.6380 
4.1701 0.1401 2.1429 0.3911 0.7212 
4.1901 0.1601 2.1406 0.4703 0.7792 
4.1801 0.1701 2.1408 0.4994 0.7371 
4.1601 0.1601 2.1438 0.4536 0.6726 
4.1901 0.1601 2.1406 0.4703 0.7792 
4.1601 0.1601 2.1438 0.4536 0.6726 
4.1801 0.1401 2.1483 0.3737 0.7553 
4.1401 0.1801 2.1496 0.4920 0.5937 
4.1601 0.1901 2.1448 0.5416 0.6568 
4.1401 0.2001 2.1376 0.5925 0.5884 
4.1301 0.2001 2.1435 0.5700 0.5551 
4.1201 0.1901 2.1470 0.5278 0.5246 
4.1401 0.1801 2.1496 0.4920 0.5937 
4.1301 0.2001 2.1435 0.5700 0.5551 
4.1401 0.1801 2.1496 0.4920 0.5937 
4.1401 0.2001 2.1376 0.5925 0.5884 
4.1201 0.1901 2.1470 0.5278 0.5246 
4.1101 0.2101 2.1460 0.5854 0.4887 
4.0901 0.1901 2.1484 0.5181 0.4255 
4.1301 0.2001 2.1435 0.5700 0.5551 
4.1101 0.2101 2.1460 0.5854 0.4887 
4.1201 0.1901 2.1470 0.5278 0.5246 
4.1201 0.1901 2.1470 0.5278 0.5246 
4.0901 0.1901 2.1484 0.5181 0.4255 
4.1101 0.1701 2.1467 0.4669 0.4946 
4.1601 0.1601 2.1438 0.4536 0.6726 
4.1401 0.1801 2.1496 0.4920 0.5937 
4.1401 0.1701 2.1447 0.4788 0.5982 
4.1401 0.1701 2.1447 0.4788 0.5982 
4.1201 0.1901 2.1470 0.5278 0.5246 
4.1301 0.1601 2.1421 0.4550 0.5672 
4.1401 0.1801 2.1496 0.4920 0.5937 
4.1201 0.1901 2.1470 0.5278 0.5246 
4.1401 0.1701 2.1447 0.4788 0.5982 
4.1201 0.1901 2.1470 0.5278 0.5246 
4.1101 0.1701 2.1467 0.4669 0.4946 
4.1301 0.1601 2.1421 0.4550 0.5672 
4.1501 0.1601 2.1418 0.4594 0.6380 
4.1601 0.1601 2.1438 0.4536 0.6726 
4.1401 0.1701 2.1447 0.4788 0.5982 
4.1401 0.1601 2.1401 0.4639 0.6029 
4.1501 0.1601 2.1418 0.4594 0.6380 
4.1401 0.1701 2.1447 0.4788 0.5982 
4.1401 0.1601 2.1401 0.4639 0.6029 
4.1401 0.1701 2.1447 0.4788 0.5982 
4.1401 0.1601 2.1401 0.4639 0.6029 
4.1401 0.1601 2.1401 0.4639 0.6029 
4.1401 0.1701 2.1447 0.4788 0.5982 
4.1301 0.1601 2.1421 0.4550 0.5672 
4.1401 0.1601 2.1401 0.4639 0.6029 
4.1301 0.1601 2.1421 0.4550 0.5672 
4.1401 0.1601 2.1401 0.4639 0.6029 
4.1301 0.1601 2.1421 0.4550 0.5672 
4.1101 0.1701 2.1467 0.4669 0.4946 
4.1101 0.1601 2.1471 0.4333 0.4963 
4.1401 0.1601 2.1401 0.4639 0.6029 
4.1401 0.1501 2.1485 0.4001 0.6055 
4.1501 0.1601 2.1418 0.4594 0.6380 
4.1401 0.1601 2.1401 0.4639 0.6029 
4.1501 0.1601 2.1418 0.4594 0.6380 
4.1401 0.1601 2.1401 0.4639 0.6029 
4.1401 0.1601 2.1401 0.4639 0.6029 
4.1401 0.1601 2.1401 0.4639 0.6029 
4.1301 0.1601 2.1421 0.4550 0.5672 
4.1401 0.1601 2.1401 0.4639 0.6029 
4.1301 0.1601 2.1421 0.4550 0.5672 
4.1301 0.1501 2.1501 0.3926 0.5695 
4.1401 0.1601 2.1401 0.4639 0.6029 
4.1301 0.1501 2.1501 0.3926 0.5695 
4.1401 0.1501 2.1485 0.4001 0.6055 
4.1401 0.1501 2.1485 0.4001 0.6055 
4.1301 0.1501 2.1501 0.3926 0.5695 
4.1301 0.1501 2.1501 0.3926 0.5695 
4.1201 0.1501 2.1471 0.4017 0.5340 
4.1301 0.1601 2.1421 0.4550 0.5672 
4.1101 0.1601 2.1471 0.4333 0.4963 
4.1301 0.1501 2.1501 0.3926 0.5695 
4.1301 0.1601 2.1421 0.4550 0.5672 
4.1201 0.1501 2.1471 0.4017 0.5340 
4.1301 0.1501 2.1501 0.3926 0.5695 
4.1301 0.1501 2.1501 0.3926 0.5695 
4.1301 0.1601 2.1421 0.4550 0.5672 
4.1001 0.1501 2.1498 0.3885 0.4622 
4.1101 0.1601 2.1471 0.4333 0.4963 
4.1001 0.1601 2.1406 0.4553 0.4606 
4.1001 0.1501 2.1498 0.3885 0.4622 
4.1201 0.1501 2.1471 0.4017 0.5340 
4.1101 0.1601 2.1471 0.4333 0.4963 
4.1401 0.1601 2.1401 0.4639 0.6029 
4.1401 0.1601 2.1401 0.4639 0.6029 
4.1401 0.1601 2.1401 0.4639 0.6029 
4.1401 0.1601 2.1401 0.4639 0.6029 
4.1401 0.1601 2.1401 0.4639 0.6029 
4.1401 0.1601 2.1401 0.4639 0.6029 
4.1401 0.1601 2.1401 0.4639 0.6029 
4.1401 0.1601 2.1401 0.4639 0.6029 
4.1401 0.1601 2.1401 0.4639 0.6029 
4.1401 0.1601 2.1401 0.4639 0.6029 
4.1401 0.1601 2.1401 0.4639 0.6029 
4.1401 0.1601 2.1401 0.4639 0.6029 
4.1801 0.1401 2.1483 0.3737 0.7553 
4.1601 0.1601 2.1438 0.4536 0.6726 
4.1701 0.1401 2.1429 0.3911 0.7212 
4.2101 0.1301 2.1441 0.3585 0.8768 
4.2001 0.1401 2.1476 0.3798 0.8280 
4.1801 0.1401 2.1483 0.3737 0.7553 
4.1901 0.1101 2.1469 0.2687 0.8193 
4.1701 0.1401 2.1429 0.3911 0.7212 
4.1701 0.1201 2.1483 0.2986 0.7331 
4.1801 0.1401 2.1483 0.3737 0.7553 
4.1701 0.1401 2.1429 0.3911 0.7212 
4.1901 0.1101 2.1469 0.2687 0.8193 
4.2001 0.1201 2.1462 0.3118 0.8482 
4.1801 0.1401 2.1483 0.3737 0.7553 
4.1901 0.1101 2.1469 0.2687 0.8193 
4.2101 0.1301 2.1441 0.3585 0.8768 
4.1801 0.1401 2.1483 0.3737 0.7553 
4.2001 0.1201 2.1462 0.3118 0.8482 
4.2001 0.1201 2.1462 0.3118 0.8482 
4.1901 0.1101 2.1469 0.2687 0.8193 
4.2101 0.1101 2.1419 0.2908 0.9008 
4.1701 0.1101 2.1533 0.2421 0.7383 
4.1701 0.1201 2.1483 0.2986 0.7331 
4.1601 0.1201 2.1432 0.3148 0.6970 
4.2201 0.0901 2.1487 0.1877 0.9598 
4.1901 0.1101 2.1469 0.2687 0.8193 
4.1801 0.1001 2.1419 0.2443 0.7923 
4.2101 0.1101 2.1419 0.2908 0.9008 
4.1901 0.1101 2.1469 0.2687 0.8193 
4.2201 0.0901 2.1487 0.1877 0.9598 
4.1901 0.1101 2.1469 0.2687 0.8193 
4.1701 0.1101 2.1533 0.2421 0.7383 
4.1801 0.1001 2.1419 0.2443 0.7923 
4.1801 0.1001 2.1419 0.2443 0.7923 
4.1701 0.1101 2.1533 0.2421 0.7383 
4.1501 0.1001 2.1419 0.2380 0.6710 
4.1701 0.1401 2.1429 0.3911 0.7212 
4.1401 0.1501 2.1485 0.4001 0.6055 
4.1401 0.1301 2.1501 0.3237 0.6137 
4.1401 0.1501 2.1485 0.4001 0.6055 
4.1301 0.1401 2.1466 0.3703 0.5734 
4.1401 0.1301 2.1501 0.3237 0.6137 
4.1301 0.1501 2.1501 0.3926 0.5695 
4.1301 0.1401 2.1466 0.3703 0.5734 
4.1401 0.1501 2.1485 0.4001 0.6055 
4.1301 0.1501 2.1501 0.3926 0.5695 
4.1301 0.1501 2.1501 0.3926 0.5695 
4.1301 0.1401 2.1466 0.3703 0.5734 
4.1301 0.1501 2.1501 0.3926 0.5695 
4.1201 0.1501 2.1471 0.4017 0.5340 
4.1301 0.1401 2.1466 0.3703 0.5734 
4.1301 0.1501 2.1501 0.3926 0.5695 
4.1301 0.1501 2.1501 0.3926 0.5695 
4.1201 0.1501 2.1471 0.4017 0.5340 
4.1201 0.1501 2.1471 0.4017 0.5340 
4.1001 0.1501 2.1498 0.3885 0.4622 
4.1301 0.1401 2.1466 0.3703 0.5734 
4.1701 0.1401 2.1429 0.3911 0.7212 
4.1401 0.1301 2.1501 0.3237 0.6137 
4.1701 0.1201 2.1483 0.2986 0.7331 
4.1601 0.1201 2.1432 0.3148 0.6970 
4.1401 0.1301 2.1501 0.3237 0.6137 
4.1401 0.1201 2.1464 0.2995 0.6192 
4.1701 0.1201 2.1483 0.2986 0.7331 
4.1401 0.1301 2.1501 0.3237 0.6137 
4.1601 0.1201 2.1432 0.3148 0.6970 
4.1401 0.1301 2.1501 0.3237 0.6137 
4.1301 0.1401 2.1466 0.3703 0.5734 
4.1401 0.1201 2.1464 0.2995 0.6192 
4.1301 0.1401 2.1466 0.3703 0.5734 
4.1001 0.1501 2.1498 0.3885 0.4622 
4.1401 0.1201 2.1464 0.2995 0.6192 
4.1401 0.1201 2.1464 0.2995 0.6192 
4.1001 0.1501 2.1498 0.3885 0.4622 
4.1201 0.1001 2.1461 0.2166 0.5485 
4.1201 0.1001 2.1461 0.2166 0.5485 
4.1001 0.1501 2.1498 0.3885 0.4622 
4.1001 0.1201 2.1438 0.3008 0.4649 
4.1701 0.1101 2.1533 0.2421 0.7383 
4.1401 0.1201 2.1464 0.2995 0.6192 
4.1501 0.1001 2.1419 0.2380 0.6710 
4.1601 0.1201 2.1432 0.3148 0.6970 
4.1401 0.1201 2.1464 0.2995 0.6192 
4.1701 0.1101 2.1533 0.2421 0.7383 
4.1201 0.1001 2.1461 0.2166 0.5485 
4.1001 0.1201 2.1438 0.3008 0.4649 
4.0901 0.1101 2.1463 0.2503 0.4265 
4.1401 0.1201 2.1464 0.2995 0.6192 
4.1201 0.1001 2.1461 0.2166 0.5485 
4.1301 0.0901 2.1457 0.1784 0.5933 
4.1201 0.1001 2.1461 0.2166 0.5485 
4.0901 0.1101 2.1463 0.2503 0.4265 
4.1001 0.1001 2.1537 0.1864 0.4679 
4.0901 0.2901 2.1501 0.7558 0.4246 
4.0901 0.2901 2.1501 0.7558 0.4246 
4.0901 0.2901 2.1501 0.7558 0.4246 
4.0901 0.2901 2.1501 0.7558 0.4246 
4.0901 0.2901 2.1501 0.7558 0.4246 
4.0901 0.2901 2.1501 0.7558 0.4246 
4.0901 0.2901 2.1501 0.7558 0.4246 
4.0901 0.2901 2.1501 0.7558 0.4246 
4.0901 0.2901 2.1501 0.7558 0.4246 
4.0901 0.2901 2.1501 0.7558 0.4246 
4.0901 0.2901 2.1501 0.7558 0.4246 
4.0901 0.2901 2.1501 0.7558 0.4246 
4.0901 0.2901 2.1501 0.7558 0.4246 
4.1001 0.2901 2.1478 0.7643 0.4518 
4.0901 0.3001 2.1419 0.8026 0.4236 
4.0901 0.2901 2.1501 0.7558 0.4246 
4.0901 0.2901 2.1501 0.7558 0.4246 
4.1001 0.2901 2.1478 0.7643 0.4518 
4.0801 0.2901 2.1490 0.7583 0.3970 
4.0901 0.3001 2.1419 0.8026 0.4236 
4.0801 0.3001 2.1451 0.7911 0.3968 
4.0901 0.2901 2.1501 0.7558 0.4246 
4.0901 0.3001 2.1419 0.8026 0.4236 
4.0801 0.2901 2.1490 0.7583 0.3970 
4.0901 0.2901 2.1501 0.7558 0.4246 
4.0901 0.2901 2.1501 0.7558 0.4246 
4.0901 0.3001 2.1419 0.8026 0.4236 
4.0801 0.3001 2.1451 0.7911 0.3968 
4.0601 0.3001 2.1491 0.7759 0.3434 
4.0801 0.2901 2.1490 0.7583 0.3970 
4.0601 0.3001 2.1491 0.7759 0.3434 
4.0401 0.3001 2.1495 0.7726 0.2895 
4.0301 0.2901 2.1427 0.7742 0.2576 
4.1001 0.2901 2.1478 0.7643 0.4518 
4.0901 0.2801 2.1451 0.7517 0.4241 
4.1101 0.2801 2.1396 0.7724 0.4800 
4.0901 0.2901 2.1501 0.7558 0.4246 
4.0901 0.2801 2.1451 0.7517 0.4241 
4.1001 0.2901 2.1478 0.7643 0.4518 
4.0901 0.2901 2.1501 0.7558 0.4246 
4.0901 0.2901 2.1501 0.7558 0.4246 
4.0901 0.2801 2.1451 0.7517 0.4241 
4.0901 0.2801 2.1451 0.7517 0.4241 
4.0801 0.2901 2.1490 0.7583 0.3970 
4.0701 0.2801 2.1516 0.7280 0.3692 
4.0901 0.2901 2.1501 0.7558 0.4246 
4.0801 0.2901 2.1490 0.7583 0.3970 
4.0901 0.2801 2.1451 0.7517 0.4241 
4.0901 0.2901 2.1501 0.7558 0.4246 
4.0901 0.2901 2.1501 0.7558 0.4246 
4.0801 0.2901 2.1490 0.7583 0.3970 
4.0801 0.2901 2.1490 0.7583 0.3970 
4.0601 0.3001 2.1491 0.7759 0.3434 
4.0701 0.2801 2.1516 0.7280 0.3692 
4.0601 0.2701 2.1452 0.7269 0.3385 
4.0601 0.3001 2.1491 0.7759 0.3434 
4.0301 0.2901 2.1427 0.7742 0.2576 
4.0701 0.2801 2.1516 0.7280 0.3692 
4.0601 0.3001 2.1491 0.7759 0.3434 
4.0601 0.2701 2.1452 0.7269 0.3385 
4.0901 0.2801 2.1451 0.7517 0.4241 
4.1001 0.2601 2.1490 0.6964 0.4536 
4.1101 0.2801 2.1396 0.7724 0.4800 
4.0901 0.2801 2.1451 0.7517 0.4241 
4.0801 0.2601 2.1499 0.6910 0.3960 
4.1001 0.2601 2.1490 0.6964 0.4536 
4.0801 0.2701 2.1414 0.7422 0.3950 
4.0901 0.2801 2.1451 0.7517 0.4241 
4.0701 0.2801 2.1516 0.7280 0.3692 
4.0801 0.2601 2.1499 0.6910 0.3960 
4.0901 0.2801 2.1451 0.7517 0.4241 
4.0801 0.2701 2.1414 0.7422 0.3950 
4.0701 0.2801 2.1516 0.7280 0.3692 
4.0601 0.2701 2.1452 0.7269 0.3385 
4.0801 0.2701 2.1414 0.7422 0.3950 
4.0801 0.2601 2.1499 0.6910 0.3960 
4.0601 0.2701 2.1452 0.7269 0.3385 
4.0701 0.2601 2.1446 0.7080 0.3660 
4.0801 0.2701 2.1414 0.7422 0.3950 
4.0601 0.2701 2.1452 0.7269 0.3385 
4.0801 0.2601 2.1499 0.6910 0.3960 
4.0601 0.2601 2.1511 0.6849 0.3385 
4.0701 0.2601 2.1446 0.7080 0.3660 
4.0601 0.2701 2.1452 0.7269 0.3385 
4.1001 0.2601 2.1490 0.6964 0.4536 
4.0801 0.2601 2.1499 0.6910 0.3960 
4.1001 0.2501 2.1412 0.7005 0.4537 
4.0701 0.2501 2.1526 0.6578 0.3667 
4.0801 0.2601 2.1499 0.6910 0.3960 
4.0701 0.2601 2.1446 0.7080 0.3660 
4.0701 0.2601 2.1446 0.7080 0.3660 
4.0601 0.2601 2.1511 0.6849 0.3385 
4.0501 0.2501 2.1462 0.6772 0.3062 
4.0401 0.3001 2.1495 0.7726 0.2895 
4.0301 0.3101 2.1453 0.8046 0.2637 
4.0301 0.2901 2.1427 0.7742 0.2576 
4.0301 0.2901 2.1427 0.7742 0.2576 
4.0101 0.3101 2.1453 0.8028 0.2107 
4.0101 0.2801 2.1450 0.7433 0.1999 
4.0101 0.3101 2.1453 0.8028 0.2107 
4.0001 0.3001 2.1459 0.7804 0.1808 
4.0101 0.2801 2.1450 0.7433 0.1999 
4.0201 0.2801 2.1525 0.7196 0.2306 
4.0301 0.2801 2.1459 0.7427 0.2559 
4.0301 0.2901 2.1427 0.7742 0.2576 
4.0201 0.2801 2.1525 0.7196 0.2306 
4.0301 0.2901 2.1427 0.7742 0.2576 
4.0101 0.2801 2.1450 0.7433 0.1999 
4.0101 0.2801 2.1450 0.7433 0.1999 
4.0001 0.3001 2.1459 0.7804 0.1808 
3.9901 0.2801 2.1467 0.7356 0.1460 
4.0601 0.2701 2.1452 0.7269 0.3385 
4.0301 0.2901 2.1427 0.7742 0.2576 
4.0301 0.2801 2.1459 0.7427 0.2559 
4.0196 0.2701 2.1401 0.7397 0.2210 
4.0301 0.2801 2.1459 0.7427 0.2559 
4.0201 0.2801 2.1525 0.7196 0.2306 
4.0196 0.2701 2.1401 0.7397 0.2210 
4.0101 0.2801 2.1450 0.7433 0.1999 
4.0001 0.2701 2.1492 0.7067 0.1701 
4.0196 0.2701 2.1401 0.7397 0.2210 
4.0201 0.2801 2.1525 0.7196 0.2306 
4.0101 0.2801 2.1450 0.7433 0.1999 
4.0101 0.2801 2.1450 0.7433 0.1999 
3.9901 0.2801 2.1467 0.7356 0.1460 
4.0001 0.2701 2.1492 0.7067 0.1701 
4.0601 0.2601 2.1511 0.6849 0.3385 
4.0301 0.2801 2.1459 0.7427 0.2559 
4.0501 0.2501 2.1462 0.6772 0.3062 
4.0601 0.2701 2.1452 0.7269 0.3385 
4.0301 0.2801 2.1459 0.7427 0.2559 
4.0601 0.2601 2.1511 0.6849 0.3385 
4.0501 0.2501 2.1462 0.6772 0.3062 
4.0196 0.2701 2.1401 0.7397 0.2210 
4.0201 0.2501 2.1441 0.6808 0.2169 
4.0301 0.2801 2.1459 0.7427 0.2559 
4.0196 0.2701 2.1401 0.7397 0.2210 
4.0501 0.2501 2.1462 0.6772 0.3062 
4.0201 0.2601 2.1406 0.7160 0.2190 
4.0201 0.2501 2.1441 0.6808 0.2169 
4.0196 0.2701 2.1401 0.7397 0.2210 
4.0196 0.2701 2.1401 0.7397 0.2210 
4.0001 0.2701 2.1492 0.7067 0.1701 
4.0201 0.2601 2.1406 0.7160 0.2190 
4.0001 0.2601 2.1401 0.7153 0.1613 
4.0201 0.2601 2.1406 0.7160 0.2190 
4.0001 0.2701 2.1492 0.7067 0.1701 
4.0001 0.2601 2.1401 0.7153 0.1613 
4.0001 0.2701 2.1492 0.7067 0.1701 
4.0001 0.2601 2.1401 0.7153 0.1613 
4.0061 0.2501 2.1501 0.6586 0.1790 
4.0201 0.2501 2.1441 0.6808 0.2169 
4.0201 0.2601 2.1406 0.7160 0.2190 
4.0001 0.2601 2.1401 0.7153 0.1613 
4.0061 0.2501 2.1501 0.6586 0.1790 
4.0201 0.2601 2.1406 0.7160 0.2190 
4.0001 0.2601 2.1401 0.7153 0.1613 
4.0001 0.2601 2.1401 0.7153 0.1613 
4.0061 0.2501 2.1501 0.6586 0.1790 
4.0001 0.2601 2.1401 0.7153 0.1613 
4.0001 0.2501 2.1479 0.6653 0.1607 
4.0061 0.2501 2.1501 0.6586 0.1790 
4.0001 0.2601 2.1401 0.7153 0.1613 
4.0001 0.2601 2.1401 0.7153 0.1613 
4.0001 0.2601 2.1401 0.7153 0.1613 
4.0001 0.2601 2.1401 0.7153 0.1613 
4.0001 0.2601 2.1401 0.7153 0.1613 
4.0001 0.2601 2.1401 0.7153 0.1613 
4.1001 0.2501 2.1412 0.7005 0.4537 
4.0801 0.2601 2.1499 0.6910 0.3960 
4.0801 0.2401 2.1468 0.6552 0.3946 
4.0801 0.2601 2.1499 0.6910 0.3960 
4.0701 0.2501 2.1526 0.6578 0.3667 
4.0801 0.2401 2.1468 0.6552 0.3946 
4.0701 0.2501 2.1526 0.6578 0.3667 
4.0701 0.2601 2.1446 0.7080 0.3660 
4.0701 0.2301 2.1442 0.6385 0.3629 
4.0701 0.2601 2.1446 0.7080 0.3660 
4.0501 0.2501 2.1462 0.6772 0.3062 
4.0701 0.2301 2.1442 0.6385 0.3629 
4.0801 0.2401 2.1468 0.6552 0.3946 
4.0701 0.2501 2.1526 0.6578 0.3667 
4.0701 0.2301 2.1442 0.6385 0.3629 
4.0801 0.2401 2.1468 0.6552 0.3946 
4.0701 0.2301 2.1442 0.6385 0.3629 
4.0801 0.2301 2.1387 0.6591 0.3927 
4.0701 0.2301 2.1442 0.6385 0.3629 
4.0501 0.2501 2.1462 0.6772 0.3062 
4.0401 0.2301 2.1460 0.6281 0.2712 
4.1001 0.2501 2.1412 0.7005 0.4537 
4.0801 0.2401 2.1468 0.6552 0.3946 
4.1101 0.2101 2.1460 0.5854 0.4887 
4.0801 0.2201 2.1455 0.6095 0.3935 
4.1101 0.2101 2.1460 0.5854 0.4887 
4.0801 0.2401 2.1468 0.6552 0.3946 
4.0801 0.2301 2.1387 0.6591 0.3927 
4.0801 0.2201 2.1455 0.6095 0.3935 
4.0801 0.2401 2.1468 0.6552 0.3946 
4.0801 0.2301 2.1387 0.6591 0.3927 
4.0701 0.2301 2.1442 0.6385 0.3629 
4.0801 0.2201 2.1455 0.6095 0.3935 
4.0801 0.2201 2.1455 0.6095 0.3935 
4.0701 0.2301 2.1442 0.6385 0.3629 
4.0501 0.2201 2.1490 0.5934 0.3006 
4.0701 0.2301 2.1442 0.6385 0.3629 
4.0401 0.2301 2.1460 0.6281 0.2712 
4.0501 0.2201 2.1490 0.5934 0.3006 
4.1101 0.2101 2.1460 0.5854 0.4887 
4.0801 0.2201 2.1455 0.6095 0.3935 
4.0901 0.2101 2.1488 0.5731 0.4253 
4.0901 0.2101 2.1488 0.5731 0.4253 
4.0801 0.2201 2.1455 0.6095 0.3935 
4.0601 0.2101 2.1441 0.5852 0.3287 
4.0801 0.2201 2.1455 0.6095 0.3935 
4.0501 0.2201 2.1490 0.5934 0.3006 
4.0601 0.2101 2.1441 0.5852 0.3287 
4.1101 0.2101 2.1460 0.5854 0.4887 
4.0901 0.2101 2.1488 0.5731 0.4253 
4.0901 0.1901 2.1484 0.5181 0.4255 
4.0901 0.1901 2.1484 0.5181 0.4255 
4.0901 0.2101 2.1488 0.5731 0.4253 
4.0601 0.2101 2.1441 0.5852 0.3287 
4.0701 0.1901 2.1498 0.5102 0.3597 
4.0601 0.2101 2.1441 0.5852 0.3287 
4.0501 0.2001 2.1394 0.5733 0.2925 
4.0501 0.2501 2.1462 0.6772 0.3062 
4.0201 0.2501 2.1441 0.6808 0.2169 
4.0101 0.2400 2.1401 0.6694 0.1814 
4.0101 0.2400 2.1401 0.6694 0.1814 
4.0201 0.2501 2.1441 0.6808 0.2169 
4.0061 0.2501 2.1501 0.6586 0.1790 
4.0101 0.2400 2.1401 0.6694 0.1814 
4.0061 0.2501 2.1501 0.6586 0.1790 
4.0001 0.2501 2.1479 0.6653 0.1607 
4.0001 0.2301 2.1491 0.6121 0.1519 
4.0101 0.2400 2.1401 0.6694 0.1814 
4.0001 0.2501 2.1479 0.6653 0.1607 
4.0501 0.2501 2.1462 0.6772 0.3062 
4.0101 0.2400 2.1401 0.6694 0.1814 
4.0401 0.2301 2.1460 0.6281 0.2712 
4.0401 0.2301 2.1460 0.6281 0.2712 
4.0101 0.2400 2.1401 0.6694 0.1814 
4.0301 0.2101 2.1401 0.5954 0.2311 
4.0001 0.2301 2.1491 0.6121 0.1519 
4.0301 0.2101 2.1401 0.5954 0.2311 
4.0101 0.2400 2.1401 0.6694 0.1814 
4.0501 0.2201 2.1490 0.5934 0.3006 
4.0401 0.2301 2.1460 0.6281 0.2712 
4.0301 0.2101 2.1401 0.5954 0.2311 
4.0601 0.2101 2.1441 0.5852 0.3287 
4.0501 0.2201 2.1490 0.5934 0.3006 
4.0301 0.2101 2.1401 0.5954 0.2311 
4.0301 0.2001 2.1466 0.5442 0.2303 
4.0001 0.2301 2.1491 0.6121 0.1519 
4.0201 0.2001 2.1410 0.5630 0.1952 
4.0301 0.2101 2.1401 0.5954 0.2311 
4.0001 0.2301 2.1491 0.6121 0.1519 
4.0301 0.2001 2.1466 0.5442 0.2303 
4.0001 0.2301 2.1491 0.6121 0.1519 
4.0001 0.2101 2.1475 0.5648 0.1409 
4.0201 0.2001 2.1410 0.5630 0.1952 
4.0501 0.2001 2.1394 0.5733 0.2925 
4.0301 0.2101 2.1401 0.5954 0.2311 
4.0301 0.2001 2.1466 0.5442 0.2303 
4.0201 0.1901 2.1479 0.5093 0.1943 
4.0001 0.2101 2.1475 0.5648 0.1409 
4.0001 0.2001 2.1415 0.5582 0.1321 
4.0201 0.2001 2.1410 0.5630 0.1952 
4.0001 0.2101 2.1475 0.5648 0.1409 
4.0201 0.1901 2.1479 0.5093 0.1943 
4.0501 0.2001 2.1394 0.5733 0.2925 
4.0601 0.2101 2.1441 0.5852 0.3287 
4.0301 0.2101 2.1401 0.5954 0.2311 
4.0001 0.3001 2.1459 0.7804 0.1808 
3.9901 0.2901 2.1495 0.7470 0.1519 
3.9901 0.2801 2.1467 0.7356 0.1460 
3.9701 0.2901 2.1528 0.7342 0.1026 
3.9501 0.2801 2.1428 0.7442 0.0557 
3.9901 0.2901 2.1495 0.7470 0.1519 
3.9501 0.2801 2.1428 0.7442 0.0557 
3.9901 0.2801 2.1467 0.7356 0.1460 
3.9901 0.2901 2.1495 0.7470 0.1519 
3.9701 0.2901 2.1528 0.7342 0.1026 
3.9601 0.3001 2.1482 0.7686 0.0822 
3.9501 0.2801 2.1428 0.7442 0.0557 
4.0001 0.2701 2.1492 0.7067 0.1701 
3.9501 0.2801 2.1428 0.7442 0.0557 
3.9601 0.2701 2.1475 0.7079 0.0685 
3.9901 0.2801 2.1467 0.7356 0.1460 
3.9501 0.2801 2.1428 0.7442 0.0557 
4.0001 0.2701 2.1492 0.7067 0.1701 
4.0001 0.2601 2.1401 0.7153 0.1613 
4.0001 0.2701 2.1492 0.7067 0.1701 
3.9901 0.2601 2.1435 0.7025 0.1350 
4.0001 0.2601 2.1401 0.7153 0.1613 
3.9901 0.2601 2.1435 0.7025 0.1350 
4.0001 0.2601 2.1401 0.7153 0.1613 
3.9901 0.2601 2.1435 0.7025 0.1350 
3.9601 0.2701 2.1475 0.7079 0.0685 
3.9801 0.2401 2.1431 0.6552 0.0975 
4.0001 0.2701 2.1492 0.7067 0.1701 
3.9601 0.2701 2.1475 0.7079 0.0685 
3.9901 0.2601 2.1435 0.7025 0.1350 
3.9601 0.2701 2.1475 0.7079 0.0685 
3.9501 0.2801 2.1428 0.7442 0.0557 
3.9501 0.2601 2.1495 0.6771 0.0534 
3.9901 0.2601 2.1435 0.7025 0.1350 
3.9901 0.2401 2.1461 0.6462 0.1265 
4.0001 0.2501 2.1479 0.6653 0.1607 
4.0001 0.2601 2.1401 0.7153 0.1613 
3.9901 0.2601 2.1435 0.7025 0.1350 
4.0001 0.2501 2.1479 0.6653 0.1607 
4.0001 0.2601 2.1401 0.7153 0.1613 
4.0001 0.2501 2.1479 0.6653 0.1607 
4.0001 0.2601 2.1401 0.7153 0.1613 
3.9901 0.2601 2.1435 0.7025 0.1350 
3.9801 0.2401 2.1431 0.6552 0.0975 
3.9901 0.2401 2.1461 0.6462 0.1265 
3.9801 0.2401 2.1431 0.6552 0.0975 
3.9601 0.2701 2.1475 0.7079 0.0685 
3.9501 0.2601 2.1495 0.6771 0.0534 
4.0001 0.2601 2.1401 0.7153 0.1613 
4.0001 0.2601 2.1401 0.7153 0.1613 
4.0001 0.2601 2.1401 0.7153 0.1613 
4.0001 0.2601 2.1401 0.7153 0.1613 
4.0001 0.2601 2.1401 0.7153 0.1613 
4.0001 0.2601 2.1401 0.7153 0.1613 
4.0001 0.2301 2.1491 0.6121 0.1519 
4.0001 0.2501 2.1479 0.6653 0.1607 
3.9901 0.2401 2.1461 0.6462 0.1265 
3.9901 0.2401 2.1461 0.6462 0.1265 
3.9801 0.2401 2.1431 0.6552 0.0975 
4.0001 0.2301 2.1491 0.6121 0.1519 
4.0001 0.2101 2.1475 0.5648 0.1409 
4.0001 0.2301 2.1491 0.6121 0.1519 
3.9901 0.2101 2.1434 0.5779 0.1088 
3.9801 0.2401 2.1431 0.6552 0.0975 
3.9901 0.2101 2.1434 0.5779 0.1088 
4.0001 0.2301 2.1491 0.6121 0.1519 
3.9701 0.2201 2.1519 0.5724 0.0681 
3.9901 0.2101 2.1434 0.5779 0.1088 
3.9801 0.2401 2.1431 0.6552 0.0975 
4.0001 0.2101 2.1475 0.5648 0.1409 
3.9901 0.2101 2.1434 0.5779 0.1088 
4.0001 0.2001 2.1415 0.5582 0.1321 
4.0001 0.2001 2.1415 0.5582 0.1321 
3.9901 0.2101 2.1434 0.5779 0.1088 
3.9801 0.2001 2.1478 0.5328 0.0787 
3.9801 0.2001 2.1478 0.5328 0.0787 
3.9901 0.2101 2.1434 0.5779 0.1088 
3.9701 0.2201 2.1519 0.5724 0.0681 
3.9701 0.2001 2.1392 0.5620 0.0557 
3.9801 0.2001 2.1478 0.5328 0.0787 
3.9701 0.2201 2.1519 0.5724 0.0681 
4.0701 0.1901 2.1498 0.5102 0.3597 
4.0401 0.1901 2.1495 0.5067 0.2606 
4.0501 0.1801 2.1486 0.4816 0.2907 
4.0901 0.1701 2.1497 0.4529 0.4260 
4.0801 0.1601 2.1480 0.4249 0.3907 
4.1001 0.1501 2.1498 0.3885 0.4622 
4.0401 0.1801 2.1501 0.4745 0.2576 
4.0401 0.1801 2.1501 0.4745 0.2576 
4.0401 0.1801 2.1501 0.4745 0.2576 
4.0401 0.1801 2.1501 0.4745 0.2576 
4.0401 0.1801 2.1501 0.4745 0.2576 
4.0401 0.1801 2.1501 0.4745 0.2576 
4.0401 0.1901 2.1495 0.5067 0.2606 
4.0301 0.2001 2.1466 0.5442 0.2303 
4.0301 0.1801 2.1496 0.4747 0.2239 
4.0401 0.1801 2.1501 0.4745 0.2576 
4.0401 0.1801 2.1501 0.4745 0.2576 
4.0401 0.1801 2.1501 0.4745 0.2576 
4.0401 0.1801 2.1501 0.4745 0.2576 
4.0401 0.1801 2.1501 0.4745 0.2576 
4.0401 0.1801 2.1501 0.4745 0.2576 
4.0801 0.1601 2.1480 0.4249 0.3907 
4.0601 0.1401 2.1457 0.3607 0.3148 
4.0701 0.1301 2.1479 0.3180 0.3510 
4.0501 0.1401 2.1501 0.3431 0.2797 
4.0501 0.1401 2.1501 0.3431 0.2797 
4.0501 0.1401 2.1501 0.3431 0.2797 
4.0501 0.1401 2.1501 0.3431 0.2797 
4.0501 0.1401 2.1501 0.3431 0.2797 
4.0601 0.1301 2.1507 0.3063 0.3142 
4.0701 0.1201 2.1501 0.2721 0.3500 
4.0701 0.1201 2.1501 0.2721 0.3500 
4.0701 0.1201 2.1501 0.2721 0.3500 
4.0701 0.1201 2.1501 0.2721 0.3500 
4.0701 0.1201 2.1501 0.2721 0.3500 
4.0701 0.1201 2.1501 0.2721 0.3500 
4.0701 0.1201 2.1501 0.2721 0.3500 
4.0701 0.1201 2.1501 0.2721 0.3500 
4.0701 0.1201 2.1501 0.2721 0.3500 
4.0701 0.1201 2.1501 0.2721 0.3500 
4.0701 0.1201 2.1501 0.2721 0.3500 
4.0701 0.1201 2.1501 0.2721 0.3500 
4.0501 0.1401 2.1501 0.3431 0.2797 
4.0501 0.1401 2.1501 0.3431 0.2797 
4.0501 0.1401 2.1501 0.3431 0.2797 
4.0401 0.1331 2.1501 0.3156 0.2403 
4.0601 0.1301 2.1507 0.3063 0.3142 
4.0501 0.1401 2.1501 0.3431 0.2797 
4.0401 0.1331 2.1501 0.3156 0.2403 
4.0501 0.1401 2.1501 0.3431 0.2797 
4.0501 0.1401 2.1501 0.3431 0.2797 
4.0601 0.1301 2.1507 0.3063 0.3142 
4.0401 0.1331 2.1501 0.3156 0.2403 
4.0401 0.1201 2.1493 0.2689 0.2344 
4.0401 0.1201 2.1493 0.2689 0.2344 
4.0401 0.1331 2.1501 0.3156 0.2403 
4.0201 0.1201 2.1525 0.2537 0.1608 
4.0101 0.1201 2.1577 0.2338 0.1280 
4.0201 0.1201 2.1525 0.2537 0.1608 
4.0101 0.1401 2.1435 0.3595 0.1310 
4.0401 0.1201 2.1493 0.2689 0.2344 
4.0201 0.1201 2.1525 0.2537 0.1608 
4.0301 0.1101 2.1490 0.2283 0.1908 
4.0201 0.1201 2.1525 0.2537 0.1608 
4.0101 0.1201 2.1577 0.2338 0.1280 
4.0301 0.1101 2.1490 0.2283 0.1908 
4.0101 0.1045 2.1501 0.1973 0.1122 
4.0001 0.1101 2.1530 0.2082 0.0840 
4.0201 0.1001 2.1501 0.1814 0.1468 
4.0901 0.1901 2.1484 0.5181 0.4255 
4.0601 0.2101 2.1441 0.5852 0.3287 
4.0701 0.1901 2.1498 0.5102 0.3597 
4.0401 0.1901 2.1495 0.5067 0.2606 
4.0701 0.1901 2.1498 0.5102 0.3597 
4.0501 0.2001 2.1394 0.5733 0.2925 
4.1101 0.1701 2.1467 0.4669 0.4946 
4.0901 0.1901 2.1484 0.5181 0.4255 
4.0901 0.1701 2.1497 0.4529 0.4260 
4.0901 0.1901 2.1484 0.5181 0.4255 
4.0701 0.1901 2.1498 0.5102 0.3597 
4.0901 0.1701 2.1497 0.4529 0.4260 
4.1101 0.1701 2.1467 0.4669 0.4946 
4.0901 0.1701 2.1497 0.4529 0.4260 
4.1101 0.1601 2.1471 0.4333 0.4963 
4.0901 0.1701 2.1497 0.4529 0.4260 
4.0701 0.1901 2.1498 0.5102 0.3597 
4.0801 0.1601 2.1480 0.4249 0.3907 
4.0701 0.1901 2.1498 0.5102 0.3597 
4.0501 0.1801 2.1486 0.4816 0.2907 
4.0801 0.1601 2.1480 0.4249 0.3907 
4.1101 0.1601 2.1471 0.4333 0.4963 
4.0901 0.1701 2.1497 0.4529 0.4260 
4.1001 0.1601 2.1406 0.4553 0.4606 
4.0701 0.1601 2.1426 0.4428 0.3539 
4.0501 0.1801 2.1486 0.4816 0.2907 
4.0501 0.1601 2.1438 0.4350 0.2832 
4.0801 0.1601 2.1480 0.4249 0.3907 
4.0501 0.1801 2.1486 0.4816 0.2907 
4.0701 0.1601 2.1426 0.4428 0.3539 
4.0901 0.1701 2.1497 0.4529 0.4260 
4.1001 0.1501 2.1498 0.3885 0.4622 
4.1001 0.1601 2.1406 0.4553 0.4606 
4.0301 0.2001 2.1466 0.5442 0.2303 
4.0401 0.1901 2.1495 0.5067 0.2606 
4.0501 0.2001 2.1394 0.5733 0.2925 
4.0201 0.1901 2.1479 0.5093 0.1943 
4.0301 0.2001 2.1466 0.5442 0.2303 
4.0201 0.2001 2.1410 0.5630 0.1952 
4.0401 0.1801 2.1501 0.4745 0.2576 
4.0501 0.1801 2.1486 0.4816 0.2907 
4.0401 0.1901 2.1495 0.5067 0.2606 
4.0401 0.1801 2.1501 0.4745 0.2576 
4.0401 0.1801 2.1501 0.4745 0.2576 
4.0501 0.1801 2.1486 0.4816 0.2907 
4.0401 0.1801 2.1501 0.4745 0.2576 
4.0401 0.1901 2.1495 0.5067 0.2606 
4.0301 0.1801 2.1496 0.4747 0.2239 
4.0401 0.1801 2.1501 0.4745 0.2576 
4.0401 0.1801 2.1501 0.4745 0.2576 
4.0401 0.1901 2.1495 0.5067 0.2606 
4.0301 0.1801 2.1496 0.4747 0.2239 
4.0301 0.2001 2.1466 0.5442 0.2303 
4.0201 0.1901 2.1479 0.5093 0.1943 
4.0201 0.1901 2.1479 0.5093 0.1943 
4.0001 0.2001 2.1415 0.5582 0.1321 
3.9901 0.1801 2.1486 0.4719 0.0948 
4.0401 0.1801 2.1501 0.4745 0.2576 
4.0401 0.1701 2.1480 0.4506 0.2533 
4.0501 0.1801 2.1486 0.4816 0.2907 
4.0401 0.1801 2.1501 0.4745 0.2576 
4.0401 0.1801 2.1501 0.4745 0.2576 
4.0401 0.1701 2.1480 0.4506 0.2533 
4.0401 0.1801 2.1501 0.4745 0.2576 
4.0301 0.1801 2.1496 0.4747 0.2239 
4.0401 0.1701 2.1480 0.4506 0.2533 
4.0401 0.1801 2.1501 0.4745 0.2576 
4.0401 0.1801 2.1501 0.4745 0.2576 
4.0301 0.1801 2.1496 0.4747 0.2239 
4.0301 0.1801 2.1496 0.4747 0.2239 
4.0201 0.1901 2.1479 0.5093 0.1943 
4.0401 0.1701 2.1480 0.4506 0.2533 
4.0401 0.1701 2.1480 0.4506 0.2533 
4.0501 0.1601 2.1438 0.4350 0.2832 
4.0501 0.1801 2.1486 0.4816 0.2907 
4.0401 0.1601 2.1509 0.4077 0.2511 
4.0501 0.1601 2.1438 0.4350 0.2832 
4.0401 0.1701 2.1480 0.4506 0.2533 
4.0401 0.1601 2.1509 0.4077 0.2511 
4.0201 0.1901 2.1479 0.5093 0.1943 
4.0201 0.1501 2.1497 0.3745 0.1758 
4.0401 0.1701 2.1480 0.4506 0.2533 
4.0201 0.1901 2.1479 0.5093 0.1943 
4.0401 0.1601 2.1509 0.4077 0.2511 
4.0201 0.1901 2.1479 0.5093 0.1943 
3.9901 0.1801 2.1486 0.4719 0.0948 
4.0201 0.1501 2.1497 0.3745 0.1758 
4.0501 0.1601 2.1438 0.4350 0.2832 
4.0401 0.1601 2.1509 0.4077 0.2511 
4.0501 0.1501 2.1446 0.3982 0.2805 
3.9901 0.1801 2.1486 0.4719 0.0948 
4.0001 0.1501 2.1499 0.3702 0.1079 
4.0201 0.1501 2.1497 0.3745 0.1758 
4.0801 0.1601 2.1480 0.4249 0.3907 
4.0701 0.1301 2.1479 0.3180 0.3510 
4.1001 0.1501 2.1498 0.3885 0.4622 
4.0601 0.1401 2.1457 0.3607 0.3148 
4.0801 0.1601 2.1480 0.4249 0.3907 
4.0701 0.1601 2.1426 0.4428 0.3539 
4.0701 0.1601 2.1426 0.4428 0.3539 
4.0501 0.1601 2.1438 0.4350 0.2832 
4.0601 0.1401 2.1457 0.3607 0.3148 
4.0501 0.1501 2.1446 0.3982 0.2805 
4.0601 0.1401 2.1457 0.3607 0.3148 
4.0501 0.1601 2.1438 0.4350 0.2832 
4.0501 0.1401 2.1501 0.3431 0.2797 
4.0601 0.1401 2.1457 0.3607 0.3148 
4.0501 0.1501 2.1446 0.3982 0.2805 
4.0501 0.1401 2.1501 0.3431 0.2797 
4.0501 0.1401 2.1501 0.3431 0.2797 
4.0601 0.1401 2.1457 0.3607 0.3148 
4.1001 0.1501 2.1498 0.3885 0.4622 
4.0701 0.1301 2.1479 0.3180 0.3510 
4.1001 0.1201 2.1438 0.3008 0.4649 
4.0601 0.1301 2.1507 0.3063 0.3142 
4.0701 0.1301 2.1479 0.3180 0.3510 
4.0601 0.1401 2.1457 0.3607 0.3148 
4.0601 0.1401 2.1457 0.3607 0.3148 
4.0501 0.1401 2.1501 0.3431 0.2797 
4.0601 0.1301 2.1507 0.3063 0.3142 
4.1001 0.1201 2.1438 0.3008 0.4649 
4.0701 0.1301 2.1479 0.3180 0.3510 
4.0801 0.1201 2.1465 0.2871 0.3877 
4.0701 0.1201 2.1501 0.2721 0.3500 
4.0801 0.1201 2.1465 0.2871 0.3877 
4.0701 0.1301 2.1479 0.3180 0.3510 
4.0701 0.1201 2.1501 0.2721 0.3500 
4.0701 0.1201 2.1501 0.2721 0.3500 
4.0801 0.1201 2.1465 0.2871 0.3877 
4.0601 0.1301 2.1507 0.3063 0.3142 
4.0401 0.1201 2.1493 0.2689 0.2344 
4.0701 0.1301 2.1479 0.3180 0.3510 
4.0701 0.1201 2.1501 0.2721 0.3500 
4.0701 0.1301 2.1479 0.3180 0.3510 
4.0401 0.1201 2.1493 0.2689 0.2344 
4.0701 0.1201 2.1501 0.2721 0.3500 
4.0701 0.1201 2.1501 0.2721 0.3500 
4.0701 0.1301 2.1479 0.3180 0.3510 
4.0901 0.1101 2.1463 0.2503 0.4265 
4.0801 0.1201 2.1465 0.2871 0.3877 
4.0701 0.1101 2.1475 0.2417 0.3475 
4.1001 0.1201 2.1438 0.3008 0.4649 
4.0801 0.1201 2.1465 0.2871 0.3877 
4.0901 0.1101 2.1463 0.2503 0.4265 
4.0701 0.1201 2.1501 0.2721 0.3500 
4.0701 0.1101 2.1475 0.2417 0.3475 
4.0801 0.1201 2.1465 0.2871 0.3877 
4.0701 0.1201 2.1501 0.2721 0.3500 
4.0701 0.1201 2.1501 0.2721 0.3500 
4.0701 0.1101 2.1475 0.2417 0.3475 
4.0701 0.1201 2.1501 0.2721 0.3500 
4.0401 0.1201 2.1493 0.2689 0.2344 
4.0701 0.1101 2.1475 0.2417 0.3475 
4.0701 0.1201 2.1501 0.2721 0.3500 
4.0701 0.1201 2.1501 0.2721 0.3500 
4.0701 0.1101 2.1475 0.2417 0.3475 
4.0501 0.1101 2.1535 0.2166 0.2713 
4.0701 0.1101 2.1475 0.2417 0.3475 
4.0401 0.1201 2.1493 0.2689 0.2344 
4.0801 0.1001 2.1457 0.2094 0.3859 
4.0901 0.1101 2.1463 0.2503 0.4265 
4.0701 0.1101 2.1475 0.2417 0.3475 
4.0501 0.1401 2.1501 0.3431 0.2797 
4.0501 0.1401 2.1501 0.3431 0.2797 
4.0501 0.1501 2.1446 0.3982 0.2805 
4.0501 0.1501 2.1446 0.3982 0.2805 
4.0401 0.1601 2.1509 0.4077 0.2511 
4.0101 0.1401 2.1435 0.3595 0.1310 
4.0401 0.1601 2.1509 0.4077 0.2511 
4.0201 0.1501 2.1497 0.3745 0.1758 
4.0101 0.1401 2.1435 0.3595 0.1310 
4.0001 0.1501 2.1499 0.3702 0.1079 
4.0101 0.1401 2.1435 0.3595 0.1310 
4.0201 0.1501 2.1497 0.3745 0.1758 
4.0001 0.1501 2.1499 0.3702 0.1079 
4.0001 0.1401 2.1515 0.3289 0.1027 
4.0101 0.1401 2.1435 0.3595 0.1310 
4.0501 0.1401 2.1501 0.3431 0.2797 
4.0501 0.1501 2.1446 0.3982 0.2805 
4.0401 0.1331 2.1501 0.3156 0.2403 
4.0401 0.1331 2.1501 0.3156 0.2403 
4.0501 0.1501 2.1446 0.3982 0.2805 
4.0101 0.1401 2.1435 0.3595 0.1310 
4.0401 0.1331 2.1501 0.3156 0.2403 
4.0101 0.1401 2.1435 0.3595 0.1310 
4.0201 0.1201 2.1525 0.2537 0.1608 
4.0001 0.1401 2.1515 0.3289 0.1027 
4.0001 0.1301 2.1451 0.3146 0.0918 
4.0101 0.1401 2.1435 0.3595 0.1310 
4.0101 0.1401 2.1435 0.3595 0.1310 
4.0001 0.1301 2.1451 0.3146 0.0918 
4.0101 0.1201 2.1577 0.2338 0.1280 
4.0501 0.1101 2.1535 0.2166 0.2713 
4.0401 0.1201 2.1493 0.2689 0.2344 
4.0301 0.1101 2.1490 0.2283 0.1908 
4.0101 0.1201 2.1577 0.2338 0.1280 
4.0101 0.1045 2.1501 0.1973 0.1122 
4.0301 0.1101 2.1490 0.2283 0.1908 
4.0101 0.1045 2.1501 0.1973 0.1122 
4.0101 0.1201 2.1577 0.2338 0.1280 
4.0001 0.1101 2.1530 0.2082 0.0840 
4.0501 0.1101 2.1535 0.2166 0.2713 
4.0301 0.1101 2.1490 0.2283 0.1908 
4.0301 0.1001 2.1535 0.1723 0.1881 
4.0201 0.1001 2.1501 0.1814 0.1468 
4.0301 0.1101 2.1490 0.2283 0.1908 
4.0201 0.1001 2.1501 0.1814 0.1468 
4.0201 0.1001 2.1501 0.1814 0.1468 
4.0301 0.1001 2.1535 0.1723 0.1881 
4.0301 0.1101 2.1490 0.2283 0.1908 
4.0101 0.1045 2.1501 0.1973 0.1122 
4.0201 0.1001 2.1501 0.1814 0.1468 
4.0301 0.1101 2.1490 0.2283 0.1908 
4.0101 0.1045 2.1501 0.1973 0.1122 
4.0201 0.1001 2.1501 0.1814 0.1468 
4.0201 0.1001 2.1501 0.1814 0.1468 
3.9801 0.2001 2.1478 0.5328 0.0787 
3.9701 0.1901 2.1488 0.4983 0.0556 
3.9801 0.1801 2.1498 0.4658 0.0693 
3.9701 0.2001 2.1392 0.5620 0.0557 
3.9701 0.1901 2.1488 0.4983 0.0556 
3.9801 0.2001 2.1478 0.5328 0.0787 
4.0001 0.2001 2.1415 0.5582 0.1321 
3.9801 0.2001 2.1478 0.5328 0.0787 
3.9901 0.1801 2.1486 0.4719 0.0948 
3.9801 0.2001 2.1478 0.5328 0.0787 
3.9801 0.1801 2.1498 0.4658 0.0693 
3.9901 0.1801 2.1486 0.4719 0.0948 
3.9901 0.1701 2.1403 0.4702 0.0837 
3.9801 0.1801 2.1498 0.4658 0.0693 
3.9701 0.1701 2.1484 0.4374 0.0527 
3.9901 0.1801 2.1486 0.4719 0.0948 
3.9801 0.1801 2.1498 0.4658 0.0693 
3.9901 0.1701 2.1403 0.4702 0.0837 
3.9901 0.1801 2.1486 0.4719 0.0948 
3.9901 0.1701 2.1403 0.4702 0.0837 
4.0001 0.1501 2.1499 0.3702 0.1079 
4.0001 0.1501 2.1499 0.3702 0.1079 
3.9701 0.1701 2.1484 0.4374 0.0527 
3.9801 0.1601 2.1462 0.4142 0.0586 
3.9901 0.1701 2.1403 0.4702 0.0837 
3.9701 0.1701 2.1484 0.4374 0.0527 
4.0001 0.1501 2.1499 0.3702 0.1079 
4.2201 0.0801 2.1424 0.1671 0.9803 
4.2201 0.0901 2.1487 0.1877 0.9598 
4.1901 0.0901 2.1457 0.1914 0.8405 
4.1901 0.0901 2.1457 0.1914 0.8405 
4.2101 0.0701 2.1493 0.1037 0.9453 
4.2201 0.0801 2.1424 0.1671 0.9803 
4.1301 0.0801 2.1522 0.1174 0.5966 
4.1801 0.0701 2.1489 0.0995 0.8177 
4.1501 0.0801 2.1490 0.1309 0.6816 
4.1301 0.0801 2.1522 0.1174 0.5966 
4.1201 0.0801 2.1404 0.1516 0.5559 
4.1101 0.0701 2.1518 0.0826 0.5150 
4.2201 0.0901 2.1487 0.1877 0.9598 
4.1801 0.1001 2.1419 0.2443 0.7923 
4.1901 0.0901 2.1457 0.1914 0.8405 
4.1901 0.0901 2.1457 0.1914 0.8405 
4.1801 0.1001 2.1419 0.2443 0.7923 
4.1501 0.0901 2.1517 0.1628 0.6739 
4.1501 0.0901 2.1517 0.1628 0.6739 
4.1801 0.1001 2.1419 0.2443 0.7923 
4.1501 0.1001 2.1419 0.2380 0.6710 
4.1501 0.0901 2.1517 0.1628 0.6739 
4.1806 0.0801 2.1401 0.1662 0.8154 
4.1901 0.0901 2.1457 0.1914 0.8405 
4.1806 0.0801 2.1401 0.1662 0.8154 
4.1501 0.0901 2.1517 0.1628 0.6739 
4.1501 0.0801 2.1490 0.1309 0.6816 
4.2101 0.0701 2.1493 0.1037 0.9453 
4.1901 0.0901 2.1457 0.1914 0.8405 
4.1801 0.0701 2.1489 0.0995 0.8177 
4.1806 0.0801 2.1401 0.1662 0.8154 
4.1801 0.0701 2.1489 0.0995 0.8177 
4.1901 0.0901 2.1457 0.1914 0.8405 
4.1501 0.0801 2.1490 0.1309 0.6816 
4.1801 0.0701 2.1489 0.0995 0.8177 
4.1806 0.0801 2.1401 0.1662 0.8154 
4.2001 0.0601 2.1416 0.0876 0.9234 
4.1801 0.0701 2.1489 0.0995 0.8177 
4.1701 0.0601 2.1424 0.0821 0.7888 
4.2101 0.0701 2.1493 0.1037 0.9453 
4.1801 0.0701 2.1489 0.0995 0.8177 
4.2001 0.0601 2.1416 0.0876 0.9234 
4.1301 0.0901 2.1457 0.1784 0.5933 
4.1501 0.1001 2.1419 0.2380 0.6710 
4.1401 0.1201 2.1464 0.2995 0.6192 
4.1501 0.0901 2.1517 0.1628 0.6739 
4.1501 0.1001 2.1419 0.2380 0.6710 
4.1301 0.0901 2.1457 0.1784 0.5933 
4.1301 0.0901 2.1457 0.1784 0.5933 
4.1201 0.1001 2.1461 0.2166 0.5485 
4.1201 0.0801 2.1404 0.1516 0.5559 
4.1001 0.1001 2.1537 0.1864 0.4679 
4.1201 0.0801 2.1404 0.1516 0.5559 
4.1201 0.1001 2.1461 0.2166 0.5485 
4.1501 0.0901 2.1517 0.1628 0.6739 
4.1301 0.0901 2.1457 0.1784 0.5933 
4.1501 0.0801 2.1490 0.1309 0.6816 
4.1301 0.0801 2.1522 0.1174 0.5966 
4.1501 0.0801 2.1490 0.1309 0.6816 
4.1301 0.0901 2.1457 0.1784 0.5933 
4.1301 0.0801 2.1522 0.1174 0.5966 
4.1301 0.0901 2.1457 0.1784 0.5933 
4.1201 0.0801 2.1404 0.1516 0.5559 
4.1201 0.0801 2.1404 0.1516 0.5559 
4.1001 0.1001 2.1537 0.1864 0.4679 
4.0901 0.0701 2.1467 0.0895 0.4275 
4.1001 0.1001 2.1537 0.1864 0.4679 
4.0901 0.1101 2.1463 0.2503 0.4265 
4.0901 0.0801 2.1538 0.1055 0.4284 
4.0801 0.1001 2.1457 0.2094 0.3859 
4.0901 0.0801 2.1538 0.1055 0.4284 
4.0901 0.1101 2.1463 0.2503 0.4265 
4.0901 0.0801 2.1538 0.1055 0.4284 
4.0601 0.0901 2.1537 0.1376 0.3049 
4.0501 0.0701 2.1531 0.0754 0.2553 
4.0801 0.1001 2.1457 0.2094 0.3859 
4.0601 0.0901 2.1537 0.1376 0.3049 
4.0901 0.0801 2.1538 0.1055 0.4284 
4.0601 0.0901 2.1537 0.1376 0.3049 
4.0501 0.1101 2.1535 0.2166 0.2713 
4.0301 0.1001 2.1535 0.1723 0.1881 
4.0201 0.1001 2.1501 0.1814 0.1468 
4.0201 0.0901 2.1541 0.1284 0.1430 
4.0301 0.1001 2.1535 0.1723 0.1881 
4.0201 0.1001 2.1501 0.1814 0.1468 
4.0301 0.1001 2.1535 0.1723 0.1881 
4.0201 0.1001 2.1501 0.1814 0.1468 
4.0201 0.1001 2.1501 0.1814 0.1468 
4.0001 0.1101 2.1530 0.2082 0.0840 
4.0201 0.0901 2.1541 0.1284 0.1430 
4.0201 0.1001 2.1501 0.1814 0.1468 
4.0201 0.0901 2.1541 0.1284 0.1430 
4.0201 0.1001 2.1501 0.1814 0.1468 
4.0401 0.0801 2.1514 0.1025 0.2166 
4.0501 0.0701 2.1531 0.0754 0.2553 
4.0601 0.0901 2.1537 0.1376 0.3049 
4.0801 0.1001 2.1457 0.2094 0.3859 
4.0701 0.1101 2.1475 0.2417 0.3475 
4.0601 0.0901 2.1537 0.1376 0.3049 
4.0701 0.1101 2.1475 0.2417 0.3475 
4.0501 0.1101 2.1535 0.2166 0.2713 
4.0601 0.0901 2.1537 0.1376 0.3049 
4.0901 0.0801 2.1538 0.1055 0.4284 
4.0901 0.0701 2.1467 0.0895 0.4275 
4.1001 0.1001 2.1537 0.1864 0.4679 
4.0501 0.0701 2.1531 0.0754 0.2553 
4.0901 0.0701 2.1467 0.0895 0.4275 
4.0901 0.0801 2.1538 0.1055 0.4284 
4.0301 0.1001 2.1535 0.1723 0.1881 
4.0401 0.0801 2.1514 0.1025 0.2166 
4.0601 0.0901 2.1537 0.1376 0.3049 
4.0401 0.0801 2.1514 0.1025 0.2166 
4.0301 0.1001 2.1535 0.1723 0.1881 
4.0201 0.0901 2.1541 0.1284 0.1430 
4.0201 0.1001 2.1501 0.1814 0.1468 
4.0201 0.1001 2.1501 0.1814 0.1468 
4.0201 0.1001 2.1501 0.1814 0.1468 
4.0201 0.1001 2.1501 0.1814 0.1468 
4.0201 0.1001 2.1501 0.1814 0.1468 
4.0201 0.1001 2.1501 0.1814 0.1468 
