NUMPOLLIES 124.000000 

5.3901 0.2301 2.1062 0.2346 0.0877 
5.3701 0.2501 2.1021 0.1028 0.1828 
5.3601 0.2401 2.1065 0.1735 0.2419 
5.3901 0.2301 2.1062 0.2346 0.0877 
5.3601 0.2401 2.1065 0.1735 0.2419 
5.3801 0.2201 2.1047 0.3130 0.1334 
5.3801 0.2201 2.1047 0.3130 0.1334 
5.3601 0.2401 2.1065 0.1735 0.2419 
5.3401 0.2201 2.1018 0.3300 0.3440 
5.3801 0.2101 2.0981 0.3926 0.1234 
5.3801 0.2201 2.1047 0.3130 0.1334 
5.3601 0.2101 2.0998 0.3990 0.2319 
5.3401 0.2201 2.1018 0.3300 0.3440 
5.3501 0.2101 2.1057 0.3979 0.2917 
5.3601 0.2101 2.0998 0.3990 0.2319 
5.4001 0.1901 2.0990 0.5343 0.0528 
5.3801 0.2201 2.1047 0.3130 0.1334 
5.3801 0.2101 2.0981 0.3926 0.1234 
5.3101 0.2501 2.1054 0.1228 0.5175 
5.2901 0.2501 2.1026 0.1286 0.6299 
5.3001 0.2301 2.1050 0.2693 0.5663 
5.3601 0.2401 2.1065 0.1735 0.2419 
5.3301 0.2501 2.1026 0.1153 0.4055 
5.3401 0.2201 2.1018 0.3300 0.3440 
5.3401 0.2201 2.1018 0.3300 0.3440 
5.3301 0.2501 2.1026 0.1153 0.4055 
5.3201 0.2301 2.1058 0.2614 0.4571 
5.3201 0.2301 2.1058 0.2614 0.4571 
5.3101 0.2501 2.1054 0.1228 0.5175 
5.3001 0.2301 2.1050 0.2693 0.5663 
5.3301 0.2501 2.1026 0.1153 0.4055 
5.3101 0.2501 2.1054 0.1228 0.5175 
5.3201 0.2301 2.1058 0.2614 0.4571 
5.3201 0.2301 2.1058 0.2614 0.4571 
5.3001 0.2301 2.1050 0.2693 0.5663 
5.3001 0.2101 2.1020 0.4204 0.5604 
5.3201 0.2201 2.0992 0.3393 0.4532 
5.3201 0.2301 2.1058 0.2614 0.4571 
5.3001 0.2101 2.1020 0.4204 0.5604 
5.3401 0.2201 2.1018 0.3300 0.3440 
5.3201 0.2301 2.1058 0.2614 0.4571 
5.3201 0.2001 2.1059 0.4823 0.4499 
5.3201 0.2201 2.0992 0.3393 0.4532 
5.3201 0.2001 2.1059 0.4823 0.4499 
5.3201 0.2301 2.1058 0.2614 0.4571 
5.3401 0.2201 2.1018 0.3300 0.3440 
5.3201 0.2001 2.1059 0.4823 0.4499 
5.3301 0.2001 2.0979 0.4881 0.3930 
5.3001 0.2101 2.1020 0.4204 0.5604 
5.3201 0.2001 2.1059 0.4823 0.4499 
5.3201 0.2201 2.0992 0.3393 0.4532 
5.3701 0.1701 2.1044 0.6811 0.1831 
5.3901 0.1701 2.1045 0.6736 0.0873 
5.3701 0.1801 2.0969 0.6233 0.1733 
5.3701 0.1801 2.0969 0.6233 0.1733 
5.3901 0.1701 2.1045 0.6736 0.0873 
5.4001 0.1901 2.0990 0.5343 0.0528 
5.3501 0.1901 2.1036 0.5468 0.2874 
5.3601 0.1701 2.1071 0.6795 0.2371 
5.3701 0.1801 2.0969 0.6233 0.1733 
5.3701 0.1801 2.0969 0.6233 0.1733 
5.3601 0.1701 2.1071 0.6795 0.2371 
5.3701 0.1701 2.1044 0.6811 0.1831 
5.3901 0.1701 2.1045 0.6736 0.0873 
5.3701 0.1701 2.1044 0.6811 0.1831 
5.3701 0.1501 2.1049 0.8193 0.1830 
5.4001 0.1701 2.0997 0.6796 0.0531 
5.3901 0.1701 2.1045 0.6736 0.0873 
5.3701 0.1501 2.1049 0.8193 0.1830 
5.3701 0.1701 2.1044 0.6811 0.1831 
5.3601 0.1701 2.1071 0.6795 0.2371 
5.3601 0.1501 2.1019 0.8308 0.2300 
5.3901 0.1301 2.1009 0.9601 0.0836 
5.4001 0.1401 2.1004 0.8897 0.0538 
5.4001 0.1701 2.0997 0.6796 0.0531 
5.4001 0.1701 2.0997 0.6796 0.0531 
5.3701 0.1501 2.1049 0.8193 0.1830 
5.3801 0.1401 2.0925 0.9205 0.1158 
5.3701 0.1501 2.1049 0.8193 0.1830 
5.3701 0.1701 2.1044 0.6811 0.1831 
5.3601 0.1501 2.1019 0.8308 0.2300 
5.3301 0.2001 2.0979 0.4881 0.3930 
5.3501 0.1901 2.1036 0.5468 0.2874 
5.3401 0.2001 2.1052 0.4755 0.3432 
5.3201 0.2001 2.1059 0.4823 0.4499 
5.3001 0.2101 2.1020 0.4204 0.5604 
5.3301 0.2001 2.0979 0.4881 0.3930 
5.3601 0.1701 2.1071 0.6795 0.2371 
5.3501 0.1901 2.1036 0.5468 0.2874 
5.3401 0.1701 2.1042 0.6926 0.3379 
5.3501 0.1901 2.1036 0.5468 0.2874 
5.3301 0.2001 2.0979 0.4881 0.3930 
5.3401 0.1701 2.1042 0.6926 0.3379 
5.3401 0.1701 2.1042 0.6926 0.3379 
5.3001 0.2101 2.1020 0.4204 0.5604 
5.3101 0.1801 2.1086 0.6248 0.4977 
5.3301 0.2001 2.0979 0.4881 0.3930 
5.3001 0.2101 2.1020 0.4204 0.5604 
5.3401 0.1701 2.1042 0.6926 0.3379 
5.3401 0.1701 2.1042 0.6926 0.3379 
5.3101 0.1801 2.1086 0.6248 0.4977 
5.3201 0.1601 2.1001 0.7797 0.4392 
5.3201 0.1601 2.1001 0.7797 0.4392 
5.3001 0.1801 2.1046 0.6356 0.5503 
5.2901 0.1701 2.1088 0.7013 0.5980 
5.3101 0.1801 2.1086 0.6248 0.4977 
5.3001 0.1801 2.1046 0.6356 0.5503 
5.3201 0.1601 2.1001 0.7797 0.4392 
5.3601 0.1701 2.1071 0.6795 0.2371 
5.3401 0.1701 2.1042 0.6926 0.3379 
5.3601 0.1501 2.1019 0.8308 0.2300 
5.3601 0.1501 2.1019 0.8308 0.2300 
5.3401 0.1701 2.1042 0.6926 0.3379 
5.3501 0.1401 2.1069 0.8890 0.2849 
5.3401 0.1701 2.1042 0.6926 0.3379 
5.3201 0.1601 2.1001 0.7797 0.4392 
5.3501 0.1401 2.1069 0.8890 0.2849 
5.3501 0.1401 2.1069 0.8890 0.2849 
5.3201 0.1601 2.1001 0.7797 0.4392 
5.3201 0.1401 2.1063 0.9011 0.4364 
5.3201 0.1401 2.1063 0.9011 0.4364 
5.2901 0.1701 2.1088 0.7013 0.5980 
5.3001 0.1501 2.1070 0.8388 0.5409 
5.3201 0.1601 2.1001 0.7797 0.4392 
5.2901 0.1701 2.1088 0.7013 0.5980 
5.3201 0.1401 2.1063 0.9011 0.4364 
5.3601 0.1501 2.1019 0.8308 0.2300 
5.3501 0.1401 2.1069 0.8890 0.2849 
5.3601 0.1401 2.0953 0.9192 0.2218 
5.3601 0.1401 2.0953 0.9192 0.2218 
5.3501 0.1401 2.1069 0.8890 0.2849 
5.3601 0.1301 2.1016 0.9685 0.2283 
5.3201 0.1401 2.1063 0.9011 0.4364 
5.3001 0.1501 2.1070 0.8388 0.5409 
5.3001 0.1401 2.1025 0.9191 0.5387 
5.3601 0.1301 2.1016 0.9685 0.2283 
5.3501 0.1401 2.1069 0.8890 0.2849 
5.3301 0.1301 2.1007 0.9819 0.3811 
5.3501 0.1401 2.1069 0.8890 0.2849 
5.3201 0.1401 2.1063 0.9011 0.4364 
5.3301 0.1301 2.1007 0.9819 0.3811 
5.3201 0.1301 2.1001 0.9873 0.4325 
5.3301 0.1301 2.1007 0.9819 0.3811 
5.3201 0.1401 2.1063 0.9011 0.4364 
5.3201 0.1301 2.1001 0.9873 0.4325 
5.3201 0.1401 2.1063 0.9011 0.4364 
5.3201 0.1301 2.1001 0.9873 0.4325 
5.3201 0.1401 2.1063 0.9011 0.4364 
5.3001 0.1401 2.1025 0.9191 0.5387 
5.3101 0.1301 2.1055 0.9735 0.4847 
5.3201 0.1301 2.1001 0.9873 0.4325 
5.3201 0.1401 2.1063 0.9011 0.4364 
5.3101 0.1301 2.1055 0.9735 0.4847 
5.3201 0.1301 2.1001 0.9873 0.4325 
5.3101 0.1301 2.1055 0.9735 0.4847 
5.3201 0.1301 2.1001 0.9873 0.4325 
5.3201 0.1301 2.1001 0.9873 0.4325 
5.3301 0.1301 2.1007 0.9819 0.3811 
5.3201 0.1301 2.1001 0.9873 0.4325 
5.3301 0.2501 2.1026 0.1153 0.4055 
5.3201 0.2601 2.1062 0.0749 0.4648 
5.3101 0.2501 2.1054 0.1228 0.5175 
5.3601 0.2101 2.0998 0.3990 0.2319 
5.3801 0.2201 2.1047 0.3130 0.1334 
5.3401 0.2201 2.1018 0.3300 0.3440 
5.3801 0.2101 2.0981 0.3926 0.1234 
5.3601 0.2101 2.0998 0.3990 0.2319 
5.3701 0.1801 2.0969 0.6233 0.1733 
5.3501 0.2101 2.1057 0.3979 0.2917 
5.3501 0.1901 2.1036 0.5468 0.2874 
5.3601 0.2101 2.0998 0.3990 0.2319 
5.3501 0.2101 2.1057 0.3979 0.2917 
5.3401 0.2201 2.1018 0.3300 0.3440 
5.3501 0.1901 2.1036 0.5468 0.2874 
5.3401 0.2001 2.1052 0.4755 0.3432 
5.3501 0.1901 2.1036 0.5468 0.2874 
5.3401 0.2201 2.1018 0.3300 0.3440 
5.3301 0.2001 2.0979 0.4881 0.3930 
5.3401 0.2001 2.1052 0.4755 0.3432 
5.3401 0.2201 2.1018 0.3300 0.3440 
5.3801 0.2101 2.0981 0.3926 0.1234 
5.3701 0.1801 2.0969 0.6233 0.1733 
5.4001 0.1901 2.0990 0.5343 0.0528 
5.3501 0.1901 2.1036 0.5468 0.2874 
5.3701 0.1801 2.0969 0.6233 0.1733 
5.3601 0.2101 2.0998 0.3990 0.2319 
5.3801 0.1401 2.0925 0.9205 0.1158 
5.3901 0.1301 2.1009 0.9601 0.0836 
5.4001 0.1701 2.0997 0.6796 0.0531 
5.3801 0.1401 2.0925 0.9205 0.1158 
5.3701 0.1501 2.1049 0.8193 0.1830 
5.3601 0.1401 2.0953 0.9192 0.2218 
5.3601 0.1501 2.1019 0.8308 0.2300 
5.3601 0.1401 2.0953 0.9192 0.2218 
5.3701 0.1501 2.1049 0.8193 0.1830 
5.3901 0.1301 2.1009 0.9601 0.0836 
5.3601 0.1401 2.0953 0.9192 0.2218 
5.3601 0.1301 2.1016 0.9685 0.2283 
5.3801 0.1401 2.0925 0.9205 0.1158 
5.3601 0.1401 2.0953 0.9192 0.2218 
5.3901 0.1301 2.1009 0.9601 0.0836 
5.3201 0.1301 2.1001 0.9873 0.4325 
5.3201 0.1301 2.1001 0.9873 0.4325 
5.3201 0.1301 2.1001 0.9873 0.4325 
5.3201 0.1301 2.1001 0.9873 0.4325 
5.3201 0.1301 2.1001 0.9873 0.4325 
5.3201 0.1301 2.1001 0.9873 0.4325 
5.3201 0.1301 2.1001 0.9873 0.4325 
5.3201 0.1301 2.1001 0.9873 0.4325 
5.3201 0.1301 2.1001 0.9873 0.4325 
5.3201 0.1301 2.1001 0.9873 0.4325 
5.3201 0.1301 2.1001 0.9873 0.4325 
5.3201 0.1301 2.1001 0.9873 0.4325 
5.2901 0.2501 2.1026 0.1286 0.6299 
5.2701 0.2601 2.1075 0.0820 0.7417 
5.2701 0.2501 2.1011 0.1351 0.7436 
5.2701 0.2501 2.1011 0.1351 0.7436 
5.2501 0.2601 2.1074 0.0860 0.8523 
5.2601 0.2301 2.1039 0.2851 0.7862 
5.2701 0.2601 2.1075 0.0820 0.7417 
5.2501 0.2601 2.1074 0.0860 0.8523 
5.2701 0.2501 2.1011 0.1351 0.7436 
5.2501 0.2501 2.0996 0.1418 0.8589 
5.2601 0.2301 2.1039 0.2851 0.7862 
5.2501 0.2601 2.1074 0.0860 0.8523 
5.2501 0.2601 2.1074 0.0860 0.8523 
5.2401 0.2501 2.1051 0.1469 0.9056 
5.2501 0.2501 2.0996 0.1418 0.8589 
5.3001 0.2301 2.1050 0.2693 0.5663 
5.2901 0.2501 2.1026 0.1286 0.6299 
5.2801 0.2401 2.1084 0.2033 0.6772 
5.2901 0.2501 2.1026 0.1286 0.6299 
5.2701 0.2501 2.1011 0.1351 0.7436 
5.2801 0.2401 2.1084 0.2033 0.6772 
5.3001 0.2301 2.1050 0.2693 0.5663 
5.2801 0.2401 2.1084 0.2033 0.6772 
5.2801 0.2301 2.1015 0.2781 0.6783 
5.2801 0.2401 2.1084 0.2033 0.6772 
5.2701 0.2501 2.1011 0.1351 0.7436 
5.2801 0.2301 2.1015 0.2781 0.6783 
5.2701 0.2501 2.1011 0.1351 0.7436 
5.2601 0.2301 2.1039 0.2851 0.7862 
5.2801 0.2301 2.1015 0.2781 0.6783 
5.3001 0.2101 2.1020 0.4204 0.5604 
5.2801 0.2301 2.1015 0.2781 0.6783 
5.2801 0.2201 2.1060 0.3507 0.6708 
5.3001 0.2301 2.1050 0.2693 0.5663 
5.2801 0.2301 2.1015 0.2781 0.6783 
5.3001 0.2101 2.1020 0.4204 0.5604 
5.2801 0.2201 2.1060 0.3507 0.6708 
5.2801 0.2301 2.1015 0.2781 0.6783 
5.2601 0.2301 2.1039 0.2851 0.7862 
5.2801 0.2101 2.1017 0.4284 0.6698 
5.2601 0.2301 2.1039 0.2851 0.7862 
5.2701 0.2001 2.1081 0.4984 0.7141 
5.2801 0.2201 2.1060 0.3507 0.6708 
5.2601 0.2301 2.1039 0.2851 0.7862 
5.2801 0.2101 2.1017 0.4284 0.6698 
5.2701 0.2001 2.1081 0.4984 0.7141 
5.2501 0.2201 2.1046 0.3631 0.8347 
5.2601 0.2001 2.1049 0.5061 0.7704 
5.2601 0.2301 2.1039 0.2851 0.7862 
5.2501 0.2201 2.1046 0.3631 0.8347 
5.2701 0.2001 2.1081 0.4984 0.7141 
5.3101 0.1801 2.1086 0.6248 0.4977 
5.2801 0.2201 2.1060 0.3507 0.6708 
5.2801 0.1901 2.1040 0.5724 0.6601 
5.3001 0.2101 2.1020 0.4204 0.5604 
5.2801 0.2201 2.1060 0.3507 0.6708 
5.3101 0.1801 2.1086 0.6248 0.4977 
5.2801 0.2201 2.1060 0.3507 0.6708 
5.2801 0.2101 2.1017 0.4284 0.6698 
5.2801 0.1901 2.1040 0.5724 0.6601 
5.2401 0.2501 2.1051 0.1469 0.9056 
5.2401 0.2401 2.1080 0.2183 0.8948 
5.2501 0.2501 2.0996 0.1418 0.8589 
5.2501 0.2501 2.0996 0.1418 0.8589 
5.2401 0.2401 2.1080 0.2183 0.8948 
5.2601 0.2301 2.1039 0.2851 0.7862 
5.2601 0.2301 2.1039 0.2851 0.7862 
5.2401 0.2401 2.1080 0.2183 0.8948 
5.2501 0.2201 2.1046 0.3631 0.8347 
5.2501 0.2201 2.1046 0.3631 0.8347 
5.2401 0.2401 2.1080 0.2183 0.8948 
5.2301 0.2201 2.1033 0.3718 0.9457 
5.2601 0.2001 2.1049 0.5061 0.7704 
5.2501 0.2201 2.1046 0.3631 0.8347 
5.2301 0.2101 2.1056 0.4437 0.9352 
5.2501 0.2201 2.1046 0.3631 0.8347 
5.2301 0.2201 2.1033 0.3718 0.9457 
5.2301 0.2101 2.1056 0.4437 0.9352 
5.2301 0.2201 2.1033 0.3718 0.9457 
5.2201 0.2201 2.1088 0.3716 0.9886 
5.2301 0.2101 2.1056 0.4437 0.9352 
5.3101 0.1801 2.1086 0.6248 0.4977 
5.2801 0.1901 2.1040 0.5724 0.6601 
5.3001 0.1801 2.1046 0.6356 0.5503 
5.2801 0.2101 2.1017 0.4284 0.6698 
5.2701 0.2001 2.1081 0.4984 0.7141 
5.2801 0.1901 2.1040 0.5724 0.6601 
5.2801 0.1901 2.1040 0.5724 0.6601 
5.2601 0.2001 2.1049 0.5061 0.7704 
5.2601 0.1901 2.1066 0.5758 0.7638 
5.2701 0.2001 2.1081 0.4984 0.7141 
5.2601 0.2001 2.1049 0.5061 0.7704 
5.2801 0.1901 2.1040 0.5724 0.6601 
5.3001 0.1801 2.1046 0.6356 0.5503 
5.2801 0.1901 2.1040 0.5724 0.6601 
5.2701 0.1801 2.1024 0.6508 0.7104 
5.2701 0.1801 2.1024 0.6508 0.7104 
5.2801 0.1901 2.1040 0.5724 0.6601 
5.2601 0.1901 2.1066 0.5758 0.7638 
5.2701 0.1801 2.1024 0.6508 0.7104 
5.2601 0.1901 2.1066 0.5758 0.7638 
5.2401 0.1801 2.1065 0.6542 0.8637 
5.3001 0.1801 2.1046 0.6356 0.5503 
5.2701 0.1801 2.1024 0.6508 0.7104 
5.2901 0.1701 2.1088 0.7013 0.5980 
5.2801 0.1501 2.1001 0.8643 0.6471 
5.2901 0.1701 2.1088 0.7013 0.5980 
5.2701 0.1801 2.1024 0.6508 0.7104 
5.2401 0.1801 2.1065 0.6542 0.8637 
5.2601 0.1701 2.1088 0.7119 0.7523 
5.2701 0.1801 2.1024 0.6508 0.7104 
5.2701 0.1801 2.1024 0.6508 0.7104 
5.2601 0.1701 2.1088 0.7119 0.7523 
5.2801 0.1501 2.1001 0.8643 0.6471 
5.2901 0.1701 2.1088 0.7013 0.5980 
5.2801 0.1501 2.1001 0.8643 0.6471 
5.3001 0.1501 2.1070 0.8388 0.5409 
5.2801 0.1501 2.1001 0.8643 0.6471 
5.2601 0.1701 2.1088 0.7119 0.7523 
5.2701 0.1401 2.1053 0.9212 0.6915 
5.2601 0.1901 2.1066 0.5758 0.7638 
5.2601 0.2001 2.1049 0.5061 0.7704 
5.2301 0.2101 2.1056 0.4437 0.9352 
5.2301 0.1901 2.0955 0.6056 0.9419 
5.2401 0.1801 2.1065 0.6542 0.8637 
5.2601 0.1901 2.1066 0.5758 0.7638 
5.2201 0.1801 2.1072 0.6602 0.9669 
5.2401 0.1801 2.1065 0.6542 0.8637 
5.2301 0.1901 2.0955 0.6056 0.9419 
5.2301 0.1601 2.0961 0.8230 0.9224 
5.2601 0.1701 2.1088 0.7119 0.7523 
5.2401 0.1801 2.1065 0.6542 0.8637 
5.2301 0.1601 2.0961 0.8230 0.9224 
5.2301 0.1501 2.1070 0.8632 0.8983 
5.2601 0.1701 2.1088 0.7119 0.7523 
5.2601 0.1701 2.1088 0.7119 0.7523 
5.2301 0.1501 2.1070 0.8632 0.8983 
5.2701 0.1401 2.1053 0.9212 0.6915 
5.3001 0.1401 2.1025 0.9191 0.5387 
5.3001 0.1501 2.1070 0.8388 0.5409 
5.2901 0.1401 2.1089 0.9041 0.5881 
5.2901 0.1401 2.1089 0.9041 0.5881 
5.2801 0.1501 2.1001 0.8643 0.6471 
5.2701 0.1401 2.1053 0.9212 0.6915 
5.3001 0.1501 2.1070 0.8388 0.5409 
5.2801 0.1501 2.1001 0.8643 0.6471 
5.2901 0.1401 2.1089 0.9041 0.5881 
5.3101 0.1301 2.1055 0.9735 0.4847 
5.2901 0.1401 2.1089 0.9041 0.5881 
5.2901 0.1301 2.1027 0.9895 0.5870 
5.3001 0.1401 2.1025 0.9191 0.5387 
5.2901 0.1401 2.1089 0.9041 0.5881 
5.3101 0.1301 2.1055 0.9735 0.4847 
5.2901 0.1401 2.1089 0.9041 0.5881 
5.2701 0.1401 2.1053 0.9212 0.6915 
5.2901 0.1301 2.1027 0.9895 0.5870 
5.2301 0.2101 2.1056 0.4437 0.9352 
5.2301 0.1901 2.0955 0.6056 0.9419 
5.2601 0.1901 2.1066 0.5758 0.7638 
