NUMPOLLIES 836.000000 

4.2201 -0.1099 2.1434 0.2380 0.0528 
4.2001 -0.0699 2.1494 0.0755 0.0765 
4.1901 -0.0799 2.1437 0.1186 0.1163 
4.1901 -0.0799 2.1437 0.1186 0.1163 
4.2101 -0.1099 2.1521 0.2096 0.0745 
4.2201 -0.1099 2.1434 0.2380 0.0528 
4.1801 -0.0699 2.1408 0.0919 0.1478 
4.1801 -0.0899 2.1577 0.1187 0.1733 
4.1901 -0.0899 2.1497 0.1402 0.1282 
4.1801 -0.0699 2.1408 0.0919 0.1478 
4.1701 -0.0899 2.1480 0.1497 0.2075 
4.1801 -0.0899 2.1577 0.1187 0.1733 
4.1901 -0.0899 2.1497 0.1402 0.1282 
4.2101 -0.1099 2.1521 0.2096 0.0745 
4.1901 -0.0799 2.1437 0.1186 0.1163 
4.1901 -0.0899 2.1497 0.1402 0.1282 
4.1801 -0.0899 2.1577 0.1187 0.1733 
4.1801 -0.1099 2.1464 0.2358 0.1777 
4.1701 -0.0899 2.1480 0.1497 0.2075 
4.1801 -0.1099 2.1464 0.2358 0.1777 
4.1801 -0.0899 2.1577 0.1187 0.1733 
4.1201 -0.0799 2.1562 0.0983 0.4165 
4.1001 -0.0699 2.1561 0.0763 0.5024 
4.1001 -0.0899 2.1599 0.1278 0.4982 
4.1201 -0.0799 2.1562 0.0983 0.4165 
4.1101 -0.0999 2.1503 0.1961 0.4559 
4.1201 -0.0899 2.1463 0.1661 0.4147 
4.1101 -0.0999 2.1503 0.1961 0.4559 
4.1001 -0.0899 2.1599 0.1278 0.4982 
4.0901 -0.0999 2.1544 0.1869 0.5361 
4.1201 -0.0799 2.1562 0.0983 0.4165 
4.1001 -0.0899 2.1599 0.1278 0.4982 
4.1101 -0.0999 2.1503 0.1961 0.4559 
4.1801 -0.0699 2.1408 0.0919 0.1478 
4.1901 -0.0899 2.1497 0.1402 0.1282 
4.1901 -0.0799 2.1437 0.1186 0.1163 
4.1801 -0.0699 2.1408 0.0919 0.1478 
4.1601 -0.0699 2.1483 0.0803 0.2398 
4.1701 -0.0899 2.1480 0.1497 0.2075 
4.1601 -0.0699 2.1483 0.0803 0.2398 
4.1501 -0.0799 2.1486 0.1125 0.2871 
4.1701 -0.0899 2.1480 0.1497 0.2075 
4.1701 -0.0899 2.1480 0.1497 0.2075 
4.1501 -0.0799 2.1486 0.1125 0.2871 
4.1501 -0.0999 2.1472 0.1984 0.2931 
4.1501 -0.0799 2.1486 0.1125 0.2871 
4.1201 -0.0699 2.1415 0.1007 0.4135 
4.1301 -0.0799 2.1421 0.1359 0.3705 
4.1201 -0.0799 2.1562 0.0983 0.4165 
4.1301 -0.0799 2.1421 0.1359 0.3705 
4.1201 -0.0699 2.1415 0.1007 0.4135 
4.1201 -0.0699 2.1415 0.1007 0.4135 
4.1001 -0.0699 2.1561 0.0763 0.5024 
4.1201 -0.0799 2.1562 0.0983 0.4165 
4.1301 -0.0799 2.1421 0.1359 0.3705 
4.1201 -0.0799 2.1562 0.0983 0.4165 
4.1201 -0.0899 2.1463 0.1661 0.4147 
4.1501 -0.0799 2.1486 0.1125 0.2871 
4.1301 -0.0799 2.1421 0.1359 0.3705 
4.1501 -0.0999 2.1472 0.1984 0.2931 
4.1301 -0.0799 2.1421 0.1359 0.3705 
4.1201 -0.0899 2.1463 0.1661 0.4147 
4.1501 -0.0999 2.1472 0.1984 0.2931 
4.1101 -0.0999 2.1503 0.1961 0.4559 
4.1301 -0.1099 2.1493 0.2362 0.3760 
4.1201 -0.0899 2.1463 0.1661 0.4147 
4.1001 -0.0699 2.1561 0.0763 0.5024 
4.0901 -0.0799 2.1512 0.1167 0.5424 
4.1001 -0.0899 2.1599 0.1278 0.4982 
4.0901 -0.0799 2.1512 0.1167 0.5424 
4.0801 -0.0699 2.1519 0.0841 0.5888 
4.0801 -0.0899 2.1570 0.1405 0.5794 
4.0901 -0.0799 2.1512 0.1167 0.5424 
4.1001 -0.0699 2.1561 0.0763 0.5024 
4.0801 -0.0699 2.1519 0.0841 0.5888 
4.0801 -0.0899 2.1570 0.1405 0.5794 
4.1001 -0.0899 2.1599 0.1278 0.4982 
4.0901 -0.0799 2.1512 0.1167 0.5424 
4.0801 -0.0899 2.1570 0.1405 0.5794 
4.0801 -0.0699 2.1519 0.0841 0.5888 
4.0701 -0.0999 2.1526 0.1970 0.6160 
4.0801 -0.0699 2.1519 0.0841 0.5888 
4.0301 -0.0699 2.1528 0.0893 0.8027 
4.0701 -0.0999 2.1526 0.1970 0.6160 
4.0701 -0.0999 2.1526 0.1970 0.6160 
4.0301 -0.0699 2.1528 0.0893 0.8027 
4.0401 -0.0799 2.1526 0.1228 0.7514 
4.0801 -0.0899 2.1570 0.1405 0.5794 
4.0901 -0.0999 2.1544 0.1869 0.5361 
4.1001 -0.0899 2.1599 0.1278 0.4982 
4.0901 -0.0999 2.1544 0.1869 0.5361 
4.0801 -0.0899 2.1570 0.1405 0.5794 
4.0701 -0.0999 2.1526 0.1970 0.6160 
4.0701 -0.0999 2.1526 0.1970 0.6160 
4.0401 -0.0799 2.1526 0.1228 0.7514 
4.0501 -0.1099 2.1559 0.2300 0.6876 
4.0301 -0.0799 2.1443 0.1506 0.7983 
4.0201 -0.0899 2.1535 0.1640 0.8233 
4.0401 -0.0799 2.1526 0.1228 0.7514 
4.0101 -0.0699 2.1492 0.1010 0.8907 
4.0001 -0.0899 2.1538 0.1671 0.9035 
4.0201 -0.0899 2.1535 0.1640 0.8233 
4.0101 -0.0699 2.1492 0.1010 0.8907 
4.0201 -0.0899 2.1535 0.1640 0.8233 
4.0301 -0.0799 2.1443 0.1506 0.7983 
4.0501 -0.1099 2.1559 0.2300 0.6876 
4.0401 -0.0799 2.1526 0.1228 0.7514 
4.0401 -0.1099 2.1599 0.2186 0.7243 
4.0301 -0.0999 2.1535 0.2023 0.7741 
4.0401 -0.0799 2.1526 0.1228 0.7514 
4.0201 -0.0899 2.1535 0.1640 0.8233 
4.0301 -0.0999 2.1535 0.2023 0.7741 
4.0401 -0.1099 2.1599 0.2186 0.7243 
4.0401 -0.0799 2.1526 0.1228 0.7514 
4.0301 -0.0999 2.1535 0.2023 0.7741 
4.0001 -0.0899 2.1538 0.1671 0.9035 
4.0001 -0.0999 2.1535 0.2085 0.8919 
4.0201 -0.0899 2.1535 0.1640 0.8233 
4.0001 -0.0899 2.1538 0.1671 0.9035 
4.0301 -0.0999 2.1535 0.2023 0.7741 
4.0301 -0.0699 2.1528 0.0893 0.8027 
4.0301 -0.0799 2.1443 0.1506 0.7983 
4.0401 -0.0799 2.1526 0.1228 0.7514 
4.0101 -0.0699 2.1492 0.1010 0.8907 
4.0301 -0.0799 2.1443 0.1506 0.7983 
4.0301 -0.0699 2.1528 0.0893 0.8027 
3.9901 -0.0599 2.1553 0.0734 0.9843 
3.9801 -0.0799 2.1531 0.1334 0.9986 
4.0101 -0.0699 2.1492 0.1010 0.8907 
3.9801 -0.0799 2.1531 0.1334 0.9986 
3.9901 -0.0899 2.1589 0.1530 0.9388 
4.0001 -0.0899 2.1538 0.1671 0.9035 
4.0101 -0.0699 2.1492 0.1010 0.8907 
3.9801 -0.0799 2.1531 0.1334 0.9986 
4.0001 -0.0899 2.1538 0.1671 0.9035 
4.0001 -0.0899 2.1538 0.1671 0.9035 
3.9901 -0.0899 2.1589 0.1530 0.9388 
4.0001 -0.0999 2.1535 0.2085 0.8919 
4.0001 -0.0999 2.1535 0.2085 0.8919 
3.9901 -0.0899 2.1589 0.1530 0.9388 
3.9801 -0.0799 2.1531 0.1334 0.9986 
4.2001 -0.1499 2.1489 0.3741 0.1306 
4.2101 -0.1599 2.1424 0.4302 0.0998 
4.2301 -0.1499 2.1468 0.3761 0.0531 
4.2201 -0.1099 2.1434 0.2380 0.0528 
4.2101 -0.1099 2.1521 0.2096 0.0745 
4.2101 -0.1199 2.1469 0.2678 0.0774 
4.1901 -0.1199 2.1437 0.2833 0.1439 
4.2101 -0.1199 2.1469 0.2678 0.0774 
4.2101 -0.1099 2.1521 0.2096 0.0745 
4.2101 -0.1199 2.1469 0.2678 0.0774 
4.1901 -0.1199 2.1437 0.2833 0.1439 
4.2001 -0.1299 2.1406 0.3316 0.1122 
4.2101 -0.1199 2.1469 0.2678 0.0774 
4.2001 -0.1299 2.1406 0.3316 0.1122 
4.2301 -0.1499 2.1468 0.3761 0.0531 
4.2001 -0.1499 2.1489 0.3741 0.1306 
4.2301 -0.1499 2.1468 0.3761 0.0531 
4.2001 -0.1299 2.1406 0.3316 0.1122 
4.2101 -0.1599 2.1424 0.4302 0.0998 
4.2001 -0.1499 2.1489 0.3741 0.1306 
4.2001 -0.1599 2.1468 0.4159 0.1352 
4.2001 -0.1599 2.1468 0.4159 0.1352 
4.2101 -0.1699 2.1471 0.4460 0.1090 
4.2101 -0.1599 2.1424 0.4302 0.0998 
4.2001 -0.1599 2.1468 0.4159 0.1352 
4.2001 -0.1799 2.1490 0.4727 0.1478 
4.2101 -0.1699 2.1471 0.4460 0.1090 
4.2301 -0.1899 2.1444 0.5146 0.0651 
4.2101 -0.1699 2.1471 0.4460 0.1090 
4.2001 -0.1799 2.1490 0.4727 0.1478 
4.2301 -0.1899 2.1444 0.5146 0.0651 
4.2001 -0.1799 2.1490 0.4727 0.1478 
4.1901 -0.1899 2.1474 0.5099 0.1845 
4.2101 -0.1999 2.1513 0.5224 0.1288 
4.2301 -0.1899 2.1444 0.5146 0.0651 
4.1901 -0.1899 2.1474 0.5099 0.1845 
4.2101 -0.1099 2.1521 0.2096 0.0745 
4.1901 -0.0899 2.1497 0.1402 0.1282 
4.1801 -0.1099 2.1464 0.2358 0.1777 
4.2101 -0.1099 2.1521 0.2096 0.0745 
4.1801 -0.1099 2.1464 0.2358 0.1777 
4.1901 -0.1199 2.1437 0.2833 0.1439 
4.1201 -0.1199 2.1534 0.2630 0.4162 
4.0901 -0.0999 2.1544 0.1869 0.5361 
4.0801 -0.1099 2.1559 0.2236 0.5719 
4.1101 -0.0999 2.1503 0.1961 0.4559 
4.0901 -0.0999 2.1544 0.1869 0.5361 
4.1201 -0.1199 2.1534 0.2630 0.4162 
4.1201 -0.1199 2.1534 0.2630 0.4162 
4.0801 -0.1099 2.1559 0.2236 0.5719 
4.0901 -0.1199 2.1483 0.2870 0.5309 
4.1501 -0.1199 2.1497 0.2702 0.3001 
4.1301 -0.1099 2.1493 0.2362 0.3760 
4.1201 -0.1199 2.1534 0.2630 0.4162 
4.1301 -0.1499 2.1482 0.3892 0.3795 
4.1501 -0.1199 2.1497 0.2702 0.3001 
4.1201 -0.1199 2.1534 0.2630 0.4162 
4.1201 -0.1199 2.1534 0.2630 0.4162 
4.0901 -0.1199 2.1483 0.2870 0.5309 
4.1301 -0.1499 2.1482 0.3892 0.3795 
4.1501 -0.1499 2.1520 0.3721 0.3088 
4.1601 -0.1699 2.1543 0.4289 0.2801 
4.1801 -0.1599 2.1450 0.4259 0.2028 
4.1701 -0.1699 2.1485 0.4476 0.2434 
4.1661 -0.1899 2.1501 0.5042 0.2644 
4.1901 -0.1899 2.1474 0.5099 0.1845 
4.1001 -0.1499 2.1516 0.3825 0.4876 
4.1101 -0.1699 2.1550 0.4349 0.4508 
4.1101 -0.1399 2.1474 0.3607 0.4522 
4.1001 -0.1699 2.1527 0.4443 0.4848 
4.1101 -0.1699 2.1550 0.4349 0.4508 
4.1001 -0.1499 2.1516 0.3825 0.4876 
4.1301 -0.1499 2.1482 0.3892 0.3795 
4.1261 -0.1799 2.1501 0.4804 0.3959 
4.1501 -0.1699 2.1508 0.4427 0.3130 
4.1101 -0.1699 2.1550 0.4349 0.4508 
4.1261 -0.1799 2.1501 0.4804 0.3959 
4.1301 -0.1499 2.1482 0.3892 0.3795 
4.1261 -0.1799 2.1501 0.4804 0.3959 
4.1101 -0.1699 2.1550 0.4349 0.4508 
4.1201 -0.1899 2.1501 0.5112 0.4161 
4.1201 -0.1899 2.1501 0.5112 0.4161 
4.1101 -0.1699 2.1550 0.4349 0.4508 
4.1101 -0.1899 2.1533 0.5016 0.4493 
4.1201 -0.1899 2.1501 0.5112 0.4161 
4.1101 -0.1899 2.1533 0.5016 0.4493 
4.1201 -0.1899 2.1501 0.5112 0.4161 
4.1101 -0.1699 2.1550 0.4349 0.4508 
4.1001 -0.1699 2.1527 0.4443 0.4848 
4.1101 -0.1899 2.1533 0.5016 0.4493 
4.1101 -0.1899 2.1533 0.5016 0.4493 
4.1001 -0.2099 2.1467 0.5820 0.4794 
4.1201 -0.1999 2.1508 0.5376 0.4162 
4.1201 -0.1899 2.1501 0.5112 0.4161 
4.1101 -0.1899 2.1533 0.5016 0.4493 
4.1201 -0.1999 2.1508 0.5376 0.4162 
4.1201 -0.1899 2.1501 0.5112 0.4161 
4.1201 -0.1999 2.1508 0.5376 0.4162 
4.1201 -0.1899 2.1501 0.5112 0.4161 
4.0801 -0.2004 2.1501 0.5472 0.5450 
4.1001 -0.2099 2.1467 0.5820 0.4794 
4.1101 -0.1899 2.1533 0.5016 0.4493 
4.0801 -0.2004 2.1501 0.5472 0.5450 
4.1101 -0.1899 2.1533 0.5016 0.4493 
4.1001 -0.1699 2.1527 0.4443 0.4848 
4.1901 -0.1199 2.1437 0.2833 0.1439 
4.1801 -0.1099 2.1464 0.2358 0.1777 
4.1801 -0.1299 2.1459 0.3161 0.1884 
4.1801 -0.1299 2.1459 0.3161 0.1884 
4.1701 -0.0899 2.1480 0.1497 0.2075 
4.1701 -0.1399 2.1442 0.3613 0.2293 
4.1801 -0.1099 2.1464 0.2358 0.1777 
4.1701 -0.0899 2.1480 0.1497 0.2075 
4.1801 -0.1299 2.1459 0.3161 0.1884 
4.1701 -0.0899 2.1480 0.1497 0.2075 
4.1501 -0.0999 2.1472 0.1984 0.2931 
4.1701 -0.1399 2.1442 0.3613 0.2293 
4.1501 -0.0999 2.1472 0.1984 0.2931 
4.1501 -0.1199 2.1497 0.2702 0.3001 
4.1701 -0.1399 2.1442 0.3613 0.2293 
4.1901 -0.1199 2.1437 0.2833 0.1439 
4.1801 -0.1299 2.1459 0.3161 0.1884 
4.2001 -0.1299 2.1406 0.3316 0.1122 
4.2001 -0.1499 2.1489 0.3741 0.1306 
4.1801 -0.1299 2.1459 0.3161 0.1884 
4.1801 -0.1599 2.1450 0.4259 0.2028 
4.2001 -0.1299 2.1406 0.3316 0.1122 
4.1801 -0.1299 2.1459 0.3161 0.1884 
4.2001 -0.1499 2.1489 0.3741 0.1306 
4.1801 -0.1299 2.1459 0.3161 0.1884 
4.1701 -0.1399 2.1442 0.3613 0.2293 
4.1801 -0.1599 2.1450 0.4259 0.2028 
4.1501 -0.1499 2.1520 0.3721 0.3088 
4.1801 -0.1599 2.1450 0.4259 0.2028 
4.1701 -0.1399 2.1442 0.3613 0.2293 
4.1701 -0.1399 2.1442 0.3613 0.2293 
4.1301 -0.1499 2.1482 0.3892 0.3795 
4.1501 -0.1499 2.1520 0.3721 0.3088 
4.1501 -0.1199 2.1497 0.2702 0.3001 
4.1201 -0.0899 2.1463 0.1661 0.4147 
4.1301 -0.1099 2.1493 0.2362 0.3760 
4.1501 -0.0999 2.1472 0.1984 0.2931 
4.1201 -0.0899 2.1463 0.1661 0.4147 
4.1501 -0.1199 2.1497 0.2702 0.3001 
4.1301 -0.1099 2.1493 0.2362 0.3760 
4.1101 -0.0999 2.1503 0.1961 0.4559 
4.1201 -0.1199 2.1534 0.2630 0.4162 
4.1501 -0.1199 2.1497 0.2702 0.3001 
4.1301 -0.1499 2.1482 0.3892 0.3795 
4.1701 -0.1399 2.1442 0.3613 0.2293 
4.0901 -0.1199 2.1483 0.2870 0.5309 
4.1101 -0.1399 2.1474 0.3607 0.4522 
4.1301 -0.1499 2.1482 0.3892 0.3795 
4.2001 -0.1599 2.1468 0.4159 0.1352 
4.2001 -0.1499 2.1489 0.3741 0.1306 
4.1801 -0.1599 2.1450 0.4259 0.2028 
4.1501 -0.1499 2.1520 0.3721 0.3088 
4.1501 -0.1699 2.1508 0.4427 0.3130 
4.1601 -0.1699 2.1543 0.4289 0.2801 
4.1801 -0.1599 2.1450 0.4259 0.2028 
4.1701 -0.1699 2.1485 0.4476 0.2434 
4.2001 -0.1599 2.1468 0.4159 0.1352 
4.1601 -0.1699 2.1543 0.4289 0.2801 
4.1701 -0.1699 2.1485 0.4476 0.2434 
4.1801 -0.1599 2.1450 0.4259 0.2028 
4.2001 -0.1799 2.1490 0.4727 0.1478 
4.2001 -0.1599 2.1468 0.4159 0.1352 
4.1901 -0.1899 2.1474 0.5099 0.1845 
4.1701 -0.1699 2.1485 0.4476 0.2434 
4.1901 -0.1899 2.1474 0.5099 0.1845 
4.2001 -0.1599 2.1468 0.4159 0.1352 
4.1601 -0.1699 2.1543 0.4289 0.2801 
4.1601 -0.1799 2.1397 0.5125 0.2772 
4.1701 -0.1699 2.1485 0.4476 0.2434 
4.1501 -0.1699 2.1508 0.4427 0.3130 
4.1601 -0.1799 2.1397 0.5125 0.2772 
4.1601 -0.1699 2.1543 0.4289 0.2801 
4.1501 -0.1799 2.1442 0.4976 0.3130 
4.1601 -0.1799 2.1397 0.5125 0.2772 
4.1501 -0.1699 2.1508 0.4427 0.3130 
4.1601 -0.1799 2.1397 0.5125 0.2772 
4.1661 -0.1899 2.1501 0.5042 0.2644 
4.1701 -0.1699 2.1485 0.4476 0.2434 
4.1601 -0.1799 2.1397 0.5125 0.2772 
4.1501 -0.1799 2.1442 0.4976 0.3130 
4.1661 -0.1899 2.1501 0.5042 0.2644 
4.1501 -0.1499 2.1520 0.3721 0.3088 
4.1301 -0.1499 2.1482 0.3892 0.3795 
4.1501 -0.1699 2.1508 0.4427 0.3130 
4.1301 -0.1499 2.1482 0.3892 0.3795 
4.1101 -0.1399 2.1474 0.3607 0.4522 
4.1101 -0.1699 2.1550 0.4349 0.4508 
4.1261 -0.1799 2.1501 0.4804 0.3959 
4.1501 -0.1799 2.1442 0.4976 0.3130 
4.1501 -0.1699 2.1508 0.4427 0.3130 
4.1501 -0.2099 2.1486 0.5683 0.3206 
4.1261 -0.1799 2.1501 0.4804 0.3959 
4.1301 -0.1999 2.1486 0.5437 0.3835 
4.1501 -0.1799 2.1442 0.4976 0.3130 
4.1261 -0.1799 2.1501 0.4804 0.3959 
4.1501 -0.2099 2.1486 0.5683 0.3206 
4.1261 -0.1799 2.1501 0.4804 0.3959 
4.1201 -0.1899 2.1501 0.5112 0.4161 
4.1301 -0.1999 2.1486 0.5437 0.3835 
4.1261 -0.1799 2.1501 0.4804 0.3959 
4.1201 -0.1899 2.1501 0.5112 0.4161 
4.1201 -0.1899 2.1501 0.5112 0.4161 
4.1201 -0.1899 2.1501 0.5112 0.4161 
4.1201 -0.1899 2.1501 0.5112 0.4161 
4.1201 -0.1899 2.1501 0.5112 0.4161 
4.1201 -0.1899 2.1501 0.5112 0.4161 
4.1301 -0.1999 2.1486 0.5437 0.3835 
4.1201 -0.1899 2.1501 0.5112 0.4161 
4.1201 -0.1899 2.1501 0.5112 0.4161 
4.1201 -0.1999 2.1508 0.5376 0.4162 
4.1301 -0.1999 2.1486 0.5437 0.3835 
4.1201 -0.1899 2.1501 0.5112 0.4161 
4.1201 -0.1899 2.1501 0.5112 0.4161 
4.1201 -0.1899 2.1501 0.5112 0.4161 
4.2201 -0.2499 2.1466 0.6678 0.1235 
4.2201 -0.2599 2.1512 0.6753 0.1310 
4.2501 -0.2699 2.1497 0.6996 0.0642 
4.2001 -0.2799 2.1545 0.7110 0.1959 
4.2201 -0.2599 2.1512 0.6753 0.1310 
4.2101 -0.2599 2.1430 0.7044 0.1544 
4.2501 -0.2699 2.1497 0.6996 0.0642 
4.2201 -0.2599 2.1512 0.6753 0.1310 
4.2301 -0.2799 2.1494 0.7245 0.1135 
4.2401 -0.2899 2.1449 0.7596 0.0916 
4.2301 -0.2799 2.1494 0.7245 0.1135 
4.2301 -0.2899 2.1538 0.7313 0.1204 
4.2001 -0.2799 2.1545 0.7110 0.1959 
4.2301 -0.2899 2.1538 0.7313 0.1204 
4.2301 -0.2799 2.1494 0.7245 0.1135 
4.2301 -0.2899 2.1538 0.7313 0.1204 
4.1801 -0.2899 2.1516 0.7437 0.2526 
4.2001 -0.2999 2.1531 0.7570 0.2026 
4.2001 -0.2799 2.1545 0.7110 0.1959 
4.1801 -0.2899 2.1516 0.7437 0.2526 
4.2301 -0.2899 2.1538 0.7313 0.1204 
4.2101 -0.2299 2.1469 0.6187 0.1420 
4.2101 -0.1999 2.1513 0.5224 0.1288 
4.2001 -0.2199 2.1448 0.6015 0.1658 
4.2201 -0.2099 2.1420 0.5817 0.0996 
4.2101 -0.1999 2.1513 0.5224 0.1288 
4.2101 -0.2299 2.1469 0.6187 0.1420 
4.2501 -0.2699 2.1497 0.6996 0.0642 
4.2101 -0.2299 2.1469 0.6187 0.1420 
4.2201 -0.2499 2.1466 0.6678 0.1235 
4.2101 -0.2299 2.1469 0.6187 0.1420 
4.2001 -0.2399 2.1462 0.6477 0.1757 
4.2201 -0.2499 2.1466 0.6678 0.1235 
4.2001 -0.2199 2.1448 0.6015 0.1658 
4.2001 -0.2399 2.1462 0.6477 0.1757 
4.2101 -0.2299 2.1469 0.6187 0.1420 
4.2101 -0.2599 2.1430 0.7044 0.1544 
4.2201 -0.2599 2.1512 0.6753 0.1310 
4.2201 -0.2499 2.1466 0.6678 0.1235 
4.2001 -0.2799 2.1545 0.7110 0.1959 
4.2101 -0.2599 2.1430 0.7044 0.1544 
4.1901 -0.2599 2.1404 0.7157 0.2104 
4.2301 -0.2799 2.1494 0.7245 0.1135 
4.2201 -0.2599 2.1512 0.6753 0.1310 
4.2001 -0.2799 2.1545 0.7110 0.1959 
4.2401 -0.2899 2.1449 0.7596 0.0916 
4.2401 -0.2999 2.1538 0.7505 0.1008 
4.2501 -0.2999 2.1446 0.7799 0.0743 
4.2001 -0.2799 2.1545 0.7110 0.1959 
4.1801 -0.2599 2.1448 0.7018 0.2412 
4.1701 -0.2799 2.1541 0.7159 0.2783 
4.1301 -0.2699 2.1542 0.6983 0.3888 
4.1401 -0.2899 2.1547 0.7379 0.3626 
4.1701 -0.2799 2.1541 0.7159 0.2783 
4.2001 -0.2799 2.1545 0.7110 0.1959 
4.1701 -0.2799 2.1541 0.7159 0.2783 
4.1801 -0.2899 2.1516 0.7437 0.2526 
4.1701 -0.2799 2.1541 0.7159 0.2783 
4.1401 -0.2899 2.1547 0.7379 0.3626 
4.1601 -0.2899 2.1546 0.7362 0.3080 
4.1801 -0.2899 2.1516 0.7437 0.2526 
4.1701 -0.2799 2.1541 0.7159 0.2783 
4.1901 -0.3099 2.1578 0.7626 0.2339 
4.1901 -0.3099 2.1578 0.7626 0.2339 
4.1701 -0.2799 2.1541 0.7159 0.2783 
4.1601 -0.2899 2.1546 0.7362 0.3080 
4.1601 -0.2999 2.1482 0.7772 0.3081 
4.1901 -0.3099 2.1578 0.7626 0.2339 
4.1601 -0.2899 2.1546 0.7362 0.3080 
4.1201 -0.2999 2.1605 0.7416 0.4178 
4.1401 -0.2999 2.1559 0.7541 0.3638 
4.1301 -0.2899 2.1509 0.7513 0.3892 
4.1101 -0.2999 2.1601 0.7439 0.4443 
4.1201 -0.2999 2.1605 0.7416 0.4178 
4.1101 -0.2999 2.1601 0.7439 0.4443 
4.1101 -0.2999 2.1601 0.7439 0.4443 
4.1101 -0.2999 2.1601 0.7439 0.4443 
4.1101 -0.2999 2.1601 0.7439 0.4443 
4.1201 -0.2799 2.1584 0.7073 0.4175 
4.1301 -0.2699 2.1542 0.6983 0.3888 
4.1201 -0.2599 2.1490 0.6946 0.4163 
4.1001 -0.2499 2.1493 0.6730 0.4751 
4.1201 -0.2799 2.1584 0.7073 0.4175 
4.1201 -0.2599 2.1490 0.6946 0.4163 
4.1401 -0.2899 2.1547 0.7379 0.3626 
4.1301 -0.2699 2.1542 0.6983 0.3888 
4.1201 -0.2799 2.1584 0.7073 0.4175 
4.1401 -0.2899 2.1547 0.7379 0.3626 
4.1201 -0.2799 2.1584 0.7073 0.4175 
4.1301 -0.2899 2.1509 0.7513 0.3892 
4.1301 -0.2899 2.1509 0.7513 0.3892 
4.1201 -0.2799 2.1584 0.7073 0.4175 
4.1201 -0.2999 2.1605 0.7416 0.4178 
4.1201 -0.2999 2.1605 0.7416 0.4178 
4.1201 -0.2799 2.1584 0.7073 0.4175 
4.1101 -0.2899 2.1572 0.7329 0.4445 
4.1101 -0.2899 2.1572 0.7329 0.4445 
4.0801 -0.2699 2.1578 0.6921 0.5294 
4.1001 -0.2999 2.1582 0.7511 0.4708 
4.1201 -0.2799 2.1584 0.7073 0.4175 
4.0801 -0.2699 2.1578 0.6921 0.5294 
4.1101 -0.2899 2.1572 0.7329 0.4445 
4.1601 -0.2999 2.1482 0.7772 0.3081 
4.1401 -0.2899 2.1547 0.7379 0.3626 
4.1401 -0.2999 2.1559 0.7541 0.3638 
4.1601 -0.2899 2.1546 0.7362 0.3080 
4.1401 -0.2899 2.1547 0.7379 0.3626 
4.1601 -0.2999 2.1482 0.7772 0.3081 
4.1301 -0.2899 2.1509 0.7513 0.3892 
4.1401 -0.2999 2.1559 0.7541 0.3638 
4.1401 -0.2899 2.1547 0.7379 0.3626 
4.1201 -0.2999 2.1605 0.7416 0.4178 
4.1101 -0.2899 2.1572 0.7329 0.4445 
4.1101 -0.2999 2.1601 0.7439 0.4443 
4.1101 -0.2999 2.1601 0.7439 0.4443 
4.1101 -0.2899 2.1572 0.7329 0.4445 
4.1001 -0.2999 2.1582 0.7511 0.4708 
4.1101 -0.2999 2.1601 0.7439 0.4443 
4.1101 -0.2999 2.1601 0.7439 0.4443 
4.1101 -0.2899 2.1572 0.7329 0.4445 
4.2001 -0.2199 2.1448 0.6015 0.1658 
4.1901 -0.1899 2.1474 0.5099 0.1845 
4.1801 -0.2099 2.1434 0.5824 0.2231 
4.2101 -0.1999 2.1513 0.5224 0.1288 
4.1901 -0.1899 2.1474 0.5099 0.1845 
4.2001 -0.2199 2.1448 0.6015 0.1658 
4.1661 -0.1899 2.1501 0.5042 0.2644 
4.1801 -0.2099 2.1434 0.5824 0.2231 
4.1901 -0.1899 2.1474 0.5099 0.1845 
4.1701 -0.2099 2.1530 0.5504 0.2589 
4.1801 -0.2099 2.1434 0.5824 0.2231 
4.1661 -0.1899 2.1501 0.5042 0.2644 
4.1501 -0.2099 2.1486 0.5683 0.3206 
4.1701 -0.2099 2.1530 0.5504 0.2589 
4.1661 -0.1899 2.1501 0.5042 0.2644 
4.1661 -0.1899 2.1501 0.5042 0.2644 
4.1501 -0.1799 2.1442 0.4976 0.3130 
4.1501 -0.2099 2.1486 0.5683 0.3206 
4.2001 -0.2199 2.1448 0.6015 0.1658 
4.1801 -0.2099 2.1434 0.5824 0.2231 
4.1801 -0.2299 2.1472 0.6218 0.2321 
4.1801 -0.2099 2.1434 0.5824 0.2231 
4.1601 -0.2199 2.1409 0.6208 0.2887 
4.1801 -0.2299 2.1472 0.6218 0.2321 
4.1701 -0.2099 2.1530 0.5504 0.2589 
4.1601 -0.2199 2.1409 0.6208 0.2887 
4.1801 -0.2099 2.1434 0.5824 0.2231 
4.1701 -0.2099 2.1530 0.5504 0.2589 
4.1501 -0.2099 2.1486 0.5683 0.3206 
4.1601 -0.2199 2.1409 0.6208 0.2887 
4.1801 -0.2299 2.1472 0.6218 0.2321 
4.1501 -0.2099 2.1486 0.5683 0.3206 
4.1401 -0.2299 2.1469 0.6280 0.3545 
4.1601 -0.2199 2.1409 0.6208 0.2887 
4.1501 -0.2099 2.1486 0.5683 0.3206 
4.1801 -0.2299 2.1472 0.6218 0.2321 
4.1801 -0.2299 2.1472 0.6218 0.2321 
4.2201 -0.2499 2.1466 0.6678 0.1235 
4.2001 -0.2399 2.1462 0.6477 0.1757 
4.1701 -0.2499 2.1486 0.6671 0.2688 
4.1801 -0.2299 2.1472 0.6218 0.2321 
4.1401 -0.2299 2.1469 0.6280 0.3545 
4.2201 -0.2499 2.1466 0.6678 0.1235 
4.1801 -0.2299 2.1472 0.6218 0.2321 
4.1701 -0.2499 2.1486 0.6671 0.2688 
4.1701 -0.2499 2.1486 0.6671 0.2688 
4.1401 -0.2299 2.1469 0.6280 0.3545 
4.1401 -0.2499 2.1471 0.6757 0.3569 
4.2001 -0.2399 2.1462 0.6477 0.1757 
4.2001 -0.2199 2.1448 0.6015 0.1658 
4.1801 -0.2299 2.1472 0.6218 0.2321 
4.1501 -0.2099 2.1486 0.5683 0.3206 
4.1301 -0.1999 2.1486 0.5437 0.3835 
4.1301 -0.2199 2.1474 0.6020 0.3846 
4.1001 -0.2099 2.1467 0.5820 0.4794 
4.1301 -0.1999 2.1486 0.5437 0.3835 
4.1201 -0.1999 2.1508 0.5376 0.4162 
4.1301 -0.2199 2.1474 0.6020 0.3846 
4.1401 -0.2199 2.1384 0.6324 0.3512 
4.1501 -0.2099 2.1486 0.5683 0.3206 
4.1301 -0.2199 2.1474 0.6020 0.3846 
4.1301 -0.1999 2.1486 0.5437 0.3835 
4.1101 -0.2199 2.1493 0.5980 0.4472 
4.1301 -0.1999 2.1486 0.5437 0.3835 
4.1001 -0.2099 2.1467 0.5820 0.4794 
4.1101 -0.2199 2.1493 0.5980 0.4472 
4.1401 -0.2299 2.1469 0.6280 0.3545 
4.1501 -0.2099 2.1486 0.5683 0.3206 
4.1401 -0.2199 2.1384 0.6324 0.3512 
4.1301 -0.2199 2.1474 0.6020 0.3846 
4.1301 -0.2399 2.1403 0.6770 0.3846 
4.1401 -0.2299 2.1469 0.6280 0.3545 
4.1401 -0.2199 2.1384 0.6324 0.3512 
4.1301 -0.2199 2.1474 0.6020 0.3846 
4.1401 -0.2299 2.1469 0.6280 0.3545 
4.1301 -0.2199 2.1474 0.6020 0.3846 
4.1101 -0.2199 2.1493 0.5980 0.4472 
4.1301 -0.2399 2.1403 0.6770 0.3846 
4.1301 -0.2399 2.1403 0.6770 0.3846 
4.1101 -0.2199 2.1493 0.5980 0.4472 
4.1101 -0.2399 2.1413 0.6760 0.4455 
4.1101 -0.2199 2.1493 0.5980 0.4472 
4.1001 -0.2499 2.1493 0.6730 0.4751 
4.1101 -0.2399 2.1413 0.6760 0.4455 
4.1401 -0.2299 2.1469 0.6280 0.3545 
4.1301 -0.2399 2.1403 0.6770 0.3846 
4.1401 -0.2499 2.1471 0.6757 0.3569 
4.1101 -0.2399 2.1413 0.6760 0.4455 
4.1001 -0.2499 2.1493 0.6730 0.4751 
4.1301 -0.2399 2.1403 0.6770 0.3846 
4.2101 -0.2599 2.1430 0.7044 0.1544 
4.2201 -0.2499 2.1466 0.6678 0.1235 
4.1901 -0.2599 2.1404 0.7157 0.2104 
4.1901 -0.2599 2.1404 0.7157 0.2104 
4.1701 -0.2499 2.1486 0.6671 0.2688 
4.1801 -0.2599 2.1448 0.7018 0.2412 
4.2201 -0.2499 2.1466 0.6678 0.1235 
4.1701 -0.2499 2.1486 0.6671 0.2688 
4.1901 -0.2599 2.1404 0.7157 0.2104 
4.1801 -0.2599 2.1448 0.7018 0.2412 
4.1701 -0.2499 2.1486 0.6671 0.2688 
4.1601 -0.2599 2.1355 0.7366 0.2963 
4.1701 -0.2499 2.1486 0.6671 0.2688 
4.1401 -0.2499 2.1471 0.6757 0.3569 
4.1601 -0.2599 2.1355 0.7366 0.2963 
4.2001 -0.2799 2.1545 0.7110 0.1959 
4.1901 -0.2599 2.1404 0.7157 0.2104 
4.1801 -0.2599 2.1448 0.7018 0.2412 
4.1801 -0.2599 2.1448 0.7018 0.2412 
4.1601 -0.2599 2.1355 0.7366 0.2963 
4.1301 -0.2699 2.1542 0.6983 0.3888 
4.1801 -0.2599 2.1448 0.7018 0.2412 
4.1301 -0.2699 2.1542 0.6983 0.3888 
4.1701 -0.2799 2.1541 0.7159 0.2783 
4.1401 -0.2499 2.1471 0.6757 0.3569 
4.1301 -0.2399 2.1403 0.6770 0.3846 
4.1201 -0.2599 2.1490 0.6946 0.4163 
4.1401 -0.2499 2.1471 0.6757 0.3569 
4.1201 -0.2599 2.1490 0.6946 0.4163 
4.1401 -0.2599 2.1300 0.7583 0.3542 
4.1301 -0.2399 2.1403 0.6770 0.3846 
4.1001 -0.2499 2.1493 0.6730 0.4751 
4.1201 -0.2599 2.1490 0.6946 0.4163 
4.1601 -0.2599 2.1355 0.7366 0.2963 
4.1401 -0.2599 2.1300 0.7583 0.3542 
4.1301 -0.2699 2.1542 0.6983 0.3888 
4.1401 -0.2599 2.1300 0.7583 0.3542 
4.1201 -0.2599 2.1490 0.6946 0.4163 
4.1301 -0.2699 2.1542 0.6983 0.3888 
4.1401 -0.2599 2.1300 0.7583 0.3542 
4.1601 -0.2599 2.1355 0.7366 0.2963 
4.1401 -0.2499 2.1471 0.6757 0.3569 
4.0901 -0.0999 2.1544 0.1869 0.5361 
4.0701 -0.0999 2.1526 0.1970 0.6160 
4.0801 -0.1099 2.1559 0.2236 0.5719 
4.0801 -0.1099 2.1559 0.2236 0.5719 
4.0701 -0.0999 2.1526 0.1970 0.6160 
4.0501 -0.1099 2.1559 0.2300 0.6876 
4.0901 -0.1199 2.1483 0.2870 0.5309 
4.0801 -0.1099 2.1559 0.2236 0.5719 
4.0701 -0.1199 2.1530 0.2746 0.6067 
4.0701 -0.1199 2.1530 0.2746 0.6067 
4.0801 -0.1099 2.1559 0.2236 0.5719 
4.0501 -0.1099 2.1559 0.2300 0.6876 
4.0701 -0.1199 2.1530 0.2746 0.6067 
4.0501 -0.1099 2.1559 0.2300 0.6876 
4.0501 -0.1199 2.1472 0.2990 0.6844 
4.0701 -0.1399 2.1504 0.3575 0.5987 
4.0701 -0.1199 2.1530 0.2746 0.6067 
4.0601 -0.1299 2.1550 0.3069 0.6388 
4.0501 -0.1199 2.1472 0.2990 0.6844 
4.0601 -0.1299 2.1550 0.3069 0.6388 
4.0701 -0.1199 2.1530 0.2746 0.6067 
4.0901 -0.1199 2.1483 0.2870 0.5309 
4.0701 -0.1199 2.1530 0.2746 0.6067 
4.1101 -0.1399 2.1474 0.3607 0.4522 
4.0701 -0.1199 2.1530 0.2746 0.6067 
4.0701 -0.1399 2.1504 0.3575 0.5987 
4.1101 -0.1399 2.1474 0.3607 0.4522 
4.0701 -0.1399 2.1504 0.3575 0.5987 
4.0601 -0.1299 2.1550 0.3069 0.6388 
4.0401 -0.1399 2.1510 0.3607 0.7074 
4.0801 -0.1499 2.1594 0.3591 0.5582 
4.1001 -0.1499 2.1516 0.3825 0.4876 
4.0701 -0.1399 2.1504 0.3575 0.5987 
4.0701 -0.1399 2.1504 0.3575 0.5987 
4.1001 -0.1499 2.1516 0.3825 0.4876 
4.1101 -0.1399 2.1474 0.3607 0.4522 
4.0301 -0.0999 2.1535 0.2023 0.7741 
4.0001 -0.0999 2.1535 0.2085 0.8919 
4.0401 -0.1099 2.1599 0.2186 0.7243 
4.0501 -0.1099 2.1559 0.2300 0.6876 
4.0401 -0.1099 2.1599 0.2186 0.7243 
4.0501 -0.1199 2.1472 0.2990 0.6844 
4.0501 -0.1199 2.1472 0.2990 0.6844 
4.0401 -0.1099 2.1599 0.2186 0.7243 
4.0201 -0.1199 2.1484 0.3007 0.7980 
4.0201 -0.1199 2.1484 0.3007 0.7980 
4.0001 -0.0999 2.1535 0.2085 0.8919 
4.0101 -0.1299 2.1561 0.3126 0.8215 
4.0401 -0.1099 2.1599 0.2186 0.7243 
4.0001 -0.0999 2.1535 0.2085 0.8919 
4.0201 -0.1199 2.1484 0.3007 0.7980 
4.0301 -0.1299 2.1607 0.2932 0.7464 
4.0601 -0.1299 2.1550 0.3069 0.6388 
4.0501 -0.1199 2.1472 0.2990 0.6844 
4.0501 -0.1199 2.1472 0.2990 0.6844 
4.0201 -0.1199 2.1484 0.3007 0.7980 
4.0301 -0.1299 2.1607 0.2932 0.7464 
4.0201 -0.1199 2.1484 0.3007 0.7980 
4.0101 -0.1299 2.1561 0.3126 0.8215 
4.0301 -0.1299 2.1607 0.2932 0.7464 
4.0601 -0.1299 2.1550 0.3069 0.6388 
4.0301 -0.1299 2.1607 0.2932 0.7464 
4.0401 -0.1399 2.1510 0.3607 0.7074 
4.0401 -0.1399 2.1510 0.3607 0.7074 
4.0301 -0.1299 2.1607 0.2932 0.7464 
4.0101 -0.1299 2.1561 0.3126 0.8215 
4.0401 -0.1399 2.1510 0.3607 0.7074 
4.0101 -0.1299 2.1561 0.3126 0.8215 
4.0001 -0.1399 2.1497 0.3726 0.8523 
4.0001 -0.1399 2.1497 0.3726 0.8523 
4.0301 -0.1499 2.1590 0.3691 0.7330 
4.0401 -0.1399 2.1510 0.3607 0.7074 
4.0001 -0.1499 2.1570 0.3812 0.8383 
4.0301 -0.1499 2.1590 0.3691 0.7330 
4.0001 -0.1399 2.1497 0.3726 0.8523 
4.1001 -0.1699 2.1527 0.4443 0.4848 
4.0801 -0.1499 2.1594 0.3591 0.5582 
4.0701 -0.1599 2.1541 0.4126 0.5904 
4.1001 -0.1499 2.1516 0.3825 0.4876 
4.0801 -0.1499 2.1594 0.3591 0.5582 
4.1001 -0.1699 2.1527 0.4443 0.4848 
4.0801 -0.1499 2.1594 0.3591 0.5582 
4.0701 -0.1399 2.1504 0.3575 0.5987 
4.0701 -0.1599 2.1541 0.4126 0.5904 
4.0701 -0.1399 2.1504 0.3575 0.5987 
4.0601 -0.1499 2.1577 0.3681 0.6286 
4.0701 -0.1599 2.1541 0.4126 0.5904 
4.0701 -0.1599 2.1541 0.4126 0.5904 
4.0401 -0.1399 2.1510 0.3607 0.7074 
4.0601 -0.1699 2.1555 0.4411 0.6203 
4.0601 -0.1499 2.1577 0.3681 0.6286 
4.0401 -0.1399 2.1510 0.3607 0.7074 
4.0701 -0.1599 2.1541 0.4126 0.5904 
4.0901 -0.1699 2.1593 0.4234 0.5187 
4.1001 -0.1699 2.1527 0.4443 0.4848 
4.0701 -0.1599 2.1541 0.4126 0.5904 
4.0901 -0.1699 2.1593 0.4234 0.5187 
4.0701 -0.1599 2.1541 0.4126 0.5904 
4.0682 -0.1699 2.1501 0.4588 0.5938 
4.0701 -0.1599 2.1541 0.4126 0.5904 
4.0601 -0.1699 2.1555 0.4411 0.6203 
4.0682 -0.1699 2.1501 0.4588 0.5938 
4.0601 -0.1699 2.1555 0.4411 0.6203 
4.0601 -0.1899 2.1495 0.5224 0.6134 
4.0682 -0.1699 2.1501 0.4588 0.5938 
4.0601 -0.1899 2.1495 0.5224 0.6134 
4.0601 -0.1699 2.1555 0.4411 0.6203 
4.0401 -0.1799 2.1530 0.4836 0.6830 
4.1001 -0.1699 2.1527 0.4443 0.4848 
4.0901 -0.1699 2.1593 0.4234 0.5187 
4.0801 -0.2004 2.1501 0.5472 0.5450 
4.0801 -0.2004 2.1501 0.5472 0.5450 
4.0901 -0.1699 2.1593 0.4234 0.5187 
4.0801 -0.1799 2.1561 0.4666 0.5499 
4.0801 -0.1799 2.1561 0.4666 0.5499 
4.0682 -0.1699 2.1501 0.4588 0.5938 
4.0601 -0.1899 2.1495 0.5224 0.6134 
4.0801 -0.2004 2.1501 0.5472 0.5450 
4.0801 -0.1799 2.1561 0.4666 0.5499 
4.0601 -0.1899 2.1495 0.5224 0.6134 
4.0601 -0.1899 2.1495 0.5224 0.6134 
4.0401 -0.1799 2.1530 0.4836 0.6830 
4.0401 -0.1999 2.1566 0.5290 0.6716 
4.0601 -0.1699 2.1555 0.4411 0.6203 
4.0401 -0.1399 2.1510 0.3607 0.7074 
4.0301 -0.1499 2.1590 0.3691 0.7330 
4.0301 -0.1499 2.1590 0.3691 0.7330 
4.0001 -0.1499 2.1570 0.3812 0.8383 
4.0201 -0.1699 2.1506 0.4647 0.7571 
4.0201 -0.1699 2.1506 0.4647 0.7571 
4.0001 -0.1499 2.1570 0.3812 0.8383 
3.9987 -0.1699 2.1501 0.4700 0.8295 
4.0401 -0.1799 2.1530 0.4836 0.6830 
4.0601 -0.1699 2.1555 0.4411 0.6203 
4.0301 -0.1499 2.1590 0.3691 0.7330 
4.0301 -0.1499 2.1590 0.3691 0.7330 
4.0201 -0.1699 2.1506 0.4647 0.7571 
4.0401 -0.1799 2.1530 0.4836 0.6830 
3.9987 -0.1699 2.1501 0.4700 0.8295 
4.0001 -0.1799 2.1625 0.4573 0.8099 
4.0201 -0.1699 2.1506 0.4647 0.7571 
4.0201 -0.1899 2.1532 0.5153 0.7424 
4.0401 -0.1799 2.1530 0.4836 0.6830 
4.0201 -0.1699 2.1506 0.4647 0.7571 
4.0201 -0.1699 2.1506 0.4647 0.7571 
4.0001 -0.1799 2.1625 0.4573 0.8099 
4.0201 -0.1899 2.1532 0.5153 0.7424 
4.0001 -0.1799 2.1625 0.4573 0.8099 
4.0001 -0.1899 2.1534 0.5176 0.8068 
4.0201 -0.1899 2.1532 0.5153 0.7424 
4.0401 -0.1999 2.1566 0.5290 0.6716 
4.0401 -0.1799 2.1530 0.4836 0.6830 
4.0201 -0.1899 2.1532 0.5153 0.7424 
4.0201 -0.1899 2.1532 0.5153 0.7424 
4.0001 -0.1899 2.1534 0.5176 0.8068 
4.0201 -0.1999 2.1588 0.5244 0.7339 
4.0601 -0.1499 2.1577 0.3681 0.6286 
4.0701 -0.1399 2.1504 0.3575 0.5987 
4.0401 -0.1399 2.1510 0.3607 0.7074 
4.0901 -0.1699 2.1593 0.4234 0.5187 
4.0682 -0.1699 2.1501 0.4588 0.5938 
4.0801 -0.1799 2.1561 0.4666 0.5499 
4.0001 -0.0999 2.1535 0.2085 0.8919 
3.9801 -0.1099 2.1547 0.2482 0.9558 
4.0101 -0.1299 2.1561 0.3126 0.8215 
4.0101 -0.1299 2.1561 0.3126 0.8215 
3.9801 -0.1099 2.1547 0.2482 0.9558 
3.9701 -0.1199 2.1511 0.3007 0.9837 
4.0001 -0.1399 2.1497 0.3726 0.8523 
4.0101 -0.1299 2.1561 0.3126 0.8215 
3.9801 -0.1399 2.1562 0.3535 0.9190 
4.0101 -0.1299 2.1561 0.3126 0.8215 
3.9701 -0.1199 2.1511 0.3007 0.9837 
3.9801 -0.1399 2.1562 0.3535 0.9190 
4.0001 -0.1399 2.1497 0.3726 0.8523 
3.9801 -0.1399 2.1562 0.3535 0.9190 
4.0001 -0.1499 2.1570 0.3812 0.8383 
3.9501 -0.1899 2.1601 0.5021 0.9618 
3.9501 -0.1899 2.1601 0.5021 0.9618 
3.9501 -0.1899 2.1601 0.5021 0.9618 
3.9501 -0.1899 2.1601 0.5021 0.9618 
3.9501 -0.1899 2.1601 0.5021 0.9618 
3.9501 -0.1899 2.1601 0.5021 0.9618 
4.0001 -0.1499 2.1570 0.3812 0.8383 
3.9901 -0.1599 2.1514 0.4352 0.8670 
3.9987 -0.1699 2.1501 0.4700 0.8295 
3.9901 -0.1599 2.1514 0.4352 0.8670 
4.0001 -0.1499 2.1570 0.3812 0.8383 
3.9601 -0.1699 2.1512 0.4725 0.9582 
3.9901 -0.1599 2.1514 0.4352 0.8670 
3.9601 -0.1699 2.1512 0.4725 0.9582 
3.9801 -0.1799 2.1550 0.4861 0.8792 
3.9987 -0.1699 2.1501 0.4700 0.8295 
3.9801 -0.1799 2.1550 0.4861 0.8792 
4.0001 -0.1799 2.1625 0.4573 0.8099 
3.9987 -0.1699 2.1501 0.4700 0.8295 
3.9901 -0.1599 2.1514 0.4352 0.8670 
3.9801 -0.1799 2.1550 0.4861 0.8792 
3.9801 -0.1799 2.1550 0.4861 0.8792 
3.9601 -0.1699 2.1512 0.4725 0.9582 
3.9601 -0.1899 2.1573 0.5101 0.9322 
4.0001 -0.1799 2.1625 0.4573 0.8099 
3.9801 -0.1799 2.1550 0.4861 0.8792 
4.0001 -0.1899 2.1534 0.5176 0.8068 
3.9501 -0.1799 2.1543 0.4932 0.9774 
3.9601 -0.1899 2.1573 0.5101 0.9322 
3.9601 -0.1699 2.1512 0.4725 0.9582 
3.9501 -0.1899 2.1601 0.5021 0.9618 
3.9601 -0.1899 2.1573 0.5101 0.9322 
3.9501 -0.1799 2.1543 0.4932 0.9774 
3.9501 -0.1899 2.1601 0.5021 0.9618 
3.9501 -0.1899 2.1601 0.5021 0.9618 
3.9601 -0.1899 2.1573 0.5101 0.9322 
4.0201 -0.1999 2.1588 0.5244 0.7339 
4.0001 -0.1899 2.1534 0.5176 0.8068 
3.9901 -0.2099 2.1586 0.5563 0.8201 
3.9901 -0.2099 2.1586 0.5563 0.8201 
3.9801 -0.1799 2.1550 0.4861 0.8792 
3.9801 -0.2099 2.1528 0.5776 0.8540 
4.0001 -0.1899 2.1534 0.5176 0.8068 
3.9801 -0.1799 2.1550 0.4861 0.8792 
3.9901 -0.2099 2.1586 0.5563 0.8201 
3.9801 -0.1799 2.1550 0.4861 0.8792 
3.9601 -0.1899 2.1573 0.5101 0.9322 
3.9801 -0.2099 2.1528 0.5776 0.8540 
3.9801 -0.2099 2.1528 0.5776 0.8540 
3.9601 -0.1899 2.1573 0.5101 0.9322 
3.9501 -0.1999 2.1541 0.5505 0.9558 
3.9501 -0.1899 2.1601 0.5021 0.9618 
3.9501 -0.1999 2.1541 0.5505 0.9558 
3.9601 -0.1899 2.1573 0.5101 0.9322 
3.9501 -0.1899 2.1601 0.5021 0.9618 
3.9501 -0.1899 2.1601 0.5021 0.9618 
3.9501 -0.1999 2.1541 0.5505 0.9558 
3.9501 -0.1899 2.1601 0.5021 0.9618 
3.9501 -0.1899 2.1601 0.5021 0.9618 
3.9501 -0.1899 2.1601 0.5021 0.9618 
3.9501 -0.1899 2.1601 0.5021 0.9618 
3.9501 -0.1899 2.1601 0.5021 0.9618 
3.9501 -0.1899 2.1601 0.5021 0.9618 
3.9501 -0.1899 2.1601 0.5021 0.9618 
3.9501 -0.1799 2.1543 0.4932 0.9774 
3.9401 -0.1899 2.1548 0.5217 0.9976 
3.9501 -0.1899 2.1601 0.5021 0.9618 
3.9501 -0.1899 2.1601 0.5021 0.9618 
3.9501 -0.1799 2.1543 0.4932 0.9774 
3.9501 -0.1899 2.1601 0.5021 0.9618 
3.9401 -0.1899 2.1548 0.5217 0.9976 
3.9501 -0.1999 2.1541 0.5505 0.9558 
3.9501 -0.1899 2.1601 0.5021 0.9618 
3.9501 -0.1899 2.1601 0.5021 0.9618 
3.9401 -0.1899 2.1548 0.5217 0.9976 
4.1001 -0.2099 2.1467 0.5820 0.4794 
4.0801 -0.2004 2.1501 0.5472 0.5450 
4.0901 -0.2099 2.1552 0.5542 0.5111 
4.0601 -0.1899 2.1495 0.5224 0.6134 
4.0501 -0.2099 2.1558 0.5578 0.6359 
4.0901 -0.2099 2.1552 0.5542 0.5111 
4.0601 -0.1899 2.1495 0.5224 0.6134 
4.0901 -0.2099 2.1552 0.5542 0.5111 
4.0801 -0.2004 2.1501 0.5472 0.5450 
4.0401 -0.1999 2.1566 0.5290 0.6716 
4.0501 -0.2099 2.1558 0.5578 0.6359 
4.0601 -0.1899 2.1495 0.5224 0.6134 
4.1001 -0.2099 2.1467 0.5820 0.4794 
4.0901 -0.2099 2.1552 0.5542 0.5111 
4.0901 -0.2199 2.1478 0.6060 0.5094 
4.0501 -0.2099 2.1558 0.5578 0.6359 
4.0401 -0.1999 2.1566 0.5290 0.6716 
4.0401 -0.2099 2.1637 0.5324 0.6649 
4.0401 -0.2099 2.1637 0.5324 0.6649 
4.0401 -0.1999 2.1566 0.5290 0.6716 
4.0201 -0.1899 2.1532 0.5153 0.7424 
4.0401 -0.2099 2.1637 0.5324 0.6649 
4.0201 -0.1999 2.1588 0.5244 0.7339 
4.0201 -0.2099 2.1510 0.5783 0.7307 
4.0201 -0.1899 2.1532 0.5153 0.7424 
4.0201 -0.1999 2.1588 0.5244 0.7339 
4.0401 -0.2099 2.1637 0.5324 0.6649 
4.0201 -0.2099 2.1510 0.5783 0.7307 
4.0201 -0.1999 2.1588 0.5244 0.7339 
3.9901 -0.2099 2.1586 0.5563 0.8201 
4.0401 -0.2099 2.1637 0.5324 0.6649 
4.0301 -0.2199 2.1417 0.6354 0.6971 
4.0501 -0.2099 2.1558 0.5578 0.6359 
4.0401 -0.2099 2.1637 0.5324 0.6649 
4.0201 -0.2099 2.1510 0.5783 0.7307 
4.0301 -0.2199 2.1417 0.6354 0.6971 
4.0301 -0.2299 2.1488 0.6357 0.6897 
4.0301 -0.2599 2.1548 0.6855 0.6738 
4.0501 -0.2599 2.1481 0.7059 0.6181 
4.0301 -0.2599 2.1548 0.6855 0.6738 
4.0301 -0.2299 2.1488 0.6357 0.6897 
4.0101 -0.2499 2.1534 0.6701 0.7364 
4.0301 -0.2299 2.1488 0.6357 0.6897 
4.0001 -0.2299 2.1482 0.6417 0.7803 
4.0101 -0.2499 2.1534 0.6701 0.7364 
4.1201 -0.2799 2.1584 0.7073 0.4175 
4.1001 -0.2499 2.1493 0.6730 0.4751 
4.0801 -0.2699 2.1578 0.6921 0.5294 
4.0801 -0.2699 2.1578 0.6921 0.5294 
4.0601 -0.2699 2.1561 0.7000 0.5854 
4.0701 -0.2799 2.1554 0.7226 0.5552 
4.0701 -0.2799 2.1554 0.7226 0.5552 
4.0501 -0.2599 2.1481 0.7059 0.6181 
4.0501 -0.2799 2.1571 0.7191 0.6099 
4.0601 -0.2699 2.1561 0.7000 0.5854 
4.0501 -0.2599 2.1481 0.7059 0.6181 
4.0701 -0.2799 2.1554 0.7226 0.5552 
4.1001 -0.2999 2.1582 0.7511 0.4708 
4.0801 -0.2699 2.1578 0.6921 0.5294 
4.0701 -0.2799 2.1554 0.7226 0.5552 
4.0701 -0.2999 2.1581 0.7542 0.5505 
4.0701 -0.2799 2.1554 0.7226 0.5552 
4.0601 -0.2899 2.1522 0.7543 0.5803 
4.0501 -0.2799 2.1571 0.7191 0.6099 
4.0601 -0.2899 2.1522 0.7543 0.5803 
4.0701 -0.2799 2.1554 0.7226 0.5552 
4.0501 -0.2799 2.1571 0.7191 0.6099 
4.0501 -0.2899 2.1674 0.7070 0.6052 
4.0601 -0.2899 2.1522 0.7543 0.5803 
4.0701 -0.2999 2.1581 0.7542 0.5505 
4.1001 -0.2999 2.1582 0.7511 0.4708 
4.0701 -0.2799 2.1554 0.7226 0.5552 
4.0501 -0.2999 2.1593 0.7526 0.6033 
4.0701 -0.2999 2.1581 0.7542 0.5505 
4.0601 -0.2899 2.1522 0.7543 0.5803 
4.0501 -0.2899 2.1674 0.7070 0.6052 
4.0501 -0.2999 2.1593 0.7526 0.6033 
4.0601 -0.2899 2.1522 0.7543 0.5803 
4.0201 -0.2899 2.1592 0.7362 0.6868 
4.0501 -0.2899 2.1674 0.7070 0.6052 
4.0501 -0.2799 2.1571 0.7191 0.6099 
3.9901 -0.2699 2.1579 0.7019 0.7792 
3.9901 -0.2899 2.1617 0.7312 0.7659 
4.0101 -0.2799 2.1601 0.7138 0.7182 
4.0101 -0.2799 2.1601 0.7138 0.7182 
3.9901 -0.2899 2.1617 0.7312 0.7659 
4.0201 -0.2899 2.1592 0.7362 0.6868 
4.0501 -0.2899 2.1674 0.7070 0.6052 
4.0201 -0.2899 2.1592 0.7362 0.6868 
4.0501 -0.2999 2.1593 0.7526 0.6033 
4.0201 -0.2899 2.1592 0.7362 0.6868 
3.9901 -0.2899 2.1617 0.7312 0.7659 
4.0001 -0.2949 2.1601 0.7453 0.7373 
4.0101 -0.2599 2.1491 0.7068 0.7323 
4.0301 -0.2599 2.1548 0.6855 0.6738 
4.0101 -0.2499 2.1534 0.6701 0.7364 
4.0101 -0.2599 2.1491 0.7068 0.7323 
4.0101 -0.2799 2.1601 0.7138 0.7182 
4.0301 -0.2599 2.1548 0.6855 0.6738 
4.0101 -0.2599 2.1491 0.7068 0.7323 
3.9901 -0.2699 2.1579 0.7019 0.7792 
4.0101 -0.2799 2.1601 0.7138 0.7182 
4.0501 -0.2599 2.1481 0.7059 0.6181 
4.0301 -0.2599 2.1548 0.6855 0.6738 
4.0501 -0.2799 2.1571 0.7191 0.6099 
4.0501 -0.2799 2.1571 0.7191 0.6099 
4.0301 -0.2599 2.1548 0.6855 0.6738 
4.0201 -0.2899 2.1592 0.7362 0.6868 
4.0301 -0.2599 2.1548 0.6855 0.6738 
4.0101 -0.2799 2.1601 0.7138 0.7182 
4.0201 -0.2899 2.1592 0.7362 0.6868 
4.0201 -0.2999 2.1518 0.7797 0.6843 
4.0201 -0.2899 2.1592 0.7362 0.6868 
4.0001 -0.3099 2.1522 0.7995 0.7321 
4.0201 -0.2899 2.1592 0.7362 0.6868 
4.0001 -0.2949 2.1601 0.7453 0.7373 
4.0001 -0.3099 2.1522 0.7995 0.7321 
4.1001 -0.2099 2.1467 0.5820 0.4794 
4.0901 -0.2199 2.1478 0.6060 0.5094 
4.1101 -0.2199 2.1493 0.5980 0.4472 
4.0901 -0.2099 2.1552 0.5542 0.5111 
4.0701 -0.2199 2.1440 0.6218 0.5719 
4.0901 -0.2199 2.1478 0.6060 0.5094 
4.0501 -0.2099 2.1558 0.5578 0.6359 
4.0701 -0.2199 2.1440 0.6218 0.5719 
4.0901 -0.2099 2.1552 0.5542 0.5111 
4.1001 -0.2499 2.1493 0.6730 0.4751 
4.0901 -0.2199 2.1478 0.6060 0.5094 
4.0701 -0.2199 2.1440 0.6218 0.5719 
4.1101 -0.2199 2.1493 0.5980 0.4472 
4.0901 -0.2199 2.1478 0.6060 0.5094 
4.1001 -0.2499 2.1493 0.6730 0.4751 
4.0701 -0.2199 2.1440 0.6218 0.5719 
4.0501 -0.2099 2.1558 0.5578 0.6359 
4.0501 -0.2299 2.1465 0.6410 0.6297 
4.1001 -0.2499 2.1493 0.6730 0.4751 
4.0701 -0.2199 2.1440 0.6218 0.5719 
4.0901 -0.2499 2.1475 0.6803 0.5045 
4.0901 -0.2499 2.1475 0.6803 0.5045 
4.0701 -0.2199 2.1440 0.6218 0.5719 
4.0701 -0.2399 2.1483 0.6566 0.5658 
4.0501 -0.2299 2.1465 0.6410 0.6297 
4.0701 -0.2399 2.1483 0.6566 0.5658 
4.0701 -0.2199 2.1440 0.6218 0.5719 
4.0701 -0.2399 2.1483 0.6566 0.5658 
4.0501 -0.2599 2.1481 0.7059 0.6181 
4.0901 -0.2499 2.1475 0.6803 0.5045 
4.0201 -0.2199 2.1374 0.6521 0.7297 
4.0301 -0.2199 2.1417 0.6354 0.6971 
4.0201 -0.2099 2.1510 0.5783 0.7307 
3.9901 -0.2099 2.1586 0.5563 0.8201 
4.0201 -0.2199 2.1374 0.6521 0.7297 
4.0201 -0.2099 2.1510 0.5783 0.7307 
3.9901 -0.2199 2.1481 0.6183 0.8178 
4.0201 -0.2199 2.1374 0.6521 0.7297 
3.9901 -0.2099 2.1586 0.5563 0.8201 
4.0501 -0.2099 2.1558 0.5578 0.6359 
4.0301 -0.2199 2.1417 0.6354 0.6971 
4.0501 -0.2299 2.1465 0.6410 0.6297 
4.0501 -0.2299 2.1465 0.6410 0.6297 
4.0301 -0.2199 2.1417 0.6354 0.6971 
4.0301 -0.2299 2.1488 0.6357 0.6897 
4.0201 -0.2199 2.1374 0.6521 0.7297 
4.0301 -0.2299 2.1488 0.6357 0.6897 
4.0301 -0.2199 2.1417 0.6354 0.6971 
4.0001 -0.2299 2.1482 0.6417 0.7803 
4.0301 -0.2299 2.1488 0.6357 0.6897 
4.0201 -0.2199 2.1374 0.6521 0.7297 
3.9901 -0.2199 2.1481 0.6183 0.8178 
4.0001 -0.2299 2.1482 0.6417 0.7803 
4.0201 -0.2199 2.1374 0.6521 0.7297 
4.0701 -0.2399 2.1483 0.6566 0.5658 
4.0501 -0.2299 2.1465 0.6410 0.6297 
4.0501 -0.2599 2.1481 0.7059 0.6181 
4.0301 -0.2299 2.1488 0.6357 0.6897 
4.0501 -0.2599 2.1481 0.7059 0.6181 
4.0501 -0.2299 2.1465 0.6410 0.6297 
4.0501 -0.2599 2.1481 0.7059 0.6181 
4.0601 -0.2699 2.1561 0.7000 0.5854 
4.0901 -0.2499 2.1475 0.6803 0.5045 
4.1001 -0.2499 2.1493 0.6730 0.4751 
4.0901 -0.2499 2.1475 0.6803 0.5045 
4.0801 -0.2699 2.1578 0.6921 0.5294 
4.0801 -0.2699 2.1578 0.6921 0.5294 
4.0901 -0.2499 2.1475 0.6803 0.5045 
4.0601 -0.2699 2.1561 0.7000 0.5854 
3.9801 -0.2099 2.1528 0.5776 0.8540 
3.9501 -0.1999 2.1541 0.5505 0.9558 
3.9601 -0.2099 2.1556 0.5707 0.9138 
3.9901 -0.2099 2.1586 0.5563 0.8201 
3.9801 -0.2099 2.1528 0.5776 0.8540 
3.9901 -0.2199 2.1481 0.6183 0.8178 
3.9801 -0.2099 2.1528 0.5776 0.8540 
3.9701 -0.2199 2.1511 0.6104 0.8771 
3.9901 -0.2199 2.1481 0.6183 0.8178 
3.9701 -0.2199 2.1511 0.6104 0.8771 
3.9801 -0.2099 2.1528 0.5776 0.8540 
3.9601 -0.2099 2.1556 0.5707 0.9138 
3.9701 -0.2199 2.1511 0.6104 0.8771 
3.9601 -0.2099 2.1556 0.5707 0.9138 
3.9601 -0.2199 2.1467 0.6269 0.9102 
3.9901 -0.2199 2.1481 0.6183 0.8178 
3.9601 -0.2399 2.1492 0.6672 0.8908 
4.0001 -0.2299 2.1482 0.6417 0.7803 
3.9501 -0.2299 2.1480 0.6485 0.9301 
3.9601 -0.2399 2.1492 0.6672 0.8908 
3.9701 -0.2199 2.1511 0.6104 0.8771 
3.9701 -0.2499 2.1580 0.6594 0.8489 
4.0101 -0.2499 2.1534 0.6701 0.7364 
4.0001 -0.2299 2.1482 0.6417 0.7803 
3.9701 -0.2499 2.1580 0.6594 0.8489 
4.0001 -0.2299 2.1482 0.6417 0.7803 
3.9601 -0.2399 2.1492 0.6672 0.8908 
3.9901 -0.2699 2.1579 0.7019 0.7792 
3.9601 -0.2699 2.1595 0.7002 0.8609 
3.9701 -0.2799 2.1589 0.7219 0.8268 
4.0001 -0.2949 2.1601 0.7453 0.7373 
3.9901 -0.2899 2.1617 0.7312 0.7659 
3.9901 -0.2999 2.1601 0.7562 0.7609 
4.0001 -0.2949 2.1601 0.7453 0.7373 
3.9901 -0.2999 2.1601 0.7562 0.7609 
3.9901 -0.2999 2.1601 0.7562 0.7609 
3.9901 -0.2899 2.1617 0.7312 0.7659 
3.9901 -0.2999 2.1601 0.7562 0.7609 
3.9901 -0.2999 2.1601 0.7562 0.7609 
3.9601 -0.2999 2.1525 0.7833 0.8427 
3.9601 -0.2899 2.1631 0.7301 0.8447 
3.9401 -0.2999 2.1636 0.7503 0.8893 
4.0101 -0.2599 2.1491 0.7068 0.7323 
3.9701 -0.2499 2.1580 0.6594 0.8489 
3.9701 -0.2599 2.1511 0.7049 0.8449 
4.0101 -0.2499 2.1534 0.6701 0.7364 
3.9701 -0.2499 2.1580 0.6594 0.8489 
4.0101 -0.2599 2.1491 0.7068 0.7323 
3.9701 -0.2599 2.1511 0.7049 0.8449 
3.9601 -0.2399 2.1492 0.6672 0.8908 
3.9601 -0.2699 2.1595 0.7002 0.8609 
3.9701 -0.2499 2.1580 0.6594 0.8489 
3.9601 -0.2399 2.1492 0.6672 0.8908 
3.9701 -0.2599 2.1511 0.7049 0.8449 
4.0101 -0.2599 2.1491 0.7068 0.7323 
3.9701 -0.2599 2.1511 0.7049 0.8449 
3.9901 -0.2699 2.1579 0.7019 0.7792 
3.9901 -0.2699 2.1579 0.7019 0.7792 
3.9701 -0.2599 2.1511 0.7049 0.8449 
3.9601 -0.2699 2.1595 0.7002 0.8609 
3.9701 -0.2799 2.1589 0.7219 0.8268 
3.9901 -0.2899 2.1617 0.7312 0.7659 
3.9901 -0.2699 2.1579 0.7019 0.7792 
3.9701 -0.2799 2.1589 0.7219 0.8268 
3.9601 -0.2699 2.1595 0.7002 0.8609 
3.9401 -0.2699 2.1591 0.7036 0.9158 
3.9801 -0.2999 2.1562 0.7696 0.7885 
3.9901 -0.2899 2.1617 0.7312 0.7659 
3.9701 -0.2799 2.1589 0.7219 0.8268 
3.9801 -0.2999 2.1562 0.7696 0.7885 
3.9701 -0.2799 2.1589 0.7219 0.8268 
3.9601 -0.2899 2.1631 0.7301 0.8447 
3.9701 -0.2799 2.1589 0.7219 0.8268 
3.9401 -0.2699 2.1591 0.7036 0.9158 
3.9601 -0.2899 2.1631 0.7301 0.8447 
4.0001 -0.3099 2.1522 0.7995 0.7321 
4.0001 -0.2949 2.1601 0.7453 0.7373 
3.9901 -0.2999 2.1601 0.7562 0.7609 
3.9901 -0.2999 2.1601 0.7562 0.7609 
3.9901 -0.2899 2.1617 0.7312 0.7659 
3.9801 -0.2999 2.1562 0.7696 0.7885 
3.9801 -0.2999 2.1562 0.7696 0.7885 
3.9601 -0.2899 2.1631 0.7301 0.8447 
3.9601 -0.2999 2.1525 0.7833 0.8427 
3.9601 -0.2699 2.1595 0.7002 0.8609 
3.9301 -0.2399 2.1495 0.6697 0.9781 
3.9401 -0.2699 2.1591 0.7036 0.9158 
3.9601 -0.2399 2.1492 0.6672 0.8908 
3.9301 -0.2399 2.1495 0.6697 0.9781 
3.9601 -0.2699 2.1595 0.7002 0.8609 
3.9401 -0.2999 2.1636 0.7503 0.8893 
3.9601 -0.2899 2.1631 0.7301 0.8447 
3.9401 -0.2699 2.1591 0.7036 0.9158 
3.9401 -0.2699 2.1591 0.7036 0.9158 
3.9201 -0.2899 2.1592 0.7465 0.9521 
3.9401 -0.2999 2.1636 0.7503 0.8893 
3.9501 -0.2299 2.1480 0.6485 0.9301 
3.9701 -0.2199 2.1511 0.6104 0.8771 
3.9601 -0.2199 2.1467 0.6269 0.9102 
3.9601 -0.2399 2.1492 0.6672 0.8908 
3.9901 -0.2199 2.1481 0.6183 0.8178 
3.9701 -0.2199 2.1511 0.6104 0.8771 
3.9601 -0.2199 2.1467 0.6269 0.9102 
3.9301 -0.2199 2.1491 0.6227 0.9995 
3.9501 -0.2299 2.1480 0.6485 0.9301 
3.9601 -0.2399 2.1492 0.6672 0.8908 
3.9501 -0.2299 2.1480 0.6485 0.9301 
3.9301 -0.2399 2.1495 0.6697 0.9781 
4.2201 -0.3199 2.1535 0.7926 0.1587 
4.2401 -0.3099 2.1523 0.7752 0.1047 
4.2401 -0.2999 2.1538 0.7505 0.1008 
4.2401 -0.3099 2.1523 0.7752 0.1047 
4.2201 -0.3199 2.1535 0.7926 0.1587 
4.2301 -0.3399 2.1486 0.8436 0.1401 
4.2001 -0.3499 2.1585 0.8326 0.2209 
4.2301 -0.3399 2.1486 0.8436 0.1401 
4.2001 -0.3199 2.1448 0.8224 0.2062 
4.2001 -0.3199 2.1448 0.8224 0.2062 
4.2301 -0.3399 2.1486 0.8436 0.1401 
4.2201 -0.3299 2.1406 0.8526 0.1569 
4.2301 -0.3399 2.1486 0.8436 0.1401 
4.2001 -0.3499 2.1585 0.8326 0.2209 
4.2201 -0.3499 2.1457 0.8709 0.1670 
4.2201 -0.3499 2.1457 0.8709 0.1670 
4.2001 -0.3499 2.1585 0.8326 0.2209 
4.2001 -0.3599 2.1516 0.8709 0.2214 
4.2401 -0.3599 2.1489 0.8757 0.1251 
4.2201 -0.3499 2.1457 0.8709 0.1670 
4.2001 -0.3599 2.1516 0.8709 0.2214 
4.2401 -0.3599 2.1489 0.8757 0.1251 
4.2001 -0.3599 2.1516 0.8709 0.2214 
4.2201 -0.3799 2.1555 0.8893 0.1818 
4.2401 -0.3599 2.1489 0.8757 0.1251 
4.2201 -0.3799 2.1555 0.8893 0.1818 
4.2301 -0.3899 2.1427 0.9431 0.1572 
4.2001 -0.3599 2.1516 0.8709 0.2214 
4.1901 -0.3799 2.1450 0.9238 0.2487 
4.2101 -0.3799 2.1423 0.9308 0.2002 
4.2301 -0.3999 2.1569 0.9150 0.1664 
4.2601 -0.3799 2.1513 0.8990 0.0914 
4.2301 -0.3899 2.1427 0.9431 0.1572 
4.2301 -0.3899 2.1427 0.9431 0.1572 
4.2201 -0.3799 2.1555 0.8893 0.1818 
4.2201 -0.3899 2.1455 0.9352 0.1813 
4.2501 -0.4099 2.1443 0.9660 0.1213 
4.2601 -0.3799 2.1513 0.8990 0.0914 
4.2301 -0.3999 2.1569 0.9150 0.1664 
4.2101 -0.3999 2.1582 0.9128 0.2119 
4.2301 -0.3999 2.1569 0.9150 0.1664 
4.2201 -0.3899 2.1455 0.9352 0.1813 
4.2201 -0.3899 2.1455 0.9352 0.1813 
4.2301 -0.3999 2.1569 0.9150 0.1664 
4.2301 -0.3899 2.1427 0.9431 0.1572 
4.2601 -0.2999 2.1533 0.7501 0.0608 
4.2501 -0.2999 2.1446 0.7799 0.0743 
4.2401 -0.3099 2.1523 0.7752 0.1047 
4.2701 -0.3199 2.1383 0.8374 0.0530 
4.2601 -0.2999 2.1533 0.7501 0.0608 
4.2601 -0.3299 2.1436 0.8392 0.0678 
4.2701 -0.3199 2.1383 0.8374 0.0530 
4.2701 -0.3099 2.1529 0.7702 0.0535 
4.2601 -0.2999 2.1533 0.7501 0.0608 
4.2601 -0.2999 2.1533 0.7501 0.0608 
4.2401 -0.3099 2.1523 0.7752 0.1047 
4.2601 -0.3299 2.1436 0.8392 0.0678 
4.2601 -0.3299 2.1436 0.8392 0.0678 
4.2401 -0.3099 2.1523 0.7752 0.1047 
4.2501 -0.3399 2.1506 0.8353 0.0948 
4.2801 -0.3499 2.1449 0.8680 0.0528 
4.2501 -0.3399 2.1506 0.8353 0.0948 
4.2601 -0.3499 2.1355 0.9003 0.0724 
4.2401 -0.3099 2.1523 0.7752 0.1047 
4.2501 -0.2999 2.1446 0.7799 0.0743 
4.2401 -0.2999 2.1538 0.7505 0.1008 
4.2301 -0.2899 2.1538 0.7313 0.1204 
4.2201 -0.3099 2.1411 0.8141 0.1488 
4.2401 -0.2899 2.1449 0.7596 0.0916 
4.2401 -0.2999 2.1538 0.7505 0.1008 
4.2401 -0.2899 2.1449 0.7596 0.0916 
4.2201 -0.3099 2.1411 0.8141 0.1488 
4.2001 -0.2999 2.1531 0.7570 0.2026 
4.2001 -0.3099 2.1456 0.8011 0.2030 
4.2301 -0.2899 2.1538 0.7313 0.1204 
4.2001 -0.3099 2.1456 0.8011 0.2030 
4.2201 -0.3099 2.1411 0.8141 0.1488 
4.2301 -0.2899 2.1538 0.7313 0.1204 
4.2401 -0.2999 2.1538 0.7505 0.1008 
4.2201 -0.3099 2.1411 0.8141 0.1488 
4.2201 -0.3199 2.1535 0.7926 0.1587 
4.2201 -0.3099 2.1411 0.8141 0.1488 
4.2001 -0.3099 2.1456 0.8011 0.2030 
4.2201 -0.3199 2.1535 0.7926 0.1587 
4.2201 -0.3199 2.1535 0.7926 0.1587 
4.2001 -0.3099 2.1456 0.8011 0.2030 
4.2001 -0.3199 2.1448 0.8224 0.2062 
4.2501 -0.3399 2.1506 0.8353 0.0948 
4.2401 -0.3099 2.1523 0.7752 0.1047 
4.2301 -0.3399 2.1486 0.8436 0.1401 
4.2201 -0.3199 2.1535 0.7926 0.1587 
4.2001 -0.3199 2.1448 0.8224 0.2062 
4.2201 -0.3299 2.1406 0.8526 0.1569 
4.2301 -0.3399 2.1486 0.8436 0.1401 
4.2201 -0.3199 2.1535 0.7926 0.1587 
4.2201 -0.3299 2.1406 0.8526 0.1569 
4.2301 -0.3499 2.1372 0.8973 0.1391 
4.2501 -0.3399 2.1506 0.8353 0.0948 
4.2301 -0.3399 2.1486 0.8436 0.1401 
4.2301 -0.3499 2.1372 0.8973 0.1391 
4.2601 -0.3499 2.1355 0.9003 0.0724 
4.2501 -0.3399 2.1506 0.8353 0.0948 
4.2301 -0.3499 2.1372 0.8973 0.1391 
4.2301 -0.3399 2.1486 0.8436 0.1401 
4.2201 -0.3499 2.1457 0.8709 0.1670 
4.2801 -0.3499 2.1449 0.8680 0.0528 
4.2601 -0.3499 2.1355 0.9003 0.0724 
4.2701 -0.3599 2.1503 0.8687 0.0652 
4.2501 -0.3599 2.1406 0.9012 0.0990 
4.2701 -0.3699 2.1513 0.8822 0.0691 
4.2601 -0.3499 2.1355 0.9003 0.0724 
4.2701 -0.3699 2.1513 0.8822 0.0691 
4.2701 -0.3599 2.1503 0.8687 0.0652 
4.2601 -0.3499 2.1355 0.9003 0.0724 
4.2701 -0.3699 2.1513 0.8822 0.0691 
4.2501 -0.3599 2.1406 0.9012 0.0990 
4.2701 -0.3899 2.1410 0.9452 0.0725 
4.2601 -0.3799 2.1513 0.8990 0.0914 
4.2701 -0.3899 2.1410 0.9452 0.0725 
4.2501 -0.3599 2.1406 0.9012 0.0990 
4.2801 -0.3999 2.1446 0.9482 0.0622 
4.2701 -0.3899 2.1410 0.9452 0.0725 
4.2701 -0.4099 2.1431 0.9680 0.0809 
4.2901 -0.3899 2.1433 0.9367 0.0528 
4.2701 -0.3899 2.1410 0.9452 0.0725 
4.2801 -0.3999 2.1446 0.9482 0.0622 
4.2701 -0.4099 2.1431 0.9680 0.0809 
4.2701 -0.3899 2.1410 0.9452 0.0725 
4.2601 -0.4099 2.1494 0.9497 0.1028 
4.2701 -0.3899 2.1410 0.9452 0.0725 
4.2501 -0.4099 2.1443 0.9660 0.1213 
4.2601 -0.4099 2.1494 0.9497 0.1028 
4.2601 -0.3799 2.1513 0.8990 0.0914 
4.2501 -0.4099 2.1443 0.9660 0.1213 
4.2701 -0.3899 2.1410 0.9452 0.0725 
4.2301 -0.3499 2.1372 0.8973 0.1391 
4.2401 -0.3599 2.1489 0.8757 0.1251 
4.2501 -0.3599 2.1406 0.9012 0.0990 
4.2301 -0.3499 2.1372 0.8973 0.1391 
4.2201 -0.3499 2.1457 0.8709 0.1670 
4.2401 -0.3599 2.1489 0.8757 0.1251 
4.2501 -0.3599 2.1406 0.9012 0.0990 
4.2401 -0.3599 2.1489 0.8757 0.1251 
4.2601 -0.3799 2.1513 0.8990 0.0914 
4.2301 -0.3899 2.1427 0.9431 0.1572 
4.2601 -0.3799 2.1513 0.8990 0.0914 
4.2401 -0.3599 2.1489 0.8757 0.1251 
4.2001 -0.3599 2.1516 0.8709 0.2214 
4.2101 -0.3799 2.1423 0.9308 0.2002 
4.2201 -0.3799 2.1555 0.8893 0.1818 
4.2201 -0.3899 2.1455 0.9352 0.1813 
4.2101 -0.3799 2.1423 0.9308 0.2002 
4.2101 -0.3999 2.1582 0.9128 0.2119 
4.2201 -0.3899 2.1455 0.9352 0.1813 
4.2201 -0.3799 2.1555 0.8893 0.1818 
4.2101 -0.3799 2.1423 0.9308 0.2002 
4.2601 -0.3499 2.1355 0.9003 0.0724 
4.2301 -0.3499 2.1372 0.8973 0.1391 
4.2501 -0.3599 2.1406 0.9012 0.0990 
4.2001 -0.2999 2.1531 0.7570 0.2026 
4.1901 -0.3099 2.1578 0.7626 0.2339 
4.2001 -0.3099 2.1456 0.8011 0.2030 
4.2001 -0.2999 2.1531 0.7570 0.2026 
4.1801 -0.2899 2.1516 0.7437 0.2526 
4.1901 -0.3099 2.1578 0.7626 0.2339 
4.1601 -0.2999 2.1482 0.7772 0.3081 
4.1401 -0.2999 2.1559 0.7541 0.3638 
4.1601 -0.3199 2.1479 0.8162 0.3116 
4.1601 -0.2999 2.1482 0.7772 0.3081 
4.1801 -0.3199 2.1493 0.8099 0.2598 
4.1901 -0.3099 2.1578 0.7626 0.2339 
4.1401 -0.2999 2.1559 0.7541 0.3638 
4.1401 -0.3199 2.1517 0.8060 0.3647 
4.1601 -0.3199 2.1479 0.8162 0.3116 
4.1501 -0.3299 2.1532 0.8185 0.3403 
4.1801 -0.3199 2.1493 0.8099 0.2598 
4.1601 -0.3199 2.1479 0.8162 0.3116 
4.1401 -0.3199 2.1517 0.8060 0.3647 
4.1501 -0.3299 2.1532 0.8185 0.3403 
4.1601 -0.3199 2.1479 0.8162 0.3116 
4.1801 -0.3399 2.1492 0.8462 0.2647 
4.2001 -0.3499 2.1585 0.8326 0.2209 
4.2001 -0.3199 2.1448 0.8224 0.2062 
4.1801 -0.3199 2.1493 0.8099 0.2598 
4.1501 -0.3299 2.1532 0.8185 0.3403 
4.1801 -0.3399 2.1492 0.8462 0.2647 
4.1801 -0.3499 2.1590 0.8330 0.2700 
4.2001 -0.3499 2.1585 0.8326 0.2209 
4.1801 -0.3399 2.1492 0.8462 0.2647 
4.1801 -0.3399 2.1492 0.8462 0.2647 
4.1701 -0.3499 2.1467 0.8721 0.2913 
4.1801 -0.3499 2.1590 0.8330 0.2700 
4.1601 -0.3399 2.1459 0.8584 0.3145 
4.1601 -0.3499 2.1542 0.8495 0.3181 
4.1701 -0.3499 2.1467 0.8721 0.2913 
4.1401 -0.2999 2.1559 0.7541 0.3638 
4.1201 -0.2999 2.1605 0.7416 0.4178 
4.1201 -0.3007 2.1601 0.7445 0.4178 
4.1201 -0.2999 2.1605 0.7416 0.4178 
4.1101 -0.2999 2.1601 0.7439 0.4443 
4.1201 -0.3007 2.1601 0.7445 0.4178 
4.1201 -0.3007 2.1601 0.7445 0.4178 
4.1101 -0.2999 2.1601 0.7439 0.4443 
4.1101 -0.2999 2.1601 0.7439 0.4443 
4.1101 -0.2999 2.1601 0.7439 0.4443 
4.1101 -0.2999 2.1601 0.7439 0.4443 
4.1101 -0.2999 2.1601 0.7439 0.4443 
4.1201 -0.3007 2.1601 0.7445 0.4178 
4.1101 -0.3099 2.1579 0.7704 0.4437 
4.1401 -0.2999 2.1559 0.7541 0.3638 
4.1101 -0.2999 2.1601 0.7439 0.4443 
4.1101 -0.3099 2.1579 0.7704 0.4437 
4.1201 -0.3007 2.1601 0.7445 0.4178 
4.1101 -0.3099 2.1579 0.7704 0.4437 
4.1001 -0.2999 2.1582 0.7511 0.4708 
4.1001 -0.3099 2.1504 0.7955 0.4696 
4.1101 -0.2999 2.1601 0.7439 0.4443 
4.1001 -0.2999 2.1582 0.7511 0.4708 
4.1101 -0.3099 2.1579 0.7704 0.4437 
4.1101 -0.2999 2.1601 0.7439 0.4443 
4.1101 -0.2999 2.1601 0.7439 0.4443 
4.1001 -0.2999 2.1582 0.7511 0.4708 
4.1401 -0.3199 2.1517 0.8060 0.3647 
4.1401 -0.2999 2.1559 0.7541 0.3638 
4.1101 -0.3099 2.1579 0.7704 0.4437 
4.1101 -0.3199 2.1585 0.7874 0.4434 
4.1001 -0.3099 2.1504 0.7955 0.4696 
4.1001 -0.3299 2.1455 0.8477 0.4678 
4.1101 -0.3099 2.1579 0.7704 0.4437 
4.1001 -0.3099 2.1504 0.7955 0.4696 
4.1101 -0.3199 2.1585 0.7874 0.4434 
4.1401 -0.3199 2.1517 0.8060 0.3647 
4.1101 -0.3099 2.1579 0.7704 0.4437 
4.1101 -0.3199 2.1585 0.7874 0.4434 
4.1301 -0.3899 2.1593 0.9007 0.3946 
4.1501 -0.3999 2.1536 0.9310 0.3481 
4.1601 -0.3899 2.1633 0.8864 0.3258 
4.2001 -0.3499 2.1585 0.8326 0.2209 
4.1801 -0.3499 2.1590 0.8330 0.2700 
4.1701 -0.3599 2.1428 0.9010 0.2922 
4.1701 -0.3499 2.1467 0.8721 0.2913 
4.1701 -0.3599 2.1428 0.9010 0.2922 
4.1801 -0.3499 2.1590 0.8330 0.2700 
4.1701 -0.3499 2.1467 0.8721 0.2913 
4.1601 -0.3499 2.1542 0.8495 0.3181 
4.1701 -0.3599 2.1428 0.9010 0.2922 
4.1701 -0.3599 2.1428 0.9010 0.2922 
4.1601 -0.3499 2.1542 0.8495 0.3181 
4.1601 -0.3699 2.1499 0.8957 0.3201 
4.1601 -0.3499 2.1542 0.8495 0.3181 
4.1501 -0.3599 2.1545 0.8663 0.3440 
4.1601 -0.3699 2.1499 0.8957 0.3201 
4.1901 -0.3799 2.1450 0.9238 0.2487 
4.1601 -0.3699 2.1499 0.8957 0.3201 
4.1601 -0.3899 2.1633 0.8864 0.3258 
4.1901 -0.3799 2.1450 0.9238 0.2487 
4.1601 -0.3899 2.1633 0.8864 0.3258 
4.1901 -0.3899 2.1505 0.9224 0.2528 
4.1601 -0.3699 2.1499 0.8957 0.3201 
4.1501 -0.3699 2.1450 0.9117 0.3433 
4.1601 -0.3899 2.1633 0.8864 0.3258 
4.1301 -0.3899 2.1593 0.9007 0.3946 
4.1601 -0.3899 2.1633 0.8864 0.3258 
4.1501 -0.3699 2.1450 0.9117 0.3433 
4.1601 -0.3899 2.1633 0.8864 0.3258 
4.1801 -0.3999 2.1484 0.9443 0.2776 
4.1901 -0.3899 2.1505 0.9224 0.2528 
4.1801 -0.3999 2.1484 0.9443 0.2776 
4.1601 -0.3899 2.1633 0.8864 0.3258 
4.1501 -0.3999 2.1536 0.9310 0.3481 
4.1101 -0.3799 2.1625 0.8774 0.4415 
4.1301 -0.3899 2.1593 0.9007 0.3946 
4.1101 -0.3599 2.1506 0.8815 0.4413 
4.1601 -0.3499 2.1542 0.8495 0.3181 
4.1401 -0.3499 2.1544 0.8506 0.3677 
4.1501 -0.3599 2.1545 0.8663 0.3440 
4.1501 -0.3599 2.1545 0.8663 0.3440 
4.1401 -0.3699 2.1555 0.8802 0.3694 
4.1501 -0.3699 2.1450 0.9117 0.3433 
4.1101 -0.3599 2.1506 0.8815 0.4413 
4.1401 -0.3699 2.1555 0.8802 0.3694 
4.1201 -0.3599 2.1448 0.8988 0.4162 
4.1201 -0.3599 2.1448 0.8988 0.4162 
4.1401 -0.3699 2.1555 0.8802 0.3694 
4.1501 -0.3599 2.1545 0.8663 0.3440 
4.1401 -0.3699 2.1555 0.8802 0.3694 
4.1301 -0.3799 2.1523 0.9064 0.3933 
4.1501 -0.3699 2.1450 0.9117 0.3433 
4.1101 -0.3599 2.1506 0.8815 0.4413 
4.1301 -0.3799 2.1523 0.9064 0.3933 
4.1401 -0.3699 2.1555 0.8802 0.3694 
4.1101 -0.3599 2.1506 0.8815 0.4413 
4.1301 -0.3899 2.1593 0.9007 0.3946 
4.1301 -0.3799 2.1523 0.9064 0.3933 
4.1101 -0.3599 2.1506 0.8815 0.4413 
4.1001 -0.3699 2.1568 0.8797 0.4654 
4.1101 -0.3799 2.1625 0.8774 0.4415 
4.1301 -0.3799 2.1523 0.9064 0.3933 
4.1301 -0.3899 2.1593 0.9007 0.3946 
4.1501 -0.3699 2.1450 0.9117 0.3433 
4.1001 -0.3999 2.1549 0.9309 0.4633 
4.1101 -0.3899 2.1527 0.9219 0.4405 
4.1101 -0.3799 2.1625 0.8774 0.4415 
4.1501 -0.3999 2.1536 0.9310 0.3481 
4.1301 -0.3899 2.1593 0.9007 0.3946 
4.1201 -0.3999 2.1549 0.9294 0.4174 
4.1301 -0.3899 2.1593 0.9007 0.3946 
4.1101 -0.3799 2.1625 0.8774 0.4415 
4.1201 -0.3999 2.1549 0.9294 0.4174 
4.1101 -0.3799 2.1625 0.8774 0.4415 
4.1101 -0.3899 2.1527 0.9219 0.4405 
4.1201 -0.3999 2.1549 0.9294 0.4174 
4.1001 -0.3999 2.1549 0.9309 0.4633 
4.1201 -0.3999 2.1549 0.9294 0.4174 
4.1101 -0.3899 2.1527 0.9219 0.4405 
4.2001 -0.3099 2.1456 0.8011 0.2030 
4.1901 -0.3199 2.1415 0.8344 0.2310 
4.2001 -0.3199 2.1448 0.8224 0.2062 
4.2001 -0.3099 2.1456 0.8011 0.2030 
4.1901 -0.3099 2.1578 0.7626 0.2339 
4.1901 -0.3199 2.1415 0.8344 0.2310 
4.1801 -0.3199 2.1493 0.8099 0.2598 
4.1901 -0.3199 2.1415 0.8344 0.2310 
4.1901 -0.3099 2.1578 0.7626 0.2339 
4.1801 -0.3199 2.1493 0.8099 0.2598 
4.1601 -0.2999 2.1482 0.7772 0.3081 
4.1601 -0.3199 2.1479 0.8162 0.3116 
4.2001 -0.3199 2.1448 0.8224 0.2062 
4.1901 -0.3199 2.1415 0.8344 0.2310 
4.1801 -0.3399 2.1492 0.8462 0.2647 
4.1801 -0.3199 2.1493 0.8099 0.2598 
4.1801 -0.3399 2.1492 0.8462 0.2647 
4.1901 -0.3199 2.1415 0.8344 0.2310 
4.1501 -0.3299 2.1532 0.8185 0.3403 
4.1601 -0.3399 2.1459 0.8584 0.3145 
4.1801 -0.3399 2.1492 0.8462 0.2647 
4.1701 -0.3499 2.1467 0.8721 0.2913 
4.1801 -0.3399 2.1492 0.8462 0.2647 
4.1601 -0.3399 2.1459 0.8584 0.3145 
4.1601 -0.3399 2.1459 0.8584 0.3145 
4.1401 -0.3199 2.1517 0.8060 0.3647 
4.1201 -0.3399 2.1468 0.8592 0.4163 
4.1501 -0.3299 2.1532 0.8185 0.3403 
4.1401 -0.3199 2.1517 0.8060 0.3647 
4.1601 -0.3399 2.1459 0.8584 0.3145 
4.1401 -0.3199 2.1517 0.8060 0.3647 
4.1101 -0.3199 2.1585 0.7874 0.4434 
4.1201 -0.3399 2.1468 0.8592 0.4163 
4.1101 -0.3199 2.1585 0.7874 0.4434 
4.1001 -0.3299 2.1455 0.8477 0.4678 
4.1201 -0.3399 2.1468 0.8592 0.4163 
4.1101 -0.3399 2.1544 0.8360 0.4423 
4.1201 -0.3399 2.1468 0.8592 0.4163 
4.1001 -0.3299 2.1455 0.8477 0.4678 
4.1601 -0.3499 2.1542 0.8495 0.3181 
4.1601 -0.3399 2.1459 0.8584 0.3145 
4.1401 -0.3499 2.1544 0.8506 0.3677 
4.1601 -0.3399 2.1459 0.8584 0.3145 
4.1201 -0.3399 2.1468 0.8592 0.4163 
4.1401 -0.3499 2.1544 0.8506 0.3677 
4.1401 -0.3499 2.1544 0.8506 0.3677 
4.1201 -0.3399 2.1468 0.8592 0.4163 
4.1201 -0.3599 2.1448 0.8988 0.4162 
4.1201 -0.3399 2.1468 0.8592 0.4163 
4.1101 -0.3499 2.1459 0.8798 0.4413 
4.1201 -0.3599 2.1448 0.8988 0.4162 
4.1101 -0.3399 2.1544 0.8360 0.4423 
4.1101 -0.3499 2.1459 0.8798 0.4413 
4.1201 -0.3399 2.1468 0.8592 0.4163 
4.2001 -0.3499 2.1585 0.8326 0.2209 
4.1701 -0.3599 2.1428 0.9010 0.2922 
4.2001 -0.3599 2.1516 0.8709 0.2214 
4.1901 -0.3799 2.1450 0.9238 0.2487 
4.2001 -0.3599 2.1516 0.8709 0.2214 
4.1701 -0.3599 2.1428 0.9010 0.2922 
4.1501 -0.3599 2.1545 0.8663 0.3440 
4.1501 -0.3699 2.1450 0.9117 0.3433 
4.1601 -0.3699 2.1499 0.8957 0.3201 
4.1601 -0.3699 2.1499 0.8957 0.3201 
4.1901 -0.3799 2.1450 0.9238 0.2487 
4.1701 -0.3599 2.1428 0.9010 0.2922 
4.2101 -0.3999 2.1582 0.9128 0.2119 
4.2101 -0.3799 2.1423 0.9308 0.2002 
4.1901 -0.3899 2.1505 0.9224 0.2528 
4.2101 -0.3799 2.1423 0.9308 0.2002 
4.1901 -0.3799 2.1450 0.9238 0.2487 
4.1901 -0.3899 2.1505 0.9224 0.2528 
4.1401 -0.3499 2.1544 0.8506 0.3677 
4.1201 -0.3599 2.1448 0.8988 0.4162 
4.1501 -0.3599 2.1545 0.8663 0.3440 
4.1101 -0.3599 2.1506 0.8815 0.4413 
4.1201 -0.3599 2.1448 0.8988 0.4162 
4.1101 -0.3499 2.1459 0.8798 0.4413 
4.2501 -0.4199 2.1513 0.9589 0.1281 
4.2701 -0.4199 2.1530 0.9524 0.0888 
4.2601 -0.4099 2.1494 0.9497 0.1028 
4.2801 -0.3999 2.1446 0.9482 0.0622 
4.2901 -0.4499 2.1514 0.9962 0.0662 
4.2943 -0.4299 2.1501 0.9731 0.0562 
4.2801 -0.3999 2.1446 0.9482 0.0622 
4.2701 -0.4199 2.1530 0.9524 0.0888 
4.2901 -0.4499 2.1514 0.9962 0.0662 
4.2901 -0.4499 2.1514 0.9962 0.0662 
4.2701 -0.4199 2.1530 0.9524 0.0888 
4.2501 -0.4199 2.1513 0.9589 0.1281 
4.2901 -0.4499 2.1514 0.9962 0.0662 
4.2501 -0.4199 2.1513 0.9589 0.1281 
4.2701 -0.4399 2.1519 0.9830 0.0960 
4.2701 -0.4399 2.1519 0.9830 0.0960 
4.2501 -0.4199 2.1513 0.9589 0.1281 
4.2301 -0.4499 2.1534 0.9945 0.1815 
4.2701 -0.4399 2.1519 0.9830 0.0960 
4.2301 -0.4499 2.1534 0.9945 0.1815 
4.2501 -0.4499 2.1510 0.9999 0.1390 
4.2501 -0.4099 2.1443 0.9660 0.1213 
4.2301 -0.3999 2.1569 0.9150 0.1664 
4.2401 -0.4099 2.1482 0.9548 0.1445 
4.2301 -0.3999 2.1569 0.9150 0.1664 
4.2101 -0.3999 2.1582 0.9128 0.2119 
4.2301 -0.4099 2.1431 0.9708 0.1646 
4.2301 -0.4099 2.1431 0.9708 0.1646 
4.2101 -0.3999 2.1582 0.9128 0.2119 
4.2101 -0.4099 2.1433 0.9718 0.2097 
4.2101 -0.3999 2.1582 0.9128 0.2119 
4.1901 -0.3899 2.1505 0.9224 0.2528 
4.2101 -0.4099 2.1433 0.9718 0.2097 
4.2101 -0.4099 2.1433 0.9718 0.2097 
4.1901 -0.3899 2.1505 0.9224 0.2528 
4.2001 -0.4199 2.1501 0.9661 0.2372 
4.2401 -0.4099 2.1482 0.9548 0.1445 
4.2301 -0.4099 2.1431 0.9708 0.1646 
4.2301 -0.4299 2.1469 0.9871 0.1728 
4.2001 -0.4199 2.1501 0.9661 0.2372 
4.2001 -0.4299 2.1506 0.9784 0.2398 
4.2101 -0.4299 2.1501 0.9790 0.2176 
4.2301 -0.4299 2.1469 0.9871 0.1728 
4.2101 -0.4499 2.1548 0.9917 0.2244 
4.2301 -0.4499 2.1534 0.9945 0.1815 
4.2501 -0.4499 2.1510 0.9999 0.1390 
4.2401 -0.4599 2.1592 0.9901 0.1660 
4.2601 -0.4599 2.1580 0.9923 0.1252 
4.2301 -0.4499 2.1534 0.9945 0.1815 
4.2401 -0.4599 2.1592 0.9901 0.1660 
4.2501 -0.4499 2.1510 0.9999 0.1390 
4.2943 -0.4299 2.1501 0.9731 0.0562 
4.2901 -0.4099 2.1389 0.9795 0.0540 
4.2801 -0.3999 2.1446 0.9482 0.0622 
4.2801 -0.3999 2.1446 0.9482 0.0622 
4.2701 -0.4099 2.1431 0.9680 0.0809 
4.2701 -0.4199 2.1530 0.9524 0.0888 
4.2701 -0.4199 2.1530 0.9524 0.0888 
4.2701 -0.4099 2.1431 0.9680 0.0809 
4.2601 -0.4099 2.1494 0.9497 0.1028 
4.2601 -0.4099 2.1494 0.9497 0.1028 
4.2501 -0.4099 2.1443 0.9660 0.1213 
4.2501 -0.4199 2.1513 0.9589 0.1281 
4.2501 -0.4499 2.1510 0.9999 0.1390 
4.2901 -0.4499 2.1514 0.9962 0.0662 
4.2701 -0.4399 2.1519 0.9830 0.0960 
4.2301 -0.3999 2.1569 0.9150 0.1664 
4.2301 -0.4099 2.1431 0.9708 0.1646 
4.2401 -0.4099 2.1482 0.9548 0.1445 
4.2401 -0.4099 2.1482 0.9548 0.1445 
4.2501 -0.4199 2.1513 0.9589 0.1281 
4.2501 -0.4099 2.1443 0.9660 0.1213 
4.2101 -0.4099 2.1433 0.9718 0.2097 
4.2001 -0.4199 2.1501 0.9661 0.2372 
4.2101 -0.4299 2.1501 0.9790 0.2176 
4.2301 -0.4299 2.1469 0.9871 0.1728 
4.2501 -0.4199 2.1513 0.9589 0.1281 
4.2401 -0.4099 2.1482 0.9548 0.1445 
4.2301 -0.4299 2.1469 0.9871 0.1728 
4.2101 -0.4099 2.1433 0.9718 0.2097 
4.2101 -0.4399 2.1489 0.9959 0.2199 
4.2301 -0.4299 2.1469 0.9871 0.1728 
4.2301 -0.4099 2.1431 0.9708 0.1646 
4.2101 -0.4099 2.1433 0.9718 0.2097 
4.2101 -0.4099 2.1433 0.9718 0.2097 
4.2101 -0.4299 2.1501 0.9790 0.2176 
4.2101 -0.4399 2.1489 0.9959 0.2199 
4.2001 -0.4199 2.1501 0.9661 0.2372 
4.2101 -0.4299 2.1501 0.9790 0.2176 
4.2001 -0.4199 2.1501 0.9661 0.2372 
4.2501 -0.4199 2.1513 0.9589 0.1281 
4.2301 -0.4299 2.1469 0.9871 0.1728 
4.2301 -0.4499 2.1534 0.9945 0.1815 
4.2301 -0.4299 2.1469 0.9871 0.1728 
4.2101 -0.4399 2.1489 0.9959 0.2199 
4.2101 -0.4499 2.1548 0.9917 0.2244 
4.1501 -0.3999 2.1536 0.9310 0.3481 
4.1401 -0.4099 2.1540 0.9449 0.3719 
4.1701 -0.4099 2.1468 0.9641 0.3021 
4.1801 -0.3999 2.1484 0.9443 0.2776 
4.1801 -0.4399 2.1539 0.9834 0.2866 
4.1901 -0.4109 2.1501 0.9543 0.2576 
4.1801 -0.3999 2.1484 0.9443 0.2776 
4.1701 -0.4099 2.1468 0.9641 0.3021 
4.1801 -0.4399 2.1539 0.9834 0.2866 
4.1701 -0.4099 2.1468 0.9641 0.3021 
4.1401 -0.4099 2.1540 0.9449 0.3719 
4.1601 -0.4199 2.1418 0.9938 0.3252 
4.2001 -0.4199 2.1501 0.9661 0.2372 
4.1901 -0.4109 2.1501 0.9543 0.2576 
4.2001 -0.4299 2.1506 0.9784 0.2398 
4.2001 -0.4199 2.1501 0.9661 0.2372 
4.2001 -0.4299 2.1506 0.9784 0.2398 
4.2001 -0.4199 2.1501 0.9661 0.2372 
4.1901 -0.4109 2.1501 0.9543 0.2576 
4.1801 -0.4399 2.1539 0.9834 0.2866 
4.2001 -0.4299 2.1506 0.9784 0.2398 
4.1601 -0.4299 2.1590 0.9567 0.3300 
4.1501 -0.4399 2.1558 0.9800 0.3523 
4.1801 -0.4399 2.1539 0.9834 0.2866 
4.1601 -0.4299 2.1590 0.9567 0.3300 
4.1401 -0.4299 2.1548 0.9703 0.3733 
4.1501 -0.4399 2.1558 0.9800 0.3523 
4.2001 -0.4299 2.1506 0.9784 0.2398 
4.1901 -0.4599 2.1587 0.9947 0.2701 
4.1939 -0.4399 2.1501 0.9934 0.2555 
4.2001 -0.4299 2.1506 0.9784 0.2398 
4.1801 -0.4399 2.1539 0.9834 0.2866 
4.1901 -0.4599 2.1587 0.9947 0.2701 
4.1501 -0.3999 2.1536 0.9310 0.3481 
4.1201 -0.3999 2.1549 0.9294 0.4174 
4.1401 -0.4099 2.1540 0.9449 0.3719 
4.1401 -0.4099 2.1540 0.9449 0.3719 
4.1201 -0.3999 2.1549 0.9294 0.4174 
4.1201 -0.4199 2.1582 0.9482 0.4177 
4.1201 -0.4199 2.1582 0.9482 0.4177 
4.1201 -0.3999 2.1549 0.9294 0.4174 
4.1101 -0.4299 2.1525 0.9790 0.4393 
4.1101 -0.4299 2.1525 0.9790 0.4393 
4.1001 -0.3999 2.1549 0.9309 0.4633 
4.1001 -0.4199 2.1578 0.9506 0.4622 
4.1201 -0.3999 2.1549 0.9294 0.4174 
4.1001 -0.3999 2.1549 0.9309 0.4633 
4.1101 -0.4299 2.1525 0.9790 0.4393 
4.1201 -0.4199 2.1582 0.9482 0.4177 
4.1401 -0.4299 2.1548 0.9703 0.3733 
4.1601 -0.4199 2.1418 0.9938 0.3252 
4.1201 -0.4199 2.1582 0.9482 0.4177 
4.1101 -0.4299 2.1525 0.9790 0.4393 
4.1201 -0.4399 2.1581 0.9754 0.4177 
4.1501 -0.4399 2.1558 0.9800 0.3523 
4.1201 -0.4199 2.1582 0.9482 0.4177 
4.1201 -0.4399 2.1581 0.9754 0.4177 
4.1401 -0.4299 2.1548 0.9703 0.3733 
4.1201 -0.4199 2.1582 0.9482 0.4177 
4.1501 -0.4399 2.1558 0.9800 0.3523 
4.1201 -0.4399 2.1581 0.9754 0.4177 
4.1101 -0.4299 2.1525 0.9790 0.4393 
4.1101 -0.4499 2.1578 0.9898 0.4391 
4.1101 -0.4499 2.1578 0.9898 0.4391 
4.1101 -0.4299 2.1525 0.9790 0.4393 
4.0801 -0.4299 2.1518 0.9830 0.5055 
4.1501 -0.4399 2.1558 0.9800 0.3523 
4.1201 -0.4399 2.1581 0.9754 0.4177 
4.1401 -0.4499 2.1528 1.0022 0.3742 
4.1401 -0.4499 2.1528 1.0022 0.3742 
4.1201 -0.4399 2.1581 0.9754 0.4177 
4.1101 -0.4499 2.1578 0.9898 0.4391 
4.2001 -0.4199 2.1501 0.9661 0.2372 
4.1901 -0.3899 2.1505 0.9224 0.2528 
4.1901 -0.4109 2.1501 0.9543 0.2576 
4.1801 -0.3999 2.1484 0.9443 0.2776 
4.1901 -0.4109 2.1501 0.9543 0.2576 
4.1901 -0.3899 2.1505 0.9224 0.2528 
4.1501 -0.3999 2.1536 0.9310 0.3481 
4.1701 -0.4099 2.1468 0.9641 0.3021 
4.1801 -0.3999 2.1484 0.9443 0.2776 
4.1901 -0.4109 2.1501 0.9543 0.2576 
4.2001 -0.4199 2.1501 0.9661 0.2372 
4.2001 -0.4199 2.1501 0.9661 0.2372 
4.2001 -0.4199 2.1501 0.9661 0.2372 
4.2001 -0.4199 2.1501 0.9661 0.2372 
4.2001 -0.4199 2.1501 0.9661 0.2372 
4.1601 -0.4199 2.1418 0.9938 0.3252 
4.1801 -0.4399 2.1539 0.9834 0.2866 
4.1701 -0.4099 2.1468 0.9641 0.3021 
4.1601 -0.4299 2.1590 0.9567 0.3300 
4.1801 -0.4399 2.1539 0.9834 0.2866 
4.1601 -0.4199 2.1418 0.9938 0.3252 
4.1601 -0.4299 2.1590 0.9567 0.3300 
4.1601 -0.4199 2.1418 0.9938 0.3252 
4.1401 -0.4299 2.1548 0.9703 0.3733 
4.1601 -0.4199 2.1418 0.9938 0.3252 
4.1401 -0.4099 2.1540 0.9449 0.3719 
4.1201 -0.4199 2.1582 0.9482 0.4177 
4.0701 -0.2999 2.1581 0.7542 0.5505 
4.0801 -0.3199 2.1535 0.8061 0.5207 
4.1001 -0.2999 2.1582 0.7511 0.4708 
4.1001 -0.2999 2.1582 0.7511 0.4708 
4.0801 -0.3199 2.1535 0.8061 0.5207 
4.1001 -0.3099 2.1504 0.7955 0.4696 
4.0701 -0.2999 2.1581 0.7542 0.5505 
4.0801 -0.3099 2.1490 0.8018 0.5225 
4.0801 -0.3199 2.1535 0.8061 0.5207 
4.0801 -0.3099 2.1490 0.8018 0.5225 
4.0501 -0.2999 2.1593 0.7526 0.6033 
4.0577 -0.3099 2.1501 0.8005 0.5816 
4.0801 -0.3099 2.1490 0.8018 0.5225 
4.0701 -0.2999 2.1581 0.7542 0.5505 
4.0501 -0.2999 2.1593 0.7526 0.6033 
4.1001 -0.3099 2.1504 0.7955 0.4696 
4.0901 -0.3299 2.1498 0.8350 0.4936 
4.1001 -0.3299 2.1455 0.8477 0.4678 
4.1001 -0.3099 2.1504 0.7955 0.4696 
4.0801 -0.3199 2.1535 0.8061 0.5207 
4.0901 -0.3299 2.1498 0.8350 0.4936 
4.0801 -0.3099 2.1490 0.8018 0.5225 
4.0501 -0.3199 2.1635 0.7777 0.5970 
4.0801 -0.3199 2.1535 0.8061 0.5207 
4.0801 -0.3099 2.1490 0.8018 0.5225 
4.0577 -0.3099 2.1501 0.8005 0.5816 
4.0501 -0.3199 2.1635 0.7777 0.5970 
4.0801 -0.3199 2.1535 0.8061 0.5207 
4.0501 -0.3199 2.1635 0.7777 0.5970 
4.0601 -0.3299 2.1562 0.8174 0.5698 
4.0901 -0.3299 2.1498 0.8350 0.4936 
4.0801 -0.3199 2.1535 0.8061 0.5207 
4.0601 -0.3299 2.1562 0.8174 0.5698 
4.0701 -0.3399 2.1539 0.8413 0.5426 
4.1101 -0.3399 2.1544 0.8360 0.4423 
4.0901 -0.3299 2.1498 0.8350 0.4936 
4.0901 -0.3299 2.1498 0.8350 0.4936 
4.1101 -0.3399 2.1544 0.8360 0.4423 
4.1001 -0.3299 2.1455 0.8477 0.4678 
4.0601 -0.3299 2.1562 0.8174 0.5698 
4.0701 -0.3399 2.1539 0.8413 0.5426 
4.0901 -0.3299 2.1498 0.8350 0.4936 
4.0601 -0.3299 2.1562 0.8174 0.5698 
4.0501 -0.3199 2.1635 0.7777 0.5970 
4.0501 -0.3399 2.1525 0.8474 0.5928 
4.0701 -0.3399 2.1539 0.8413 0.5426 
4.0601 -0.3299 2.1562 0.8174 0.5698 
4.0501 -0.3399 2.1525 0.8474 0.5928 
4.1101 -0.3399 2.1544 0.8360 0.4423 
4.0701 -0.3399 2.1539 0.8413 0.5426 
4.1101 -0.3499 2.1459 0.8798 0.4413 
4.1101 -0.3499 2.1459 0.8798 0.4413 
4.0701 -0.3399 2.1539 0.8413 0.5426 
4.0901 -0.3599 2.1415 0.9119 0.4901 
4.0701 -0.3399 2.1539 0.8413 0.5426 
4.0501 -0.3399 2.1525 0.8474 0.5928 
4.0601 -0.3499 2.1614 0.8363 0.5648 
4.0301 -0.3199 2.1553 0.8050 0.6494 
4.0320 -0.3399 2.1501 0.8566 0.6384 
4.0501 -0.3199 2.1635 0.7777 0.5970 
4.0501 -0.2999 2.1593 0.7526 0.6033 
4.0201 -0.2899 2.1592 0.7362 0.6868 
4.0301 -0.3199 2.1553 0.8050 0.6494 
4.0201 -0.2899 2.1592 0.7362 0.6868 
4.0201 -0.2999 2.1518 0.7797 0.6843 
4.0301 -0.3199 2.1553 0.8050 0.6494 
4.0577 -0.3099 2.1501 0.8005 0.5816 
4.0501 -0.2999 2.1593 0.7526 0.6033 
4.0501 -0.3199 2.1635 0.7777 0.5970 
4.0301 -0.3199 2.1553 0.8050 0.6494 
4.0501 -0.3199 2.1635 0.7777 0.5970 
4.0501 -0.2999 2.1593 0.7526 0.6033 
4.0301 -0.3199 2.1553 0.8050 0.6494 
4.0201 -0.2999 2.1518 0.7797 0.6843 
4.0101 -0.3299 2.1551 0.8254 0.6962 
4.0201 -0.2999 2.1518 0.7797 0.6843 
4.0001 -0.3099 2.1522 0.7995 0.7321 
4.0101 -0.3299 2.1551 0.8254 0.6962 
4.0101 -0.3299 2.1551 0.8254 0.6962 
4.0001 -0.3099 2.1522 0.7995 0.7321 
3.9901 -0.3199 2.1594 0.7960 0.7503 
3.9901 -0.3399 2.1502 0.8598 0.7430 
4.0101 -0.3299 2.1551 0.8254 0.6962 
3.9901 -0.3199 2.1594 0.7960 0.7503 
4.0501 -0.3399 2.1525 0.8474 0.5928 
4.0320 -0.3399 2.1501 0.8566 0.6384 
4.0401 -0.3399 2.1448 0.8726 0.6190 
4.0501 -0.3399 2.1525 0.8474 0.5928 
4.0501 -0.3199 2.1635 0.7777 0.5970 
4.0320 -0.3399 2.1501 0.8566 0.6384 
4.0301 -0.3199 2.1553 0.8050 0.6494 
4.0101 -0.3299 2.1551 0.8254 0.6962 
4.0320 -0.3399 2.1501 0.8566 0.6384 
4.0101 -0.3299 2.1551 0.8254 0.6962 
3.9901 -0.3399 2.1502 0.8598 0.7430 
4.0320 -0.3399 2.1501 0.8566 0.6384 
4.0320 -0.3399 2.1501 0.8566 0.6384 
4.0301 -0.3599 2.1610 0.8567 0.6347 
4.0401 -0.3399 2.1448 0.8726 0.6190 
4.0301 -0.3599 2.1610 0.8567 0.6347 
4.0320 -0.3399 2.1501 0.8566 0.6384 
4.0101 -0.3499 2.1536 0.8645 0.6882 
3.9901 -0.3499 2.1528 0.8685 0.7373 
4.0101 -0.3499 2.1536 0.8645 0.6882 
4.0320 -0.3399 2.1501 0.8566 0.6384 
3.9901 -0.3499 2.1528 0.8685 0.7373 
4.0320 -0.3399 2.1501 0.8566 0.6384 
3.9901 -0.3399 2.1502 0.8598 0.7430 
4.0601 -0.3599 2.1519 0.8817 0.5633 
4.0701 -0.3499 2.1485 0.8752 0.5410 
4.0601 -0.3499 2.1614 0.8363 0.5648 
4.0601 -0.3599 2.1519 0.8817 0.5633 
4.0501 -0.3399 2.1525 0.8474 0.5928 
4.0301 -0.3599 2.1610 0.8567 0.6347 
4.0601 -0.3499 2.1614 0.8363 0.5648 
4.0501 -0.3399 2.1525 0.8474 0.5928 
4.0601 -0.3599 2.1519 0.8817 0.5633 
4.0701 -0.3699 2.1527 0.8945 0.5372 
4.0601 -0.3599 2.1519 0.8817 0.5633 
4.0601 -0.3699 2.1646 0.8595 0.5603 
4.0601 -0.3599 2.1519 0.8817 0.5633 
4.0301 -0.3599 2.1610 0.8567 0.6347 
4.0601 -0.3699 2.1646 0.8595 0.5603 
4.0901 -0.3899 2.1554 0.9153 0.4872 
4.1101 -0.3799 2.1625 0.8774 0.4415 
4.1001 -0.3699 2.1568 0.8797 0.4654 
4.1001 -0.3699 2.1568 0.8797 0.4654 
4.0701 -0.3699 2.1527 0.8945 0.5372 
4.0901 -0.3899 2.1554 0.9153 0.4872 
4.0701 -0.3699 2.1527 0.8945 0.5372 
4.0601 -0.3699 2.1646 0.8595 0.5603 
4.0701 -0.3799 2.1468 0.9280 0.5357 
4.0401 -0.3799 2.1480 0.9266 0.6068 
4.0701 -0.3799 2.1468 0.9280 0.5357 
4.0601 -0.3699 2.1646 0.8595 0.5603 
4.1101 -0.3799 2.1625 0.8774 0.4415 
4.0901 -0.3899 2.1554 0.9153 0.4872 
4.1001 -0.3999 2.1549 0.9309 0.4633 
4.0901 -0.3899 2.1554 0.9153 0.4872 
4.0701 -0.3699 2.1527 0.8945 0.5372 
4.0701 -0.3799 2.1468 0.9280 0.5357 
4.0701 -0.3799 2.1468 0.9280 0.5357 
4.0401 -0.3799 2.1480 0.9266 0.6068 
4.0501 -0.3899 2.1446 0.9509 0.5810 
4.0801 -0.4099 2.1580 0.9377 0.5079 
4.1001 -0.3999 2.1549 0.9309 0.4633 
4.0901 -0.3899 2.1554 0.9153 0.4872 
4.0701 -0.3799 2.1468 0.9280 0.5357 
4.0801 -0.4099 2.1580 0.9377 0.5079 
4.0901 -0.3899 2.1554 0.9153 0.4872 
4.0501 -0.3899 2.1446 0.9509 0.5810 
4.0601 -0.4099 2.1610 0.9304 0.5527 
4.0701 -0.3799 2.1468 0.9280 0.5357 
4.0301 -0.3599 2.1610 0.8567 0.6347 
4.0201 -0.3699 2.1624 0.8692 0.6548 
4.0601 -0.3699 2.1646 0.8595 0.5603 
4.0301 -0.3599 2.1610 0.8567 0.6347 
4.0101 -0.3599 2.1638 0.8500 0.6819 
4.0201 -0.3699 2.1624 0.8692 0.6548 
4.0001 -0.3699 2.1616 0.8735 0.7021 
4.0101 -0.3599 2.1638 0.8500 0.6819 
4.0101 -0.3499 2.1536 0.8645 0.6882 
4.0601 -0.3699 2.1646 0.8595 0.5603 
4.0201 -0.3699 2.1624 0.8692 0.6548 
4.0301 -0.3799 2.1557 0.9041 0.6293 
4.0201 -0.3699 2.1624 0.8692 0.6548 
4.0101 -0.3599 2.1638 0.8500 0.6819 
4.0101 -0.3899 2.1589 0.9111 0.6717 
4.0101 -0.3899 2.1589 0.9111 0.6717 
4.0101 -0.3599 2.1638 0.8500 0.6819 
4.0001 -0.3699 2.1616 0.8735 0.7021 
4.0101 -0.3999 2.1641 0.9108 0.6672 
4.0401 -0.3999 2.1598 0.9210 0.6001 
4.0101 -0.3899 2.1589 0.9111 0.6717 
4.0401 -0.3399 2.1448 0.8726 0.6190 
4.0301 -0.3599 2.1610 0.8567 0.6347 
4.0501 -0.3399 2.1525 0.8474 0.5928 
4.0301 -0.3599 2.1610 0.8567 0.6347 
4.0101 -0.3499 2.1536 0.8645 0.6882 
4.0101 -0.3599 2.1638 0.8500 0.6819 
4.0301 -0.3799 2.1557 0.9041 0.6293 
4.0401 -0.3799 2.1480 0.9266 0.6068 
4.0601 -0.3699 2.1646 0.8595 0.5603 
4.0201 -0.3799 2.1488 0.9257 0.6539 
4.0301 -0.3799 2.1557 0.9041 0.6293 
4.0201 -0.3699 2.1624 0.8692 0.6548 
4.0201 -0.3799 2.1488 0.9257 0.6539 
4.0201 -0.3699 2.1624 0.8692 0.6548 
4.0101 -0.3899 2.1589 0.9111 0.6717 
4.0101 -0.3899 2.1589 0.9111 0.6717 
4.0301 -0.3899 2.1510 0.9330 0.6269 
4.0301 -0.3799 2.1557 0.9041 0.6293 
4.0201 -0.3799 2.1488 0.9257 0.6539 
4.0101 -0.3899 2.1589 0.9111 0.6717 
4.0301 -0.3799 2.1557 0.9041 0.6293 
4.0301 -0.3799 2.1557 0.9041 0.6293 
4.0401 -0.3999 2.1598 0.9210 0.6001 
4.0601 -0.4099 2.1610 0.9304 0.5527 
4.0301 -0.3799 2.1557 0.9041 0.6293 
4.0601 -0.4099 2.1610 0.9304 0.5527 
4.0501 -0.3899 2.1446 0.9509 0.5810 
4.0301 -0.3899 2.1510 0.9330 0.6269 
4.0401 -0.3999 2.1598 0.9210 0.6001 
4.0301 -0.3799 2.1557 0.9041 0.6293 
4.0401 -0.3999 2.1598 0.9210 0.6001 
4.0301 -0.3899 2.1510 0.9330 0.6269 
4.0101 -0.3899 2.1589 0.9111 0.6717 
4.0001 -0.3999 2.1516 0.9481 0.6924 
4.0101 -0.3899 2.1589 0.9111 0.6717 
4.0001 -0.3699 2.1616 0.8735 0.7021 
4.0101 -0.3999 2.1641 0.9108 0.6672 
4.0101 -0.3899 2.1589 0.9111 0.6717 
4.0001 -0.3999 2.1516 0.9481 0.6924 
4.0701 -0.3499 2.1485 0.8752 0.5410 
4.0901 -0.3599 2.1415 0.9119 0.4901 
4.0701 -0.3399 2.1539 0.8413 0.5426 
4.0601 -0.3499 2.1614 0.8363 0.5648 
4.0701 -0.3499 2.1485 0.8752 0.5410 
4.0701 -0.3399 2.1539 0.8413 0.5426 
4.1101 -0.3499 2.1459 0.8798 0.4413 
4.0901 -0.3599 2.1415 0.9119 0.4901 
4.1101 -0.3599 2.1506 0.8815 0.4413 
4.0901 -0.3599 2.1415 0.9119 0.4901 
4.0701 -0.3499 2.1485 0.8752 0.5410 
4.0601 -0.3599 2.1519 0.8817 0.5633 
4.1101 -0.3599 2.1506 0.8815 0.4413 
4.0901 -0.3599 2.1415 0.9119 0.4901 
4.1001 -0.3699 2.1568 0.8797 0.4654 
4.1001 -0.3699 2.1568 0.8797 0.4654 
4.0901 -0.3599 2.1415 0.9119 0.4901 
4.0701 -0.3699 2.1527 0.8945 0.5372 
4.0901 -0.3599 2.1415 0.9119 0.4901 
4.0601 -0.3599 2.1519 0.8817 0.5633 
4.0701 -0.3699 2.1527 0.8945 0.5372 
4.0401 -0.3799 2.1480 0.9266 0.6068 
4.0301 -0.3799 2.1557 0.9041 0.6293 
4.0501 -0.3899 2.1446 0.9509 0.5810 
3.9901 -0.2999 2.1601 0.7562 0.7609 
3.9901 -0.2999 2.1601 0.7562 0.7609 
3.9901 -0.2999 2.1601 0.7562 0.7609 
3.9901 -0.2999 2.1601 0.7562 0.7609 
3.9901 -0.2999 2.1601 0.7562 0.7609 
3.9901 -0.2999 2.1601 0.7562 0.7609 
3.9901 -0.2999 2.1601 0.7562 0.7609 
3.9901 -0.3099 2.1557 0.7892 0.7569 
4.0001 -0.3099 2.1522 0.7995 0.7321 
3.9901 -0.2999 2.1601 0.7562 0.7609 
3.9901 -0.2999 2.1601 0.7562 0.7609 
3.9901 -0.3099 2.1557 0.7892 0.7569 
3.9901 -0.3099 2.1557 0.7892 0.7569 
3.9801 -0.2999 2.1562 0.7696 0.7885 
3.9901 -0.3199 2.1594 0.7960 0.7503 
3.9901 -0.2999 2.1601 0.7562 0.7609 
3.9801 -0.2999 2.1562 0.7696 0.7885 
3.9901 -0.3099 2.1557 0.7892 0.7569 
3.9901 -0.2999 2.1601 0.7562 0.7609 
3.9901 -0.2999 2.1601 0.7562 0.7609 
3.9801 -0.2999 2.1562 0.7696 0.7885 
3.9801 -0.2999 2.1562 0.7696 0.7885 
3.9601 -0.2999 2.1525 0.7833 0.8427 
3.9901 -0.3199 2.1594 0.7960 0.7503 
3.9601 -0.2999 2.1525 0.7833 0.8427 
3.9401 -0.2999 2.1636 0.7503 0.8893 
3.9601 -0.3099 2.1578 0.7855 0.8335 
4.0001 -0.3099 2.1522 0.7995 0.7321 
3.9901 -0.3099 2.1557 0.7892 0.7569 
3.9901 -0.3199 2.1594 0.7960 0.7503 
3.9901 -0.3199 2.1594 0.7960 0.7503 
3.9601 -0.2999 2.1525 0.7833 0.8427 
3.9901 -0.3399 2.1502 0.8598 0.7430 
3.9601 -0.2999 2.1525 0.7833 0.8427 
3.9601 -0.3099 2.1578 0.7855 0.8335 
3.9901 -0.3399 2.1502 0.8598 0.7430 
3.9601 -0.3399 2.1624 0.8249 0.8127 
3.9901 -0.3399 2.1502 0.8598 0.7430 
3.9601 -0.3099 2.1578 0.7855 0.8335 
3.9601 -0.3499 2.1567 0.8591 0.8090 
3.9901 -0.3399 2.1502 0.8598 0.7430 
3.9601 -0.3399 2.1624 0.8249 0.8127 
3.9801 -0.3599 2.1585 0.8685 0.7548 
3.9901 -0.3499 2.1528 0.8685 0.7373 
3.9901 -0.3399 2.1502 0.8598 0.7430 
3.9601 -0.3499 2.1567 0.8591 0.8090 
3.9801 -0.3599 2.1585 0.8685 0.7548 
3.9901 -0.3399 2.1502 0.8598 0.7430 
3.9201 -0.3099 2.1591 0.7851 0.9352 
3.9401 -0.2999 2.1636 0.7503 0.8893 
3.9201 -0.2899 2.1592 0.7465 0.9521 
3.9001 -0.2999 2.1582 0.7710 0.9959 
3.9001 -0.3199 2.1589 0.8062 0.9774 
3.9201 -0.3099 2.1591 0.7851 0.9352 
3.9401 -0.2999 2.1636 0.7503 0.8893 
3.9201 -0.3099 2.1591 0.7851 0.9352 
3.9301 -0.3199 2.1531 0.8213 0.9052 
3.9201 -0.3499 2.1596 0.8537 0.9041 
3.9601 -0.3399 2.1624 0.8249 0.8127 
3.9401 -0.3299 2.1636 0.8058 0.8676 
3.9601 -0.3099 2.1578 0.7855 0.8335 
3.9401 -0.2999 2.1636 0.7503 0.8893 
3.9301 -0.3199 2.1531 0.8213 0.9052 
3.9601 -0.3399 2.1624 0.8249 0.8127 
3.9601 -0.3099 2.1578 0.7855 0.8335 
3.9401 -0.3299 2.1636 0.8058 0.8676 
3.9601 -0.3099 2.1578 0.7855 0.8335 
3.9301 -0.3199 2.1531 0.8213 0.9052 
3.9401 -0.3299 2.1636 0.8058 0.8676 
3.9401 -0.3299 2.1636 0.8058 0.8676 
3.9301 -0.3199 2.1531 0.8213 0.9052 
3.9201 -0.3299 2.1589 0.8220 0.9194 
3.9201 -0.3299 2.1589 0.8220 0.9194 
3.9301 -0.3199 2.1531 0.8213 0.9052 
3.9201 -0.3099 2.1591 0.7851 0.9352 
3.9201 -0.3299 2.1589 0.8220 0.9194 
3.9201 -0.3099 2.1591 0.7851 0.9352 
3.9001 -0.3199 2.1589 0.8062 0.9774 
3.9201 -0.3299 2.1589 0.8220 0.9194 
3.9301 -0.3399 2.1537 0.8543 0.8900 
3.9401 -0.3299 2.1636 0.8058 0.8676 
3.9301 -0.3399 2.1537 0.8543 0.8900 
3.9201 -0.3299 2.1589 0.8220 0.9194 
3.9101 -0.3399 2.1558 0.8497 0.9379 
3.9201 -0.3299 2.1589 0.8220 0.9194 
3.9001 -0.3199 2.1589 0.8062 0.9774 
3.9101 -0.3399 2.1558 0.8497 0.9379 
3.9001 -0.3199 2.1589 0.8062 0.9774 
3.8901 -0.3299 2.1539 0.8403 0.9967 
3.9101 -0.3399 2.1558 0.8497 0.9379 
3.9401 -0.3299 2.1636 0.8058 0.8676 
3.9301 -0.3399 2.1537 0.8543 0.8900 
3.9201 -0.3499 2.1596 0.8537 0.9041 
3.9201 -0.3499 2.1596 0.8537 0.9041 
3.9301 -0.3399 2.1537 0.8543 0.8900 
3.9101 -0.3399 2.1558 0.8497 0.9379 
3.8901 -0.3499 2.1657 0.8380 0.9723 
3.9201 -0.3499 2.1596 0.8537 0.9041 
3.9101 -0.3399 2.1558 0.8497 0.9379 
3.9601 -0.3499 2.1567 0.8591 0.8090 
3.9601 -0.3399 2.1624 0.8249 0.8127 
3.9501 -0.3699 2.1535 0.9018 0.8223 
4.0001 -0.3699 2.1616 0.8735 0.7021 
3.9801 -0.3599 2.1585 0.8685 0.7548 
3.9801 -0.3799 2.1675 0.8732 0.7425 
4.0001 -0.3699 2.1616 0.8735 0.7021 
3.9801 -0.3799 2.1675 0.8732 0.7425 
4.0001 -0.3999 2.1516 0.9481 0.6924 
4.0001 -0.3999 2.1516 0.9481 0.6924 
3.9801 -0.3799 2.1675 0.8732 0.7425 
3.9801 -0.3999 2.1517 0.9493 0.7379 
3.9801 -0.3599 2.1585 0.8685 0.7548 
3.9601 -0.3499 2.1567 0.8591 0.8090 
3.9601 -0.3699 2.1536 0.9005 0.7987 
4.0001 -0.3699 2.1616 0.8735 0.7021 
4.0101 -0.3499 2.1536 0.8645 0.6882 
3.9801 -0.3599 2.1585 0.8685 0.7548 
4.0101 -0.3499 2.1536 0.8645 0.6882 
3.9901 -0.3499 2.1528 0.8685 0.7373 
3.9801 -0.3599 2.1585 0.8685 0.7548 
3.9801 -0.3599 2.1585 0.8685 0.7548 
3.9601 -0.3699 2.1536 0.9005 0.7987 
3.9801 -0.3799 2.1675 0.8732 0.7425 
3.9601 -0.3499 2.1567 0.8591 0.8090 
3.9501 -0.3699 2.1535 0.9018 0.8223 
3.9601 -0.3699 2.1536 0.9005 0.7987 
3.9601 -0.3999 2.1588 0.9298 0.7810 
3.9601 -0.3699 2.1536 0.9005 0.7987 
3.9501 -0.3699 2.1535 0.9018 0.8223 
3.9501 -0.3899 2.1526 0.9345 0.8112 
3.9601 -0.3999 2.1588 0.9298 0.7810 
3.9501 -0.3699 2.1535 0.9018 0.8223 
3.9801 -0.3999 2.1517 0.9493 0.7379 
3.9801 -0.3799 2.1675 0.8732 0.7425 
3.9601 -0.3699 2.1536 0.9005 0.7987 
3.9601 -0.3699 2.1536 0.9005 0.7987 
3.9601 -0.3999 2.1588 0.9298 0.7810 
3.9801 -0.3999 2.1517 0.9493 0.7379 
4.0001 -0.3999 2.1516 0.9481 0.6924 
3.9801 -0.3999 2.1517 0.9493 0.7379 
3.9901 -0.4099 2.1594 0.9402 0.7092 
3.9601 -0.3999 2.1588 0.9298 0.7810 
3.9501 -0.3899 2.1526 0.9345 0.8112 
3.9501 -0.3999 2.1601 0.9268 0.8030 
3.9601 -0.3399 2.1624 0.8249 0.8127 
3.9201 -0.3499 2.1596 0.8537 0.9041 
3.9501 -0.3699 2.1535 0.9018 0.8223 
3.9201 -0.3499 2.1596 0.8537 0.9041 
3.8901 -0.3499 2.1657 0.8380 0.9723 
3.9201 -0.3699 2.1536 0.9040 0.8929 
3.9201 -0.3699 2.1536 0.9040 0.8929 
3.8901 -0.3499 2.1657 0.8380 0.9723 
3.9101 -0.3699 2.1509 0.9128 0.9177 
3.9101 -0.3799 2.1553 0.9148 0.9083 
3.9101 -0.3999 2.1696 0.9026 0.8882 
3.9301 -0.3899 2.1509 0.9409 0.8577 
3.9001 -0.3799 2.1640 0.8899 0.9269 
3.8901 -0.3899 2.1690 0.8911 0.9397 
3.9101 -0.3999 2.1696 0.9026 0.8882 
3.9101 -0.3799 2.1553 0.9148 0.9083 
3.9001 -0.3799 2.1640 0.8899 0.9269 
3.9101 -0.3999 2.1696 0.9026 0.8882 
3.9401 -0.3961 2.1601 0.9222 0.8275 
3.9301 -0.3999 2.1681 0.9053 0.8446 
3.9501 -0.3999 2.1601 0.9268 0.8030 
3.9301 -0.3899 2.1509 0.9409 0.8577 
3.9101 -0.3999 2.1696 0.9026 0.8882 
3.9201 -0.4099 2.1641 0.9316 0.8623 
3.9501 -0.3699 2.1535 0.9018 0.8223 
3.9201 -0.3499 2.1596 0.8537 0.9041 
3.9201 -0.3699 2.1536 0.9040 0.8929 
3.9501 -0.3699 2.1535 0.9018 0.8223 
3.9301 -0.3799 2.1581 0.9048 0.8609 
3.9501 -0.3899 2.1526 0.9345 0.8112 
3.9301 -0.3799 2.1581 0.9048 0.8609 
3.9501 -0.3699 2.1535 0.9018 0.8223 
3.9201 -0.3699 2.1536 0.9040 0.8929 
3.9201 -0.3799 2.1501 0.9295 0.8876 
3.9301 -0.3799 2.1581 0.9048 0.8609 
3.9201 -0.3699 2.1536 0.9040 0.8929 
3.9201 -0.3799 2.1501 0.9295 0.8876 
3.9201 -0.3699 2.1536 0.9040 0.8929 
3.9201 -0.3799 2.1501 0.9295 0.8876 
3.9201 -0.3699 2.1536 0.9040 0.8929 
3.9101 -0.3699 2.1509 0.9128 0.9177 
3.9101 -0.3799 2.1553 0.9148 0.9083 
3.9201 -0.3799 2.1501 0.9295 0.8876 
3.9201 -0.3699 2.1536 0.9040 0.8929 
3.9101 -0.3799 2.1553 0.9148 0.9083 
3.9201 -0.3799 2.1501 0.9295 0.8876 
3.9101 -0.3799 2.1553 0.9148 0.9083 
3.9201 -0.3799 2.1501 0.9295 0.8876 
3.9101 -0.3799 2.1553 0.9148 0.9083 
3.9101 -0.3699 2.1509 0.9128 0.9177 
3.9001 -0.3799 2.1640 0.8899 0.9269 
3.9301 -0.3799 2.1581 0.9048 0.8609 
3.9301 -0.3899 2.1509 0.9409 0.8577 
3.9501 -0.3899 2.1526 0.9345 0.8112 
3.9201 -0.3799 2.1501 0.9295 0.8876 
3.9301 -0.3899 2.1509 0.9409 0.8577 
3.9301 -0.3799 2.1581 0.9048 0.8609 
3.9201 -0.3799 2.1501 0.9295 0.8876 
3.9301 -0.3799 2.1581 0.9048 0.8609 
3.9201 -0.3799 2.1501 0.9295 0.8876 
3.9201 -0.3799 2.1501 0.9295 0.8876 
3.9201 -0.3799 2.1501 0.9295 0.8876 
3.9101 -0.3799 2.1553 0.9148 0.9083 
3.9201 -0.3799 2.1501 0.9295 0.8876 
3.9101 -0.3799 2.1553 0.9148 0.9083 
3.9301 -0.3899 2.1509 0.9409 0.8577 
3.9301 -0.3899 2.1509 0.9409 0.8577 
3.9501 -0.3999 2.1601 0.9268 0.8030 
3.9501 -0.3899 2.1526 0.9345 0.8112 
3.9401 -0.3961 2.1601 0.9222 0.8275 
3.9501 -0.3999 2.1601 0.9268 0.8030 
3.9301 -0.3899 2.1509 0.9409 0.8577 
3.9401 -0.3961 2.1601 0.9222 0.8275 
3.9501 -0.3999 2.1601 0.9268 0.8030 
3.9501 -0.3999 2.1601 0.9268 0.8030 
3.9401 -0.3961 2.1601 0.9222 0.8275 
3.9301 -0.3899 2.1509 0.9409 0.8577 
3.9301 -0.3999 2.1681 0.9053 0.8446 
3.9201 -0.4099 2.1641 0.9316 0.8623 
3.9301 -0.3999 2.1681 0.9053 0.8446 
3.9301 -0.3899 2.1509 0.9409 0.8577 
3.9201 -0.3799 2.1501 0.9295 0.8876 
3.9201 -0.3799 2.1501 0.9295 0.8876 
3.9201 -0.3799 2.1501 0.9295 0.8876 
3.9201 -0.3799 2.1501 0.9295 0.8876 
3.9201 -0.3799 2.1501 0.9295 0.8876 
3.9201 -0.3799 2.1501 0.9295 0.8876 
3.9201 -0.3799 2.1501 0.9295 0.8876 
3.9201 -0.3799 2.1501 0.9295 0.8876 
3.9201 -0.3799 2.1501 0.9295 0.8876 
3.9201 -0.3799 2.1501 0.9295 0.8876 
3.9201 -0.3799 2.1501 0.9295 0.8876 
3.9201 -0.3799 2.1501 0.9295 0.8876 
4.0801 -0.4299 2.1518 0.9830 0.5055 
4.0601 -0.4399 2.1614 0.9703 0.5473 
4.0801 -0.4499 2.1580 0.9913 0.5032 
4.0501 -0.4399 2.1596 0.9758 0.5690 
4.0701 -0.4599 2.1621 0.9931 0.5231 
4.0601 -0.4399 2.1614 0.9703 0.5473 
4.1001 -0.3999 2.1549 0.9309 0.4633 
4.0801 -0.4099 2.1580 0.9377 0.5079 
4.0901 -0.4099 2.1508 0.9580 0.4852 
4.0801 -0.4099 2.1580 0.9377 0.5079 
4.0701 -0.3799 2.1468 0.9280 0.5357 
4.0701 -0.4099 2.1537 0.9508 0.5305 
4.0601 -0.4099 2.1610 0.9304 0.5527 
4.0701 -0.4099 2.1537 0.9508 0.5305 
4.0701 -0.3799 2.1468 0.9280 0.5357 
4.1001 -0.3999 2.1549 0.9309 0.4633 
4.0901 -0.4099 2.1508 0.9580 0.4852 
4.1001 -0.4199 2.1578 0.9506 0.4622 
4.1001 -0.4199 2.1578 0.9506 0.4622 
4.0801 -0.4099 2.1580 0.9377 0.5079 
4.0701 -0.4099 2.1537 0.9508 0.5305 
4.0901 -0.4099 2.1508 0.9580 0.4852 
4.0801 -0.4099 2.1580 0.9377 0.5079 
4.1001 -0.4199 2.1578 0.9506 0.4622 
4.0701 -0.4299 2.1460 1.0006 0.5277 
4.0701 -0.4099 2.1537 0.9508 0.5305 
4.0601 -0.4099 2.1610 0.9304 0.5527 
4.0701 -0.4299 2.1460 1.0006 0.5277 
4.0801 -0.4299 2.1518 0.9830 0.5055 
4.0701 -0.4099 2.1537 0.9508 0.5305 
4.0701 -0.4299 2.1460 1.0006 0.5277 
4.0601 -0.4099 2.1610 0.9304 0.5527 
4.0401 -0.3999 2.1598 0.9210 0.6001 
4.0401 -0.4199 2.1618 0.9435 0.5949 
4.0701 -0.4299 2.1460 1.0006 0.5277 
4.0401 -0.3999 2.1598 0.9210 0.6001 
4.1101 -0.4299 2.1525 0.9790 0.4393 
4.1001 -0.4199 2.1578 0.9506 0.4622 
4.0801 -0.4299 2.1518 0.9830 0.5055 
4.1001 -0.4199 2.1578 0.9506 0.4622 
4.0701 -0.4099 2.1537 0.9508 0.5305 
4.0801 -0.4299 2.1518 0.9830 0.5055 
4.0701 -0.4299 2.1460 1.0006 0.5277 
4.0401 -0.4199 2.1618 0.9435 0.5949 
4.0401 -0.4299 2.1597 0.9630 0.5928 
4.0701 -0.4299 2.1460 1.0006 0.5277 
4.0401 -0.4299 2.1597 0.9630 0.5928 
4.0601 -0.4399 2.1614 0.9703 0.5473 
4.0701 -0.4299 2.1460 1.0006 0.5277 
4.0601 -0.4399 2.1614 0.9703 0.5473 
4.0801 -0.4299 2.1518 0.9830 0.5055 
4.0501 -0.4399 2.1596 0.9758 0.5690 
4.0601 -0.4399 2.1614 0.9703 0.5473 
4.0401 -0.4299 2.1597 0.9630 0.5928 
4.0801 -0.4299 2.1518 0.9830 0.5055 
4.0901 -0.4399 2.1510 0.9979 0.4825 
4.1101 -0.4499 2.1578 0.9898 0.4391 
4.0801 -0.4299 2.1518 0.9830 0.5055 
4.0801 -0.4499 2.1580 0.9913 0.5032 
4.0901 -0.4399 2.1510 0.9979 0.4825 
4.0201 -0.4099 2.1532 0.9561 0.6433 
4.0101 -0.4299 2.1624 0.9574 0.6575 
4.0401 -0.4299 2.1597 0.9630 0.5928 
4.0401 -0.4299 2.1597 0.9630 0.5928 
4.0101 -0.4399 2.1518 1.0009 0.6561 
4.0501 -0.4399 2.1596 0.9758 0.5690 
4.0101 -0.3999 2.1641 0.9108 0.6672 
4.0201 -0.4099 2.1532 0.9561 0.6433 
4.0401 -0.3999 2.1598 0.9210 0.6001 
4.0101 -0.4099 2.1576 0.9440 0.6650 
4.0201 -0.4099 2.1532 0.9561 0.6433 
4.0101 -0.3999 2.1641 0.9108 0.6672 
4.0101 -0.3999 2.1641 0.9108 0.6672 
4.0001 -0.3999 2.1516 0.9481 0.6924 
4.0101 -0.4099 2.1576 0.9440 0.6650 
4.0401 -0.4299 2.1597 0.9630 0.5928 
4.0401 -0.4199 2.1618 0.9435 0.5949 
4.0401 -0.3999 2.1598 0.9210 0.6001 
4.0201 -0.4099 2.1532 0.9561 0.6433 
4.0401 -0.4299 2.1597 0.9630 0.5928 
4.0401 -0.3999 2.1598 0.9210 0.6001 
4.0001 -0.4299 2.1580 0.9708 0.6800 
4.0201 -0.4099 2.1532 0.9561 0.6433 
4.0101 -0.4099 2.1576 0.9440 0.6650 
4.0201 -0.4099 2.1532 0.9561 0.6433 
4.0001 -0.4299 2.1580 0.9708 0.6800 
4.0101 -0.4299 2.1624 0.9574 0.6575 
4.0101 -0.4299 2.1624 0.9574 0.6575 
4.0101 -0.4399 2.1518 1.0009 0.6561 
4.0401 -0.4299 2.1597 0.9630 0.5928 
4.0101 -0.4399 2.1518 1.0009 0.6561 
4.0001 -0.4299 2.1580 0.9708 0.6800 
4.0001 -0.4399 2.1580 0.9838 0.6765 
4.0101 -0.4299 2.1624 0.9574 0.6575 
4.0001 -0.4299 2.1580 0.9708 0.6800 
4.0101 -0.4399 2.1518 1.0009 0.6561 
4.0601 -0.4399 2.1614 0.9703 0.5473 
4.0701 -0.4599 2.1621 0.9931 0.5231 
4.0801 -0.4499 2.1580 0.9913 0.5032 
4.0701 -0.4599 2.1621 0.9931 0.5231 
4.0501 -0.4399 2.1596 0.9758 0.5690 
4.0501 -0.4599 2.1618 0.9952 0.5649 
4.0701 -0.4599 2.1621 0.9931 0.5231 
4.0501 -0.4599 2.1618 0.9952 0.5649 
4.0601 -0.4699 2.1669 0.9928 0.5422 
3.9701 -0.4099 2.1672 0.9191 0.7514 
3.9901 -0.4099 2.1594 0.9402 0.7092 
3.9801 -0.3999 2.1517 0.9493 0.7379 
3.9501 -0.4099 2.1662 0.9236 0.7956 
3.9701 -0.4099 2.1672 0.9191 0.7514 
3.9601 -0.3999 2.1588 0.9298 0.7810 
3.9601 -0.3999 2.1588 0.9298 0.7810 
3.9701 -0.4099 2.1672 0.9191 0.7514 
3.9801 -0.3999 2.1517 0.9493 0.7379 
3.9501 -0.3999 2.1601 0.9268 0.8030 
3.9501 -0.4099 2.1662 0.9236 0.7956 
3.9601 -0.3999 2.1588 0.9298 0.7810 
3.9901 -0.4099 2.1594 0.9402 0.7092 
3.9701 -0.4099 2.1672 0.9191 0.7514 
3.9701 -0.4199 2.1597 0.9546 0.7490 
3.9701 -0.4099 2.1672 0.9191 0.7514 
3.9501 -0.4099 2.1662 0.9236 0.7956 
3.9701 -0.4199 2.1597 0.9546 0.7490 
4.0101 -0.4099 2.1576 0.9440 0.6650 
4.0001 -0.3999 2.1516 0.9481 0.6924 
3.9901 -0.4099 2.1594 0.9402 0.7092 
3.9601 -0.3999 2.1588 0.9298 0.7810 
3.9501 -0.3999 2.1601 0.9268 0.8030 
3.9501 -0.3999 2.1601 0.9268 0.8030 
4.0001 -0.4299 2.1580 0.9708 0.6800 
3.9901 -0.4099 2.1594 0.9402 0.7092 
3.9701 -0.4199 2.1597 0.9546 0.7490 
4.0001 -0.4299 2.1580 0.9708 0.6800 
4.0101 -0.4099 2.1576 0.9440 0.6650 
3.9901 -0.4099 2.1594 0.9402 0.7092 
3.9501 -0.4099 2.1662 0.9236 0.7956 
3.9601 -0.4199 2.1530 0.9746 0.7729 
3.9701 -0.4199 2.1597 0.9546 0.7490 
4.0001 -0.4299 2.1580 0.9708 0.6800 
3.9701 -0.4199 2.1597 0.9546 0.7490 
3.9501 -0.4299 2.1601 0.9682 0.7876 
3.9701 -0.4199 2.1597 0.9546 0.7490 
3.9601 -0.4199 2.1530 0.9746 0.7729 
3.9501 -0.4299 2.1601 0.9682 0.7876 
4.0001 -0.4399 2.1580 0.9838 0.6765 
4.0001 -0.4299 2.1580 0.9708 0.6800 
3.9801 -0.4399 2.1547 0.9946 0.7201 
3.9501 -0.4299 2.1601 0.9682 0.7876 
3.9501 -0.4399 2.1569 0.9904 0.7837 
4.0001 -0.4299 2.1580 0.9708 0.6800 
3.9501 -0.4399 2.1569 0.9904 0.7837 
3.9801 -0.4399 2.1547 0.9946 0.7201 
4.0001 -0.4299 2.1580 0.9708 0.6800 
3.9801 -0.4399 2.1547 0.9946 0.7201 
3.9501 -0.4399 2.1569 0.9904 0.7837 
3.9701 -0.4499 2.1613 0.9893 0.7356 
3.9501 -0.3999 2.1601 0.9268 0.8030 
3.9301 -0.3999 2.1681 0.9053 0.8446 
3.9501 -0.4099 2.1662 0.9236 0.7956 
3.9501 -0.3999 2.1601 0.9268 0.8030 
3.9501 -0.4099 2.1662 0.9236 0.7956 
3.9501 -0.3999 2.1601 0.9268 0.8030 
3.9201 -0.4099 2.1641 0.9316 0.8623 
3.9501 -0.4099 2.1662 0.9236 0.7956 
3.9301 -0.3999 2.1681 0.9053 0.8446 
3.9601 -0.4199 2.1530 0.9746 0.7729 
3.9501 -0.4099 2.1662 0.9236 0.7956 
3.9301 -0.4199 2.1606 0.9548 0.8360 
3.9501 -0.4099 2.1662 0.9236 0.7956 
3.9201 -0.4099 2.1641 0.9316 0.8623 
3.9301 -0.4199 2.1606 0.9548 0.8360 
3.9301 -0.4199 2.1606 0.9548 0.8360 
3.9101 -0.3999 2.1696 0.9026 0.8882 
3.9101 -0.4199 2.1620 0.9522 0.8788 
3.9201 -0.4099 2.1641 0.9316 0.8623 
3.9101 -0.3999 2.1696 0.9026 0.8882 
3.9301 -0.4199 2.1606 0.9548 0.8360 
3.9101 -0.4199 2.1620 0.9522 0.8788 
3.8901 -0.3899 2.1690 0.8911 0.9397 
3.9001 -0.4199 2.1683 0.9350 0.8976 
3.9101 -0.3999 2.1696 0.9026 0.8882 
3.8901 -0.3899 2.1690 0.8911 0.9397 
3.9101 -0.4199 2.1620 0.9522 0.8788 
3.9401 -0.4299 2.1673 0.9485 0.8066 
3.9501 -0.4299 2.1601 0.9682 0.7876 
3.9301 -0.4199 2.1606 0.9548 0.8360 
3.9401 -0.4299 2.1673 0.9485 0.8066 
3.9301 -0.4199 2.1606 0.9548 0.8360 
3.9101 -0.4199 2.1620 0.9522 0.8788 
3.9101 -0.4199 2.1620 0.9522 0.8788 
3.9001 -0.4199 2.1683 0.9350 0.8976 
3.8901 -0.4299 2.1547 0.9877 0.9188 
3.9501 -0.4299 2.1601 0.9682 0.7876 
3.9401 -0.4299 2.1673 0.9485 0.8066 
3.9401 -0.4399 2.1601 0.9819 0.8039 
3.9401 -0.4399 2.1601 0.9819 0.8039 
3.9401 -0.4299 2.1673 0.9485 0.8066 
3.9301 -0.4399 2.1616 0.9783 0.8246 
3.9401 -0.4399 2.1601 0.9819 0.8039 
3.9301 -0.4399 2.1616 0.9783 0.8246 
3.9401 -0.4399 2.1601 0.9819 0.8039 
3.9301 -0.4399 2.1616 0.9783 0.8246 
3.9401 -0.4299 2.1673 0.9485 0.8066 
3.9101 -0.4199 2.1620 0.9522 0.8788 
3.9301 -0.4399 2.1616 0.9783 0.8246 
3.9101 -0.4199 2.1620 0.9522 0.8788 
3.9201 -0.4399 2.1561 0.9944 0.8478 
3.9401 -0.4399 2.1601 0.9819 0.8039 
3.9301 -0.4399 2.1616 0.9783 0.8246 
3.9401 -0.4499 2.1599 0.9953 0.7990 
3.9001 -0.4499 2.1649 0.9838 0.8805 
3.9201 -0.4499 2.1626 0.9888 0.8398 
3.9101 -0.4399 2.1594 0.9858 0.8678 
3.9501 -0.3999 2.1601 0.9268 0.8030 
3.9501 -0.3999 2.1601 0.9268 0.8030 
3.9501 -0.3999 2.1601 0.9268 0.8030 
3.9501 -0.4299 2.1601 0.9682 0.7876 
3.9601 -0.4199 2.1530 0.9746 0.7729 
3.9301 -0.4199 2.1606 0.9548 0.8360 
3.8901 -0.4299 2.1547 0.9877 0.9188 
3.9201 -0.4399 2.1561 0.9944 0.8478 
3.9101 -0.4199 2.1620 0.9522 0.8788 
3.9401 -0.4399 2.1601 0.9819 0.8039 
3.9401 -0.4399 2.1601 0.9819 0.8039 
3.9501 -0.4299 2.1601 0.9682 0.7876 
3.9401 -0.4399 2.1601 0.9819 0.8039 
3.9501 -0.4399 2.1569 0.9904 0.7837 
3.9501 -0.4299 2.1601 0.9682 0.7876 
3.9401 -0.4399 2.1601 0.9819 0.8039 
3.9401 -0.4399 2.1601 0.9819 0.8039 
3.9401 -0.4399 2.1601 0.9819 0.8039 
3.9201 -0.4399 2.1561 0.9944 0.8478 
3.8901 -0.4299 2.1547 0.9877 0.9188 
3.9101 -0.4399 2.1594 0.9858 0.8678 
3.9401 -0.4499 2.1599 0.9953 0.7990 
3.9501 -0.4399 2.1569 0.9904 0.7837 
3.9401 -0.4399 2.1601 0.9819 0.8039 
3.9401 -0.4499 2.1599 0.9953 0.7990 
3.9401 -0.4399 2.1601 0.9819 0.8039 
3.9401 -0.4399 2.1601 0.9819 0.8039 
3.9301 -0.4399 2.1616 0.9783 0.8246 
3.9201 -0.4399 2.1561 0.9944 0.8478 
3.9201 -0.4499 2.1626 0.9888 0.8398 
3.9201 -0.4499 2.1626 0.9888 0.8398 
3.9201 -0.4399 2.1561 0.9944 0.8478 
3.9101 -0.4399 2.1594 0.9858 0.8678 
3.8901 -0.3799 2.1569 0.9115 0.9535 
3.8901 -0.3899 2.1690 0.8911 0.9397 
3.9001 -0.3799 2.1640 0.8899 0.9269 
3.8801 -0.3799 2.1674 0.8814 0.9705 
3.8801 -0.3999 2.1611 0.9291 0.9587 
3.8901 -0.3899 2.1690 0.8911 0.9397 
3.8901 -0.3799 2.1569 0.9115 0.9535 
3.8801 -0.3799 2.1674 0.8814 0.9705 
3.8901 -0.3899 2.1690 0.8911 0.9397 
3.9001 -0.4199 2.1683 0.9350 0.8976 
3.8901 -0.3899 2.1690 0.8911 0.9397 
3.8801 -0.3999 2.1611 0.9291 0.9587 
3.8601 -0.4399 2.1605 0.9860 0.9726 
3.8501 -0.4299 2.1686 0.9512 0.9968 
3.8501 -0.4399 2.1568 0.9973 0.9957 
3.8901 -0.4499 2.1611 0.9952 0.9029 
3.8601 -0.4399 2.1605 0.9860 0.9726 
3.8701 -0.4499 2.1722 0.9659 0.9392 
3.8801 -0.3999 2.1611 0.9291 0.9587 
3.8901 -0.4299 2.1547 0.9877 0.9188 
3.9001 -0.4199 2.1683 0.9350 0.8976 
3.8701 -0.4099 2.1608 0.9448 0.9733 
3.8901 -0.4299 2.1547 0.9877 0.9188 
3.8801 -0.3999 2.1611 0.9291 0.9587 
3.9101 -0.4399 2.1594 0.9858 0.8678 
3.8901 -0.4299 2.1547 0.9877 0.9188 
3.8901 -0.4499 2.1611 0.9952 0.9029 
3.8901 -0.4299 2.1547 0.9877 0.9188 
3.8701 -0.4099 2.1608 0.9448 0.9733 
3.8901 -0.4499 2.1611 0.9952 0.9029 
3.8901 -0.4499 2.1611 0.9952 0.9029 
3.8601 -0.4199 2.1564 0.9716 0.9898 
3.8601 -0.4399 2.1605 0.9860 0.9726 
3.8701 -0.4099 2.1608 0.9448 0.9733 
3.8601 -0.4199 2.1564 0.9716 0.9898 
3.8901 -0.4499 2.1611 0.9952 0.9029 
3.8601 -0.4399 2.1605 0.9860 0.9726 
3.8601 -0.4199 2.1564 0.9716 0.9898 
3.8501 -0.4299 2.1686 0.9512 0.9968 
3.9001 -0.4499 2.1649 0.9838 0.8805 
3.9101 -0.4399 2.1594 0.9858 0.8678 
3.8901 -0.4499 2.1611 0.9952 0.9029 
