NUMPOLLIES 788.000000 

2.5001 -1.4218 0.9001 0.8926 0.9079 
2.5101 -1.4203 0.9201 0.8750 0.9023 
2.5001 -1.4255 0.9201 0.8717 0.9086 
2.5301 -1.4067 0.8301 0.9675 0.8832 
2.5301 -1.4111 0.8501 0.9464 0.8837 
2.5201 -1.4113 0.8101 0.9823 0.8879 
2.5201 -1.4113 0.8101 0.9823 0.8879 
2.5301 -1.4111 0.8501 0.9464 0.8837 
2.5201 -1.4148 0.8601 0.9346 0.8911 
2.5301 -1.4067 0.8301 0.9675 0.8832 
2.5501 -1.3834 0.8501 0.9647 0.8755 
2.5301 -1.4111 0.8501 0.9464 0.8837 
2.5401 -1.3999 0.8582 0.9463 0.8796 
2.5201 -1.4148 0.8601 0.9346 0.8911 
2.5301 -1.4111 0.8501 0.9464 0.8837 
2.5401 -1.3999 0.8582 0.9463 0.8796 
2.5301 -1.4111 0.8501 0.9464 0.8837 
2.5501 -1.3834 0.8501 0.9647 0.8755 
2.5001 -1.4218 0.9001 0.8926 0.9079 
2.5201 -1.4148 0.8601 0.9346 0.8911 
2.5101 -1.4183 0.8801 0.9136 0.8995 
2.5201 -1.4148 0.8601 0.9346 0.8911 
2.5401 -1.3999 0.8582 0.9463 0.8796 
2.5101 -1.4183 0.8801 0.9136 0.8995 
2.5101 -1.4183 0.8801 0.9136 0.8995 
2.5401 -1.3999 0.8582 0.9463 0.8796 
2.5301 -1.4028 0.8901 0.9144 0.8891 
2.5301 -1.4028 0.8901 0.9144 0.8891 
2.5401 -1.3999 0.8582 0.9463 0.8796 
2.5401 -1.4003 0.8801 0.9256 0.8813 
2.5101 -1.4183 0.8801 0.9136 0.8995 
2.5101 -1.4203 0.9201 0.8750 0.9023 
2.5001 -1.4218 0.9001 0.8926 0.9079 
2.5101 -1.4203 0.9201 0.8750 0.9023 
2.5101 -1.4183 0.8801 0.9136 0.8995 
2.5301 -1.4028 0.8901 0.9144 0.8891 
2.5301 -1.4067 0.8301 0.9675 0.8832 
2.5501 -1.3814 0.8201 0.9938 0.8737 
2.5501 -1.3834 0.8501 0.9647 0.8755 
2.5701 -1.3845 0.8101 1.0015 0.8567 
2.5701 -1.3832 0.8501 0.9655 0.8601 
2.5501 -1.3814 0.8201 0.9938 0.8737 
2.5501 -1.3814 0.8201 0.9938 0.8737 
2.5701 -1.3832 0.8501 0.9655 0.8601 
2.5501 -1.3834 0.8501 0.9647 0.8755 
2.5701 -1.3845 0.8101 1.0015 0.8567 
2.5801 -1.3922 0.8201 0.9877 0.8478 
2.5701 -1.3832 0.8501 0.9655 0.8601 
2.5501 -1.3834 0.8501 0.9647 0.8755 
2.5501 -1.3808 0.8801 0.9382 0.8787 
2.5401 -1.3999 0.8582 0.9463 0.8796 
2.5501 -1.3808 0.8801 0.9382 0.8787 
2.5401 -1.4003 0.8801 0.9256 0.8813 
2.5401 -1.3999 0.8582 0.9463 0.8796 
2.5401 -1.4003 0.8801 0.9256 0.8813 
2.5501 -1.3808 0.8801 0.9382 0.8787 
2.5301 -1.4028 0.8901 0.9144 0.8891 
2.5701 -1.3832 0.8501 0.9655 0.8601 
2.5701 -1.3848 0.8701 0.9457 0.8612 
2.5501 -1.3834 0.8501 0.9647 0.8755 
2.5701 -1.3832 0.8501 0.9655 0.8601 
2.5801 -1.3922 0.8201 0.9877 0.8478 
2.5701 -1.3848 0.8701 0.9457 0.8612 
2.5501 -1.3834 0.8501 0.9647 0.8755 
2.5701 -1.3848 0.8701 0.9457 0.8612 
2.5501 -1.3808 0.8801 0.9382 0.8787 
2.5901 -1.3960 0.8901 0.9205 0.8444 
2.5701 -1.3848 0.8701 0.9457 0.8612 
2.5801 -1.3922 0.8201 0.9877 0.8478 
2.5701 -1.3848 0.8701 0.9457 0.8612 
2.5701 -1.3866 0.9101 0.9068 0.8639 
2.5501 -1.3808 0.8801 0.9382 0.8787 
2.5701 -1.3866 0.9101 0.9068 0.8639 
2.5701 -1.3848 0.8701 0.9457 0.8612 
2.5901 -1.3960 0.8901 0.9205 0.8444 
2.5301 -1.4028 0.8901 0.9144 0.8891 
2.5201 -1.4098 0.9301 0.8721 0.8984 
2.5101 -1.4203 0.9201 0.8750 0.9023 
2.5301 -1.4028 0.8901 0.9144 0.8891 
2.5401 -1.3996 0.9301 0.8788 0.8856 
2.5201 -1.4098 0.9301 0.8721 0.8984 
2.5401 -1.3996 0.9301 0.8788 0.8856 
2.5301 -1.3975 0.9601 0.8509 0.8966 
2.5201 -1.4098 0.9301 0.8721 0.8984 
2.5201 -1.4098 0.9301 0.8721 0.8984 
2.5301 -1.3975 0.9601 0.8509 0.8966 
2.5101 -1.4203 0.9201 0.8750 0.9023 
2.5301 -1.4028 0.8901 0.9144 0.8891 
2.5501 -1.3808 0.8801 0.9382 0.8787 
2.5401 -1.3996 0.9301 0.8788 0.8856 
2.5501 -1.3808 0.8801 0.9382 0.8787 
2.5501 -1.3804 0.9201 0.9004 0.8821 
2.5401 -1.3996 0.9301 0.8788 0.8856 
2.5401 -1.3996 0.9301 0.8788 0.8856 
2.5501 -1.3804 0.9201 0.9004 0.8821 
2.5501 -1.3878 0.9301 0.8862 0.8809 
2.5401 -1.3996 0.9301 0.8788 0.8856 
2.5401 -1.3984 0.9501 0.8603 0.8876 
2.5301 -1.3975 0.9601 0.8509 0.8966 
2.5401 -1.3984 0.9501 0.8603 0.8876 
2.5401 -1.3996 0.9301 0.8788 0.8856 
2.5501 -1.3878 0.9301 0.8862 0.8809 
2.5501 -1.3808 0.8801 0.9382 0.8787 
2.5701 -1.3866 0.9101 0.9068 0.8639 
2.5501 -1.3804 0.9201 0.9004 0.8821 
2.5701 -1.3866 0.9101 0.9068 0.8639 
2.5601 -1.3842 0.9301 0.8888 0.8740 
2.5501 -1.3804 0.9201 0.9004 0.8821 
2.5801 -1.3912 0.9701 0.8464 0.8595 
2.5701 -1.3866 0.9101 0.9068 0.8639 
2.5901 -1.3960 0.8901 0.9205 0.8444 
2.5501 -1.3804 0.9201 0.9004 0.8821 
2.5601 -1.3842 0.9301 0.8888 0.8740 
2.5501 -1.3878 0.9301 0.8862 0.8809 
2.5601 -1.3842 0.9301 0.8888 0.8740 
2.5701 -1.3866 0.9101 0.9068 0.8639 
2.5801 -1.3912 0.9701 0.8464 0.8595 
2.5501 -1.3878 0.9301 0.8862 0.8809 
2.5401 -1.3873 0.9801 0.8376 0.8932 
2.5401 -1.3984 0.9501 0.8603 0.8876 
2.5401 -1.3873 0.9801 0.8376 0.8932 
2.5301 -1.3975 0.9601 0.8509 0.8966 
2.5401 -1.3984 0.9501 0.8603 0.8876 
2.5301 -1.3975 0.9601 0.8509 0.8966 
2.5401 -1.3873 0.9801 0.8376 0.8932 
2.5401 -1.3857 0.9901 0.8287 0.8945 
2.5401 -1.3873 0.9801 0.8376 0.8932 
2.5401 -1.3980 1.0001 0.8118 0.8920 
2.5401 -1.3857 0.9901 0.8287 0.8945 
2.5601 -1.3842 0.9301 0.8888 0.8740 
2.5601 -1.3799 0.9801 0.8426 0.8793 
2.5501 -1.3878 0.9301 0.8862 0.8809 
2.5501 -1.3878 0.9301 0.8862 0.8809 
2.5601 -1.3799 0.9801 0.8426 0.8793 
2.5401 -1.3873 0.9801 0.8376 0.8932 
2.5601 -1.3842 0.9301 0.8888 0.8740 
2.5801 -1.3912 0.9701 0.8464 0.8595 
2.5601 -1.3799 0.9801 0.8426 0.8793 
2.5801 -1.3912 0.9701 0.8464 0.8595 
2.5801 -1.3848 1.0001 0.8205 0.8636 
2.5601 -1.3799 0.9801 0.8426 0.8793 
2.5401 -1.3980 1.0001 0.8118 0.8920 
2.5401 -1.3873 0.9801 0.8376 0.8932 
2.5601 -1.3799 0.9801 0.8426 0.8793 
2.5801 -1.3848 1.0001 0.8205 0.8636 
2.5701 -1.3819 1.0101 0.8120 0.8732 
2.5601 -1.3799 0.9801 0.8426 0.8793 
2.5601 -1.3824 1.0201 0.8014 0.8820 
2.5401 -1.3980 1.0001 0.8118 0.8920 
2.5601 -1.3799 0.9801 0.8426 0.8793 
2.5601 -1.3799 0.9801 0.8426 0.8793 
2.5701 -1.3819 1.0101 0.8120 0.8732 
2.5601 -1.3824 1.0201 0.8014 0.8820 
2.5801 -1.3894 1.0301 0.7880 0.8648 
2.5701 -1.3819 1.0101 0.8120 0.8732 
2.5801 -1.3848 1.0001 0.8205 0.8636 
2.5601 -1.3824 1.0201 0.8014 0.8820 
2.5701 -1.3819 1.0101 0.8120 0.8732 
2.5601 -1.3700 1.0301 0.7984 0.8863 
2.5601 -1.3700 1.0301 0.7984 0.8863 
2.5701 -1.3819 1.0101 0.8120 0.8732 
2.5801 -1.3894 1.0301 0.7880 0.8648 
2.5801 -1.3894 1.0301 0.7880 0.8648 
2.5701 -1.3822 1.0501 0.7715 0.8765 
2.5601 -1.3700 1.0301 0.7984 0.8863 
2.5801 -1.3854 1.0601 0.7598 0.8683 
2.5701 -1.3822 1.0501 0.7715 0.8765 
2.5801 -1.3894 1.0301 0.7880 0.8648 
2.5601 -1.3806 1.0701 0.7517 0.8868 
2.5601 -1.3700 1.0301 0.7984 0.8863 
2.5701 -1.3822 1.0501 0.7715 0.8765 
2.5825 -1.3999 1.0801 0.7317 0.8641 
2.5801 -1.3833 1.0701 0.7508 0.8698 
2.5801 -1.3854 1.0601 0.7598 0.8683 
2.5801 -1.3854 1.0601 0.7598 0.8683 
2.5801 -1.3833 1.0701 0.7508 0.8698 
2.5701 -1.3822 1.0501 0.7715 0.8765 
2.5701 -1.3822 1.0501 0.7715 0.8765 
2.5801 -1.3833 1.0701 0.7508 0.8698 
2.5601 -1.3806 1.0701 0.7517 0.8868 
2.5825 -1.3999 1.0801 0.7317 0.8641 
2.5601 -1.3806 1.0701 0.7517 0.8868 
2.5801 -1.3833 1.0701 0.7508 0.8698 
2.8501 -1.4054 0.8701 0.9419 0.6386 
2.8329 -1.4099 0.8701 0.9385 0.6515 
2.8401 -1.4099 0.8717 0.9372 0.6459 
2.8701 -1.3581 0.8901 0.9542 0.6290 
2.8879 -1.3399 0.8801 0.9768 0.6163 
2.8747 -1.3599 0.8701 0.9724 0.6245 
2.8601 -1.3899 0.9001 0.9237 0.6335 
2.8601 -1.3899 0.9001 0.9237 0.6335 
2.8601 -1.3899 0.9001 0.9237 0.6335 
2.8601 -1.3899 0.9001 0.9237 0.6335 
2.8601 -1.3899 0.9001 0.9237 0.6335 
2.8647 -1.3799 0.9001 0.9302 0.6310 
2.8601 -1.3899 0.9001 0.9237 0.6335 
2.8647 -1.3799 0.9001 0.9302 0.6310 
2.8714 -1.3999 0.8801 0.9367 0.6228 
3.0001 -1.4012 0.9701 0.8534 0.5214 
3.0101 -1.4016 0.9701 0.8534 0.5133 
3.0001 -1.4007 0.9801 0.8438 0.5215 
2.8601 -1.4076 1.0101 0.8059 0.6345 
2.8601 -1.4024 1.0001 0.8188 0.6349 
2.8701 -1.4199 1.0026 0.8066 0.6248 
2.8601 -1.4076 1.0101 0.8059 0.6345 
2.8701 -1.4199 1.0026 0.8066 0.6248 
2.8601 -1.4057 1.0301 0.7870 0.6354 
2.8601 -1.4057 1.0301 0.7870 0.6354 
2.8701 -1.4199 1.0026 0.8066 0.6248 
2.8801 -1.4076 1.0101 0.8064 0.6184 
2.8801 -1.4076 1.0101 0.8064 0.6184 
2.8901 -1.4109 1.0401 0.7749 0.6107 
2.8601 -1.4057 1.0301 0.7870 0.6354 
2.8601 -1.4057 1.0301 0.7870 0.6354 
2.8301 -1.4091 1.0501 0.7641 0.6599 
2.8601 -1.4076 1.0101 0.8059 0.6345 
2.8801 -1.4080 1.0401 0.7762 0.6191 
2.8601 -1.4057 1.0301 0.7870 0.6354 
2.8901 -1.4109 1.0401 0.7749 0.6107 
2.8601 -1.4057 1.0301 0.7870 0.6354 
2.8601 -1.4083 1.0601 0.7553 0.6359 
2.8301 -1.4091 1.0501 0.7641 0.6599 
2.8801 -1.4080 1.0401 0.7762 0.6191 
2.8601 -1.4083 1.0601 0.7553 0.6359 
2.8601 -1.4057 1.0301 0.7870 0.6354 
2.8301 -1.4091 1.0501 0.7641 0.6599 
2.8401 -1.4072 1.0801 0.7349 0.6530 
2.8201 -1.4012 1.0801 0.7376 0.6703 
2.8601 -1.4101 1.0901 0.7237 0.6366 
2.8401 -1.4180 1.1101 0.6984 0.6526 
2.8401 -1.4072 1.0801 0.7349 0.6530 
2.8401 -1.4072 1.0801 0.7349 0.6530 
2.8401 -1.4180 1.1101 0.6984 0.6526 
2.8201 -1.4012 1.0801 0.7376 0.6703 
2.8201 -1.4129 1.1201 0.6901 0.6701 
2.8201 -1.3988 1.1001 0.7182 0.6714 
2.8201 -1.4012 1.0801 0.7376 0.6703 
2.8201 -1.4012 1.0801 0.7376 0.6703 
2.8401 -1.4180 1.1101 0.6984 0.6526 
2.8201 -1.4129 1.1201 0.6901 0.6701 
2.8801 -1.4080 1.0401 0.7762 0.6191 
2.8801 -1.4124 1.0601 0.7536 0.6192 
2.8601 -1.4083 1.0601 0.7553 0.6359 
2.8801 -1.4124 1.0601 0.7536 0.6192 
2.8801 -1.4080 1.0401 0.7762 0.6191 
2.8901 -1.4109 1.0401 0.7749 0.6107 
2.8601 -1.4083 1.0601 0.7553 0.6359 
2.8801 -1.4124 1.0601 0.7536 0.6192 
2.8401 -1.4072 1.0801 0.7349 0.6530 
2.8601 -1.4083 1.0601 0.7553 0.6359 
2.8401 -1.4072 1.0801 0.7349 0.6530 
2.8301 -1.4091 1.0501 0.7641 0.6599 
2.8801 -1.4157 1.1001 0.7110 0.6198 
2.8401 -1.4072 1.0801 0.7349 0.6530 
2.8801 -1.4124 1.0601 0.7536 0.6192 
2.8401 -1.4072 1.0801 0.7349 0.6530 
2.8701 -1.4121 1.1101 0.7023 0.6288 
2.8601 -1.4101 1.0901 0.7237 0.6366 
2.8401 -1.4072 1.0801 0.7349 0.6530 
2.8801 -1.4157 1.1001 0.7110 0.6198 
2.8701 -1.4121 1.1101 0.7023 0.6288 
2.8601 -1.4219 1.1001 0.7073 0.6354 
2.8601 -1.4101 1.0901 0.7237 0.6366 
2.8701 -1.4121 1.1101 0.7023 0.6288 
2.7651 -1.4099 1.1801 0.6271 0.7187 
2.7801 -1.4046 1.1901 0.6193 0.7076 
2.7703 -1.3999 1.1801 0.6320 0.7161 
2.7801 -1.4046 1.1901 0.6193 0.7076 
2.7801 -1.4099 1.1954 0.6111 0.7069 
2.7703 -1.3999 1.1801 0.6320 0.7161 
2.7592 -1.3999 1.2001 0.6102 0.7264 
2.7703 -1.3999 1.1801 0.6320 0.7161 
2.7801 -1.4099 1.1954 0.6111 0.7069 
2.8601 -1.4101 1.0901 0.7237 0.6366 
2.8501 -1.4176 1.1201 0.6886 0.6448 
2.8401 -1.4180 1.1101 0.6984 0.6526 
2.8401 -1.4180 1.1101 0.6984 0.6526 
2.8501 -1.4176 1.1201 0.6886 0.6448 
2.8401 -1.4085 1.1201 0.6929 0.6542 
2.8301 -1.4062 1.1401 0.6729 0.6635 
2.8201 -1.4129 1.1201 0.6901 0.6701 
2.8401 -1.4180 1.1101 0.6984 0.6526 
2.8401 -1.4085 1.1201 0.6929 0.6542 
2.8301 -1.4062 1.1401 0.6729 0.6635 
2.8401 -1.4180 1.1101 0.6984 0.6526 
2.8101 -1.4069 1.1301 0.6825 0.6796 
2.8201 -1.4129 1.1201 0.6901 0.6701 
2.8301 -1.4062 1.1401 0.6729 0.6635 
2.8501 -1.4176 1.1201 0.6886 0.6448 
2.8501 -1.4117 1.1401 0.6707 0.6462 
2.8401 -1.4085 1.1201 0.6929 0.6542 
2.8401 -1.4085 1.1201 0.6929 0.6542 
2.8501 -1.4117 1.1401 0.6707 0.6462 
2.8301 -1.4062 1.1401 0.6729 0.6635 
2.8301 -1.4120 1.1501 0.6595 0.6631 
2.8301 -1.4062 1.1401 0.6729 0.6635 
2.8501 -1.4084 1.1701 0.6406 0.6477 
2.8501 -1.4084 1.1701 0.6406 0.6477 
2.8301 -1.4062 1.1401 0.6729 0.6635 
2.8501 -1.4117 1.1401 0.6707 0.6462 
2.9001 -1.4279 1.1001 0.7053 0.6022 
2.9001 -1.4422 1.1201 0.6776 0.6011 
2.8801 -1.4157 1.1001 0.7110 0.6198 
2.8501 -1.4176 1.1201 0.6886 0.6448 
2.8601 -1.4101 1.0901 0.7237 0.6366 
2.8601 -1.4219 1.1001 0.7073 0.6354 
2.8501 -1.4176 1.1201 0.6886 0.6448 
2.8601 -1.4219 1.1001 0.7073 0.6354 
2.8701 -1.4173 1.1201 0.6893 0.6284 
2.8801 -1.4157 1.1001 0.7110 0.6198 
2.9001 -1.4422 1.1201 0.6776 0.6011 
2.8701 -1.4121 1.1101 0.7023 0.6288 
2.8701 -1.4173 1.1201 0.6893 0.6284 
2.8601 -1.4219 1.1001 0.7073 0.6354 
2.8701 -1.4121 1.1101 0.7023 0.6288 
2.8701 -1.4121 1.1101 0.7023 0.6288 
2.8901 -1.4259 1.1401 0.6647 0.6115 
2.8701 -1.4173 1.1201 0.6893 0.6284 
2.8901 -1.4259 1.1401 0.6647 0.6115 
2.8701 -1.4121 1.1101 0.7023 0.6288 
2.9001 -1.4422 1.1201 0.6776 0.6011 
2.8701 -1.4173 1.1201 0.6893 0.6284 
2.8701 -1.4128 1.1401 0.6706 0.6295 
2.8501 -1.4176 1.1201 0.6886 0.6448 
2.8901 -1.4259 1.1401 0.6647 0.6115 
2.8701 -1.4128 1.1401 0.6706 0.6295 
2.8701 -1.4173 1.1201 0.6893 0.6284 
2.8501 -1.4117 1.1401 0.6707 0.6462 
2.8501 -1.4176 1.1201 0.6886 0.6448 
2.8564 -1.4099 1.1601 0.6506 0.6419 
2.8564 -1.4099 1.1601 0.6506 0.6419 
2.8501 -1.4176 1.1201 0.6886 0.6448 
2.8701 -1.4128 1.1401 0.6706 0.6295 
2.8564 -1.4099 1.1601 0.6506 0.6419 
2.8501 -1.4084 1.1701 0.6406 0.6477 
2.8501 -1.4117 1.1401 0.6707 0.6462 
2.8901 -1.4314 1.1501 0.6516 0.6111 
2.8701 -1.4128 1.1401 0.6706 0.6295 
2.8901 -1.4259 1.1401 0.6647 0.6115 
2.8501 -1.4091 1.1901 0.6189 0.6482 
2.7651 -1.4099 1.1801 0.6271 0.7187 
2.8401 -1.4142 1.1801 0.6269 0.6555 
2.7801 -1.4046 1.1901 0.6193 0.7076 
2.7651 -1.4099 1.1801 0.6271 0.7187 
2.8501 -1.4091 1.1901 0.6189 0.6482 
2.8501 -1.4091 1.1901 0.6189 0.6482 
2.8301 -1.4166 1.2001 0.6042 0.6643 
2.7801 -1.4099 1.1954 0.6111 0.7069 
2.7801 -1.4046 1.1901 0.6193 0.7076 
2.8501 -1.4091 1.1901 0.6189 0.6482 
2.7801 -1.4099 1.1954 0.6111 0.7069 
2.8701 -1.4159 1.1701 0.6375 0.6300 
2.8701 -1.4128 1.1401 0.6706 0.6295 
2.8901 -1.4314 1.1501 0.6516 0.6111 
2.8901 -1.4314 1.1501 0.6516 0.6111 
2.8801 -1.4268 1.1901 0.6113 0.6209 
2.8701 -1.4159 1.1701 0.6375 0.6300 
2.8601 -1.4099 1.1701 0.6401 0.6391 
2.8701 -1.4159 1.1701 0.6375 0.6300 
2.8601 -1.4099 1.1701 0.6401 0.6391 
2.8601 -1.4099 1.1701 0.6401 0.6391 
2.8564 -1.4099 1.1601 0.6506 0.6419 
2.8701 -1.4159 1.1701 0.6375 0.6300 
2.8564 -1.4099 1.1601 0.6506 0.6419 
2.8701 -1.4128 1.1401 0.6706 0.6295 
2.8701 -1.4159 1.1701 0.6375 0.6300 
2.8564 -1.4099 1.1601 0.6506 0.6419 
2.8601 -1.4099 1.1701 0.6401 0.6391 
2.8601 -1.4099 1.1701 0.6401 0.6391 
2.8564 -1.4099 1.1601 0.6506 0.6419 
2.8601 -1.4099 1.1701 0.6401 0.6391 
2.8501 -1.4084 1.1701 0.6406 0.6477 
2.8601 -1.4099 1.1701 0.6401 0.6391 
2.8601 -1.4099 1.1701 0.6401 0.6391 
2.8601 -1.4099 1.1701 0.6401 0.6391 
2.8601 -1.4099 1.1701 0.6401 0.6391 
2.8501 -1.4131 1.2001 0.6062 0.6480 
2.8501 -1.4084 1.1701 0.6406 0.6477 
2.8601 -1.4111 1.1801 0.6289 0.6393 
2.8501 -1.4131 1.2001 0.6062 0.6480 
2.8601 -1.4099 1.1701 0.6401 0.6391 
2.8601 -1.4099 1.1701 0.6401 0.6391 
2.8601 -1.4111 1.1801 0.6289 0.6393 
2.8601 -1.4099 1.1701 0.6401 0.6391 
2.8601 -1.4099 1.1701 0.6401 0.6391 
2.8701 -1.4159 1.1701 0.6375 0.6300 
2.8601 -1.4111 1.1801 0.6289 0.6393 
2.8501 -1.4084 1.1701 0.6406 0.6477 
2.8601 -1.4099 1.1701 0.6401 0.6391 
2.8601 -1.4099 1.1701 0.6401 0.6391 
2.8601 -1.4099 1.1701 0.6401 0.6391 
2.8601 -1.4099 1.1701 0.6401 0.6391 
2.8601 -1.4099 1.1701 0.6401 0.6391 
2.8701 -1.4159 1.1701 0.6375 0.6300 
2.8701 -1.4130 1.1901 0.6175 0.6310 
2.8601 -1.4111 1.1801 0.6289 0.6393 
2.8801 -1.4268 1.1901 0.6113 0.6209 
2.8701 -1.4130 1.1901 0.6175 0.6310 
2.8701 -1.4159 1.1701 0.6375 0.6300 
2.8601 -1.4111 1.1801 0.6289 0.6393 
2.8601 -1.4163 1.2101 0.5942 0.6395 
2.8501 -1.4131 1.2001 0.6062 0.6480 
2.8701 -1.4130 1.1901 0.6175 0.6310 
2.8801 -1.4268 1.1901 0.6113 0.6209 
2.8601 -1.4163 1.2101 0.5942 0.6395 
2.8701 -1.4130 1.1901 0.6175 0.6310 
2.8601 -1.4163 1.2101 0.5942 0.6395 
2.8601 -1.4111 1.1801 0.6289 0.6393 
2.7687 -1.3999 1.2001 0.6104 0.7185 
2.7601 -1.3999 1.1894 0.6218 0.7252 
2.7601 -1.3958 1.2001 0.6122 0.7265 
2.7601 -1.3699 1.1852 0.6409 0.7306 
2.7701 -1.3799 1.1907 0.6302 0.7205 
2.7400 -1.3799 1.2001 0.6192 0.7466 
2.9001 -1.4023 1.0801 0.7392 0.6044 
2.9001 -1.4040 1.0701 0.7486 0.6040 
2.9101 -1.3973 1.0801 0.7422 0.5967 
2.9401 -1.3675 1.1001 0.7385 0.5748 
2.9501 -1.3746 1.1001 0.7349 0.5657 
2.9401 -1.3637 1.1101 0.7300 0.5753 
3.0201 -1.2504 0.9401 0.9851 0.5124 
3.0101 -1.2462 0.9401 0.9878 0.5215 
3.0101 -1.2485 0.9301 0.9966 0.5213 
2.7601 -1.4169 1.2501 0.5482 0.7251 
2.7701 -1.4167 1.2501 0.5485 0.7168 
2.7601 -1.4190 1.2701 0.5253 0.7258 
2.7701 -1.4399 1.2911 0.4940 0.7146 
2.7501 -1.4499 1.2849 0.4965 0.7291 
2.7601 -1.4199 1.2790 0.5151 0.7261 
2.8801 -1.4268 1.1901 0.6113 0.6209 
2.8801 -1.4299 1.2201 0.5778 0.6214 
2.8601 -1.4163 1.2101 0.5942 0.6395 
2.8801 -1.4299 1.2201 0.5778 0.6214 
2.8801 -1.4299 1.2201 0.5778 0.6214 
2.8801 -1.4299 1.2201 0.5778 0.6214 
2.8801 -1.4299 1.2201 0.5778 0.6214 
2.8701 -1.4227 1.2201 0.5808 0.6306 
2.8601 -1.4163 1.2101 0.5942 0.6395 
2.8801 -1.4299 1.2201 0.5778 0.6214 
2.8801 -1.4299 1.2201 0.5778 0.6214 
2.8701 -1.4227 1.2201 0.5808 0.6306 
2.8601 -1.4163 1.2101 0.5942 0.6395 
2.8601 -1.4126 1.2501 0.5523 0.6413 
2.8501 -1.4131 1.2001 0.6062 0.6480 
2.8701 -1.4227 1.2201 0.5808 0.6306 
2.8601 -1.4126 1.2501 0.5523 0.6413 
2.8601 -1.4163 1.2101 0.5942 0.6395 
2.8801 -1.4299 1.2201 0.5778 0.6214 
2.8801 -1.4299 1.2201 0.5778 0.6214 
2.8801 -1.4299 1.2201 0.5778 0.6214 
2.8801 -1.4299 1.2201 0.5778 0.6214 
2.8801 -1.4299 1.2201 0.5778 0.6214 
2.8801 -1.4286 1.2301 0.5676 0.6218 
2.8801 -1.4299 1.2201 0.5778 0.6214 
2.8801 -1.4286 1.2301 0.5676 0.6218 
2.8701 -1.4227 1.2201 0.5808 0.6306 
2.8701 -1.4227 1.2201 0.5808 0.6306 
2.8801 -1.4275 1.2501 0.5463 0.6225 
2.8601 -1.4126 1.2501 0.5523 0.6413 
2.8801 -1.4286 1.2301 0.5676 0.6218 
2.8801 -1.4275 1.2501 0.5463 0.6225 
2.8701 -1.4227 1.2201 0.5808 0.6306 
2.8501 -1.4156 1.2701 0.5287 0.6501 
2.8701 -1.4234 1.3001 0.4925 0.6330 
2.8401 -1.4106 1.3001 0.4970 0.6604 
2.8701 -1.4205 1.2801 0.5160 0.6327 
2.8701 -1.4234 1.3001 0.4925 0.6330 
2.8501 -1.4156 1.2701 0.5287 0.6501 
2.8701 -1.4205 1.2801 0.5160 0.6327 
2.9001 -1.4433 1.3001 0.4854 0.6051 
2.8701 -1.4234 1.3001 0.4925 0.6330 
2.7464 -1.3999 1.2201 0.5882 0.7383 
2.7493 -1.3799 1.2201 0.5975 0.7398 
2.7501 -1.3899 1.2181 0.5950 0.7370 
2.7701 -1.3808 1.2001 0.6195 0.7208 
2.8001 -1.3860 1.2001 0.6178 0.6943 
2.7901 -1.3801 1.2101 0.6094 0.7044 
2.7701 -1.3808 1.2001 0.6195 0.7208 
2.7901 -1.3801 1.2101 0.6094 0.7044 
2.7501 -1.3824 1.2101 0.6073 0.7381 
2.7901 -1.3801 1.2101 0.6094 0.7044 
2.7801 -1.3845 1.2301 0.5851 0.7131 
2.7501 -1.3824 1.2101 0.6073 0.7381 
2.7901 -1.3832 1.2201 0.5970 0.7043 
2.7901 -1.4058 1.2301 0.5756 0.7008 
2.7801 -1.3845 1.2301 0.5851 0.7131 
2.7901 -1.3832 1.2201 0.5970 0.7043 
2.7801 -1.3845 1.2301 0.5851 0.7131 
2.7901 -1.3801 1.2101 0.6094 0.7044 
2.7801 -1.3845 1.2301 0.5851 0.7131 
2.7901 -1.3848 1.2401 0.5741 0.7050 
2.7501 -1.3824 1.2101 0.6073 0.7381 
2.7501 -1.3824 1.2101 0.6073 0.7381 
2.7901 -1.3848 1.2401 0.5741 0.7050 
2.7501 -1.3791 1.2501 0.5646 0.7410 
2.7901 -1.4058 1.2301 0.5756 0.7008 
2.7901 -1.3848 1.2401 0.5741 0.7050 
2.7801 -1.3845 1.2301 0.5851 0.7131 
2.7201 -1.3999 1.2645 0.5387 0.7632 
2.7201 -1.3899 1.2626 0.5451 0.7652 
2.7449 -1.3899 1.2501 0.5596 0.7433 
2.7501 -1.3999 1.2739 0.5289 0.7382 
2.7501 -1.3925 1.2501 0.5586 0.7383 
2.7529 -1.3999 1.2501 0.5554 0.7345 
2.8901 -1.4399 1.3269 0.4566 0.6147 
2.9001 -1.4622 1.3301 0.4451 0.6038 
2.8901 -1.4446 1.3401 0.4401 0.6145 
2.8901 -1.4446 1.3401 0.4401 0.6145 
2.9001 -1.4622 1.3301 0.4451 0.6038 
2.9001 -1.4584 1.3501 0.4242 0.6047 
2.8901 -1.4446 1.3401 0.4401 0.6145 
2.9001 -1.4584 1.3501 0.4242 0.6047 
2.8801 -1.4486 1.3501 0.4273 0.6228 
2.8401 -1.4126 1.3101 0.4850 0.6605 
2.8201 -1.4084 1.3201 0.4749 0.6788 
2.8401 -1.4106 1.3001 0.4970 0.6604 
2.8401 -1.4126 1.3101 0.4850 0.6605 
2.8601 -1.4210 1.3301 0.4595 0.6428 
2.8201 -1.4084 1.3201 0.4749 0.6788 
2.8601 -1.4210 1.3301 0.4595 0.6428 
2.8301 -1.4125 1.3301 0.4621 0.6699 
2.8201 -1.4084 1.3201 0.4749 0.6788 
2.8301 -1.4125 1.3301 0.4621 0.6699 
2.8301 -1.4163 1.3501 0.4379 0.6701 
2.8201 -1.4173 1.3401 0.4488 0.6782 
2.8601 -1.4210 1.3301 0.4595 0.6428 
2.8701 -1.4264 1.3601 0.4236 0.6344 
2.8301 -1.4125 1.3301 0.4621 0.6699 
2.8201 -1.3701 1.3301 0.4786 0.6855 
2.8301 -1.4125 1.3301 0.4621 0.6699 
2.8201 -1.4173 1.3401 0.4488 0.6782 
2.8701 -1.4264 1.3601 0.4236 0.6344 
2.8301 -1.4163 1.3501 0.4379 0.6701 
2.8301 -1.4125 1.3301 0.4621 0.6699 
2.8201 -1.3999 1.3501 0.4438 0.6814 
2.8201 -1.4173 1.3401 0.4488 0.6782 
2.8301 -1.4163 1.3501 0.4379 0.6701 
2.8801 -1.4548 1.3101 0.4695 0.6209 
2.8701 -1.4369 1.3101 0.4761 0.6315 
2.8701 -1.4234 1.3001 0.4925 0.6330 
2.8801 -1.4548 1.3101 0.4695 0.6209 
2.8701 -1.4234 1.3001 0.4925 0.6330 
2.8901 -1.4417 1.3101 0.4747 0.6140 
2.8701 -1.4234 1.3001 0.4925 0.6330 
2.9001 -1.4433 1.3001 0.4854 0.6051 
2.8901 -1.4417 1.3101 0.4747 0.6140 
2.8701 -1.4234 1.3001 0.4925 0.6330 
2.8701 -1.4369 1.3101 0.4761 0.6315 
2.8401 -1.4126 1.3101 0.4850 0.6605 
2.8401 -1.4126 1.3101 0.4850 0.6605 
2.8401 -1.4106 1.3001 0.4970 0.6604 
2.8701 -1.4234 1.3001 0.4925 0.6330 
2.8901 -1.4417 1.3101 0.4747 0.6140 
2.8901 -1.4399 1.3269 0.4566 0.6147 
2.8801 -1.4548 1.3101 0.4695 0.6209 
2.8901 -1.4399 1.3269 0.4566 0.6147 
2.8901 -1.4417 1.3101 0.4747 0.6140 
2.9001 -1.4349 1.3201 0.4663 0.6066 
2.8401 -1.4126 1.3101 0.4850 0.6605 
2.8701 -1.4287 1.3301 0.4568 0.6332 
2.8601 -1.4210 1.3301 0.4595 0.6428 
2.8701 -1.4369 1.3101 0.4761 0.6315 
2.8701 -1.4287 1.3301 0.4568 0.6332 
2.8401 -1.4126 1.3101 0.4850 0.6605 
2.8801 -1.4486 1.3501 0.4273 0.6228 
2.8701 -1.4369 1.3101 0.4761 0.6315 
2.8801 -1.4548 1.3101 0.4695 0.6209 
2.8901 -1.4399 1.3269 0.4566 0.6147 
2.8801 -1.4486 1.3501 0.4273 0.6228 
2.8801 -1.4548 1.3101 0.4695 0.6209 
2.8901 -1.4399 1.3269 0.4566 0.6147 
2.9001 -1.4349 1.3201 0.4663 0.6066 
2.9001 -1.4622 1.3301 0.4451 0.6038 
2.8701 -1.4287 1.3301 0.4568 0.6332 
2.8701 -1.4369 1.3101 0.4761 0.6315 
2.8801 -1.4486 1.3501 0.4273 0.6228 
2.8901 -1.4399 1.3269 0.4566 0.6147 
2.8901 -1.4446 1.3401 0.4401 0.6145 
2.8801 -1.4486 1.3501 0.4273 0.6228 
2.8701 -1.4287 1.3301 0.4568 0.6332 
2.8701 -1.4264 1.3601 0.4236 0.6344 
2.8601 -1.4210 1.3301 0.4595 0.6428 
2.8701 -1.4287 1.3301 0.4568 0.6332 
2.8801 -1.4486 1.3501 0.4273 0.6228 
2.8701 -1.4264 1.3601 0.4236 0.6344 
2.8801 -1.4486 1.3501 0.4273 0.6228 
2.9001 -1.4584 1.3501 0.4242 0.6047 
2.9001 -1.4603 1.3601 0.4123 0.6047 
2.8089 -1.3699 1.4201 0.3715 0.6998 
2.8111 -1.4099 1.3801 0.4053 0.6890 
2.8127 -1.4099 1.4001 0.3820 0.6885 
2.8801 -1.4486 1.3501 0.4273 0.6228 
2.9001 -1.4603 1.3601 0.4123 0.6047 
2.8901 -1.4299 1.3696 0.4119 0.6170 
2.8701 -1.4264 1.3601 0.4236 0.6344 
2.8601 -1.4178 1.3701 0.4150 0.6446 
2.8301 -1.4163 1.3501 0.4379 0.6701 
2.8601 -1.4178 1.3701 0.4150 0.6446 
2.8501 -1.4149 1.3701 0.4158 0.6537 
2.8301 -1.4163 1.3501 0.4379 0.6701 
2.8901 -1.4299 1.3696 0.4119 0.6170 
2.8701 -1.4264 1.3601 0.4236 0.6344 
2.8801 -1.4486 1.3501 0.4273 0.6228 
2.8901 -1.4299 1.3696 0.4119 0.6170 
2.8601 -1.4178 1.3701 0.4150 0.6446 
2.8701 -1.4264 1.3601 0.4236 0.6344 
2.8601 -1.4178 1.3701 0.4150 0.6446 
2.8601 -1.4227 1.3901 0.3902 0.6446 
2.8501 -1.4149 1.3701 0.4158 0.6537 
2.8601 -1.4227 1.3901 0.3902 0.6446 
2.8701 -1.4355 1.3901 0.3861 0.6342 
2.8701 -1.4252 1.4101 0.3663 0.6362 
2.8601 -1.4227 1.3901 0.3902 0.6446 
2.8601 -1.4227 1.4101 0.3669 0.6453 
2.8501 -1.4149 1.3701 0.4158 0.6537 
2.8601 -1.4227 1.3901 0.3902 0.6446 
2.8701 -1.4252 1.4101 0.3663 0.6362 
2.8601 -1.4227 1.4101 0.3669 0.6453 
2.8001 -1.3999 1.3059 0.4940 0.6968 
2.8001 -1.3971 1.3101 0.4903 0.6975 
2.7959 -1.3999 1.3101 0.4891 0.7007 
2.8201 -1.4084 1.3201 0.4749 0.6788 
2.8301 -1.4125 1.3301 0.4621 0.6699 
2.8201 -1.3701 1.3301 0.4786 0.6855 
2.9901 -1.4675 1.2901 0.4888 0.5275 
2.9801 -1.4599 1.3025 0.4779 0.5364 
2.9501 -1.4694 1.2901 0.4873 0.5606 
3.0101 -1.4669 1.2901 0.4894 0.5109 
3.0301 -1.4649 1.3001 0.4797 0.4942 
3.0001 -1.4665 1.3101 0.4675 0.5193 
3.0301 -1.4649 1.3001 0.4797 0.4942 
3.0101 -1.4669 1.2901 0.4894 0.5109 
3.0601 -1.4616 1.2901 0.4925 0.4692 
3.0601 -1.4616 1.2901 0.4925 0.4692 
3.0501 -1.4598 1.3101 0.4710 0.4775 
3.0301 -1.4649 1.3001 0.4797 0.4942 
3.0601 -1.4616 1.2901 0.4925 0.4692 
3.0701 -1.4692 1.3001 0.4788 0.4606 
3.0501 -1.4598 1.3101 0.4710 0.4775 
2.9410 -1.4499 1.3001 0.4836 0.5700 
2.9501 -1.4694 1.2901 0.4873 0.5606 
2.9401 -1.4599 1.3101 0.4688 0.5701 
2.9401 -1.4599 1.3101 0.4688 0.5701 
2.9501 -1.4694 1.2901 0.4873 0.5606 
2.9601 -1.4743 1.3101 0.4638 0.5522 
2.9201 -1.4536 1.3001 0.4818 0.5872 
2.9301 -1.4536 1.3101 0.4710 0.5790 
2.9201 -1.4558 1.3201 0.4589 0.5874 
2.9410 -1.4499 1.3001 0.4836 0.5700 
2.9401 -1.4599 1.3101 0.4688 0.5701 
2.9201 -1.4536 1.3001 0.4818 0.5872 
2.9401 -1.4599 1.3101 0.4688 0.5701 
2.9301 -1.4536 1.3101 0.4710 0.5790 
2.9201 -1.4536 1.3001 0.4818 0.5872 
2.9401 -1.4599 1.3101 0.4688 0.5701 
2.9410 -1.4499 1.3001 0.4836 0.5700 
2.9401 -1.4599 1.3101 0.4688 0.5701 
2.9601 -1.4743 1.3101 0.4638 0.5522 
2.9501 -1.4756 1.3301 0.4413 0.5607 
2.9401 -1.4689 1.3201 0.4545 0.5694 
2.9401 -1.4689 1.3201 0.4545 0.5694 
2.9201 -1.4558 1.3201 0.4589 0.5874 
2.9401 -1.4599 1.3101 0.4688 0.5701 
2.9401 -1.4689 1.3201 0.4545 0.5694 
2.9401 -1.4599 1.3101 0.4688 0.5701 
2.9401 -1.4599 1.3101 0.4688 0.5701 
2.9401 -1.4689 1.3201 0.4545 0.5694 
2.9401 -1.4599 1.3101 0.4688 0.5701 
2.9601 -1.4743 1.3101 0.4638 0.5522 
2.9301 -1.4536 1.3101 0.4710 0.5790 
2.9401 -1.4599 1.3101 0.4688 0.5701 
2.9401 -1.4599 1.3101 0.4688 0.5701 
2.9201 -1.4558 1.3201 0.4589 0.5874 
2.9301 -1.4536 1.3101 0.4710 0.5790 
2.9401 -1.4599 1.3101 0.4688 0.5701 
2.9401 -1.4599 1.3101 0.4688 0.5701 
2.9401 -1.4599 1.3101 0.4688 0.5701 
2.9401 -1.4599 1.3101 0.4688 0.5701 
2.9401 -1.4689 1.3201 0.4545 0.5694 
2.9501 -1.4756 1.3301 0.4413 0.5607 
2.9201 -1.4558 1.3201 0.4589 0.5874 
2.9201 -1.4558 1.3201 0.4589 0.5874 
2.9501 -1.4756 1.3301 0.4413 0.5607 
2.9301 -1.4645 1.3301 0.4448 0.5784 
2.9001 -1.4584 1.3501 0.4242 0.6047 
2.9001 -1.4622 1.3301 0.4451 0.6038 
2.9028 -1.4599 1.3401 0.4349 0.6020 
2.9501 -1.4756 1.3301 0.4413 0.5607 
2.9301 -1.4393 1.3401 0.4428 0.5809 
2.9301 -1.4645 1.3301 0.4448 0.5784 
2.9501 -1.4756 1.3301 0.4413 0.5607 
2.9501 -1.4704 1.3401 0.4321 0.5612 
2.9301 -1.4393 1.3401 0.4428 0.5809 
2.9028 -1.4599 1.3401 0.4349 0.6020 
2.9101 -1.4345 1.3501 0.4328 0.5987 
2.9001 -1.4584 1.3501 0.4242 0.6047 
2.9801 -1.4599 1.3025 0.4779 0.5364 
2.9601 -1.4743 1.3101 0.4638 0.5522 
2.9501 -1.4694 1.2901 0.4873 0.5606 
2.9601 -1.4743 1.3101 0.4638 0.5522 
2.9801 -1.4599 1.3025 0.4779 0.5364 
2.9901 -1.4635 1.3101 0.4684 0.5278 
2.9801 -1.4599 1.3025 0.4779 0.5364 
2.9901 -1.4675 1.2901 0.4888 0.5275 
2.9901 -1.4635 1.3101 0.4684 0.5278 
2.9901 -1.4635 1.3101 0.4684 0.5278 
2.9901 -1.4675 1.2901 0.4888 0.5275 
3.0101 -1.4669 1.2901 0.4894 0.5109 
2.9901 -1.4635 1.3101 0.4684 0.5278 
3.0101 -1.4669 1.2901 0.4894 0.5109 
3.0001 -1.4665 1.3101 0.4675 0.5193 
2.9601 -1.4743 1.3101 0.4638 0.5522 
2.9901 -1.4635 1.3101 0.4684 0.5278 
2.9801 -1.4691 1.3301 0.4441 0.5360 
3.0001 -1.4665 1.3101 0.4675 0.5193 
3.0101 -1.4651 1.3301 0.4461 0.5110 
2.9901 -1.4635 1.3101 0.4684 0.5278 
2.9601 -1.4743 1.3101 0.4638 0.5522 
2.9801 -1.4691 1.3301 0.4441 0.5360 
2.9501 -1.4756 1.3301 0.4413 0.5607 
3.0101 -1.4651 1.3301 0.4461 0.5110 
3.0001 -1.4630 1.3301 0.4467 0.5196 
2.9901 -1.4635 1.3101 0.4684 0.5278 
2.9801 -1.4691 1.3301 0.4441 0.5360 
2.9501 -1.4704 1.3401 0.4321 0.5612 
2.9501 -1.4756 1.3301 0.4413 0.5607 
2.9501 -1.4704 1.3401 0.4321 0.5612 
2.9801 -1.4691 1.3301 0.4441 0.5360 
2.9801 -1.4499 1.3506 0.4280 0.5375 
2.9901 -1.4635 1.3101 0.4684 0.5278 
2.9901 -1.4624 1.3401 0.4356 0.5281 
2.9801 -1.4691 1.3301 0.4441 0.5360 
2.9801 -1.4691 1.3301 0.4441 0.5360 
2.9901 -1.4624 1.3401 0.4356 0.5281 
2.9801 -1.4499 1.3506 0.4280 0.5375 
2.9901 -1.4624 1.3401 0.4356 0.5281 
2.9901 -1.4635 1.3101 0.4684 0.5278 
3.0001 -1.4630 1.3301 0.4467 0.5196 
2.9601 -1.4499 1.3511 0.4271 0.5545 
2.9501 -1.4704 1.3401 0.4321 0.5612 
2.9801 -1.4499 1.3506 0.4280 0.5375 
2.9201 -1.4536 1.3001 0.4818 0.5872 
2.9101 -1.4404 1.3101 0.4756 0.5972 
2.9001 -1.4433 1.3001 0.4854 0.6051 
2.9001 -1.4433 1.3001 0.4854 0.6051 
2.9101 -1.4404 1.3101 0.4756 0.5972 
2.8901 -1.4417 1.3101 0.4747 0.6140 
2.9201 -1.4558 1.3201 0.4589 0.5874 
2.9101 -1.4404 1.3101 0.4756 0.5972 
2.9201 -1.4536 1.3001 0.4818 0.5872 
2.9101 -1.4404 1.3101 0.4756 0.5972 
2.9201 -1.4558 1.3201 0.4589 0.5874 
2.9101 -1.4299 1.3301 0.4571 0.5988 
2.9001 -1.4349 1.3201 0.4663 0.6066 
2.8901 -1.4417 1.3101 0.4747 0.6140 
2.9101 -1.4404 1.3101 0.4756 0.5972 
2.9301 -1.4645 1.3301 0.4448 0.5784 
2.9201 -1.4279 1.3301 0.4581 0.5904 
2.9201 -1.4558 1.3201 0.4589 0.5874 
2.9001 -1.4622 1.3301 0.4451 0.6038 
2.9001 -1.4349 1.3201 0.4663 0.6066 
2.9101 -1.4299 1.3301 0.4571 0.5988 
2.9101 -1.4299 1.3301 0.4571 0.5988 
2.9001 -1.4349 1.3201 0.4663 0.6066 
2.9101 -1.4404 1.3101 0.4756 0.5972 
2.9101 -1.4299 1.3301 0.4571 0.5988 
2.9201 -1.4558 1.3201 0.4589 0.5874 
2.9201 -1.4279 1.3301 0.4581 0.5904 
2.9101 -1.4299 1.3301 0.4571 0.5988 
2.9028 -1.4599 1.3401 0.4349 0.6020 
2.9001 -1.4622 1.3301 0.4451 0.6038 
2.9201 -1.4279 1.3301 0.4581 0.5904 
2.9201 -1.4569 1.3401 0.4363 0.5877 
2.9101 -1.4299 1.3301 0.4571 0.5988 
2.9201 -1.4569 1.3401 0.4363 0.5877 
2.9028 -1.4599 1.3401 0.4349 0.6020 
2.9101 -1.4299 1.3301 0.4571 0.5988 
2.9301 -1.4393 1.3401 0.4428 0.5809 
2.9201 -1.4569 1.3401 0.4363 0.5877 
2.9201 -1.4279 1.3301 0.4581 0.5904 
2.9201 -1.4279 1.3301 0.4581 0.5904 
2.9301 -1.4645 1.3301 0.4448 0.5784 
2.9301 -1.4393 1.3401 0.4428 0.5809 
2.9301 -1.4276 1.3501 0.4357 0.5822 
2.9101 -1.4345 1.3501 0.4328 0.5987 
2.9201 -1.4569 1.3401 0.4363 0.5877 
2.9201 -1.4569 1.3401 0.4363 0.5877 
2.9101 -1.4345 1.3501 0.4328 0.5987 
2.9028 -1.4599 1.3401 0.4349 0.6020 
2.9301 -1.4276 1.3501 0.4357 0.5822 
2.9201 -1.4569 1.3401 0.4363 0.5877 
2.9301 -1.4393 1.3401 0.4428 0.5809 
2.9301 -1.4393 1.3401 0.4428 0.5809 
2.9401 -1.4082 1.3501 0.4430 0.5754 
2.9301 -1.4276 1.3501 0.4357 0.5822 
2.9501 -1.4704 1.3401 0.4321 0.5612 
2.9401 -1.4082 1.3501 0.4430 0.5754 
2.9301 -1.4393 1.3401 0.4428 0.5809 
2.9501 -1.4704 1.3401 0.4321 0.5612 
2.9601 -1.4499 1.3511 0.4271 0.5545 
2.9401 -1.4082 1.3501 0.4430 0.5754 
2.9101 -1.4345 1.3501 0.4328 0.5987 
2.9001 -1.4603 1.3601 0.4123 0.6047 
2.9001 -1.4584 1.3501 0.4242 0.6047 
2.9201 -1.4573 1.3601 0.4137 0.5881 
2.9001 -1.4603 1.3601 0.4123 0.6047 
2.9101 -1.4345 1.3501 0.4328 0.5987 
2.9410 -1.4499 1.3601 0.4166 0.5710 
2.9401 -1.4544 1.3601 0.4151 0.5713 
2.9401 -1.4499 1.3591 0.4177 0.5717 
2.9601 -1.4381 1.3501 0.4325 0.5554 
2.9701 -1.4399 1.3536 0.4280 0.5467 
2.9529 -1.4399 1.3501 0.4317 0.5615 
3.0001 -1.4215 1.3601 0.4277 0.5220 
2.9931 -1.4299 1.3501 0.4360 0.5276 
3.0001 -1.4007 1.3501 0.4470 0.5232 
2.9651 -1.4499 1.3701 0.4057 0.5505 
2.9701 -1.4399 1.3663 0.4136 0.5469 
2.9608 -1.4399 1.3701 0.4091 0.5550 
3.0301 -1.4649 1.3001 0.4797 0.4942 
3.0301 -1.4567 1.3201 0.4607 0.4945 
3.0001 -1.4665 1.3101 0.4675 0.5193 
3.0101 -1.4651 1.3301 0.4461 0.5110 
3.0001 -1.4665 1.3101 0.4675 0.5193 
3.0301 -1.4567 1.3201 0.4607 0.4945 
3.0501 -1.4564 1.3201 0.4612 0.4776 
3.0301 -1.4567 1.3201 0.4607 0.4945 
3.0301 -1.4649 1.3001 0.4797 0.4942 
3.0501 -1.4598 1.3101 0.4710 0.4775 
3.0501 -1.4564 1.3201 0.4612 0.4776 
3.0301 -1.4649 1.3001 0.4797 0.4942 
3.0301 -1.4567 1.3201 0.4607 0.4945 
3.0201 -1.4531 1.3301 0.4507 0.5031 
3.0101 -1.4651 1.3301 0.4461 0.5110 
3.0301 -1.4567 1.3201 0.4607 0.4945 
3.0301 -1.4634 1.3501 0.4248 0.4942 
3.0201 -1.4531 1.3301 0.4507 0.5031 
3.0501 -1.4564 1.3201 0.4612 0.4776 
3.0401 -1.4620 1.3401 0.4366 0.4858 
3.0301 -1.4567 1.3201 0.4607 0.4945 
3.0301 -1.4567 1.3201 0.4607 0.4945 
3.0401 -1.4620 1.3401 0.4366 0.4858 
3.0301 -1.4634 1.3501 0.4248 0.4942 
3.0201 -1.4412 1.3401 0.4438 0.5036 
3.0001 -1.4630 1.3301 0.4467 0.5196 
3.0101 -1.4651 1.3301 0.4461 0.5110 
3.0201 -1.4531 1.3301 0.4507 0.5031 
3.0201 -1.4412 1.3401 0.4438 0.5036 
3.0101 -1.4651 1.3301 0.4461 0.5110 
3.0201 -1.4412 1.3401 0.4438 0.5036 
3.0201 -1.4531 1.3301 0.4507 0.5031 
3.0301 -1.4634 1.3501 0.4248 0.4942 
3.0401 -1.4620 1.3401 0.4366 0.4858 
3.0401 -1.4494 1.3601 0.4186 0.4861 
3.0301 -1.4634 1.3501 0.4248 0.4942 
3.1001 -1.4624 1.3001 0.4820 0.4355 
3.1001 -1.4640 1.3101 0.4704 0.4353 
3.0901 -1.4624 1.3101 0.4708 0.4437 
3.1001 -1.4624 1.3001 0.4820 0.4355 
3.0901 -1.4624 1.3101 0.4708 0.4437 
3.0701 -1.4692 1.3001 0.4788 0.4606 
3.0501 -1.4598 1.3101 0.4710 0.4775 
3.0701 -1.4692 1.3001 0.4788 0.4606 
3.0501 -1.4564 1.3201 0.4612 0.4776 
3.0501 -1.4564 1.3201 0.4612 0.4776 
3.0701 -1.4692 1.3001 0.4788 0.4606 
3.0701 -1.4603 1.3301 0.4490 0.4604 
3.0701 -1.4603 1.3301 0.4490 0.4604 
3.0701 -1.4692 1.3001 0.4788 0.4606 
3.0901 -1.4624 1.3101 0.4708 0.4437 
3.0701 -1.4642 1.3401 0.4364 0.4603 
3.0401 -1.4620 1.3401 0.4366 0.4858 
3.0701 -1.4603 1.3301 0.4490 0.4604 
3.0701 -1.4603 1.3301 0.4490 0.4604 
3.0901 -1.4602 1.3401 0.4382 0.4433 
3.0701 -1.4642 1.3401 0.4364 0.4603 
3.0401 -1.4620 1.3401 0.4366 0.4858 
3.0501 -1.4564 1.3201 0.4612 0.4776 
3.0701 -1.4603 1.3301 0.4490 0.4604 
3.0901 -1.4624 1.3101 0.4708 0.4437 
3.0901 -1.4602 1.3401 0.4382 0.4433 
3.0701 -1.4603 1.3301 0.4490 0.4604 
3.0401 -1.4494 1.3601 0.4186 0.4861 
3.0401 -1.4620 1.3401 0.4366 0.4858 
3.0701 -1.4642 1.3401 0.4364 0.4603 
3.0701 -1.4642 1.3401 0.4364 0.4603 
3.0901 -1.4602 1.3401 0.4382 0.4433 
3.0801 -1.4493 1.3601 0.4193 0.4517 
3.0801 -1.4493 1.3601 0.4193 0.4517 
3.0901 -1.4602 1.3401 0.4382 0.4433 
3.1001 -1.4387 1.3601 0.4234 0.4345 
3.1001 -1.4387 1.3601 0.4234 0.4345 
3.0901 -1.4602 1.3401 0.4382 0.4433 
3.1201 -1.4465 1.3501 0.4324 0.4175 
3.0001 -1.4630 1.3301 0.4467 0.5196 
3.0201 -1.4412 1.3401 0.4438 0.5036 
2.9901 -1.4624 1.3401 0.4356 0.5281 
3.0601 -1.4499 1.3701 0.4074 0.4688 
3.0501 -1.4509 1.3701 0.4069 0.4774 
3.0601 -1.4499 1.3701 0.4074 0.4688 
3.0701 -1.4499 1.3691 0.4088 0.4602 
3.0601 -1.4499 1.3701 0.4074 0.4688 
3.0601 -1.4499 1.3701 0.4074 0.4688 
3.0901 -1.4483 1.3701 0.4085 0.4430 
3.0601 -1.4499 1.3701 0.4074 0.4688 
3.0701 -1.4499 1.3691 0.4088 0.4602 
3.0801 -1.4493 1.3601 0.4193 0.4517 
3.0901 -1.4483 1.3701 0.4085 0.4430 
3.0701 -1.4499 1.3691 0.4088 0.4602 
3.0401 -1.4494 1.3601 0.4186 0.4861 
3.0701 -1.4642 1.3401 0.4364 0.4603 
3.0801 -1.4493 1.3601 0.4193 0.4517 
3.0801 -1.4493 1.3601 0.4193 0.4517 
3.1001 -1.4387 1.3601 0.4234 0.4345 
3.0901 -1.4483 1.3701 0.4085 0.4430 
3.0401 -1.4494 1.3601 0.4186 0.4861 
3.0801 -1.4493 1.3601 0.4193 0.4517 
3.0601 -1.4499 1.3701 0.4074 0.4688 
3.0501 -1.4509 1.3701 0.4069 0.4774 
3.0401 -1.4494 1.3601 0.4186 0.4861 
3.0601 -1.4499 1.3701 0.4074 0.4688 
3.0601 -1.4499 1.3701 0.4074 0.4688 
3.0801 -1.4493 1.3601 0.4193 0.4517 
3.0701 -1.4499 1.3691 0.4088 0.4602 
2.9501 -1.3927 1.3701 0.4257 0.5683 
2.9501 -1.3999 1.3615 0.4331 0.5675 
2.9547 -1.3999 1.3701 0.4231 0.5636 
3.0171 -1.3899 1.3501 0.4515 0.5087 
3.0187 -1.3999 1.3601 0.4360 0.5068 
3.0178 -1.3899 1.3601 0.4397 0.5081 
3.0023 -1.3899 1.3601 0.4394 0.5219 
3.0101 -1.3933 1.3701 0.4266 0.5148 
3.0027 -1.3899 1.3501 0.4512 0.5215 
2.8401 -1.4198 1.4001 0.3792 0.6629 
2.8401 -1.4189 1.4101 0.3678 0.6634 
2.8301 -1.4120 1.4101 0.3698 0.6732 
2.8601 -1.4128 1.4201 0.3583 0.6470 
2.8601 -1.4227 1.4101 0.3669 0.6453 
2.8701 -1.4252 1.4101 0.3663 0.6362 
2.8125 -1.3699 1.4301 0.3594 0.6971 
2.8089 -1.3699 1.4201 0.3715 0.6998 
2.8274 -1.3899 1.4301 0.3532 0.6801 
2.7972 -1.3599 1.4301 0.3624 0.7130 
2.8089 -1.3699 1.4201 0.3715 0.6998 
2.8125 -1.3699 1.4301 0.3594 0.6971 
3.0101 -1.3399 1.4198 0.3858 0.5180 
3.0101 -1.3299 1.4119 0.3992 0.5186 
3.0201 -1.3399 1.4208 0.3848 0.5087 
3.1101 -1.4499 1.2970 0.4904 0.4270 
3.1101 -1.4399 1.2972 0.4942 0.4270 
3.1184 -1.4399 1.3001 0.4911 0.4198 
3.2101 -1.4599 1.2984 0.4870 0.3426 
3.2089 -1.4499 1.3001 0.4890 0.3430 
3.2173 -1.4499 1.3001 0.4892 0.3358 
3.2985 -1.4499 1.3001 0.4909 0.2668 
3.3001 -1.4599 1.2962 0.4913 0.2667 
3.2601 -1.4499 1.2950 0.4958 0.2997 
3.3001 -1.4599 1.2962 0.4913 0.2667 
3.2401 -1.4512 1.3001 0.4892 0.3165 
3.2601 -1.4499 1.2950 0.4958 0.2997 
3.2401 -1.4368 1.3001 0.4949 0.3155 
3.2401 -1.4512 1.3001 0.4892 0.3165 
3.2223 -1.4499 1.3001 0.4893 0.3316 
3.2601 -1.4499 1.2950 0.4958 0.2997 
3.2401 -1.4512 1.3001 0.4892 0.3165 
3.2401 -1.4368 1.3001 0.4949 0.3155 
3.1101 -1.4599 1.3101 0.4721 0.4269 
3.1001 -1.4624 1.3001 0.4820 0.4355 
3.1101 -1.4593 1.3001 0.4834 0.4270 
3.1001 -1.4640 1.3101 0.4704 0.4353 
3.1001 -1.4624 1.3001 0.4820 0.4355 
3.1101 -1.4599 1.3101 0.4721 0.4269 
3.1123 -1.4599 1.3001 0.4832 0.4252 
3.1301 -1.4627 1.3201 0.4604 0.4098 
3.1101 -1.4599 1.3101 0.4721 0.4269 
3.1301 -1.4627 1.3201 0.4604 0.4098 
3.1123 -1.4599 1.3001 0.4832 0.4252 
3.1301 -1.4502 1.3001 0.4873 0.4100 
3.1101 -1.4593 1.3001 0.4834 0.4270 
3.1101 -1.4599 1.3101 0.4721 0.4269 
3.1101 -1.4599 1.3101 0.4721 0.4269 
3.1101 -1.4599 1.3101 0.4721 0.4269 
3.1101 -1.4593 1.3001 0.4834 0.4270 
3.1123 -1.4599 1.3001 0.4832 0.4252 
3.1101 -1.4599 1.3101 0.4721 0.4269 
3.1101 -1.4599 1.3101 0.4721 0.4269 
3.1123 -1.4599 1.3001 0.4832 0.4252 
3.1521 -1.4599 1.3001 0.4840 0.3916 
3.1501 -1.4563 1.3101 0.4743 0.3929 
3.1301 -1.4502 1.3001 0.4873 0.4100 
3.1101 -1.4599 1.3101 0.4721 0.4269 
3.1001 -1.4640 1.3101 0.4704 0.4353 
3.1101 -1.4599 1.3101 0.4721 0.4269 
3.1101 -1.4599 1.3101 0.4721 0.4269 
3.1101 -1.4627 1.3201 0.4600 0.4267 
3.1001 -1.4640 1.3101 0.4704 0.4353 
3.1101 -1.4627 1.3201 0.4600 0.4267 
3.0901 -1.4624 1.3101 0.4708 0.4437 
3.1001 -1.4640 1.3101 0.4704 0.4353 
3.1101 -1.4599 1.3101 0.4721 0.4269 
3.1101 -1.4627 1.3201 0.4600 0.4267 
3.1101 -1.4599 1.3101 0.4721 0.4269 
3.1101 -1.4599 1.3101 0.4721 0.4269 
3.1301 -1.4627 1.3201 0.4604 0.4098 
3.1101 -1.4627 1.3201 0.4600 0.4267 
3.1301 -1.4627 1.3201 0.4604 0.4098 
3.0901 -1.4602 1.3401 0.4382 0.4433 
3.1101 -1.4627 1.3201 0.4600 0.4267 
3.1501 -1.4563 1.3101 0.4743 0.3929 
3.1301 -1.4627 1.3201 0.4604 0.4098 
3.1301 -1.4502 1.3001 0.4873 0.4100 
3.1101 -1.4599 1.3101 0.4721 0.4269 
3.1101 -1.4599 1.3101 0.4721 0.4269 
3.1101 -1.4599 1.3101 0.4721 0.4269 
3.1101 -1.4599 1.3101 0.4721 0.4269 
3.1101 -1.4599 1.3101 0.4721 0.4269 
3.1101 -1.4599 1.3101 0.4721 0.4269 
3.1101 -1.4627 1.3201 0.4600 0.4267 
3.0901 -1.4602 1.3401 0.4382 0.4433 
3.0901 -1.4624 1.3101 0.4708 0.4437 
3.0901 -1.4602 1.3401 0.4382 0.4433 
3.1301 -1.4627 1.3201 0.4604 0.4098 
3.1201 -1.4465 1.3501 0.4324 0.4175 
3.1201 -1.4465 1.3501 0.4324 0.4175 
3.1301 -1.4627 1.3201 0.4604 0.4098 
3.1501 -1.4569 1.3501 0.4293 0.3919 
3.1301 -1.4627 1.3201 0.4604 0.4098 
3.1701 -1.4570 1.3401 0.4409 0.3751 
3.1501 -1.4569 1.3501 0.4293 0.3919 
3.1201 -1.4465 1.3501 0.4324 0.4175 
3.1501 -1.4569 1.3501 0.4293 0.3919 
3.1301 -1.4499 1.3524 0.4288 0.4089 
3.1521 -1.4599 1.3001 0.4840 0.3916 
3.1601 -1.4548 1.3001 0.4861 0.3847 
3.1501 -1.4563 1.3101 0.4743 0.3929 
3.1601 -1.4548 1.3001 0.4861 0.3847 
3.1801 -1.4592 1.3101 0.4737 0.3676 
3.1501 -1.4563 1.3101 0.4743 0.3929 
3.1801 -1.4594 1.3001 0.4847 0.3679 
3.1801 -1.4592 1.3101 0.4737 0.3676 
3.1601 -1.4548 1.3001 0.4861 0.3847 
3.1801 -1.4594 1.3001 0.4847 0.3679 
3.1801 -1.4583 1.3301 0.4518 0.3669 
3.1801 -1.4592 1.3101 0.4737 0.3676 
3.1801 -1.4594 1.3001 0.4847 0.3679 
3.2001 -1.4534 1.3101 0.4764 0.3503 
3.1801 -1.4583 1.3301 0.4518 0.3669 
3.1301 -1.4627 1.3201 0.4604 0.4098 
3.1501 -1.4563 1.3101 0.4743 0.3929 
3.1701 -1.4695 1.3201 0.4586 0.3761 
3.1701 -1.4695 1.3201 0.4586 0.3761 
3.1501 -1.4563 1.3101 0.4743 0.3929 
3.1801 -1.4592 1.3101 0.4737 0.3676 
3.1801 -1.4583 1.3301 0.4518 0.3669 
3.1701 -1.4695 1.3201 0.4586 0.3761 
3.1801 -1.4592 1.3101 0.4737 0.3676 
3.2001 -1.4534 1.3101 0.4764 0.3503 
3.2201 -1.4625 1.3201 0.4622 0.3335 
3.1801 -1.4583 1.3301 0.4518 0.3669 
3.1301 -1.4627 1.3201 0.4604 0.4098 
3.1701 -1.4695 1.3201 0.4586 0.3761 
3.1701 -1.4570 1.3401 0.4409 0.3751 
3.2201 -1.4625 1.3201 0.4622 0.3335 
3.2101 -1.4621 1.3301 0.4510 0.3416 
3.1801 -1.4583 1.3301 0.4518 0.3669 
3.1701 -1.4695 1.3201 0.4586 0.3761 
3.1801 -1.4583 1.3301 0.4518 0.3669 
3.1701 -1.4570 1.3401 0.4409 0.3751 
3.1701 -1.4570 1.3401 0.4409 0.3751 
3.1801 -1.4510 1.3601 0.4206 0.3656 
3.1501 -1.4569 1.3501 0.4293 0.3919 
3.1801 -1.4583 1.3301 0.4518 0.3669 
3.1801 -1.4510 1.3601 0.4206 0.3656 
3.1701 -1.4570 1.3401 0.4409 0.3751 
3.1801 -1.4583 1.3301 0.4518 0.3669 
3.2301 -1.4488 1.3501 0.4337 0.3228 
3.1801 -1.4510 1.3601 0.4206 0.3656 
3.1801 -1.4510 1.3601 0.4206 0.3656 
3.1301 -1.4499 1.3524 0.4288 0.4089 
3.1501 -1.4569 1.3501 0.4293 0.3919 
3.1801 -1.4594 1.3001 0.4847 0.3679 
3.2401 -1.4596 1.3001 0.4859 0.3172 
3.2001 -1.4534 1.3101 0.4764 0.3503 
3.2001 -1.4534 1.3101 0.4764 0.3503 
3.2401 -1.4596 1.3001 0.4859 0.3172 
3.2401 -1.4580 1.3201 0.4643 0.3162 
3.2401 -1.4580 1.3201 0.4643 0.3162 
3.2201 -1.4625 1.3201 0.4622 0.3335 
3.2001 -1.4534 1.3101 0.4764 0.3503 
3.2401 -1.4596 1.3001 0.4859 0.3172 
3.2501 -1.4569 1.3101 0.4760 0.3081 
3.2401 -1.4580 1.3201 0.4643 0.3162 
3.2101 -1.4621 1.3301 0.4510 0.3416 
3.2201 -1.4625 1.3201 0.4622 0.3335 
3.2401 -1.4580 1.3201 0.4643 0.3162 
3.2401 -1.4580 1.3201 0.4643 0.3162 
3.2501 -1.4569 1.3101 0.4760 0.3081 
3.2501 -1.4592 1.3301 0.4528 0.3073 
3.2401 -1.4580 1.3201 0.4643 0.3162 
3.2301 -1.4488 1.3501 0.4337 0.3228 
3.2101 -1.4621 1.3301 0.4510 0.3416 
3.2401 -1.4580 1.3201 0.4643 0.3162 
3.2501 -1.4592 1.3301 0.4528 0.3073 
3.2301 -1.4488 1.3501 0.4337 0.3228 
3.1801 -1.4583 1.3301 0.4518 0.3669 
3.2101 -1.4621 1.3301 0.4510 0.3416 
3.2301 -1.4488 1.3501 0.4337 0.3228 
3.3101 -1.4684 1.3001 0.4839 0.2590 
3.2701 -1.4634 1.3101 0.4739 0.2917 
3.2657 -1.4599 1.3001 0.4863 0.2955 
3.3101 -1.4684 1.3001 0.4839 0.2590 
3.3001 -1.4624 1.3101 0.4749 0.2662 
3.2701 -1.4634 1.3101 0.4739 0.2917 
3.2501 -1.4569 1.3101 0.4760 0.3081 
3.2401 -1.4596 1.3001 0.4859 0.3172 
3.2657 -1.4599 1.3001 0.4863 0.2955 
3.2701 -1.4634 1.3101 0.4739 0.2917 
3.2501 -1.4569 1.3101 0.4760 0.3081 
3.2657 -1.4599 1.3001 0.4863 0.2955 
3.2701 -1.4634 1.3101 0.4739 0.2917 
3.3001 -1.4624 1.3101 0.4749 0.2662 
3.2901 -1.4655 1.3301 0.4513 0.2739 
3.2701 -1.4634 1.3101 0.4739 0.2917 
3.2501 -1.4592 1.3301 0.4528 0.3073 
3.2501 -1.4569 1.3101 0.4760 0.3081 
3.2701 -1.4634 1.3101 0.4739 0.2917 
3.2901 -1.4655 1.3301 0.4513 0.2739 
3.2501 -1.4592 1.3301 0.4528 0.3073 
3.3001 -1.4624 1.3101 0.4749 0.2662 
3.3001 -1.4636 1.3301 0.4522 0.2653 
3.2901 -1.4655 1.3301 0.4513 0.2739 
3.2501 -1.4592 1.3301 0.4528 0.3073 
3.2901 -1.4655 1.3301 0.4513 0.2739 
3.2801 -1.4524 1.3401 0.4446 0.2806 
3.2901 -1.4655 1.3301 0.4513 0.2739 
3.3001 -1.4636 1.3301 0.4522 0.2653 
3.2801 -1.4524 1.3401 0.4446 0.2806 
3.2901 -1.4515 1.3501 0.4338 0.2714 
3.2801 -1.4524 1.3401 0.4446 0.2806 
3.3101 -1.4506 1.3501 0.4345 0.2541 
3.2301 -1.4488 1.3501 0.4337 0.3228 
3.2501 -1.4592 1.3301 0.4528 0.3073 
3.2501 -1.4410 1.3501 0.4369 0.3049 
3.2501 -1.4592 1.3301 0.4528 0.3073 
3.2801 -1.4524 1.3401 0.4446 0.2806 
3.2501 -1.4410 1.3501 0.4369 0.3049 
3.2901 -1.4515 1.3501 0.4338 0.2714 
3.2501 -1.4410 1.3501 0.4369 0.3049 
3.2801 -1.4524 1.3401 0.4446 0.2806 
3.2801 -1.4606 1.3601 0.4190 0.2804 
3.2501 -1.4486 1.3601 0.4227 0.3051 
3.2901 -1.4515 1.3501 0.4338 0.2714 
3.3101 -1.4506 1.3501 0.4345 0.2541 
3.2801 -1.4606 1.3601 0.4190 0.2804 
3.2901 -1.4515 1.3501 0.4338 0.2714 
3.2501 -1.4399 1.3504 0.4369 0.3048 
3.2401 -1.4399 1.3529 0.4339 0.3133 
3.2401 -1.4428 1.3501 0.4360 0.3137 
3.2901 -1.4515 1.3501 0.4338 0.2714 
3.2501 -1.4486 1.3601 0.4227 0.3051 
3.2501 -1.4410 1.3501 0.4369 0.3049 
3.2985 -1.4499 1.3001 0.4909 0.2668 
3.3168 -1.4499 1.2901 0.5024 0.2519 
3.3001 -1.4599 1.2962 0.4913 0.2667 
3.3401 -1.4549 1.3001 0.4897 0.2322 
3.3168 -1.4499 1.2901 0.5024 0.2519 
3.3252 -1.4499 1.3001 0.4914 0.2442 
3.3401 -1.4549 1.3001 0.4897 0.2322 
3.3001 -1.4599 1.2962 0.4913 0.2667 
3.3168 -1.4499 1.2901 0.5024 0.2519 
3.4101 -1.4673 1.3001 0.4863 0.1756 
3.3701 -1.4687 1.3001 0.4849 0.2089 
3.3401 -1.4635 1.3001 0.4864 0.2333 
3.3401 -1.4635 1.3001 0.4864 0.2333 
3.3301 -1.4657 1.3101 0.4743 0.2413 
3.3101 -1.4684 1.3001 0.4839 0.2590 
3.3401 -1.4635 1.3001 0.4864 0.2333 
3.3401 -1.4542 1.3101 0.4789 0.2315 
3.3301 -1.4657 1.3101 0.4743 0.2413 
3.3101 -1.4684 1.3001 0.4839 0.2590 
3.3001 -1.4636 1.3301 0.4522 0.2653 
3.3001 -1.4624 1.3101 0.4749 0.2662 
3.3301 -1.4657 1.3101 0.4743 0.2413 
3.3201 -1.4636 1.3301 0.4525 0.2483 
3.3101 -1.4684 1.3001 0.4839 0.2590 
3.3101 -1.4684 1.3001 0.4839 0.2590 
3.3201 -1.4636 1.3301 0.4525 0.2483 
3.3001 -1.4636 1.3301 0.4522 0.2653 
3.3301 -1.4657 1.3101 0.4743 0.2413 
3.3301 -1.4684 1.3201 0.4621 0.2411 
3.3201 -1.4636 1.3301 0.4525 0.2483 
3.3401 -1.4542 1.3101 0.4789 0.2315 
3.3301 -1.4684 1.3201 0.4621 0.2411 
3.3301 -1.4657 1.3101 0.4743 0.2413 
3.2801 -1.4524 1.3401 0.4446 0.2806 
3.3001 -1.4636 1.3301 0.4522 0.2653 
3.3201 -1.4636 1.3301 0.4525 0.2483 
3.3201 -1.4636 1.3301 0.4525 0.2483 
3.3301 -1.4684 1.3201 0.4621 0.2411 
3.3301 -1.4476 1.3501 0.4360 0.2366 
3.3401 -1.4637 1.3401 0.4416 0.2308 
3.3301 -1.4476 1.3501 0.4360 0.2366 
3.3301 -1.4684 1.3201 0.4621 0.2411 
3.2801 -1.4524 1.3401 0.4446 0.2806 
3.3201 -1.4636 1.3301 0.4525 0.2483 
3.3101 -1.4506 1.3501 0.4345 0.2541 
3.3101 -1.4506 1.3501 0.4345 0.2541 
3.3201 -1.4636 1.3301 0.4525 0.2483 
3.3301 -1.4476 1.3501 0.4360 0.2366 
3.3401 -1.4637 1.3401 0.4416 0.2308 
3.3401 -1.4379 1.3501 0.4397 0.2267 
3.3301 -1.4476 1.3501 0.4360 0.2366 
3.3501 -1.4528 1.3501 0.4344 0.2202 
3.3401 -1.4379 1.3501 0.4397 0.2267 
3.3401 -1.4637 1.3401 0.4416 0.2308 
3.3701 -1.4687 1.3001 0.4849 0.2089 
3.3401 -1.4542 1.3101 0.4789 0.2315 
3.3401 -1.4635 1.3001 0.4864 0.2333 
3.3801 -1.4652 1.3101 0.4754 0.1994 
3.3401 -1.4542 1.3101 0.4789 0.2315 
3.3701 -1.4687 1.3001 0.4849 0.2089 
3.3801 -1.4652 1.3101 0.4754 0.1994 
3.3701 -1.4687 1.3001 0.4849 0.2089 
3.3901 -1.4625 1.3101 0.4767 0.1906 
3.4101 -1.4673 1.3001 0.4863 0.1756 
3.3901 -1.4625 1.3101 0.4767 0.1906 
3.3701 -1.4687 1.3001 0.4849 0.2089 
3.3301 -1.4684 1.3201 0.4621 0.2411 
3.3401 -1.4542 1.3101 0.4789 0.2315 
3.3601 -1.4634 1.3301 0.4534 0.2145 
3.3401 -1.4542 1.3101 0.4789 0.2315 
3.3801 -1.4652 1.3101 0.4754 0.1994 
3.3601 -1.4634 1.3301 0.4534 0.2145 
3.3301 -1.4684 1.3201 0.4621 0.2411 
3.3601 -1.4634 1.3301 0.4534 0.2145 
3.3401 -1.4637 1.3401 0.4416 0.2308 
3.3801 -1.4652 1.3101 0.4754 0.1994 
3.4001 -1.4666 1.3301 0.4529 0.1815 
3.3601 -1.4634 1.3301 0.4534 0.2145 
3.3901 -1.4625 1.3101 0.4767 0.1906 
3.4001 -1.4666 1.3301 0.4529 0.1815 
3.3801 -1.4652 1.3101 0.4754 0.1994 
3.3601 -1.4634 1.3301 0.4534 0.2145 
3.3601 -1.4554 1.3601 0.4223 0.2114 
3.3401 -1.4637 1.3401 0.4416 0.2308 
3.4001 -1.4666 1.3301 0.4529 0.1815 
3.4001 -1.4615 1.3501 0.4323 0.1792 
3.3601 -1.4634 1.3301 0.4534 0.2145 
3.3601 -1.4634 1.3301 0.4534 0.2145 
3.4001 -1.4615 1.3501 0.4323 0.1792 
3.3601 -1.4554 1.3601 0.4223 0.2114 
3.3501 -1.4528 1.3501 0.4344 0.2202 
3.3401 -1.4637 1.3401 0.4416 0.2308 
3.3601 -1.4554 1.3601 0.4223 0.2114 
3.3101 -1.4506 1.3501 0.4345 0.2541 
3.3401 -1.4519 1.3601 0.4232 0.2280 
3.2801 -1.4606 1.3601 0.4190 0.2804 
3.3301 -1.4476 1.3501 0.4360 0.2366 
3.3401 -1.4519 1.3601 0.4232 0.2280 
3.3101 -1.4506 1.3501 0.4345 0.2541 
3.3501 -1.4528 1.3501 0.4344 0.2202 
3.3601 -1.4554 1.3601 0.4223 0.2114 
3.3401 -1.4519 1.3601 0.4232 0.2280 
3.4001 -1.4615 1.3501 0.4323 0.1792 
3.3901 -1.4598 1.3601 0.4213 0.1866 
3.3601 -1.4554 1.3601 0.4223 0.2114 
3.3301 -1.4476 1.3501 0.4360 0.2366 
3.3401 -1.4379 1.3501 0.4397 0.2267 
3.3401 -1.4519 1.3601 0.4232 0.2280 
3.3401 -1.4379 1.3501 0.4397 0.2267 
3.3501 -1.4528 1.3501 0.4344 0.2202 
3.3401 -1.4519 1.3601 0.4232 0.2280 
3.4401 -1.4651 1.3001 0.4878 0.1507 
3.4501 -1.4688 1.3201 0.4643 0.1416 
3.4101 -1.4673 1.3001 0.4863 0.1756 
3.4401 -1.4651 1.3001 0.4878 0.1507 
3.4601 -1.4587 1.3101 0.4795 0.1326 
3.4501 -1.4688 1.3201 0.4643 0.1416 
3.3901 -1.4625 1.3101 0.4767 0.1906 
3.4101 -1.4665 1.3201 0.4644 0.1740 
3.4001 -1.4666 1.3301 0.4529 0.1815 
3.4101 -1.4673 1.3001 0.4863 0.1756 
3.4101 -1.4665 1.3201 0.4644 0.1740 
3.3901 -1.4625 1.3101 0.4767 0.1906 
3.4101 -1.4673 1.3001 0.4863 0.1756 
3.4501 -1.4688 1.3201 0.4643 0.1416 
3.4101 -1.4665 1.3201 0.4644 0.1740 
3.4101 -1.4665 1.3201 0.4644 0.1740 
3.4201 -1.4652 1.3401 0.4426 0.1640 
3.4001 -1.4666 1.3301 0.4529 0.1815 
3.4101 -1.4665 1.3201 0.4644 0.1740 
3.4401 -1.4656 1.3301 0.4541 0.1484 
3.4201 -1.4652 1.3401 0.4426 0.1640 
3.4501 -1.4688 1.3201 0.4643 0.1416 
3.4401 -1.4656 1.3301 0.4541 0.1484 
3.4101 -1.4665 1.3201 0.4644 0.1740 
3.4001 -1.4666 1.3301 0.4529 0.1815 
3.4201 -1.4652 1.3401 0.4426 0.1640 
3.4101 -1.4599 1.3438 0.4401 0.1711 
3.4401 -1.4656 1.3301 0.4541 0.1484 
3.4401 -1.4671 1.3401 0.4423 0.1479 
3.4201 -1.4652 1.3401 0.4426 0.1640 
3.4001 -1.4615 1.3501 0.4323 0.1792 
3.4001 -1.4666 1.3301 0.4529 0.1815 
3.4101 -1.4599 1.3438 0.4401 0.1711 
3.4201 -1.4652 1.3401 0.4426 0.1640 
3.4401 -1.4671 1.3401 0.4423 0.1479 
3.4301 -1.4569 1.3601 0.4231 0.1527 
3.4101 -1.4599 1.3438 0.4401 0.1711 
3.4201 -1.4652 1.3401 0.4426 0.1640 
3.4201 -1.4517 1.3501 0.4362 0.1609 
3.4201 -1.4517 1.3501 0.4362 0.1609 
3.4201 -1.4652 1.3401 0.4426 0.1640 
3.4301 -1.4569 1.3601 0.4231 0.1527 
3.4601 -1.4587 1.3101 0.4795 0.1326 
3.4401 -1.4651 1.3001 0.4878 0.1507 
3.4701 -1.4681 1.3001 0.4872 0.1272 
3.4701 -1.4681 1.3001 0.4872 0.1272 
3.4801 -1.4699 1.3201 0.4645 0.1180 
3.4601 -1.4587 1.3101 0.4795 0.1326 
3.4701 -1.4681 1.3001 0.4872 0.1272 
3.5001 -1.4594 1.3101 0.4801 0.1016 
3.4801 -1.4699 1.3201 0.4645 0.1180 
3.5001 -1.4594 1.3101 0.4801 0.1016 
3.4701 -1.4681 1.3001 0.4872 0.1272 
3.5201 -1.4605 1.3001 0.4912 0.0881 
3.4801 -1.4699 1.3201 0.4645 0.1180 
3.4801 -1.4699 1.3201 0.4645 0.1180 
3.4801 -1.4699 1.3201 0.4645 0.1180 
3.4901 -1.4699 1.3180 0.4670 0.1105 
3.4801 -1.4699 1.3201 0.4645 0.1180 
3.4801 -1.4699 1.3201 0.4645 0.1180 
3.4901 -1.4721 1.3201 0.4638 0.1108 
3.4801 -1.4699 1.3201 0.4645 0.1180 
3.4901 -1.4699 1.3180 0.4670 0.1105 
3.4601 -1.4587 1.3101 0.4795 0.1326 
3.4701 -1.4695 1.3201 0.4644 0.1258 
3.4501 -1.4688 1.3201 0.4643 0.1416 
3.4801 -1.4699 1.3201 0.4645 0.1180 
3.4801 -1.4699 1.3201 0.4645 0.1180 
3.4701 -1.4695 1.3201 0.4644 0.1258 
3.4801 -1.4699 1.3201 0.4645 0.1180 
3.4701 -1.4695 1.3201 0.4644 0.1258 
3.4601 -1.4587 1.3101 0.4795 0.1326 
3.4801 -1.4699 1.3201 0.4645 0.1180 
3.5001 -1.4594 1.3101 0.4801 0.1016 
3.4901 -1.4699 1.3180 0.4670 0.1105 
3.4801 -1.4699 1.3201 0.4645 0.1180 
3.4801 -1.4699 1.3201 0.4645 0.1180 
3.4801 -1.4699 1.3201 0.4645 0.1180 
3.4901 -1.4721 1.3201 0.4638 0.1108 
3.4801 -1.4699 1.3201 0.4645 0.1180 
3.4801 -1.4699 1.3201 0.4645 0.1180 
3.4501 -1.4688 1.3201 0.4643 0.1416 
3.4701 -1.4695 1.3201 0.4644 0.1258 
3.4401 -1.4656 1.3301 0.4541 0.1484 
3.4801 -1.4699 1.3201 0.4645 0.1180 
3.4801 -1.4699 1.3201 0.4645 0.1180 
3.4801 -1.4670 1.3301 0.4544 0.1167 
3.4801 -1.4699 1.3201 0.4645 0.1180 
3.4801 -1.4670 1.3301 0.4544 0.1167 
3.4701 -1.4695 1.3201 0.4644 0.1258 
3.4701 -1.4695 1.3201 0.4644 0.1258 
3.4801 -1.4670 1.3301 0.4544 0.1167 
3.4801 -1.4650 1.3401 0.4438 0.1155 
3.4801 -1.4670 1.3301 0.4544 0.1167 
3.4801 -1.4699 1.3201 0.4645 0.1180 
3.4901 -1.4721 1.3201 0.4638 0.1108 
3.4901 -1.4721 1.3201 0.4638 0.1108 
3.4901 -1.4699 1.3180 0.4670 0.1105 
3.4801 -1.4650 1.3401 0.4438 0.1155 
3.4701 -1.4695 1.3201 0.4644 0.1258 
3.4801 -1.4650 1.3401 0.4438 0.1155 
3.4401 -1.4656 1.3301 0.4541 0.1484 
3.4901 -1.4721 1.3201 0.4638 0.1108 
3.4801 -1.4650 1.3401 0.4438 0.1155 
3.4801 -1.4670 1.3301 0.4544 0.1167 
3.4401 -1.4656 1.3301 0.4541 0.1484 
3.4901 -1.4680 1.3501 0.4316 0.1075 
3.4401 -1.4671 1.3401 0.4423 0.1479 
3.4801 -1.4650 1.3401 0.4438 0.1155 
3.4901 -1.4680 1.3501 0.4316 0.1075 
3.4401 -1.4656 1.3301 0.4541 0.1484 
3.4001 -1.4615 1.3501 0.4323 0.1792 
3.4101 -1.4599 1.3438 0.4401 0.1711 
3.3901 -1.4598 1.3601 0.4213 0.1866 
3.4201 -1.4517 1.3501 0.4362 0.1609 
3.4301 -1.4569 1.3601 0.4231 0.1527 
3.4101 -1.4599 1.3438 0.4401 0.1711 
3.4101 -1.4599 1.3438 0.4401 0.1711 
3.4301 -1.4569 1.3601 0.4231 0.1527 
3.3901 -1.4598 1.3601 0.4213 0.1866 
3.4901 -1.4680 1.3501 0.4316 0.1075 
3.4301 -1.4569 1.3601 0.4231 0.1527 
3.4401 -1.4671 1.3401 0.4423 0.1479 
3.4901 -1.4680 1.3501 0.4316 0.1075 
3.4901 -1.4651 1.3601 0.4213 0.1061 
3.4301 -1.4569 1.3601 0.4231 0.1527 
3.5001 -1.4594 1.3101 0.4801 0.1016 
3.5201 -1.4686 1.3201 0.4657 0.0880 
3.4901 -1.4699 1.3180 0.4670 0.1105 
3.5201 -1.4605 1.3001 0.4912 0.0881 
3.5201 -1.4686 1.3201 0.4657 0.0880 
3.5001 -1.4594 1.3101 0.4801 0.1016 
3.5301 -1.4563 1.3001 0.4931 0.0805 
3.5201 -1.4686 1.3201 0.4657 0.0880 
3.5201 -1.4605 1.3001 0.4912 0.0881 
3.5601 -1.4561 1.3001 0.4938 0.0630 
3.5201 -1.4686 1.3201 0.4657 0.0880 
3.5301 -1.4563 1.3001 0.4931 0.0805 
3.5201 -1.4686 1.3201 0.4657 0.0880 
3.5501 -1.4617 1.3301 0.4577 0.0671 
3.5201 -1.4627 1.3401 0.4454 0.0853 
3.4901 -1.4699 1.3180 0.4670 0.1105 
3.5201 -1.4627 1.3401 0.4454 0.0853 
3.4801 -1.4650 1.3401 0.4438 0.1155 
3.5201 -1.4686 1.3201 0.4657 0.0880 
3.5201 -1.4627 1.3401 0.4454 0.0853 
3.4901 -1.4699 1.3180 0.4670 0.1105 
3.5201 -1.4627 1.3401 0.4454 0.0853 
3.5301 -1.4686 1.3501 0.4321 0.0789 
3.4801 -1.4650 1.3401 0.4438 0.1155 
3.4801 -1.4650 1.3401 0.4438 0.1155 
3.5301 -1.4686 1.3501 0.4321 0.0789 
3.4901 -1.4680 1.3501 0.4316 0.1075 
3.5401 -1.4649 1.3501 0.4337 0.0719 
3.5301 -1.4686 1.3501 0.4321 0.0789 
3.5201 -1.4627 1.3401 0.4454 0.0853 
3.5801 -1.4654 1.3201 0.4681 0.0554 
3.5201 -1.4686 1.3201 0.4657 0.0880 
3.5601 -1.4561 1.3001 0.4938 0.0630 
3.5801 -1.4654 1.3201 0.4681 0.0554 
3.5501 -1.4617 1.3301 0.4577 0.0671 
3.5201 -1.4686 1.3201 0.4657 0.0880 
3.5801 -1.4654 1.3201 0.4681 0.0554 
3.5701 -1.4585 1.3401 0.4479 0.0571 
3.5501 -1.4617 1.3301 0.4577 0.0671 
3.5201 -1.4627 1.3401 0.4454 0.0853 
3.5501 -1.4617 1.3301 0.4577 0.0671 
3.5701 -1.4585 1.3401 0.4479 0.0571 
3.5701 -1.4585 1.3401 0.4479 0.0571 
3.5401 -1.4649 1.3501 0.4337 0.0719 
3.5201 -1.4627 1.3401 0.4454 0.0853 
3.5801 -1.4670 1.3501 0.4336 0.0546 
3.5401 -1.4649 1.3501 0.4337 0.0719 
3.5701 -1.4585 1.3401 0.4479 0.0571 
3.5301 -1.4686 1.3501 0.4321 0.0789 
3.4901 -1.4651 1.3601 0.4213 0.1061 
3.4901 -1.4680 1.3501 0.4316 0.1075 
3.5301 -1.4686 1.3501 0.4321 0.0789 
3.5301 -1.4613 1.3601 0.4233 0.0768 
3.4901 -1.4651 1.3601 0.4213 0.1061 
3.5301 -1.4613 1.3601 0.4233 0.0768 
3.5301 -1.4686 1.3501 0.4321 0.0789 
3.5401 -1.4649 1.3501 0.4337 0.0719 
3.5301 -1.4613 1.3601 0.4233 0.0768 
3.5401 -1.4649 1.3501 0.4337 0.0719 
3.5801 -1.4670 1.3501 0.4336 0.0546 
3.1501 -0.7999 1.3415 0.8526 0.3612 
3.1401 -0.7999 1.3422 0.8508 0.3760 
3.1501 -0.7899 1.3427 0.8615 0.3603 
2.8401 -0.6199 1.6801 0.2244 0.9929 
2.8501 -0.6199 1.6784 0.2295 0.9709 
2.8401 -0.6199 1.6801 0.2244 0.9929 
2.8401 -0.6199 1.6801 0.2244 0.9929 
2.8401 -0.6199 1.6801 0.2244 0.9929 
2.8401 -0.6199 1.6801 0.2244 0.9929 
2.8401 -0.6199 1.6801 0.2244 0.9929 
2.8401 -0.6199 1.6801 0.2244 0.9929 
2.8401 -0.6199 1.6801 0.2244 0.9929 
2.9001 -0.5999 1.6801 0.2374 0.8779 
2.8901 -0.6099 1.6768 0.2412 0.8916 
2.8901 -0.5999 1.6799 0.2379 0.9003 
2.8701 -0.6061 1.7101 0.1454 0.9480 
2.8601 -0.6087 1.7001 0.1726 0.9652 
2.8801 -0.6096 1.7001 0.1727 0.9199 
2.8801 -0.6096 1.7001 0.1727 0.9199 
2.8901 -0.6215 1.7001 0.1677 0.8883 
2.8901 -0.5979 1.7101 0.1490 0.9096 
2.9024 -0.5999 1.7101 0.1485 0.8797 
2.8901 -0.5979 1.7101 0.1490 0.9096 
2.8901 -0.6215 1.7001 0.1677 0.8883 
2.8801 -0.6096 1.7001 0.1727 0.9199 
2.8901 -0.5979 1.7101 0.1490 0.9096 
2.8701 -0.6061 1.7101 0.1454 0.9480 
2.9024 -0.5999 1.7101 0.1485 0.8797 
2.8901 -0.6135 1.7201 0.1164 0.8993 
2.8901 -0.5979 1.7101 0.1490 0.9096 
2.8601 -0.6064 1.7301 0.0945 0.9762 
2.8501 -0.6182 1.7201 0.1144 0.9845 
2.8601 -0.5845 1.7201 0.1252 0.9946 
2.8901 -0.6135 1.7201 0.1164 0.8993 
2.9001 -0.6142 1.7301 0.0933 0.8787 
2.8801 -0.6188 1.7301 0.0922 0.9201 
2.8601 -0.6064 1.7301 0.0945 0.9762 
2.8801 -0.5843 1.7201 0.1257 0.9476 
2.8801 -0.6188 1.7301 0.0922 0.9201 
2.8801 -0.5843 1.7201 0.1257 0.9476 
2.8901 -0.6135 1.7201 0.1164 0.8993 
2.8801 -0.6188 1.7301 0.0922 0.9201 
2.8801 -0.6068 1.7401 0.0779 0.9330 
2.8601 -0.6170 1.7401 0.0770 0.9692 
2.8601 -0.6064 1.7301 0.0945 0.9762 
2.8601 -0.6064 1.7301 0.0945 0.9762 
2.8801 -0.6188 1.7301 0.0922 0.9201 
2.8801 -0.6068 1.7401 0.0779 0.9330 
2.8801 -0.5843 1.7201 0.1257 0.9476 
2.8601 -0.5845 1.7201 0.1252 0.9946 
2.8701 -0.6061 1.7101 0.1454 0.9480 
2.8901 -0.6135 1.7201 0.1164 0.8993 
2.8801 -0.5843 1.7201 0.1257 0.9476 
2.8901 -0.5979 1.7101 0.1490 0.9096 
2.8801 -0.5843 1.7201 0.1257 0.9476 
2.8701 -0.6061 1.7101 0.1454 0.9480 
2.8901 -0.5979 1.7101 0.1490 0.9096 
2.8601 -0.6064 1.7301 0.0945 0.9762 
2.8601 -0.5845 1.7201 0.1252 0.9946 
2.8801 -0.5843 1.7201 0.1257 0.9476 
2.9001 -0.6315 1.6801 0.2200 0.8550 
2.9201 -0.6289 1.6801 0.2218 0.8138 
2.9201 -0.6199 1.7052 0.1547 0.8245 
2.9201 -0.5422 1.6701 0.3096 0.8742 
2.9301 -0.6258 1.6901 0.1951 0.7959 
2.9201 -0.6289 1.6801 0.2218 0.8138 
2.9501 -0.6247 1.6901 0.1961 0.7529 
2.9301 -0.6258 1.6901 0.1951 0.7959 
2.9301 -0.5337 1.6801 0.2828 0.8588 
2.9001 -0.6315 1.6801 0.2200 0.8550 
2.9201 -0.6199 1.7052 0.1547 0.8245 
2.8901 -0.6215 1.7001 0.1677 0.8883 
2.9201 -0.6289 1.6801 0.2218 0.8138 
2.9301 -0.6258 1.6901 0.1951 0.7959 
2.9201 -0.6199 1.7052 0.1547 0.8245 
2.9801 -0.5373 1.6701 0.3161 0.7272 
2.9801 -0.6346 1.6801 0.2205 0.6819 
2.9701 -0.6299 1.6800 0.2229 0.7055 
2.9701 -0.6299 1.6809 0.2204 0.7056 
2.9801 -0.6346 1.6801 0.2205 0.6819 
2.9801 -0.6304 1.6901 0.1941 0.6848 
2.9801 -0.6304 1.6901 0.1941 0.6848 
2.9801 -0.6346 1.6801 0.2205 0.6819 
3.0101 -0.6287 1.6801 0.2245 0.6191 
2.9701 -0.6299 1.6800 0.2229 0.7055 
2.9701 -0.6299 1.6809 0.2204 0.7056 
2.9701 -0.5960 1.7001 0.1812 0.7244 
2.9701 -0.6299 1.6809 0.2204 0.7056 
2.9801 -0.6304 1.6901 0.1941 0.6848 
2.9701 -0.5960 1.7001 0.1812 0.7244 
2.9701 -0.5960 1.7001 0.1812 0.7244 
2.9658 -0.5899 1.6901 0.2147 0.7361 
2.9701 -0.6299 1.6800 0.2229 0.7055 
3.0001 -0.5991 1.7001 0.1804 0.6534 
2.9901 -0.6190 1.7001 0.1710 0.6684 
2.9801 -0.6304 1.6901 0.1941 0.6848 
2.9801 -0.6304 1.6901 0.1941 0.6848 
2.9801 -0.5999 1.6902 0.2093 0.6981 
2.9701 -0.5960 1.7001 0.1812 0.7244 
2.9901 -0.6190 1.7001 0.1710 0.6684 
2.9801 -0.5999 1.6902 0.2093 0.6981 
2.9801 -0.6304 1.6901 0.1941 0.6848 
2.9801 -0.6304 1.6901 0.1941 0.6848 
3.0101 -0.6287 1.6801 0.2245 0.6191 
3.0177 -0.6199 1.6901 0.2002 0.6056 
3.0301 -0.6213 1.6801 0.2291 0.5772 
3.0401 -0.6267 1.6901 0.1974 0.5543 
3.0301 -0.6134 1.6901 0.2038 0.5796 
3.0201 -0.6070 1.6801 0.2369 0.6033 
3.0177 -0.6199 1.6901 0.2002 0.6056 
3.0101 -0.6287 1.6801 0.2245 0.6191 
3.0201 -0.6070 1.6801 0.2369 0.6033 
3.0301 -0.6213 1.6801 0.2291 0.5772 
3.0301 -0.6134 1.6901 0.2038 0.5796 
3.0201 -0.6070 1.6801 0.2369 0.6033 
3.0301 -0.6134 1.6901 0.2038 0.5796 
3.0177 -0.6199 1.6901 0.2002 0.6056 
3.0177 -0.6199 1.6901 0.2002 0.6056 
3.0001 -0.5991 1.7001 0.1804 0.6534 
2.9801 -0.6304 1.6901 0.1941 0.6848 
3.0401 -0.6267 1.6901 0.1974 0.5543 
3.0401 -0.6165 1.7101 0.1448 0.5570 
3.0301 -0.6134 1.6901 0.2038 0.5796 
3.0101 -0.6042 1.7001 0.1783 0.6285 
3.0001 -0.5991 1.7001 0.1804 0.6534 
3.0177 -0.6199 1.6901 0.2002 0.6056 
3.0301 -0.6134 1.6901 0.2038 0.5796 
3.0101 -0.6042 1.7001 0.1783 0.6285 
3.0177 -0.6199 1.6901 0.2002 0.6056 
3.0301 -0.6050 1.7001 0.1784 0.5822 
3.0301 -0.6134 1.6901 0.2038 0.5796 
3.0401 -0.6165 1.7101 0.1448 0.5570 
3.0401 -0.6267 1.6901 0.1974 0.5543 
3.0501 -0.6156 1.7001 0.1739 0.5342 
3.0401 -0.6165 1.7101 0.1448 0.5570 
3.0101 -0.6042 1.7001 0.1783 0.6285 
3.0301 -0.6134 1.6901 0.2038 0.5796 
3.0301 -0.6050 1.7001 0.1784 0.5822 
3.0701 -0.6280 1.6901 0.1976 0.4877 
3.0401 -0.6267 1.6901 0.1974 0.5543 
3.0301 -0.6213 1.6801 0.2291 0.5772 
3.0301 -0.6213 1.6801 0.2291 0.5772 
3.0601 -0.6140 1.6801 0.2341 0.5116 
3.0701 -0.6280 1.6901 0.1976 0.4877 
3.0501 -0.6156 1.7001 0.1739 0.5342 
3.0401 -0.6267 1.6901 0.1974 0.5543 
3.0701 -0.6280 1.6901 0.1976 0.4877 
3.0501 -0.6156 1.7001 0.1739 0.5342 
3.0701 -0.6280 1.6901 0.1976 0.4877 
3.0701 -0.6213 1.7001 0.1718 0.4882 
3.0701 -0.6213 1.7001 0.1718 0.4882 
3.0701 -0.6280 1.6901 0.1976 0.4877 
3.0901 -0.6171 1.7001 0.1742 0.4432 
3.1001 -0.6277 1.6901 0.1985 0.4212 
3.0901 -0.6171 1.7001 0.1742 0.4432 
3.0701 -0.6280 1.6901 0.1976 0.4877 
3.1001 -0.6199 1.6977 0.1800 0.4206 
3.0901 -0.6171 1.7001 0.1742 0.4432 
3.1001 -0.6277 1.6901 0.1985 0.4212 
2.9201 -0.5422 1.6701 0.3096 0.8742 
2.9201 -0.6289 1.6801 0.2218 0.8138 
2.9001 -0.6315 1.6801 0.2200 0.8550 
2.9301 -0.5337 1.6801 0.2828 0.8588 
2.9301 -0.6258 1.6901 0.1951 0.7959 
2.9201 -0.5422 1.6701 0.3096 0.8742 
2.9501 -0.5320 1.6801 0.2849 0.8090 
2.9501 -0.6247 1.6901 0.1961 0.7529 
2.9301 -0.5337 1.6801 0.2828 0.8588 
2.9801 -0.5373 1.6701 0.3161 0.7272 
2.9701 -0.6299 1.6800 0.2229 0.7055 
2.9701 -0.5338 1.6701 0.3186 0.7547 
2.9701 -0.6299 1.6800 0.2229 0.7055 
2.9601 -0.5309 1.6801 0.2861 0.7841 
2.9701 -0.5338 1.6701 0.3186 0.7547 
2.9566 -0.5899 1.6901 0.2144 0.7575 
2.9501 -0.5320 1.6801 0.2849 0.8090 
2.9604 -0.5399 1.6901 0.2453 0.7793 
2.9501 -0.6247 1.6901 0.1961 0.7529 
2.9501 -0.5320 1.6801 0.2849 0.8090 
2.9566 -0.5899 1.6901 0.2144 0.7575 
2.9601 -0.5309 1.6801 0.2861 0.7841 
2.9701 -0.6299 1.6800 0.2229 0.7055 
2.9658 -0.5899 1.6901 0.2147 0.7361 
2.9604 -0.5399 1.6901 0.2453 0.7793 
2.9601 -0.5309 1.6801 0.2861 0.7841 
2.9658 -0.5899 1.6901 0.2147 0.7361 
2.9566 -0.5899 1.6901 0.2144 0.7575 
2.9501 -0.6048 1.7101 0.1475 0.7672 
2.9501 -0.6247 1.6901 0.1961 0.7529 
2.9566 -0.5899 1.6901 0.2144 0.7575 
2.9601 -0.6088 1.7001 0.1749 0.7406 
2.9501 -0.6048 1.7101 0.1475 0.7672 
2.9601 -0.6088 1.7001 0.1749 0.7406 
2.9566 -0.5899 1.6901 0.2144 0.7575 
2.9701 -0.5960 1.7001 0.1812 0.7244 
2.9566 -0.5899 1.6901 0.2144 0.7575 
2.9658 -0.5899 1.6901 0.2147 0.7361 
2.9701 -0.5960 1.7001 0.1812 0.7244 
2.9801 -0.5882 1.7001 0.1852 0.7049 
2.9701 -0.5960 1.7001 0.1812 0.7244 
2.9801 -0.5999 1.6902 0.2093 0.6981 
2.9801 -0.5999 1.6902 0.2093 0.6981 
2.9901 -0.6190 1.7001 0.1710 0.6684 
2.9801 -0.5882 1.7001 0.1852 0.7049 
2.9604 -0.5399 1.6901 0.2453 0.7793 
2.9658 -0.5899 1.6901 0.2147 0.7361 
2.9566 -0.5899 1.6901 0.2144 0.7575 
2.9401 -0.5424 1.6601 0.3437 0.8222 
2.9701 -0.5338 1.6701 0.3186 0.7547 
2.9401 -0.5451 1.6701 0.3082 0.8224 
2.9401 -0.5451 1.6701 0.3082 0.8224 
2.9301 -0.5337 1.6801 0.2828 0.8588 
2.9201 -0.5422 1.6701 0.3096 0.8742 
2.9401 -0.5451 1.6701 0.3082 0.8224 
2.9701 -0.5338 1.6701 0.3186 0.7547 
2.9301 -0.5337 1.6801 0.2828 0.8588 
2.9301 -0.5337 1.6801 0.2828 0.8588 
2.9701 -0.5338 1.6701 0.3186 0.7547 
2.9501 -0.5320 1.6801 0.2849 0.8090 
2.9701 -0.5338 1.6701 0.3186 0.7547 
2.9601 -0.5309 1.6801 0.2861 0.7841 
2.9501 -0.5320 1.6801 0.2849 0.8090 
2.9601 -0.5299 1.6867 0.2641 0.7861 
2.9601 -0.5299 1.6901 0.2522 0.7870 
2.9604 -0.5399 1.6901 0.2453 0.7793 
2.9601 -0.5299 1.6867 0.2641 0.7861 
2.9604 -0.5399 1.6901 0.2453 0.7793 
2.9501 -0.5320 1.6801 0.2849 0.8090 
2.9601 -0.5299 1.6867 0.2641 0.7861 
2.9501 -0.5320 1.6801 0.2849 0.8090 
2.9601 -0.5309 1.6801 0.2861 0.7841 
2.9601 -0.5299 1.6867 0.2641 0.7861 
2.9601 -0.5309 1.6801 0.2861 0.7841 
2.9603 -0.5299 1.6901 0.2522 0.7863 
2.9603 -0.5299 1.6901 0.2522 0.7863 
2.9601 -0.5309 1.6801 0.2861 0.7841 
2.9604 -0.5399 1.6901 0.2453 0.7793 
2.9601 -0.5299 1.6901 0.2522 0.7870 
2.9603 -0.5299 1.6901 0.2522 0.7863 
2.9604 -0.5399 1.6901 0.2453 0.7793 
2.9962 -0.5299 1.6901 0.2536 0.6928 
2.9801 -0.5352 1.6901 0.2492 0.7316 
2.9801 -0.5299 1.6909 0.2501 0.7349 
2.9801 -0.5246 1.6901 0.2568 0.7380 
2.9801 -0.5299 1.6909 0.2501 0.7349 
2.9801 -0.5352 1.6901 0.2492 0.7316 
2.9801 -0.5246 1.6901 0.2568 0.7380 
2.9962 -0.5299 1.6901 0.2536 0.6928 
2.9801 -0.5299 1.6909 0.2501 0.7349 
3.0601 -0.6140 1.6801 0.2341 0.5116 
3.0301 -0.6213 1.6801 0.2291 0.5772 
3.0201 -0.5370 1.6701 0.3181 0.6256 
3.0201 -0.5370 1.6701 0.3181 0.6256 
3.0101 -0.6287 1.6801 0.2245 0.6191 
2.9801 -0.6346 1.6801 0.2205 0.6819 
3.0201 -0.6070 1.6801 0.2369 0.6033 
3.0101 -0.6287 1.6801 0.2245 0.6191 
3.0201 -0.5370 1.6701 0.3181 0.6256 
3.0201 -0.5370 1.6701 0.3181 0.6256 
3.0301 -0.6213 1.6801 0.2291 0.5772 
3.0201 -0.6070 1.6801 0.2369 0.6033 
3.0201 -0.5370 1.6701 0.3181 0.6256 
2.9801 -0.6346 1.6801 0.2205 0.6819 
2.9801 -0.5373 1.6701 0.3161 0.7272 
3.0601 -0.5391 1.6701 0.3181 0.5228 
3.0601 -0.6140 1.6801 0.2341 0.5116 
3.0201 -0.5370 1.6701 0.3181 0.6256 
3.0601 -0.6140 1.6801 0.2341 0.5116 
3.0601 -0.5391 1.6701 0.3181 0.5228 
3.0701 -0.5291 1.6801 0.2921 0.4984 
3.0901 -0.6199 1.6831 0.2228 0.4438 
3.0701 -0.6280 1.6901 0.1976 0.4877 
3.0701 -0.5291 1.6801 0.2921 0.4984 
3.0701 -0.5291 1.6801 0.2921 0.4984 
3.0701 -0.6280 1.6901 0.1976 0.4877 
3.0601 -0.6140 1.6801 0.2341 0.5116 
3.0701 -0.5399 1.6601 0.3518 0.4971 
3.0801 -0.5399 1.6601 0.3523 0.4717 
3.0801 -0.5399 1.6601 0.3523 0.4717 
3.0801 -0.5399 1.6601 0.3523 0.4717 
3.0801 -0.5399 1.6601 0.3523 0.4717 
3.0801 -0.5399 1.6601 0.3523 0.4717 
3.0801 -0.5399 1.6601 0.3523 0.4717 
3.0601 -0.5391 1.6701 0.3181 0.5228 
3.0701 -0.5399 1.6601 0.3518 0.4971 
3.0801 -0.5399 1.6601 0.3523 0.4717 
3.0801 -0.5399 1.6601 0.3523 0.4717 
3.0901 -0.5384 1.6601 0.3541 0.4462 
3.0801 -0.5399 1.6601 0.3523 0.4717 
3.0901 -0.5384 1.6601 0.3541 0.4462 
3.0601 -0.5391 1.6701 0.3181 0.5228 
3.0601 -0.5391 1.6701 0.3181 0.5228 
3.0901 -0.5384 1.6601 0.3541 0.4462 
3.1001 -0.5385 1.6701 0.3203 0.4201 
3.0901 -0.5250 1.6801 0.2962 0.4457 
3.0701 -0.5291 1.6801 0.2921 0.4984 
3.0601 -0.5391 1.6701 0.3181 0.5228 
3.1001 -0.5385 1.6701 0.3203 0.4201 
3.0901 -0.5250 1.6801 0.2962 0.4457 
3.0601 -0.5391 1.6701 0.3181 0.5228 
3.1101 -0.5399 1.6812 0.2813 0.3936 
3.1101 -0.6199 1.6888 0.2065 0.3986 
3.0701 -0.5291 1.6801 0.2921 0.4984 
3.1101 -0.6199 1.6888 0.2065 0.3986 
3.0901 -0.6199 1.6831 0.2228 0.4438 
3.0701 -0.5291 1.6801 0.2921 0.4984 
3.1001 -0.5299 1.6802 0.2925 0.4192 
3.1101 -0.5399 1.6812 0.2813 0.3936 
3.0701 -0.5291 1.6801 0.2921 0.4984 
2.9201 -0.6199 1.7052 0.1547 0.8245 
2.9024 -0.5999 1.7101 0.1485 0.8797 
2.8901 -0.6215 1.7001 0.1677 0.8883 
2.9301 -0.6001 1.7101 0.1490 0.8160 
2.9201 -0.6199 1.7052 0.1547 0.8245 
2.9301 -0.6258 1.6901 0.1951 0.7959 
2.9201 -0.6199 1.7052 0.1547 0.8245 
2.9301 -0.6165 1.7201 0.1162 0.8073 
2.9024 -0.5999 1.7101 0.1485 0.8797 
2.9401 -0.6183 1.7101 0.1422 0.7818 
2.9401 -0.6102 1.7201 0.1182 0.7885 
2.9301 -0.6165 1.7201 0.1162 0.8073 
2.9501 -0.6048 1.7101 0.1475 0.7672 
2.9501 -0.6180 1.7201 0.1160 0.7613 
2.9401 -0.6183 1.7101 0.1422 0.7818 
2.9501 -0.6180 1.7201 0.1160 0.7613 
2.9401 -0.6102 1.7201 0.1182 0.7885 
2.9401 -0.6183 1.7101 0.1422 0.7818 
2.9024 -0.5999 1.7101 0.1485 0.8797 
2.9101 -0.6048 1.7201 0.1194 0.8608 
2.8901 -0.6135 1.7201 0.1164 0.8993 
2.9301 -0.6165 1.7201 0.1162 0.8073 
2.9101 -0.6048 1.7201 0.1194 0.8608 
2.9024 -0.5999 1.7101 0.1485 0.8797 
2.9301 -0.6001 1.7101 0.1490 0.8160 
2.9301 -0.6165 1.7201 0.1162 0.8073 
2.9201 -0.6199 1.7052 0.1547 0.8245 
2.9301 -0.6001 1.7101 0.1490 0.8160 
2.9401 -0.6183 1.7101 0.1422 0.7818 
2.9301 -0.6165 1.7201 0.1162 0.8073 
2.9001 -0.6142 1.7301 0.0933 0.8787 
2.8901 -0.6135 1.7201 0.1164 0.8993 
2.9101 -0.6048 1.7201 0.1194 0.8608 
2.9201 -0.6209 1.7301 0.0922 0.8288 
2.9101 -0.6048 1.7201 0.1194 0.8608 
2.9301 -0.6165 1.7201 0.1162 0.8073 
2.9401 -0.6102 1.7201 0.1182 0.7885 
2.9401 -0.6141 1.7401 0.0776 0.7898 
2.9301 -0.6165 1.7201 0.1162 0.8073 
2.9301 -0.6165 1.7201 0.1162 0.8073 
2.9401 -0.6141 1.7401 0.0776 0.7898 
2.9201 -0.6209 1.7301 0.0922 0.8288 
2.9401 -0.6141 1.7401 0.0776 0.7898 
2.9401 -0.6102 1.7201 0.1182 0.7885 
2.9501 -0.6180 1.7201 0.1160 0.7613 
2.9501 -0.6180 1.7201 0.1160 0.7613 
2.9501 -0.6019 1.7401 0.0788 0.7741 
2.9401 -0.6141 1.7401 0.0776 0.7898 
2.9101 -0.6199 1.7401 0.0769 0.8541 
2.9001 -0.6142 1.7301 0.0933 0.8787 
2.9101 -0.6048 1.7201 0.1194 0.8608 
2.9101 -0.6199 1.7401 0.0769 0.8541 
2.9101 -0.6048 1.7201 0.1194 0.8608 
2.9201 -0.6209 1.7301 0.0922 0.8288 
2.9201 -0.6209 1.7301 0.0922 0.8288 
2.9401 -0.6141 1.7401 0.0776 0.7898 
2.9101 -0.6199 1.7401 0.0769 0.8541 
2.9501 -0.6019 1.7401 0.0788 0.7741 
2.9401 -0.5773 1.7501 0.0734 0.8164 
2.9401 -0.6141 1.7401 0.0776 0.7898 
2.9901 -0.6190 1.7001 0.1710 0.6684 
3.0001 -0.6256 1.7101 0.1406 0.6445 
2.9901 -0.6182 1.7101 0.1432 0.6697 
2.9501 -0.6048 1.7101 0.1475 0.7672 
2.9601 -0.6088 1.7001 0.1749 0.7406 
2.9701 -0.5960 1.7001 0.1812 0.7244 
3.0001 -0.5991 1.7001 0.1804 0.6534 
3.0001 -0.6256 1.7101 0.1406 0.6445 
2.9901 -0.6190 1.7001 0.1710 0.6684 
2.9501 -0.6180 1.7201 0.1160 0.7613 
2.9501 -0.6048 1.7101 0.1475 0.7672 
2.9601 -0.6231 1.7201 0.1147 0.7361 
2.9901 -0.6190 1.7001 0.1710 0.6684 
2.9801 -0.6161 1.7301 0.0938 0.6956 
2.9701 -0.6108 1.7201 0.1185 0.7197 
2.9901 -0.6190 1.7001 0.1710 0.6684 
2.9901 -0.6182 1.7101 0.1432 0.6697 
2.9801 -0.6161 1.7301 0.0938 0.6956 
3.0001 -0.6256 1.7101 0.1406 0.6445 
3.0001 -0.6150 1.7201 0.1177 0.6493 
2.9901 -0.6182 1.7101 0.1432 0.6697 
2.9501 -0.6048 1.7101 0.1475 0.7672 
2.9701 -0.5960 1.7001 0.1812 0.7244 
2.9601 -0.6231 1.7201 0.1147 0.7361 
2.9601 -0.6231 1.7201 0.1147 0.7361 
2.9701 -0.5960 1.7001 0.1812 0.7244 
2.9701 -0.6108 1.7201 0.1185 0.7197 
2.9701 -0.5960 1.7001 0.1812 0.7244 
2.9901 -0.6190 1.7001 0.1710 0.6684 
2.9701 -0.6108 1.7201 0.1185 0.7197 
2.9501 -0.6180 1.7201 0.1160 0.7613 
2.9601 -0.6231 1.7201 0.1147 0.7361 
2.9601 -0.6184 1.7301 0.0931 0.7400 
2.9501 -0.6180 1.7201 0.1160 0.7613 
2.9601 -0.6184 1.7301 0.0931 0.7400 
2.9501 -0.6019 1.7401 0.0788 0.7741 
2.9601 -0.6184 1.7301 0.0931 0.7400 
2.9601 -0.6231 1.7201 0.1147 0.7361 
2.9701 -0.6108 1.7201 0.1185 0.7197 
2.9601 -0.6184 1.7301 0.0931 0.7400 
2.9701 -0.6108 1.7201 0.1185 0.7197 
2.9801 -0.6161 1.7301 0.0938 0.6956 
2.9901 -0.6182 1.7101 0.1432 0.6697 
3.0001 -0.6150 1.7201 0.1177 0.6493 
2.9801 -0.6161 1.7301 0.0938 0.6956 
3.0301 -0.6050 1.7001 0.1784 0.5822 
3.0401 -0.6165 1.7101 0.1448 0.5570 
3.0301 -0.6177 1.7101 0.1441 0.5795 
3.0401 -0.6165 1.7101 0.1448 0.5570 
3.0501 -0.6156 1.7001 0.1739 0.5342 
3.0701 -0.6263 1.7101 0.1417 0.4877 
3.0001 -0.5991 1.7001 0.1804 0.6534 
3.0101 -0.6042 1.7001 0.1783 0.6285 
3.0201 -0.5999 1.7074 0.1589 0.6073 
3.0001 -0.5991 1.7001 0.1804 0.6534 
3.0201 -0.5999 1.7074 0.1589 0.6073 
3.0001 -0.6256 1.7101 0.1406 0.6445 
3.0201 -0.5999 1.7074 0.1589 0.6073 
3.0101 -0.6042 1.7001 0.1783 0.6285 
3.0301 -0.6050 1.7001 0.1784 0.5822 
3.0201 -0.5999 1.7074 0.1589 0.6073 
3.0301 -0.6050 1.7001 0.1784 0.5822 
3.0301 -0.6177 1.7101 0.1441 0.5795 
3.0201 -0.5999 1.7074 0.1589 0.6073 
3.0001 -0.6150 1.7201 0.1177 0.6493 
3.0001 -0.6256 1.7101 0.1406 0.6445 
3.0301 -0.6177 1.7101 0.1441 0.5795 
3.0301 -0.6177 1.7201 0.1174 0.5799 
3.0101 -0.6191 1.7301 0.0935 0.6258 
3.0401 -0.6165 1.7101 0.1448 0.5570 
3.0301 -0.6177 1.7201 0.1174 0.5799 
3.0301 -0.6177 1.7101 0.1441 0.5795 
3.0701 -0.6263 1.7101 0.1417 0.4877 
3.0501 -0.6146 1.7201 0.1186 0.5348 
3.0401 -0.6165 1.7101 0.1448 0.5570 
3.0401 -0.6165 1.7101 0.1448 0.5570 
3.0501 -0.6146 1.7201 0.1186 0.5348 
3.0301 -0.6177 1.7201 0.1174 0.5799 
3.0201 -0.5999 1.7074 0.1589 0.6073 
3.0301 -0.6177 1.7101 0.1441 0.5795 
3.0101 -0.6191 1.7301 0.0935 0.6258 
3.0201 -0.5999 1.7074 0.1589 0.6073 
3.0101 -0.6191 1.7301 0.0935 0.6258 
3.0001 -0.6150 1.7201 0.1177 0.6493 
3.0101 -0.6217 1.7401 0.0772 0.6258 
3.0001 -0.6150 1.7201 0.1177 0.6493 
3.0101 -0.6191 1.7301 0.0935 0.6258 
3.0101 -0.6191 1.7301 0.0935 0.6258 
3.0301 -0.6177 1.7201 0.1174 0.5799 
3.0401 -0.6283 1.7401 0.0768 0.5555 
3.0501 -0.6146 1.7201 0.1186 0.5348 
3.0401 -0.6283 1.7401 0.0768 0.5555 
3.0301 -0.6177 1.7201 0.1174 0.5799 
3.0501 -0.6156 1.7001 0.1739 0.5342 
3.0701 -0.6213 1.7001 0.1718 0.4882 
3.0701 -0.6263 1.7101 0.1417 0.4877 
3.1001 -0.6257 1.7201 0.1160 0.4196 
3.0701 -0.6263 1.7101 0.1417 0.4877 
3.0901 -0.6171 1.7001 0.1742 0.4432 
3.1101 -0.6155 1.7201 0.1193 0.3962 
3.1001 -0.6257 1.7201 0.1160 0.4196 
3.0901 -0.6171 1.7001 0.1742 0.4432 
3.0901 -0.6171 1.7001 0.1742 0.4432 
3.0701 -0.6263 1.7101 0.1417 0.4877 
3.0701 -0.6213 1.7001 0.1718 0.4882 
3.1101 -0.6155 1.7201 0.1193 0.3962 
3.0901 -0.6171 1.7001 0.1742 0.4432 
3.1001 -0.6199 1.6977 0.1800 0.4206 
3.0501 -0.6146 1.7201 0.1186 0.5348 
3.0701 -0.6263 1.7101 0.1417 0.4877 
3.0701 -0.6239 1.7201 0.1161 0.4878 
3.0701 -0.6263 1.7101 0.1417 0.4877 
3.0901 -0.6221 1.7301 0.0937 0.4420 
3.0701 -0.6239 1.7201 0.1161 0.4878 
3.0701 -0.6263 1.7101 0.1417 0.4877 
3.1001 -0.6257 1.7201 0.1160 0.4196 
3.0901 -0.6221 1.7301 0.0937 0.4420 
3.0601 -0.6185 1.7401 0.0777 0.5113 
3.0401 -0.6283 1.7401 0.0768 0.5555 
3.0701 -0.6239 1.7201 0.1161 0.4878 
3.0401 -0.6283 1.7401 0.0768 0.5555 
3.0501 -0.6146 1.7201 0.1186 0.5348 
3.0701 -0.6239 1.7201 0.1161 0.4878 
3.0801 -0.6238 1.7401 0.0773 0.4646 
3.0601 -0.6185 1.7401 0.0777 0.5113 
3.0701 -0.6239 1.7201 0.1161 0.4878 
3.0801 -0.6238 1.7401 0.0773 0.4646 
3.0701 -0.6239 1.7201 0.1161 0.4878 
3.0901 -0.6221 1.7301 0.0937 0.4420 
2.9901 -0.6190 1.7001 0.1710 0.6684 
2.9701 -0.5960 1.7001 0.1812 0.7244 
2.9801 -0.5882 1.7001 0.1852 0.7049 
3.1401 -0.6299 1.6801 0.2275 0.3336 
3.1301 -0.6199 1.6850 0.2182 0.3539 
3.1501 -0.6099 1.6781 0.2454 0.3076 
3.1396 -0.6299 1.6801 0.2275 0.3346 
3.1301 -0.6199 1.6850 0.2182 0.3539 
3.1401 -0.6299 1.6801 0.2275 0.3336 
3.1249 -0.6299 1.6801 0.2270 0.3670 
3.1101 -0.6199 1.6888 0.2065 0.3986 
3.1201 -0.5399 1.6704 0.3191 0.3687 
3.1301 -0.6199 1.6850 0.2182 0.3539 
3.1411 -0.5899 1.6801 0.2512 0.3241 
3.1501 -0.6099 1.6781 0.2454 0.3076 
3.1301 -0.6282 1.6901 0.1990 0.3545 
3.1201 -0.6317 1.6901 0.1970 0.3771 
3.1249 -0.6299 1.6801 0.2270 0.3670 
3.1401 -0.6301 1.6801 0.2274 0.3336 
3.1301 -0.6282 1.6901 0.1990 0.3545 
3.1396 -0.6299 1.6801 0.2275 0.3346 
3.1701 -0.6294 1.6801 0.2286 0.2673 
3.1301 -0.6282 1.6901 0.1990 0.3545 
3.1401 -0.6301 1.6801 0.2274 0.3336 
3.1301 -0.6199 1.6850 0.2182 0.3539 
3.1301 -0.6282 1.6901 0.1990 0.3545 
3.1249 -0.6299 1.6801 0.2270 0.3670 
3.1301 -0.6282 1.6901 0.1990 0.3545 
3.1301 -0.6199 1.6850 0.2182 0.3539 
3.1396 -0.6299 1.6801 0.2275 0.3346 
3.1401 -0.6299 1.6801 0.2275 0.3336 
3.1701 -0.6294 1.6801 0.2286 0.2673 
3.1401 -0.6301 1.6801 0.2274 0.3336 
3.1301 -0.5899 1.6913 0.2158 0.3489 
3.1301 -0.6199 1.6850 0.2182 0.3539 
3.1249 -0.6299 1.6801 0.2270 0.3670 
3.1411 -0.5899 1.6801 0.2512 0.3241 
3.1301 -0.6199 1.6850 0.2182 0.3539 
3.1301 -0.5899 1.6913 0.2158 0.3489 
3.1001 -0.6277 1.6901 0.1985 0.4212 
3.1201 -0.6317 1.6901 0.1970 0.3771 
3.1001 -0.6199 1.6977 0.1800 0.4206 
3.1201 -0.6317 1.6901 0.1970 0.3771 
3.1101 -0.6199 1.7001 0.1734 0.3978 
3.1001 -0.6199 1.6977 0.1800 0.4206 
3.1201 -0.6227 1.7001 0.1724 0.3754 
3.1101 -0.6199 1.7001 0.1734 0.3978 
3.1101 -0.6199 1.7001 0.1734 0.3978 
3.1201 -0.6227 1.7001 0.1724 0.3754 
3.1101 -0.6199 1.7001 0.1734 0.3978 
3.1201 -0.6317 1.6901 0.1970 0.3771 
3.1201 -0.6317 1.6901 0.1970 0.3771 
3.1301 -0.6282 1.6901 0.1990 0.3545 
3.1201 -0.6227 1.7001 0.1724 0.3754 
3.1201 -0.6227 1.7001 0.1724 0.3754 
3.1301 -0.6282 1.6901 0.1990 0.3545 
3.1301 -0.6186 1.7101 0.1458 0.3513 
3.1301 -0.6282 1.6901 0.1990 0.3545 
3.1701 -0.6294 1.6801 0.2286 0.2673 
3.1701 -0.6271 1.7001 0.1716 0.2638 
3.1301 -0.6186 1.7101 0.1458 0.3513 
3.1301 -0.6282 1.6901 0.1990 0.3545 
3.1701 -0.6271 1.7001 0.1716 0.2638 
3.1001 -0.6199 1.6977 0.1800 0.4206 
3.1101 -0.6199 1.7001 0.1734 0.3978 
3.1101 -0.6199 1.7001 0.1734 0.3978 
3.1101 -0.6199 1.7001 0.1734 0.3978 
3.1101 -0.6199 1.7001 0.1734 0.3978 
3.1101 -0.6199 1.7001 0.1734 0.3978 
3.1401 -0.6299 1.6801 0.2275 0.3336 
3.1601 -0.6299 1.6800 0.2284 0.2895 
3.1601 -0.6309 1.6801 0.2275 0.2897 
3.1669 -0.6299 1.6801 0.2282 0.2745 
3.1601 -0.6299 1.6800 0.2284 0.2895 
3.1701 -0.6294 1.6801 0.2286 0.2673 
3.1601 -0.6299 1.6800 0.2284 0.2895 
3.1401 -0.6299 1.6801 0.2275 0.3336 
3.1501 -0.6099 1.6781 0.2454 0.3076 
3.1601 -0.6309 1.6801 0.2275 0.2897 
3.1701 -0.6294 1.6801 0.2286 0.2673 
3.1401 -0.6299 1.6801 0.2275 0.3336 
3.1601 -0.6309 1.6801 0.2275 0.2897 
3.1669 -0.6299 1.6801 0.2282 0.2745 
3.1701 -0.6294 1.6801 0.2286 0.2673 
3.1801 -0.6027 1.6901 0.2137 0.2349 
3.1701 -0.6099 1.7086 0.1545 0.2574 
3.1701 -0.6294 1.6801 0.2286 0.2673 
3.1701 -0.6099 1.7086 0.1545 0.2574 
3.1701 -0.6271 1.7001 0.1716 0.2638 
3.1701 -0.6294 1.6801 0.2286 0.2673 
3.1901 -0.6153 1.6901 0.2072 0.2166 
3.2101 -0.6163 1.7001 0.1775 0.1702 
3.1901 -0.6030 1.7101 0.1534 0.2082 
3.1801 -0.6027 1.6901 0.2137 0.2349 
3.1801 -0.5796 1.7001 0.1951 0.2247 
3.1701 -0.6099 1.7086 0.1545 0.2574 
3.1801 -0.6027 1.6901 0.2137 0.2349 
3.1901 -0.6153 1.6901 0.2072 0.2166 
3.1801 -0.5796 1.7001 0.1951 0.2247 
3.1801 -0.5796 1.7001 0.1951 0.2247 
3.1901 -0.6153 1.6901 0.2072 0.2166 
3.1901 -0.6030 1.7101 0.1534 0.2082 
3.1901 -0.6153 1.6901 0.2072 0.2166 
3.2101 -0.6231 1.6901 0.2037 0.1752 
3.2101 -0.6163 1.7001 0.1775 0.1702 
3.2301 -0.5998 1.6901 0.2168 0.1203 
3.2101 -0.6163 1.7001 0.1775 0.1702 
3.2101 -0.6231 1.6901 0.2037 0.1752 
3.2401 -0.6071 1.7001 0.1826 0.1007 
3.2301 -0.5998 1.6901 0.2168 0.1203 
3.2601 -0.6250 1.6901 0.2040 0.0746 
3.2501 -0.6157 1.7001 0.1787 0.0855 
3.2401 -0.6071 1.7001 0.1826 0.1007 
3.2601 -0.6250 1.6901 0.2040 0.0746 
3.2701 -0.6099 1.6863 0.2239 0.0564 
3.2801 -0.6216 1.6801 0.2363 0.0532 
3.2601 -0.6250 1.6901 0.2040 0.0746 
3.2801 -0.6216 1.6801 0.2363 0.0532 
3.2801 -0.6264 1.6901 0.2039 0.0532 
3.2601 -0.6250 1.6901 0.2040 0.0746 
3.2601 -0.6250 1.6901 0.2040 0.0746 
3.2701 -0.6278 1.7001 0.1736 0.0600 
3.2601 -0.6116 1.7001 0.1809 0.0668 
3.2701 -0.6278 1.7001 0.1736 0.0600 
3.2601 -0.6250 1.6901 0.2040 0.0746 
3.2801 -0.6264 1.6901 0.2039 0.0532 
3.2501 -0.6157 1.7001 0.1787 0.0855 
3.2601 -0.6250 1.6901 0.2040 0.0746 
3.2601 -0.6116 1.7001 0.1809 0.0668 
3.1101 -0.6199 1.6888 0.2065 0.3986 
3.1101 -0.5399 1.6812 0.2813 0.3936 
3.1201 -0.5399 1.6704 0.3191 0.3687 
3.1411 -0.5899 1.6801 0.2512 0.3241 
3.1407 -0.5299 1.6801 0.2944 0.3120 
3.1501 -0.6099 1.6781 0.2454 0.3076 
3.1249 -0.6299 1.6801 0.2270 0.3670 
3.1201 -0.5399 1.6704 0.3191 0.3687 
3.1296 -0.5399 1.6801 0.2860 0.3431 
3.1501 -0.6099 1.6781 0.2454 0.3076 
3.1407 -0.5299 1.6801 0.2944 0.3120 
3.1501 -0.5359 1.6701 0.3248 0.2904 
3.1301 -0.5299 1.6921 0.2514 0.3385 
3.1301 -0.5899 1.6913 0.2158 0.3489 
3.1249 -0.6299 1.6801 0.2270 0.3670 
3.1411 -0.5899 1.6801 0.2512 0.3241 
3.1301 -0.5299 1.6921 0.2514 0.3385 
3.1407 -0.5299 1.6801 0.2944 0.3120 
3.1301 -0.5899 1.6913 0.2158 0.3489 
3.1301 -0.5299 1.6921 0.2514 0.3385 
3.1411 -0.5899 1.6801 0.2512 0.3241 
3.1296 -0.5399 1.6801 0.2860 0.3431 
3.1301 -0.5299 1.6921 0.2514 0.3385 
3.1249 -0.6299 1.6801 0.2270 0.3670 
3.1701 -0.5364 1.6701 0.3252 0.2388 
3.1701 -0.6294 1.6801 0.2286 0.2673 
3.1601 -0.6299 1.6800 0.2284 0.2895 
3.1601 -0.6299 1.6800 0.2284 0.2895 
3.1501 -0.6099 1.6781 0.2454 0.3076 
3.1501 -0.5359 1.6701 0.3248 0.2904 
3.1601 -0.5399 1.6718 0.3161 0.2655 
3.1601 -0.6299 1.6800 0.2284 0.2895 
3.1501 -0.5359 1.6701 0.3248 0.2904 
3.1701 -0.5364 1.6701 0.3252 0.2388 
3.1601 -0.6299 1.6800 0.2284 0.2895 
3.1601 -0.5399 1.6718 0.3161 0.2655 
3.1301 -0.5375 1.6601 0.3568 0.3437 
3.1001 -0.5385 1.6701 0.3203 0.4201 
3.0901 -0.5384 1.6601 0.3541 0.4462 
3.1301 -0.5375 1.6601 0.3568 0.3437 
3.1501 -0.5359 1.6701 0.3248 0.2904 
3.1001 -0.5385 1.6701 0.3203 0.4201 
3.1301 -0.5299 1.6921 0.2514 0.3385 
3.1201 -0.5399 1.6704 0.3191 0.3687 
3.1101 -0.5399 1.6812 0.2813 0.3936 
3.1001 -0.5385 1.6701 0.3203 0.4201 
3.1501 -0.5359 1.6701 0.3248 0.2904 
3.1407 -0.5299 1.6801 0.2944 0.3120 
3.1201 -0.5399 1.6704 0.3191 0.3687 
3.1301 -0.5299 1.6921 0.2514 0.3385 
3.1296 -0.5399 1.6801 0.2860 0.3431 
3.0901 -0.5250 1.6801 0.2962 0.4457 
3.1001 -0.5385 1.6701 0.3203 0.4201 
3.1407 -0.5299 1.6801 0.2944 0.3120 
3.1801 -0.5360 1.6601 0.3606 0.2149 
3.1701 -0.5364 1.6701 0.3252 0.2388 
3.1301 -0.5375 1.6601 0.3568 0.3437 
3.1301 -0.5375 1.6601 0.3568 0.3437 
3.1701 -0.5364 1.6701 0.3252 0.2388 
3.1501 -0.5359 1.6701 0.3248 0.2904 
3.1801 -0.5360 1.6601 0.3606 0.2149 
3.2001 -0.5386 1.6701 0.3246 0.1633 
3.1701 -0.5364 1.6701 0.3252 0.2388 
3.2201 -0.5343 1.6601 0.3641 0.1143 
3.2001 -0.5386 1.6701 0.3246 0.1633 
3.1801 -0.5360 1.6601 0.3606 0.2149 
3.1601 -0.5399 1.6718 0.3161 0.2655 
3.1501 -0.5359 1.6701 0.3248 0.2904 
3.1594 -0.5299 1.6801 0.2952 0.2626 
3.1601 -0.5399 1.6718 0.3161 0.2655 
3.1594 -0.5299 1.6801 0.2952 0.2626 
3.1608 -0.5299 1.6801 0.2952 0.2588 
3.1601 -0.5299 1.6749 0.3136 0.2616 
3.1594 -0.5299 1.6801 0.2952 0.2626 
3.1701 -0.5364 1.6701 0.3252 0.2388 
3.1501 -0.5359 1.6701 0.3248 0.2904 
3.1701 -0.5364 1.6701 0.3252 0.2388 
3.1594 -0.5299 1.6801 0.2952 0.2626 
3.1701 -0.5364 1.6701 0.3252 0.2388 
3.1608 -0.5299 1.6801 0.2952 0.2588 
3.1601 -0.5299 1.6749 0.3136 0.2616 
3.1701 -0.5364 1.6701 0.3252 0.2388 
3.1601 -0.5399 1.6718 0.3161 0.2655 
3.1608 -0.5299 1.6801 0.2952 0.2588 
3.1501 -0.6079 1.7101 0.1505 0.3031 
3.1301 -0.6186 1.7101 0.1458 0.3513 
3.1701 -0.6271 1.7001 0.1716 0.2638 
3.1101 -0.6199 1.7001 0.1734 0.3978 
3.1101 -0.6183 1.7101 0.1455 0.3971 
3.1001 -0.6199 1.6977 0.1800 0.4206 
3.1001 -0.6199 1.6977 0.1800 0.4206 
3.1101 -0.6183 1.7101 0.1455 0.3971 
3.1101 -0.6155 1.7201 0.1193 0.3962 
3.1101 -0.6199 1.7001 0.1734 0.3978 
3.1201 -0.6227 1.7001 0.1724 0.3754 
3.1201 -0.6099 1.7074 0.1569 0.3735 
3.1101 -0.6199 1.7001 0.1734 0.3978 
3.1201 -0.6099 1.7074 0.1569 0.3735 
3.1101 -0.6183 1.7101 0.1455 0.3971 
3.1101 -0.6199 1.7001 0.1734 0.3978 
3.1101 -0.6183 1.7101 0.1455 0.3971 
3.1101 -0.6199 1.7001 0.1734 0.3978 
3.1301 -0.6186 1.7101 0.1458 0.3513 
3.1201 -0.6099 1.7074 0.1569 0.3735 
3.1201 -0.6227 1.7001 0.1724 0.3754 
3.1201 -0.6099 1.7074 0.1569 0.3735 
3.1101 -0.6155 1.7201 0.1193 0.3962 
3.1101 -0.6183 1.7101 0.1455 0.3971 
3.1201 -0.6099 1.7074 0.1569 0.3735 
3.1201 -0.6216 1.7201 0.1176 0.3737 
3.1101 -0.6155 1.7201 0.1193 0.3962 
3.1201 -0.6099 1.7074 0.1569 0.3735 
3.1301 -0.6179 1.7201 0.1189 0.3503 
3.1201 -0.6216 1.7201 0.1176 0.3737 
3.1201 -0.6099 1.7074 0.1569 0.3735 
3.1301 -0.6186 1.7101 0.1458 0.3513 
3.1301 -0.6179 1.7201 0.1189 0.3503 
3.1501 -0.6079 1.7101 0.1505 0.3031 
3.1301 -0.6179 1.7201 0.1189 0.3503 
3.1301 -0.6186 1.7101 0.1458 0.3513 
3.1501 -0.6277 1.7201 0.1162 0.3063 
3.1301 -0.6179 1.7201 0.1189 0.3503 
3.1501 -0.6079 1.7101 0.1505 0.3031 
3.0901 -0.6221 1.7301 0.0937 0.4420 
3.1001 -0.6257 1.7201 0.1160 0.4196 
3.1101 -0.6155 1.7201 0.1193 0.3962 
3.1401 -0.6252 1.7301 0.0936 0.3275 
3.1201 -0.6216 1.7201 0.1176 0.3737 
3.1301 -0.6179 1.7201 0.1189 0.3503 
3.1301 -0.6179 1.7201 0.1189 0.3503 
3.1501 -0.6277 1.7201 0.1162 0.3063 
3.1401 -0.6252 1.7301 0.0936 0.3275 
3.1101 -0.6155 1.7201 0.1193 0.3962 
3.1001 -0.6234 1.7401 0.0775 0.4185 
3.0901 -0.6221 1.7301 0.0937 0.4420 
3.1101 -0.6155 1.7201 0.1193 0.3962 
3.1201 -0.6216 1.7201 0.1176 0.3737 
3.1201 -0.6190 1.7401 0.0780 0.3718 
3.1101 -0.6155 1.7201 0.1193 0.3962 
3.1201 -0.6190 1.7401 0.0780 0.3718 
3.1001 -0.6234 1.7401 0.0775 0.4185 
3.1401 -0.6252 1.7301 0.0936 0.3275 
3.1201 -0.6190 1.7401 0.0780 0.3718 
3.1201 -0.6216 1.7201 0.1176 0.3737 
3.1601 -0.6162 1.7101 0.1474 0.2820 
3.1501 -0.6079 1.7101 0.1505 0.3031 
3.1701 -0.6271 1.7001 0.1716 0.2638 
3.1701 -0.6099 1.7086 0.1545 0.2574 
3.1601 -0.6162 1.7101 0.1474 0.2820 
3.1701 -0.6271 1.7001 0.1716 0.2638 
3.2001 -0.5934 1.7101 0.1577 0.1808 
3.1901 -0.6030 1.7101 0.1534 0.2082 
3.2101 -0.6163 1.7001 0.1775 0.1702 
3.1501 -0.6079 1.7101 0.1505 0.3031 
3.1601 -0.6162 1.7101 0.1474 0.2820 
3.1601 -0.6199 1.7182 0.1238 0.2819 
3.1501 -0.6079 1.7101 0.1505 0.3031 
3.1601 -0.6199 1.7182 0.1238 0.2819 
3.1501 -0.6277 1.7201 0.1162 0.3063 
3.1801 -0.6160 1.7201 0.1203 0.2344 
3.1901 -0.6030 1.7101 0.1534 0.2082 
3.2001 -0.6182 1.7201 0.1200 0.1895 
3.1601 -0.6162 1.7101 0.1474 0.2820 
3.1701 -0.6099 1.7086 0.1545 0.2574 
3.1801 -0.5796 1.7001 0.1951 0.2247 
3.1601 -0.6162 1.7101 0.1474 0.2820 
3.1801 -0.5796 1.7001 0.1951 0.2247 
3.1601 -0.6199 1.7182 0.1238 0.2819 
3.1601 -0.6199 1.7182 0.1238 0.2819 
3.1801 -0.5796 1.7001 0.1951 0.2247 
3.1801 -0.6160 1.7201 0.1203 0.2344 
3.1801 -0.5796 1.7001 0.1951 0.2247 
3.1901 -0.6030 1.7101 0.1534 0.2082 
3.1801 -0.6160 1.7201 0.1203 0.2344 
3.1901 -0.6030 1.7101 0.1534 0.2082 
3.2001 -0.5934 1.7101 0.1577 0.1808 
3.2001 -0.6182 1.7201 0.1200 0.1895 
3.1601 -0.6199 1.7182 0.1238 0.2819 
3.1601 -0.6248 1.7301 0.0939 0.2815 
3.1501 -0.6277 1.7201 0.1162 0.3063 
3.1501 -0.6277 1.7201 0.1162 0.3063 
3.1601 -0.6248 1.7301 0.0939 0.2815 
3.1401 -0.6252 1.7301 0.0936 0.3275 
3.1801 -0.6238 1.7301 0.0943 0.2354 
3.1601 -0.6248 1.7301 0.0939 0.2815 
3.1601 -0.6199 1.7182 0.1238 0.2819 
3.2001 -0.6182 1.7201 0.1200 0.1895 
3.1901 -0.6165 1.7301 0.0960 0.2098 
3.1801 -0.6160 1.7201 0.1203 0.2344 
3.1601 -0.6199 1.7182 0.1238 0.2819 
3.1801 -0.6160 1.7201 0.1203 0.2344 
3.1801 -0.6238 1.7301 0.0943 0.2354 
3.1901 -0.6165 1.7301 0.0960 0.2098 
3.1801 -0.6238 1.7301 0.0943 0.2354 
3.1801 -0.6160 1.7201 0.1203 0.2344 
3.1501 -0.6215 1.7401 0.0779 0.3024 
3.1401 -0.6252 1.7301 0.0936 0.3275 
3.1601 -0.6248 1.7301 0.0939 0.2815 
3.1601 -0.6248 1.7301 0.0939 0.2815 
3.1801 -0.6238 1.7301 0.0943 0.2354 
3.1801 -0.6174 1.7401 0.0784 0.2315 
3.1901 -0.6165 1.7301 0.0960 0.2098 
3.1801 -0.6174 1.7401 0.0784 0.2315 
3.1801 -0.6238 1.7301 0.0943 0.2354 
3.1901 -0.6165 1.7301 0.0960 0.2098 
3.2001 -0.6182 1.7201 0.1200 0.1895 
3.1801 -0.6174 1.7401 0.0784 0.2315 
3.2501 -0.6157 1.7001 0.1787 0.0855 
3.2601 -0.6172 1.7101 0.1490 0.0673 
3.2401 -0.6071 1.7001 0.1826 0.1007 
3.2101 -0.6069 1.7101 0.1522 0.1639 
3.2001 -0.5934 1.7101 0.1577 0.1808 
3.2101 -0.6163 1.7001 0.1775 0.1702 
3.2301 -0.5998 1.6901 0.2168 0.1203 
3.2101 -0.6069 1.7101 0.1522 0.1639 
3.2101 -0.6163 1.7001 0.1775 0.1702 
3.2301 -0.5998 1.6901 0.2168 0.1203 
3.2401 -0.6071 1.7001 0.1826 0.1007 
3.2101 -0.6069 1.7101 0.1522 0.1639 
3.2401 -0.6071 1.7001 0.1826 0.1007 
3.2401 -0.5999 1.7146 0.1425 0.0936 
3.2101 -0.6069 1.7101 0.1522 0.1639 
3.2601 -0.6172 1.7101 0.1490 0.0673 
3.2401 -0.5999 1.7146 0.1425 0.0936 
3.2401 -0.6071 1.7001 0.1826 0.1007 
3.2001 -0.5934 1.7101 0.1577 0.1808 
3.2101 -0.6069 1.7101 0.1522 0.1639 
3.2101 -0.6134 1.7201 0.1217 0.1647 
3.2001 -0.5934 1.7101 0.1577 0.1808 
3.2101 -0.6134 1.7201 0.1217 0.1647 
3.2001 -0.6182 1.7201 0.1200 0.1895 
3.2101 -0.6134 1.7201 0.1217 0.1647 
3.2101 -0.6069 1.7101 0.1522 0.1639 
3.2301 -0.6133 1.7201 0.1220 0.1204 
3.2401 -0.5999 1.7146 0.1425 0.0936 
3.2301 -0.6133 1.7201 0.1220 0.1204 
3.2101 -0.6069 1.7101 0.1522 0.1639 
3.2601 -0.6172 1.7101 0.1490 0.0673 
3.2601 -0.5990 1.7201 0.1274 0.0587 
3.2401 -0.5999 1.7146 0.1425 0.0936 
3.2401 -0.6168 1.7301 0.0966 0.0989 
3.2301 -0.6243 1.7401 0.0780 0.1215 
3.2301 -0.6133 1.7201 0.1220 0.1204 
3.2101 -0.6134 1.7201 0.1217 0.1647 
3.2301 -0.6133 1.7201 0.1220 0.1204 
3.2201 -0.6126 1.7301 0.0973 0.1397 
3.2301 -0.6133 1.7201 0.1220 0.1204 
3.2301 -0.6243 1.7401 0.0780 0.1215 
3.2201 -0.6126 1.7301 0.0973 0.1397 
3.2001 -0.6182 1.7201 0.1200 0.1895 
3.2101 -0.6134 1.7201 0.1217 0.1647 
3.2101 -0.5982 1.7301 0.1006 0.1554 
3.2101 -0.6134 1.7201 0.1217 0.1647 
3.2201 -0.6126 1.7301 0.0973 0.1397 
3.2101 -0.5982 1.7301 0.1006 0.1554 
3.2401 -0.5999 1.7146 0.1425 0.0936 
3.2401 -0.6168 1.7301 0.0966 0.0989 
3.2301 -0.6133 1.7201 0.1220 0.1204 
3.2401 -0.6179 1.7401 0.0787 0.0973 
3.2301 -0.6243 1.7401 0.0780 0.1215 
3.2401 -0.6168 1.7301 0.0966 0.0989 
3.2201 -0.6126 1.7301 0.0973 0.1397 
3.2201 -0.6194 1.7401 0.0784 0.1409 
3.2101 -0.5982 1.7301 0.1006 0.1554 
3.2201 -0.6194 1.7401 0.0784 0.1409 
3.2201 -0.6126 1.7301 0.0973 0.1397 
3.2301 -0.6243 1.7401 0.0780 0.1215 
3.2401 -0.6179 1.7401 0.0787 0.0973 
3.2401 -0.6168 1.7301 0.0966 0.0989 
3.2601 -0.5990 1.7201 0.1274 0.0587 
3.2601 -0.6116 1.7001 0.1809 0.0668 
3.2601 -0.6172 1.7101 0.1490 0.0673 
3.2501 -0.6157 1.7001 0.1787 0.0855 
3.2601 -0.5990 1.7201 0.1274 0.0587 
3.2601 -0.6130 1.7301 0.0977 0.0622 
3.2401 -0.6179 1.7401 0.0787 0.0973 
3.2401 -0.6168 1.7301 0.0966 0.0989 
3.2401 -0.5999 1.7146 0.1425 0.0936 
3.2601 -0.5990 1.7201 0.1274 0.0587 
