NUMPOLLIES 864.000000 

3.0001 0.4501 2.1882 0.9377 0.8471 
2.9701 0.4501 2.1924 0.9487 0.9311 
2.9801 0.4401 2.1938 0.9883 0.9041 
3.3047 0.6001 2.1501 0.3101 0.0650 
3.3101 0.6103 2.1601 0.3016 0.0654 
3.3201 0.6001 2.1607 0.3298 0.0533 
3.3134 0.6001 2.1501 0.3088 0.0550 
3.3047 0.6001 2.1501 0.3101 0.0650 
3.3201 0.6001 2.1607 0.3298 0.0533 
3.3201 0.6123 2.1501 0.2739 0.0531 
3.3134 0.6001 2.1501 0.3088 0.0550 
3.3201 0.6001 2.1607 0.3298 0.0533 
2.9601 0.4801 2.1801 0.8191 0.9600 
2.9601 0.4801 2.1801 0.8191 0.9600 
2.9601 0.4801 2.1801 0.8191 0.9600 
2.9601 0.4801 2.1801 0.8191 0.9600 
2.9601 0.4801 2.1801 0.8191 0.9600 
2.9601 0.4801 2.1801 0.8191 0.9600 
2.9601 0.4801 2.1801 0.8191 0.9600 
2.9601 0.4801 2.1801 0.8191 0.9600 
2.9601 0.4801 2.1801 0.8191 0.9600 
2.9601 0.4801 2.1801 0.8191 0.9600 
2.9601 0.4801 2.1801 0.8191 0.9600 
2.9601 0.4801 2.1801 0.8191 0.9600 
3.3047 0.6001 2.1501 0.3101 0.0650 
3.3001 0.6124 2.1601 0.2973 0.0837 
3.3101 0.6103 2.1601 0.3016 0.0654 
3.0001 0.4701 2.1907 0.8630 0.8405 
2.9901 0.4601 2.1963 0.9100 0.8675 
3.0001 0.4501 2.1882 0.9377 0.8471 
3.3047 0.6001 2.1501 0.3101 0.0650 
3.3001 0.6044 2.1401 0.2771 0.0689 
3.3001 0.6124 2.1601 0.2973 0.0837 
2.9601 0.4801 2.1801 0.8191 0.9600 
2.9523 0.4801 2.1901 0.8339 0.9731 
2.9601 0.4728 2.1901 0.8600 0.9538 
2.9601 0.4801 2.1801 0.8191 0.9600 
2.9601 0.4801 2.1801 0.8191 0.9600 
2.9601 0.4728 2.1901 0.8600 0.9538 
2.9701 0.4801 2.1901 0.8305 0.9229 
2.9601 0.4801 2.1801 0.8191 0.9600 
2.9601 0.4801 2.1801 0.8191 0.9600 
2.9701 0.4801 2.1901 0.8305 0.9229 
2.9601 0.4801 2.1801 0.8191 0.9600 
2.9701 0.4801 2.1901 0.8305 0.9229 
2.9701 0.4801 2.1901 0.8305 0.9229 
2.9601 0.4801 2.1801 0.8191 0.9600 
2.9601 0.4728 2.1901 0.8600 0.9538 
2.9701 0.4801 2.1901 0.8305 0.9229 
2.9701 0.4801 2.1901 0.8305 0.9229 
2.9701 0.4801 2.1901 0.8305 0.9229 
2.9601 0.4801 2.1801 0.8191 0.9600 
2.9523 0.4801 2.1901 0.8339 0.9731 
2.9601 0.4801 2.1801 0.8191 0.9600 
2.9601 0.4801 2.1801 0.8191 0.9600 
2.9601 0.4901 2.1872 0.7916 0.9501 
2.9601 0.4801 2.1801 0.8191 0.9600 
2.9601 0.4801 2.1801 0.8191 0.9600 
2.9701 0.4801 2.1901 0.8305 0.9229 
2.9601 0.4901 2.1872 0.7916 0.9501 
2.9701 0.4801 2.1901 0.8305 0.9229 
2.9701 0.4901 2.1880 0.7908 0.9214 
2.9601 0.4901 2.1872 0.7916 0.9501 
2.9701 0.4801 2.1901 0.8305 0.9229 
2.9801 0.4801 2.1917 0.8306 0.8936 
2.9701 0.4901 2.1880 0.7908 0.9214 
2.9701 0.4801 2.1901 0.8305 0.9229 
2.9701 0.4801 2.1901 0.8305 0.9229 
2.9701 0.4901 2.1880 0.7908 0.9214 
2.9501 0.5101 2.1780 0.7080 0.9789 
2.9401 0.5001 2.1923 0.7664 0.9973 
2.9601 0.4901 2.1872 0.7916 0.9501 
2.9601 0.4901 2.1872 0.7916 0.9501 
2.9401 0.5001 2.1923 0.7664 0.9973 
2.9601 0.4801 2.1801 0.8191 0.9600 
2.9701 0.4901 2.1880 0.7908 0.9214 
2.9501 0.5101 2.1780 0.7080 0.9789 
2.9601 0.4901 2.1872 0.7916 0.9501 
2.9801 0.4801 2.1917 0.8306 0.8936 
2.9901 0.4801 2.1929 0.8303 0.8647 
2.9901 0.5101 2.1851 0.7115 0.8624 
3.0001 0.5001 2.1853 0.7452 0.8371 
2.9901 0.5101 2.1851 0.7115 0.8624 
2.9901 0.4801 2.1929 0.8303 0.8647 
3.3101 0.5922 2.1401 0.3108 0.0537 
3.3101 0.6099 2.1201 0.2153 0.0529 
3.3001 0.6044 2.1401 0.2771 0.0689 
2.9601 0.4401 2.1941 0.9928 0.9623 
2.9701 0.4501 2.1924 0.9487 0.9311 
2.9501 0.4501 2.1910 0.9513 0.9905 
2.9901 0.4601 2.1963 0.9100 0.8675 
2.9701 0.4501 2.1924 0.9487 0.9311 
3.0001 0.4501 2.1882 0.9377 0.8471 
3.0001 0.4701 2.1907 0.8630 0.8405 
2.9601 0.4728 2.1901 0.8600 0.9538 
2.9901 0.4601 2.1963 0.9100 0.8675 
2.9901 0.4601 2.1963 0.9100 0.8675 
2.9601 0.4728 2.1901 0.8600 0.9538 
2.9701 0.4501 2.1924 0.9487 0.9311 
2.9523 0.4801 2.1901 0.8339 0.9731 
2.9701 0.4501 2.1924 0.9487 0.9311 
2.9601 0.4728 2.1901 0.8600 0.9538 
2.9701 0.4801 2.1901 0.8305 0.9229 
2.9801 0.4801 2.1917 0.8306 0.8936 
2.9701 0.4801 2.1901 0.8305 0.9229 
2.9701 0.4801 2.1901 0.8305 0.9229 
2.9601 0.4728 2.1901 0.8600 0.9538 
2.9801 0.4801 2.1917 0.8306 0.8936 
2.9601 0.4728 2.1901 0.8600 0.9538 
3.0001 0.4701 2.1907 0.8630 0.8405 
2.9801 0.4801 2.1917 0.8306 0.8936 
2.9901 0.4801 2.1929 0.8303 0.8647 
2.9801 0.4801 2.1917 0.8306 0.8936 
3.0001 0.4701 2.1907 0.8630 0.8405 
3.2901 0.5801 2.1655 0.4017 0.0925 
3.3001 0.5701 2.1526 0.4046 0.0624 
3.3101 0.5701 2.1619 0.4213 0.0549 
3.0901 0.4501 2.1896 0.9209 0.5861 
3.0801 0.4301 2.1859 0.9998 0.6153 
3.1001 0.4301 2.1831 0.9925 0.5564 
3.0901 0.4601 2.1840 0.8750 0.5876 
3.0701 0.4501 2.1870 0.9219 0.6443 
3.0801 0.4301 2.1859 0.9998 0.6153 
3.0901 0.4501 2.1896 0.9209 0.5861 
3.0901 0.4601 2.1840 0.8750 0.5876 
3.0801 0.4301 2.1859 0.9998 0.6153 
3.0001 0.4501 2.1882 0.9377 0.8471 
3.0301 0.4501 2.1930 0.9370 0.7574 
3.0301 0.4701 2.1885 0.8543 0.7568 
3.0001 0.4501 2.1882 0.9377 0.8471 
3.0301 0.4701 2.1885 0.8543 0.7568 
3.0001 0.4701 2.1907 0.8630 0.8405 
3.0001 0.4701 2.1907 0.8630 0.8405 
3.0301 0.4701 2.1885 0.8543 0.7568 
3.0201 0.4701 2.1930 0.8620 0.7826 
3.0301 0.4701 2.1885 0.8543 0.7568 
3.0601 0.4501 2.1869 0.9239 0.6733 
3.0601 0.4801 2.1885 0.8111 0.6714 
3.3101 0.5922 2.1401 0.3108 0.0537 
3.3001 0.6044 2.1401 0.2771 0.0689 
3.3047 0.6001 2.1501 0.3101 0.0650 
3.3101 0.5922 2.1401 0.3108 0.0537 
3.3047 0.6001 2.1501 0.3101 0.0650 
3.3112 0.5901 2.1501 0.3379 0.0548 
3.0501 0.4801 2.1920 0.8176 0.6980 
3.0001 0.5001 2.1853 0.7452 0.8371 
3.0301 0.4701 2.1885 0.8543 0.7568 
3.0301 0.4701 2.1885 0.8543 0.7568 
3.0601 0.4801 2.1885 0.8111 0.6714 
3.0501 0.4801 2.1920 0.8176 0.6980 
2.9901 0.4801 2.1929 0.8303 0.8647 
3.0201 0.4701 2.1930 0.8620 0.7826 
3.0001 0.5001 2.1853 0.7452 0.8371 
3.0501 0.5001 2.1859 0.7369 0.6989 
3.0401 0.5001 2.1898 0.7443 0.7247 
3.0501 0.4801 2.1920 0.8176 0.6980 
3.0001 0.5001 2.1853 0.7452 0.8371 
3.0301 0.4901 2.1905 0.7829 0.7530 
3.0201 0.5201 2.1725 0.6515 0.7853 
3.0301 0.4501 2.1930 0.9370 0.7574 
3.0601 0.4501 2.1869 0.9239 0.6733 
3.0301 0.4701 2.1885 0.8543 0.7568 
2.9901 0.4801 2.1929 0.8303 0.8647 
3.0001 0.4701 2.1907 0.8630 0.8405 
3.0201 0.4701 2.1930 0.8620 0.7826 
3.0301 0.4701 2.1885 0.8543 0.7568 
3.0001 0.5001 2.1853 0.7452 0.8371 
3.0201 0.4701 2.1930 0.8620 0.7826 
3.0001 0.5001 2.1853 0.7452 0.8371 
3.0501 0.4801 2.1920 0.8176 0.6980 
3.0301 0.4901 2.1905 0.7829 0.7530 
3.0401 0.5001 2.1898 0.7443 0.7247 
3.0301 0.4901 2.1905 0.7829 0.7530 
3.0501 0.4801 2.1920 0.8176 0.6980 
3.0701 0.4601 2.1901 0.8866 0.6433 
3.0701 0.4601 2.1901 0.8866 0.6433 
3.0601 0.4601 2.1892 0.8875 0.6721 
3.0701 0.4601 2.1901 0.8866 0.6433 
3.0601 0.4601 2.1892 0.8875 0.6721 
3.0701 0.4501 2.1870 0.9219 0.6443 
3.0701 0.4501 2.1870 0.9219 0.6443 
3.0601 0.4601 2.1892 0.8875 0.6721 
3.0601 0.4501 2.1869 0.9239 0.6733 
3.0701 0.4601 2.1901 0.8866 0.6433 
3.0701 0.4601 2.1901 0.8866 0.6433 
3.0701 0.4501 2.1870 0.9219 0.6443 
3.0701 0.4601 2.1901 0.8866 0.6433 
3.0701 0.4501 2.1870 0.9219 0.6443 
3.0901 0.4601 2.1840 0.8750 0.5876 
3.1001 0.4601 2.1924 0.8834 0.5580 
3.0901 0.4601 2.1840 0.8750 0.5876 
3.1001 0.4501 2.1853 0.9138 0.5579 
3.1001 0.4501 2.1853 0.9138 0.5579 
3.0901 0.4601 2.1840 0.8750 0.5876 
3.0901 0.4501 2.1896 0.9209 0.5861 
3.0701 0.4701 2.1903 0.8488 0.6431 
3.0601 0.4801 2.1885 0.8111 0.6714 
3.0601 0.4601 2.1892 0.8875 0.6721 
3.0601 0.4601 2.1892 0.8875 0.6721 
3.0601 0.4801 2.1885 0.8111 0.6714 
3.0601 0.4501 2.1869 0.9239 0.6733 
3.0601 0.4601 2.1892 0.8875 0.6721 
3.0701 0.4601 2.1901 0.8866 0.6433 
3.0701 0.4701 2.1903 0.8488 0.6431 
3.0701 0.4601 2.1901 0.8866 0.6433 
3.0901 0.4601 2.1840 0.8750 0.5876 
3.0708 0.4701 2.1901 0.8484 0.6413 
3.1001 0.4601 2.1924 0.8834 0.5580 
3.1001 0.4701 2.1883 0.8404 0.5593 
3.0901 0.4601 2.1840 0.8750 0.5876 
3.0601 0.4801 2.1885 0.8111 0.6714 
3.0708 0.4701 2.1901 0.8484 0.6413 
3.0901 0.4601 2.1840 0.8750 0.5876 
3.0601 0.4801 2.1885 0.8111 0.6714 
3.0901 0.4601 2.1840 0.8750 0.5876 
3.1001 0.4701 2.1883 0.8404 0.5593 
3.0501 0.4801 2.1920 0.8176 0.6980 
3.0601 0.4801 2.1885 0.8111 0.6714 
3.0501 0.5001 2.1859 0.7369 0.6989 
3.0501 0.5001 2.1859 0.7369 0.6989 
3.0601 0.4801 2.1885 0.8111 0.6714 
3.0601 0.5001 2.1866 0.7360 0.6712 
3.0801 0.4901 2.1868 0.7685 0.6162 
3.0601 0.5001 2.1866 0.7360 0.6712 
3.1001 0.4701 2.1883 0.8404 0.5593 
3.1001 0.4701 2.1883 0.8404 0.5593 
3.0601 0.5001 2.1866 0.7360 0.6712 
3.0601 0.4801 2.1885 0.8111 0.6714 
3.0601 0.5001 2.1866 0.7360 0.6712 
3.0801 0.4901 2.1868 0.7685 0.6162 
3.0801 0.5001 2.1762 0.7169 0.6187 
3.0801 0.5001 2.1762 0.7169 0.6187 
3.0801 0.4901 2.1868 0.7685 0.6162 
3.0901 0.5101 2.1764 0.6800 0.5912 
3.1201 0.5001 2.1736 0.7054 0.5075 
3.0901 0.5101 2.1764 0.6800 0.5912 
3.0801 0.4901 2.1868 0.7685 0.6162 
3.0701 0.4601 2.1901 0.8866 0.6433 
3.0701 0.4601 2.1901 0.8866 0.6433 
3.0701 0.4601 2.1901 0.8866 0.6433 
3.0701 0.4601 2.1901 0.8866 0.6433 
3.0701 0.4601 2.1901 0.8866 0.6433 
3.0701 0.4601 2.1901 0.8866 0.6433 
3.0701 0.4701 2.1903 0.8488 0.6431 
3.0701 0.4601 2.1901 0.8866 0.6433 
3.0701 0.4601 2.1901 0.8866 0.6433 
3.0708 0.4701 2.1901 0.8484 0.6413 
3.0701 0.4601 2.1901 0.8866 0.6433 
3.0701 0.4601 2.1901 0.8866 0.6433 
3.0701 0.4701 2.1903 0.8488 0.6431 
3.0701 0.4601 2.1901 0.8866 0.6433 
3.0708 0.4701 2.1901 0.8484 0.6413 
3.0601 0.4801 2.1885 0.8111 0.6714 
3.0701 0.4701 2.1903 0.8488 0.6431 
3.0708 0.4701 2.1901 0.8484 0.6413 
3.3101 0.6103 2.1601 0.3016 0.0654 
3.2901 0.6125 2.1601 0.2985 0.1043 
3.3201 0.6001 2.1607 0.3298 0.0533 
3.2755 0.6001 2.1601 0.3351 0.1312 
3.3201 0.6001 2.1607 0.3298 0.0533 
3.2901 0.6125 2.1601 0.2985 0.1043 
3.2501 0.6101 2.1663 0.3234 0.1997 
3.2401 0.6001 2.1639 0.3480 0.2186 
3.2755 0.6001 2.1601 0.3351 0.1312 
3.3001 0.6124 2.1601 0.2973 0.0837 
3.3001 0.6044 2.1401 0.2771 0.0689 
3.2901 0.6125 2.1601 0.2985 0.1043 
3.3001 0.6044 2.1401 0.2771 0.0689 
3.2901 0.6011 2.1501 0.3093 0.0927 
3.2901 0.6125 2.1601 0.2985 0.1043 
3.2755 0.6001 2.1601 0.3351 0.1312 
3.2901 0.6125 2.1601 0.2985 0.1043 
3.2901 0.6011 2.1501 0.3093 0.0927 
3.2755 0.6001 2.1601 0.3351 0.1312 
3.2901 0.6011 2.1501 0.3093 0.0927 
3.2701 0.6071 2.1501 0.2955 0.1412 
3.2701 0.6071 2.1501 0.2955 0.1412 
3.2501 0.6056 2.1501 0.3027 0.1891 
3.2755 0.6001 2.1601 0.3351 0.1312 
3.2501 0.6101 2.1663 0.3234 0.1997 
3.2755 0.6001 2.1601 0.3351 0.1312 
3.2501 0.6056 2.1501 0.3027 0.1891 
3.2001 0.6181 2.1601 0.2960 0.3224 
3.2001 0.6183 2.1701 0.3156 0.3256 
3.2083 0.6001 2.1701 0.3650 0.2997 
3.2301 0.6121 2.1601 0.3081 0.2462 
3.2401 0.6001 2.1639 0.3480 0.2186 
3.2501 0.6101 2.1663 0.3234 0.1997 
3.2001 0.6181 2.1601 0.2960 0.3224 
3.2083 0.6001 2.1701 0.3650 0.2997 
3.2401 0.6001 2.1639 0.3480 0.2186 
3.2001 0.6181 2.1601 0.2960 0.3224 
3.2401 0.6001 2.1639 0.3480 0.2186 
3.2301 0.6121 2.1601 0.3081 0.2462 
3.2501 0.6101 2.1663 0.3234 0.1997 
3.2501 0.6056 2.1501 0.3027 0.1891 
3.2301 0.6121 2.1601 0.3081 0.2462 
3.2301 0.6028 2.1401 0.2919 0.2332 
3.2301 0.6121 2.1601 0.3081 0.2462 
3.2501 0.6056 2.1501 0.3027 0.1891 
3.2101 0.5964 2.1501 0.3350 0.2864 
3.2101 0.6001 2.1539 0.3322 0.2892 
3.2001 0.6181 2.1601 0.2960 0.3224 
3.2101 0.5964 2.1501 0.3350 0.2864 
3.2001 0.6181 2.1601 0.2960 0.3224 
3.2301 0.6121 2.1601 0.3081 0.2462 
3.2101 0.5964 2.1501 0.3350 0.2864 
3.2301 0.6121 2.1601 0.3081 0.2462 
3.2301 0.6028 2.1401 0.2919 0.2332 
3.2101 0.6001 2.1539 0.3322 0.2892 
3.2001 0.5977 2.1501 0.3327 0.3126 
3.2001 0.6181 2.1601 0.2960 0.3224 
3.2701 0.6071 2.1501 0.2955 0.1412 
3.2901 0.6011 2.1501 0.3093 0.0927 
3.2801 0.6093 2.1301 0.2441 0.1060 
3.2701 0.5967 2.1401 0.3037 0.1298 
3.2701 0.6071 2.1501 0.2955 0.1412 
3.2801 0.6093 2.1301 0.2441 0.1060 
3.2501 0.6056 2.1501 0.3027 0.1891 
3.2701 0.6071 2.1501 0.2955 0.1412 
3.2701 0.5967 2.1401 0.3037 0.1298 
3.2301 0.6028 2.1401 0.2919 0.2332 
3.2501 0.6056 2.1501 0.3027 0.1891 
3.2701 0.5967 2.1401 0.3037 0.1298 
3.3001 0.6044 2.1401 0.2771 0.0689 
3.2801 0.6093 2.1301 0.2441 0.1060 
3.2901 0.6011 2.1501 0.3093 0.0927 
3.2766 0.6001 2.1201 0.2480 0.1029 
3.2701 0.5967 2.1401 0.3037 0.1298 
3.2801 0.6093 2.1301 0.2441 0.1060 
3.2701 0.5967 2.1401 0.3037 0.1298 
3.2601 0.6062 2.1301 0.2557 0.1528 
3.2301 0.6028 2.1401 0.2919 0.2332 
3.2901 0.6059 2.1101 0.2060 0.0703 
3.3001 0.6044 2.1401 0.2771 0.0689 
3.3101 0.6099 2.1201 0.2153 0.0529 
3.2801 0.6093 2.1301 0.2441 0.1060 
3.3001 0.6044 2.1401 0.2771 0.0689 
3.2901 0.6059 2.1101 0.2060 0.0703 
3.2801 0.6093 2.1301 0.2441 0.1060 
3.2901 0.6059 2.1101 0.2060 0.0703 
3.2766 0.6001 2.1201 0.2480 0.1029 
3.2501 0.5968 2.1201 0.2617 0.1674 
3.2601 0.6062 2.1301 0.2557 0.1528 
3.2601 0.6005 2.1201 0.2493 0.1436 
3.2766 0.6001 2.1201 0.2480 0.1029 
3.2901 0.6059 2.1101 0.2060 0.0703 
3.2801 0.5921 2.1101 0.2475 0.0840 
3.2501 0.5968 2.1201 0.2617 0.1674 
3.2601 0.6005 2.1201 0.2493 0.1436 
3.2501 0.6093 2.1101 0.2022 0.1674 
3.3001 0.6106 2.1001 0.1677 0.0542 
3.2801 0.5921 2.1101 0.2475 0.0840 
3.2901 0.6059 2.1101 0.2060 0.0703 
3.2101 0.5964 2.1501 0.3350 0.2864 
3.2301 0.6028 2.1401 0.2919 0.2332 
3.2001 0.6070 2.1401 0.2845 0.3122 
3.2001 0.5977 2.1501 0.3327 0.3126 
3.2101 0.5964 2.1501 0.3350 0.2864 
3.2001 0.6070 2.1401 0.2845 0.3122 
3.2601 0.6062 2.1301 0.2557 0.1528 
3.2301 0.6034 2.1201 0.2455 0.2233 
3.2301 0.6028 2.1401 0.2919 0.2332 
3.2101 0.6069 2.1301 0.2613 0.2823 
3.2001 0.6070 2.1401 0.2845 0.3122 
3.2301 0.6028 2.1401 0.2919 0.2332 
3.2301 0.6034 2.1201 0.2455 0.2233 
3.2601 0.6062 2.1301 0.2557 0.1528 
3.2501 0.5968 2.1201 0.2617 0.1674 
3.2001 0.6006 2.1201 0.2581 0.3027 
3.2101 0.6069 2.1301 0.2613 0.2823 
3.2301 0.6028 2.1401 0.2919 0.2332 
3.2301 0.6034 2.1201 0.2455 0.2233 
3.2001 0.6006 2.1201 0.2581 0.3027 
3.2301 0.6028 2.1401 0.2919 0.2332 
3.2401 0.6101 2.1068 0.1936 0.1923 
3.2501 0.5968 2.1201 0.2617 0.1674 
3.2501 0.6093 2.1101 0.2022 0.1674 
3.2501 0.5968 2.1201 0.2617 0.1674 
3.2401 0.6101 2.1068 0.1936 0.1923 
3.2301 0.6034 2.1201 0.2455 0.2233 
3.2101 0.6026 2.1101 0.2274 0.2721 
3.2001 0.6006 2.1201 0.2581 0.3027 
3.2301 0.6034 2.1201 0.2455 0.2233 
3.2201 0.6093 2.1101 0.2067 0.2476 
3.2101 0.6026 2.1101 0.2274 0.2721 
3.2301 0.6034 2.1201 0.2455 0.2233 
3.2001 0.6149 2.1101 0.1940 0.3041 
3.2001 0.6006 2.1201 0.2581 0.3027 
3.2101 0.6026 2.1101 0.2274 0.2721 
3.2401 0.6101 2.1068 0.1936 0.1923 
3.2301 0.5935 2.1001 0.2269 0.2077 
3.2301 0.6034 2.1201 0.2455 0.2233 
3.2201 0.6093 2.1101 0.2067 0.2476 
3.2301 0.6034 2.1201 0.2455 0.2233 
3.2301 0.5935 2.1001 0.2269 0.2077 
3.2101 0.6026 2.1101 0.2274 0.2721 
3.2201 0.6093 2.1101 0.2067 0.2476 
3.2301 0.5935 2.1001 0.2269 0.2077 
3.2101 0.6026 2.1101 0.2274 0.2721 
3.2001 0.5970 2.1001 0.2211 0.2934 
3.2001 0.6149 2.1101 0.1940 0.3041 
3.1701 0.6101 2.1705 0.3433 0.3971 
3.1844 0.6001 2.1701 0.3686 0.3591 
3.1701 0.6178 2.1701 0.3214 0.3988 
3.1601 0.6101 2.1701 0.3440 0.4218 
3.1701 0.6101 2.1705 0.3433 0.3971 
3.1601 0.6101 2.1701 0.3440 0.4218 
3.1601 0.6101 2.1701 0.3440 0.4218 
3.1701 0.6101 2.1705 0.3433 0.3971 
3.1701 0.6178 2.1701 0.3214 0.3988 
3.1601 0.6101 2.1701 0.3440 0.4218 
3.1601 0.6101 2.1701 0.3440 0.4218 
3.1601 0.6101 2.1701 0.3440 0.4218 
3.1844 0.6001 2.1701 0.3686 0.3591 
3.1601 0.6101 2.1701 0.3440 0.4218 
3.1572 0.6001 2.1701 0.3726 0.4269 
3.1701 0.6101 2.1705 0.3433 0.3971 
3.1601 0.6101 2.1701 0.3440 0.4218 
3.1844 0.6001 2.1701 0.3686 0.3591 
3.1601 0.6101 2.1701 0.3440 0.4218 
3.1572 0.6001 2.1701 0.3726 0.4269 
3.1601 0.6101 2.1701 0.3440 0.4218 
3.2001 0.6183 2.1701 0.3156 0.3256 
3.2001 0.6181 2.1601 0.2960 0.3224 
3.1805 0.6001 2.1601 0.3492 0.3662 
3.1601 0.6101 2.1701 0.3440 0.4218 
3.1701 0.6178 2.1701 0.3214 0.3988 
3.1601 0.6101 2.1701 0.3440 0.4218 
3.1601 0.6101 2.1701 0.3440 0.4218 
3.1601 0.6101 2.1701 0.3440 0.4218 
3.1601 0.6101 2.1701 0.3440 0.4218 
3.2083 0.6001 2.1701 0.3650 0.2997 
3.2001 0.6183 2.1701 0.3156 0.3256 
3.1805 0.6001 2.1601 0.3492 0.3662 
3.1844 0.6001 2.1701 0.3686 0.3591 
3.1801 0.5947 2.1501 0.3445 0.3633 
3.1701 0.6178 2.1701 0.3214 0.3988 
3.1801 0.5947 2.1501 0.3445 0.3633 
3.1601 0.6101 2.1701 0.3440 0.4218 
3.1701 0.6178 2.1701 0.3214 0.3988 
3.1601 0.5923 2.1501 0.3545 0.4149 
3.1572 0.6001 2.1701 0.3726 0.4269 
3.1601 0.6101 2.1701 0.3440 0.4218 
3.1601 0.6025 2.1601 0.3454 0.4187 
3.1601 0.5923 2.1501 0.3545 0.4149 
3.1601 0.6101 2.1701 0.3440 0.4218 
3.1601 0.6025 2.1601 0.3454 0.4187 
3.1601 0.6101 2.1701 0.3440 0.4218 
3.1601 0.6101 2.1701 0.3440 0.4218 
3.1805 0.6001 2.1601 0.3492 0.3662 
3.2001 0.6181 2.1601 0.2960 0.3224 
3.1901 0.6089 2.1501 0.3020 0.3417 
3.2001 0.5977 2.1501 0.3327 0.3126 
3.1901 0.6089 2.1501 0.3020 0.3417 
3.2001 0.6181 2.1601 0.2960 0.3224 
3.1901 0.6089 2.1501 0.3020 0.3417 
3.1801 0.5947 2.1501 0.3445 0.3633 
3.1805 0.6001 2.1601 0.3492 0.3662 
3.1601 0.6101 2.1701 0.3440 0.4218 
3.1801 0.5947 2.1501 0.3445 0.3633 
3.1601 0.6025 2.1601 0.3454 0.4187 
3.1601 0.5923 2.1501 0.3545 0.4149 
3.1501 0.6014 2.1401 0.3081 0.4417 
3.1501 0.5801 2.1600 0.4126 0.4397 
3.1401 0.6170 2.1701 0.3276 0.4725 
3.1101 0.6157 2.1701 0.3357 0.5467 
3.1469 0.6001 2.1701 0.3741 0.4528 
3.1401 0.5942 2.1601 0.3724 0.4682 
3.1401 0.6170 2.1701 0.3276 0.4725 
3.1469 0.6001 2.1701 0.3741 0.4528 
3.1401 0.5942 2.1601 0.3724 0.4682 
3.1201 0.5949 2.1601 0.3733 0.5199 
3.1401 0.6170 2.1701 0.3276 0.4725 
3.1401 0.6170 2.1701 0.3276 0.4725 
3.1201 0.5949 2.1601 0.3733 0.5199 
3.1101 0.6157 2.1701 0.3357 0.5467 
3.1101 0.6015 2.1601 0.3556 0.5463 
3.1101 0.6157 2.1701 0.3357 0.5467 
3.1201 0.5949 2.1601 0.3733 0.5199 
3.2001 0.5977 2.1501 0.3327 0.3126 
3.2001 0.6070 2.1401 0.2845 0.3122 
3.1901 0.6089 2.1501 0.3020 0.3417 
3.1901 0.6089 2.1501 0.3020 0.3417 
3.1701 0.5994 2.1301 0.2888 0.3863 
3.1601 0.6025 2.1601 0.3454 0.4187 
3.1801 0.5947 2.1501 0.3445 0.3633 
3.1901 0.6089 2.1501 0.3020 0.3417 
3.1601 0.6025 2.1601 0.3454 0.4187 
3.1701 0.5994 2.1301 0.2888 0.3863 
3.1601 0.5923 2.1501 0.3545 0.4149 
3.1601 0.6025 2.1601 0.3454 0.4187 
3.1901 0.6003 2.1301 0.2832 0.3330 
3.1901 0.6089 2.1501 0.3020 0.3417 
3.2001 0.6070 2.1401 0.2845 0.3122 
3.1701 0.5994 2.1301 0.2888 0.3863 
3.1901 0.6089 2.1501 0.3020 0.3417 
3.1901 0.6003 2.1301 0.2832 0.3330 
3.2001 0.6006 2.1201 0.2581 0.3027 
3.1901 0.6054 2.1101 0.2223 0.3281 
3.1901 0.6003 2.1301 0.2832 0.3330 
3.1901 0.6054 2.1101 0.2223 0.3281 
3.1701 0.5994 2.1301 0.2888 0.3863 
3.1901 0.6003 2.1301 0.2832 0.3330 
3.2001 0.6149 2.1101 0.1940 0.3041 
3.1901 0.6054 2.1101 0.2223 0.3281 
3.2001 0.6006 2.1201 0.2581 0.3027 
3.1701 0.5994 2.1301 0.2888 0.3863 
3.1601 0.6045 2.1101 0.2293 0.4110 
3.1501 0.6023 2.1301 0.2835 0.4408 
3.1601 0.6045 2.1101 0.2293 0.4110 
3.1501 0.6028 2.1201 0.2593 0.4397 
3.1501 0.6023 2.1301 0.2835 0.4408 
3.1501 0.6126 2.1001 0.1835 0.4394 
3.1501 0.6028 2.1201 0.2593 0.4397 
3.1601 0.6045 2.1101 0.2293 0.4110 
3.2001 0.5970 2.1001 0.2211 0.2934 
3.1901 0.6140 2.1001 0.1740 0.3277 
3.1901 0.6054 2.1101 0.2223 0.3281 
3.2001 0.6149 2.1101 0.1940 0.3041 
3.2001 0.5970 2.1001 0.2211 0.2934 
3.1901 0.6054 2.1101 0.2223 0.3281 
3.1901 0.6140 2.1001 0.1740 0.3277 
3.1801 0.6008 2.1001 0.2131 0.3514 
3.1901 0.6054 2.1101 0.2223 0.3281 
3.1701 0.6102 2.1001 0.1873 0.3824 
3.1601 0.6045 2.1101 0.2293 0.4110 
3.1801 0.6008 2.1001 0.2131 0.3514 
3.1701 0.6102 2.1001 0.1873 0.3824 
3.1601 0.6051 2.1001 0.2034 0.4093 
3.1601 0.6045 2.1101 0.2293 0.4110 
3.1601 0.6051 2.1001 0.2034 0.4093 
3.1501 0.6126 2.1001 0.1835 0.4394 
3.1601 0.6045 2.1101 0.2293 0.4110 
3.1501 0.6014 2.1401 0.3081 0.4417 
3.1501 0.6023 2.1301 0.2835 0.4408 
3.1301 0.5912 2.1401 0.3412 0.4932 
3.1501 0.6023 2.1301 0.2835 0.4408 
3.1201 0.6008 2.1301 0.2925 0.5215 
3.1301 0.5912 2.1401 0.3412 0.4932 
3.1301 0.5912 2.1401 0.3412 0.4932 
3.1201 0.6008 2.1301 0.2925 0.5215 
3.1101 0.5999 2.1401 0.3187 0.5477 
3.1401 0.5957 2.1201 0.2817 0.4658 
3.1501 0.6023 2.1301 0.2835 0.4408 
3.1501 0.6028 2.1201 0.2593 0.4397 
3.1401 0.5957 2.1201 0.2817 0.4658 
3.1201 0.6008 2.1301 0.2925 0.5215 
3.1501 0.6023 2.1301 0.2835 0.4408 
3.1401 0.5957 2.1201 0.2817 0.4658 
3.1501 0.6028 2.1201 0.2593 0.4397 
3.1201 0.6077 2.1101 0.2261 0.5231 
3.1401 0.5957 2.1201 0.2817 0.4658 
3.1201 0.6077 2.1101 0.2261 0.5231 
3.1201 0.6008 2.1301 0.2925 0.5215 
3.1101 0.5998 2.1101 0.2507 0.5504 
3.1201 0.6008 2.1301 0.2925 0.5215 
3.1201 0.6077 2.1101 0.2261 0.5231 
3.1501 0.6028 2.1201 0.2593 0.4397 
3.1501 0.6126 2.1001 0.1835 0.4394 
3.1301 0.6055 2.1001 0.2068 0.4947 
3.1301 0.6055 2.1001 0.2068 0.4947 
3.1201 0.6077 2.1101 0.2261 0.5231 
3.1501 0.6028 2.1201 0.2593 0.4397 
3.1101 0.5998 2.1101 0.2507 0.5504 
3.1201 0.6077 2.1101 0.2261 0.5231 
3.1301 0.6055 2.1001 0.2068 0.4947 
3.1101 0.5998 2.1101 0.2507 0.5504 
3.1101 0.5974 2.1001 0.2339 0.5511 
3.0901 0.6115 2.1001 0.1956 0.6093 
3.2457 0.5901 2.1701 0.3881 0.2038 
3.2801 0.5901 2.1633 0.3696 0.1179 
3.2701 0.6001 2.1721 0.3598 0.1510 
3.2901 0.5801 2.1655 0.4017 0.0925 
3.2801 0.5901 2.1633 0.3696 0.1179 
3.2501 0.5801 2.1665 0.4098 0.1868 
3.2801 0.5901 2.1633 0.3696 0.1179 
3.2457 0.5901 2.1701 0.3881 0.2038 
3.2501 0.5801 2.1665 0.4098 0.1868 
3.2901 0.5634 2.1501 0.4217 0.0753 
3.2901 0.5801 2.1655 0.4017 0.0925 
3.2801 0.5601 2.1563 0.4461 0.0987 
3.2901 0.5801 2.1655 0.4017 0.0925 
3.2501 0.5801 2.1665 0.4098 0.1868 
3.2801 0.5601 2.1563 0.4461 0.0987 
3.2601 0.5701 2.1549 0.4155 0.1506 
3.2501 0.5801 2.1665 0.4098 0.1868 
3.2501 0.5701 2.1667 0.4401 0.1824 
3.2801 0.5601 2.1563 0.4461 0.0987 
3.2501 0.5801 2.1665 0.4098 0.1868 
3.2701 0.5501 2.1536 0.4741 0.1151 
3.2501 0.5701 2.1667 0.4401 0.1824 
3.2401 0.5501 2.1596 0.4906 0.1946 
3.2601 0.5701 2.1549 0.4155 0.1506 
3.2601 0.5701 2.1549 0.4155 0.1506 
3.2401 0.5501 2.1596 0.4906 0.1946 
3.2592 0.5301 2.1501 0.5353 0.1293 
3.2901 0.5634 2.1501 0.4217 0.0753 
3.3001 0.5701 2.1526 0.4046 0.0624 
3.2901 0.5801 2.1655 0.4017 0.0925 
3.2901 0.5634 2.1501 0.4217 0.0753 
3.2801 0.5601 2.1563 0.4461 0.0987 
3.2865 0.5601 2.1501 0.4327 0.0809 
3.2701 0.5501 2.1536 0.4741 0.1151 
3.2501 0.5801 2.1665 0.4098 0.1868 
3.2601 0.5701 2.1549 0.4155 0.1506 
3.2901 0.5571 2.1501 0.4415 0.0725 
3.2801 0.5501 2.1606 0.4860 0.0966 
3.3001 0.5701 2.1526 0.4046 0.0624 
3.2901 0.5571 2.1501 0.4415 0.0725 
3.3001 0.5701 2.1526 0.4046 0.0624 
3.2901 0.5634 2.1501 0.4217 0.0753 
3.2901 0.5571 2.1501 0.4415 0.0725 
3.2865 0.5601 2.1501 0.4327 0.0809 
3.2801 0.5601 2.1563 0.4461 0.0987 
3.2901 0.5571 2.1501 0.4415 0.0725 
3.2801 0.5601 2.1563 0.4461 0.0987 
3.2801 0.5501 2.1606 0.4860 0.0966 
3.2701 0.5501 2.1536 0.4741 0.1151 
3.2801 0.5501 2.1606 0.4860 0.0966 
3.2801 0.5601 2.1563 0.4461 0.0987 
3.2601 0.5701 2.1549 0.4155 0.1506 
3.2592 0.5301 2.1501 0.5353 0.1293 
3.2701 0.5501 2.1536 0.4741 0.1151 
3.2457 0.5901 2.1701 0.3881 0.2038 
3.2701 0.6001 2.1721 0.3598 0.1510 
3.2301 0.5801 2.1735 0.4262 0.2398 
3.2301 0.5801 2.1735 0.4262 0.2398 
3.2701 0.6001 2.1721 0.3598 0.1510 
3.2101 0.5901 2.1757 0.4042 0.2939 
3.2701 0.6001 2.1721 0.3598 0.1510 
3.1901 0.6001 2.1762 0.3795 0.3464 
3.2101 0.5901 2.1757 0.4042 0.2939 
3.2301 0.5801 2.1735 0.4262 0.2398 
3.2401 0.5801 2.1701 0.4182 0.2134 
3.2457 0.5901 2.1701 0.3881 0.2038 
3.2457 0.5901 2.1701 0.3881 0.2038 
3.2401 0.5801 2.1701 0.4182 0.2134 
3.2401 0.5801 2.1701 0.4182 0.2134 
3.2101 0.5901 2.1757 0.4042 0.2939 
3.1901 0.6001 2.1762 0.3795 0.3464 
3.2001 0.5801 2.1723 0.4286 0.3143 
3.2401 0.5801 2.1701 0.4182 0.2134 
3.2401 0.5801 2.1701 0.4182 0.2134 
3.2401 0.5801 2.1701 0.4182 0.2134 
3.2401 0.5801 2.1701 0.4182 0.2134 
3.2301 0.5801 2.1735 0.4262 0.2398 
3.2401 0.5801 2.1701 0.4182 0.2134 
3.2401 0.5801 2.1701 0.4182 0.2134 
3.2501 0.5801 2.1665 0.4098 0.1868 
3.2457 0.5901 2.1701 0.3881 0.2038 
3.2101 0.5601 2.1545 0.4538 0.2747 
3.2101 0.5901 2.1757 0.4042 0.2939 
3.2001 0.5801 2.1723 0.4286 0.3143 
3.2401 0.5801 2.1701 0.4182 0.2134 
3.2501 0.5801 2.1665 0.4098 0.1868 
3.2401 0.5801 2.1701 0.4182 0.2134 
3.2501 0.5701 2.1667 0.4401 0.1824 
3.2501 0.5801 2.1665 0.4098 0.1868 
3.2401 0.5801 2.1701 0.4182 0.2134 
3.2201 0.5601 2.1651 0.4727 0.2533 
3.2401 0.5801 2.1701 0.4182 0.2134 
3.2301 0.5801 2.1735 0.4262 0.2398 
3.2101 0.5901 2.1757 0.4042 0.2939 
3.2101 0.5601 2.1545 0.4538 0.2747 
3.2301 0.5801 2.1735 0.4262 0.2398 
3.2201 0.5601 2.1651 0.4727 0.2533 
3.2301 0.5801 2.1735 0.4262 0.2398 
3.2101 0.5601 2.1545 0.4538 0.2747 
3.2101 0.5601 2.1545 0.4538 0.2747 
3.2001 0.5801 2.1723 0.4286 0.3143 
3.2001 0.5501 2.1572 0.4928 0.2987 
3.2401 0.5501 2.1596 0.4906 0.1946 
3.2301 0.5601 2.1538 0.4492 0.2219 
3.2201 0.5601 2.1651 0.4727 0.2533 
3.2501 0.5701 2.1667 0.4401 0.1824 
3.2401 0.5801 2.1701 0.4182 0.2134 
3.2401 0.5708 2.1501 0.4070 0.1987 
3.2391 0.5701 2.1501 0.4092 0.2010 
3.2401 0.5708 2.1501 0.4070 0.1987 
3.2201 0.5601 2.1651 0.4727 0.2533 
3.2401 0.5708 2.1501 0.4070 0.1987 
3.2401 0.5801 2.1701 0.4182 0.2134 
3.2201 0.5601 2.1651 0.4727 0.2533 
3.2501 0.5701 2.1667 0.4401 0.1824 
3.2401 0.5708 2.1501 0.4070 0.1987 
3.2401 0.5691 2.1501 0.4122 0.1979 
3.2391 0.5701 2.1501 0.4092 0.2010 
3.2201 0.5601 2.1651 0.4727 0.2533 
3.2301 0.5601 2.1538 0.4492 0.2219 
3.2401 0.5691 2.1501 0.4122 0.1979 
3.2391 0.5701 2.1501 0.4092 0.2010 
3.2301 0.5601 2.1538 0.4492 0.2219 
3.2501 0.5701 2.1667 0.4401 0.1824 
3.2401 0.5691 2.1501 0.4122 0.1979 
3.2301 0.5601 2.1538 0.4492 0.2219 
3.2501 0.5701 2.1667 0.4401 0.1824 
3.2301 0.5601 2.1538 0.4492 0.2219 
3.2401 0.5501 2.1596 0.4906 0.1946 
3.2001 0.5501 2.1572 0.4928 0.2987 
3.2201 0.5601 2.1651 0.4727 0.2533 
3.2101 0.5601 2.1545 0.4538 0.2747 
3.2801 0.5138 2.1601 0.6057 0.0785 
3.2801 0.5001 2.1747 0.6777 0.0813 
3.3001 0.5001 2.1700 0.6665 0.0528 
3.2501 0.5301 2.1576 0.5509 0.1578 
3.2601 0.5201 2.1654 0.5968 0.1322 
3.2592 0.5301 2.1501 0.5353 0.1293 
3.2601 0.5201 2.1654 0.5968 0.1322 
3.2601 0.5047 2.1701 0.6580 0.1274 
3.2701 0.5151 2.1501 0.5850 0.0946 
3.2801 0.5138 2.1601 0.6057 0.0785 
3.3001 0.5001 2.1700 0.6665 0.0528 
3.3001 0.5101 2.1653 0.6239 0.0530 
3.2801 0.5138 2.1601 0.6057 0.0785 
3.2701 0.5151 2.1501 0.5850 0.0946 
3.2801 0.5001 2.1747 0.6777 0.0813 
3.2701 0.5151 2.1501 0.5850 0.0946 
3.2601 0.5047 2.1701 0.6580 0.1274 
3.2801 0.5001 2.1747 0.6777 0.0813 
3.2801 0.5501 2.1606 0.4860 0.0966 
3.2701 0.5301 2.1579 0.5479 0.1077 
3.3001 0.5401 2.1554 0.5051 0.0552 
3.2733 0.5401 2.1501 0.4994 0.1002 
3.2801 0.5501 2.1606 0.4860 0.0966 
3.2701 0.5501 2.1536 0.4741 0.1151 
3.2733 0.5401 2.1501 0.4994 0.1002 
3.2701 0.5301 2.1579 0.5479 0.1077 
3.2801 0.5501 2.1606 0.4860 0.0966 
3.2701 0.5501 2.1536 0.4741 0.1151 
3.2592 0.5301 2.1501 0.5353 0.1293 
3.2733 0.5401 2.1501 0.4994 0.1002 
3.2401 0.5401 2.1641 0.5312 0.1925 
3.2592 0.5301 2.1501 0.5353 0.1293 
3.2401 0.5501 2.1596 0.4906 0.1946 
3.2701 0.5301 2.1579 0.5479 0.1077 
3.2901 0.5301 2.1633 0.5543 0.0686 
3.3001 0.5401 2.1554 0.5051 0.0552 
3.2592 0.5301 2.1501 0.5353 0.1293 
3.2401 0.5401 2.1641 0.5312 0.1925 
3.2501 0.5301 2.1576 0.5509 0.1578 
3.2733 0.5401 2.1501 0.4994 0.1002 
3.2786 0.5201 2.1501 0.5662 0.0782 
3.2701 0.5301 2.1579 0.5479 0.1077 
3.2701 0.5151 2.1501 0.5850 0.0946 
3.2592 0.5301 2.1501 0.5353 0.1293 
3.2601 0.5201 2.1654 0.5968 0.1322 
3.2786 0.5201 2.1501 0.5662 0.0782 
3.2701 0.5151 2.1501 0.5850 0.0946 
3.2801 0.5138 2.1601 0.6057 0.0785 
3.2301 0.5101 2.1537 0.6166 0.1989 
3.2201 0.5101 2.1716 0.6488 0.2358 
3.2401 0.5001 2.1743 0.6845 0.1795 
3.1901 0.5001 2.1772 0.6981 0.3153 
3.2001 0.4901 2.1829 0.7404 0.2867 
3.2101 0.5001 2.1770 0.6941 0.2611 
3.2401 0.5501 2.1596 0.4906 0.1946 
3.2301 0.5401 2.1585 0.5227 0.2155 
3.2401 0.5401 2.1641 0.5312 0.1925 
3.2401 0.5501 2.1596 0.4906 0.1946 
3.2201 0.5601 2.1651 0.4727 0.2533 
3.2301 0.5401 2.1585 0.5227 0.2155 
3.2201 0.5601 2.1651 0.4727 0.2533 
3.2201 0.5401 2.1570 0.5215 0.2413 
3.2301 0.5401 2.1585 0.5227 0.2155 
3.2201 0.5401 2.1570 0.5215 0.2413 
3.2201 0.5601 2.1651 0.4727 0.2533 
3.2101 0.5401 2.1660 0.5398 0.2720 
3.2001 0.5401 2.1625 0.5352 0.2971 
3.2101 0.5401 2.1660 0.5398 0.2720 
3.2201 0.5601 2.1651 0.4727 0.2533 
3.2001 0.5401 2.1625 0.5352 0.2971 
3.2201 0.5601 2.1651 0.4727 0.2533 
3.2001 0.5501 2.1572 0.4928 0.2987 
3.2101 0.5401 2.1660 0.5398 0.2720 
3.2001 0.5401 2.1625 0.5352 0.2971 
3.1901 0.5301 2.1660 0.5763 0.3217 
3.2101 0.5401 2.1660 0.5398 0.2720 
3.1901 0.5301 2.1660 0.5763 0.3217 
3.2101 0.5301 2.1505 0.5448 0.2611 
3.2401 0.5201 2.1689 0.6064 0.1859 
3.2601 0.5201 2.1654 0.5968 0.1322 
3.2501 0.5301 2.1576 0.5509 0.1578 
3.2001 0.5201 2.1558 0.5906 0.2869 
3.2101 0.5301 2.1505 0.5448 0.2611 
3.1901 0.5301 2.1660 0.5763 0.3217 
3.2601 0.5047 2.1701 0.6580 0.1274 
3.2401 0.5201 2.1689 0.6064 0.1859 
3.2301 0.5101 2.1537 0.6166 0.1989 
3.2601 0.5201 2.1654 0.5968 0.1322 
3.2401 0.5201 2.1689 0.6064 0.1859 
3.2601 0.5047 2.1701 0.6580 0.1274 
3.2301 0.5201 2.1578 0.5888 0.2060 
3.2301 0.5101 2.1537 0.6166 0.1989 
3.2401 0.5201 2.1689 0.6064 0.1859 
3.2201 0.5101 2.1716 0.6488 0.2358 
3.2301 0.5101 2.1537 0.6166 0.1989 
3.2301 0.5201 2.1578 0.5888 0.2060 
3.2101 0.5301 2.1505 0.5448 0.2611 
3.2201 0.5101 2.1716 0.6488 0.2358 
3.2301 0.5201 2.1578 0.5888 0.2060 
3.2101 0.5301 2.1505 0.5448 0.2611 
3.2101 0.5001 2.1770 0.6941 0.2611 
3.2201 0.5101 2.1716 0.6488 0.2358 
3.2101 0.5301 2.1505 0.5448 0.2611 
3.1901 0.5001 2.1772 0.6981 0.3153 
3.2101 0.5001 2.1770 0.6941 0.2611 
3.2101 0.5301 2.1505 0.5448 0.2611 
3.2001 0.5201 2.1558 0.5906 0.2869 
3.1901 0.5001 2.1772 0.6981 0.3153 
3.2601 0.5047 2.1701 0.6580 0.1274 
3.2301 0.5101 2.1537 0.6166 0.1989 
3.2401 0.5001 2.1743 0.6845 0.1795 
3.2401 0.5301 2.1510 0.5403 0.1800 
3.2501 0.5301 2.1576 0.5509 0.1578 
3.2401 0.5401 2.1641 0.5312 0.1925 
3.2401 0.5401 2.1641 0.5312 0.1925 
3.2301 0.5401 2.1585 0.5227 0.2155 
3.2401 0.5301 2.1510 0.5403 0.1800 
3.2301 0.5401 2.1585 0.5227 0.2155 
3.2301 0.5301 2.1637 0.5653 0.2138 
3.2401 0.5301 2.1510 0.5403 0.1800 
3.2301 0.5301 2.1637 0.5653 0.2138 
3.2301 0.5401 2.1585 0.5227 0.2155 
3.2201 0.5401 2.1570 0.5215 0.2413 
3.2201 0.5401 2.1570 0.5215 0.2413 
3.2101 0.5301 2.1505 0.5448 0.2611 
3.2301 0.5301 2.1637 0.5653 0.2138 
3.2201 0.5401 2.1570 0.5215 0.2413 
3.2101 0.5401 2.1660 0.5398 0.2720 
3.2101 0.5301 2.1505 0.5448 0.2611 
3.2501 0.5301 2.1576 0.5509 0.1578 
3.2401 0.5301 2.1510 0.5403 0.1800 
3.2401 0.5201 2.1689 0.6064 0.1859 
3.2301 0.5301 2.1637 0.5653 0.2138 
3.2301 0.5201 2.1578 0.5888 0.2060 
3.2401 0.5301 2.1510 0.5403 0.1800 
3.2301 0.5201 2.1578 0.5888 0.2060 
3.2401 0.5201 2.1689 0.6064 0.1859 
3.2401 0.5301 2.1510 0.5403 0.1800 
3.2101 0.5301 2.1505 0.5448 0.2611 
3.2301 0.5201 2.1578 0.5888 0.2060 
3.2301 0.5301 2.1637 0.5653 0.2138 
3.2715 0.5901 2.1301 0.3008 0.1165 
3.2701 0.5967 2.1401 0.3037 0.1298 
3.2766 0.6001 2.1201 0.2480 0.1029 
3.2701 0.5967 2.1401 0.3037 0.1298 
3.2715 0.5901 2.1301 0.3008 0.1165 
3.2601 0.6062 2.1301 0.2557 0.1528 
3.2715 0.5901 2.1301 0.3008 0.1165 
3.2601 0.6005 2.1201 0.2493 0.1436 
3.2601 0.6062 2.1301 0.2557 0.1528 
3.2715 0.5901 2.1301 0.3008 0.1165 
3.2801 0.5921 2.1101 0.2475 0.0840 
3.2501 0.6093 2.1101 0.2022 0.1674 
3.2766 0.6001 2.1201 0.2480 0.1029 
3.2801 0.5921 2.1101 0.2475 0.0840 
3.2715 0.5901 2.1301 0.3008 0.1165 
3.2501 0.6093 2.1101 0.2022 0.1674 
3.2601 0.6005 2.1201 0.2493 0.1436 
3.2715 0.5901 2.1301 0.3008 0.1165 
3.2801 0.5921 2.1101 0.2475 0.0840 
3.2601 0.6025 2.1001 0.1960 0.1312 
3.2501 0.6093 2.1101 0.2022 0.1674 
3.2101 0.6069 2.1301 0.2613 0.2823 
3.1901 0.6003 2.1301 0.2832 0.3330 
3.2001 0.6070 2.1401 0.2845 0.3122 
3.2101 0.6069 2.1301 0.2613 0.2823 
3.2001 0.6006 2.1201 0.2581 0.3027 
3.1901 0.6003 2.1301 0.2832 0.3330 
3.2101 0.6026 2.1101 0.2274 0.2721 
3.2301 0.5935 2.1001 0.2269 0.2077 
3.2001 0.5970 2.1001 0.2211 0.2934 
3.2001 0.5801 2.1723 0.4286 0.3143 
3.1901 0.6001 2.1762 0.3795 0.3464 
3.1601 0.5901 2.1788 0.4176 0.4188 
3.1801 0.5601 2.1664 0.4816 0.3577 
3.1701 0.5656 2.1701 0.4730 0.3861 
3.1701 0.5501 2.1678 0.5175 0.3815 
3.1801 0.5701 2.1563 0.4311 0.3579 
3.1601 0.5901 2.1788 0.4176 0.4188 
3.1701 0.5656 2.1701 0.4730 0.3861 
3.1801 0.5701 2.1563 0.4311 0.3579 
3.2001 0.5801 2.1723 0.4286 0.3143 
3.1601 0.5901 2.1788 0.4176 0.4188 
3.1701 0.5656 2.1701 0.4730 0.3861 
3.1501 0.5801 2.1660 0.4243 0.4404 
3.1601 0.5701 2.1639 0.4490 0.4120 
3.1601 0.5901 2.1788 0.4176 0.4188 
3.1501 0.5801 2.1660 0.4243 0.4404 
3.1701 0.5656 2.1701 0.4730 0.3861 
3.1601 0.5701 2.1639 0.4490 0.4120 
3.1501 0.5801 2.1660 0.4243 0.4404 
3.1501 0.5601 2.1611 0.4765 0.4357 
3.1801 0.5701 2.1563 0.4311 0.3579 
3.2001 0.5501 2.1572 0.4928 0.2987 
3.2001 0.5801 2.1723 0.4286 0.3143 
3.1801 0.5701 2.1563 0.4311 0.3579 
3.1701 0.5656 2.1701 0.4730 0.3861 
3.1801 0.5601 2.1664 0.4816 0.3577 
3.1701 0.5656 2.1701 0.4730 0.3861 
3.1601 0.5701 2.1639 0.4490 0.4120 
3.1601 0.5601 2.1530 0.4591 0.4077 
3.1701 0.5501 2.1678 0.5175 0.3815 
3.1701 0.5656 2.1701 0.4730 0.3861 
3.1601 0.5601 2.1530 0.4591 0.4077 
3.1801 0.5701 2.1563 0.4311 0.3579 
3.1801 0.5601 2.1664 0.4816 0.3577 
3.2001 0.5501 2.1572 0.4928 0.2987 
3.1601 0.5601 2.1530 0.4591 0.4077 
3.1601 0.5701 2.1639 0.4490 0.4120 
3.1501 0.5601 2.1611 0.4765 0.4357 
3.2001 0.5501 2.1572 0.4928 0.2987 
3.1801 0.5601 2.1664 0.4816 0.3577 
3.2001 0.5401 2.1625 0.5352 0.2971 
3.1423 0.5901 2.1701 0.4037 0.4627 
3.1469 0.6001 2.1701 0.3741 0.4528 
3.1101 0.6157 2.1701 0.3357 0.5467 
3.1423 0.5901 2.1701 0.4037 0.4627 
3.1101 0.6157 2.1701 0.3357 0.5467 
3.1201 0.5301 2.1711 0.5974 0.5116 
3.1201 0.5301 2.1711 0.5974 0.5116 
3.1101 0.6157 2.1701 0.3357 0.5467 
3.1101 0.5201 2.1771 0.6430 0.5373 
3.1001 0.5753 2.1701 0.4543 0.5691 
3.1101 0.5201 2.1771 0.6430 0.5373 
3.1101 0.6157 2.1701 0.3357 0.5467 
3.1101 0.5201 2.1771 0.6430 0.5373 
3.1001 0.5753 2.1701 0.4543 0.5691 
3.1001 0.5212 2.1801 0.6459 0.5641 
3.1469 0.6001 2.1701 0.3741 0.4528 
3.1423 0.5901 2.1701 0.4037 0.4627 
3.1401 0.5942 2.1601 0.3724 0.4682 
3.1101 0.6157 2.1701 0.3357 0.5467 
3.1001 0.5845 2.1601 0.4075 0.5709 
3.1001 0.5753 2.1701 0.4543 0.5691 
3.1101 0.6015 2.1601 0.3556 0.5463 
3.1001 0.5845 2.1601 0.4075 0.5709 
3.1101 0.6157 2.1701 0.3357 0.5467 
3.1501 0.5801 2.1600 0.4126 0.4397 
3.1401 0.5942 2.1601 0.3724 0.4682 
3.1423 0.5901 2.1701 0.4037 0.4627 
3.1501 0.5801 2.1600 0.4126 0.4397 
3.1423 0.5901 2.1701 0.4037 0.4627 
3.1501 0.5601 2.1650 0.4838 0.4362 
3.1201 0.5301 2.1711 0.5974 0.5116 
3.1501 0.5601 2.1650 0.4838 0.4362 
3.1423 0.5901 2.1701 0.4037 0.4627 
3.1301 0.5912 2.1401 0.3412 0.4932 
3.1501 0.5801 2.1600 0.4126 0.4397 
3.1501 0.6014 2.1401 0.3081 0.4417 
3.1301 0.5912 2.1401 0.3412 0.4932 
3.1201 0.5949 2.1601 0.3733 0.5199 
3.1401 0.5942 2.1601 0.3724 0.4682 
3.1101 0.5999 2.1401 0.3187 0.5477 
3.1101 0.6015 2.1601 0.3556 0.5463 
3.1201 0.5949 2.1601 0.3733 0.5199 
3.1101 0.6015 2.1601 0.3556 0.5463 
3.0901 0.5838 2.1501 0.3909 0.5988 
3.1001 0.5845 2.1601 0.4075 0.5709 
3.1101 0.5999 2.1401 0.3187 0.5477 
3.0901 0.5838 2.1501 0.3909 0.5988 
3.1101 0.6015 2.1601 0.3556 0.5463 
3.1401 0.5942 2.1601 0.3724 0.4682 
3.1501 0.5801 2.1600 0.4126 0.4397 
3.1301 0.5912 2.1401 0.3412 0.4932 
3.1501 0.5401 2.1648 0.5478 0.4319 
3.1501 0.5021 2.1801 0.7027 0.4257 
3.1701 0.5201 2.1649 0.6119 0.3726 
3.1701 0.5201 2.1649 0.6119 0.3726 
3.1501 0.5021 2.1801 0.7027 0.4257 
3.1601 0.5101 2.1710 0.6586 0.3986 
3.1701 0.5101 2.1602 0.6388 0.3684 
3.1601 0.5101 2.1710 0.6586 0.3986 
3.1501 0.5021 2.1801 0.7027 0.4257 
3.2001 0.5401 2.1625 0.5352 0.2971 
3.1801 0.5601 2.1664 0.4816 0.3577 
3.1901 0.5301 2.1660 0.5763 0.3217 
3.1601 0.5601 2.1530 0.4591 0.4077 
3.1501 0.5401 2.1648 0.5478 0.4319 
3.1701 0.5501 2.1678 0.5175 0.3815 
3.1601 0.5601 2.1530 0.4591 0.4077 
3.1501 0.5601 2.1611 0.4765 0.4357 
3.1501 0.5401 2.1648 0.5478 0.4319 
3.1801 0.5301 2.1587 0.5650 0.3465 
3.1901 0.5301 2.1660 0.5763 0.3217 
3.1801 0.5601 2.1664 0.4816 0.3577 
3.1801 0.5601 2.1664 0.4816 0.3577 
3.1701 0.5501 2.1678 0.5175 0.3815 
3.1801 0.5301 2.1587 0.5650 0.3465 
3.1801 0.5301 2.1587 0.5650 0.3465 
3.1501 0.5401 2.1648 0.5478 0.4319 
3.1701 0.5201 2.1649 0.6119 0.3726 
3.1701 0.5501 2.1678 0.5175 0.3815 
3.1501 0.5401 2.1648 0.5478 0.4319 
3.1801 0.5301 2.1587 0.5650 0.3465 
3.2001 0.5201 2.1558 0.5906 0.2869 
3.1901 0.5301 2.1660 0.5763 0.3217 
3.1901 0.5201 2.1746 0.6247 0.3213 
3.1901 0.5301 2.1660 0.5763 0.3217 
3.1801 0.5301 2.1587 0.5650 0.3465 
3.1901 0.5201 2.1746 0.6247 0.3213 
3.1801 0.5301 2.1587 0.5650 0.3465 
3.1701 0.5201 2.1649 0.6119 0.3726 
3.1901 0.5201 2.1746 0.6247 0.3213 
3.1901 0.5101 2.1595 0.6339 0.3124 
3.2001 0.5201 2.1558 0.5906 0.2869 
3.1901 0.5201 2.1746 0.6247 0.3213 
3.2001 0.5201 2.1558 0.5906 0.2869 
3.1901 0.5101 2.1595 0.6339 0.3124 
3.1901 0.5001 2.1772 0.6981 0.3153 
3.1701 0.5101 2.1602 0.6388 0.3684 
3.1901 0.5101 2.1595 0.6339 0.3124 
3.1901 0.5201 2.1746 0.6247 0.3213 
3.1901 0.5201 2.1746 0.6247 0.3213 
3.1701 0.5201 2.1649 0.6119 0.3726 
3.1701 0.5101 2.1602 0.6388 0.3684 
3.1601 0.5101 2.1710 0.6586 0.3986 
3.1701 0.5101 2.1602 0.6388 0.3684 
3.1701 0.5201 2.1649 0.6119 0.3726 
3.1901 0.5101 2.1595 0.6339 0.3124 
3.1701 0.5101 2.1602 0.6388 0.3684 
3.1901 0.5001 2.1772 0.6981 0.3153 
3.1401 0.5289 2.1901 0.6291 0.4589 
3.1501 0.5068 2.1701 0.6705 0.4252 
3.1401 0.5001 2.1714 0.6983 0.4517 
3.1001 0.5212 2.1801 0.6459 0.5641 
3.1401 0.5289 2.1901 0.6291 0.4589 
3.1201 0.5159 2.1801 0.6605 0.5096 
3.1201 0.5301 2.1711 0.5974 0.5116 
3.1101 0.5201 2.1771 0.6430 0.5373 
3.1150 0.5101 2.1701 0.6653 0.5232 
3.1401 0.5289 2.1901 0.6291 0.4589 
3.1401 0.5001 2.1714 0.6983 0.4517 
3.1401 0.5001 2.1698 0.6958 0.4516 
3.1201 0.5159 2.1801 0.6605 0.5096 
3.1401 0.5289 2.1901 0.6291 0.4589 
3.1401 0.5001 2.1698 0.6958 0.4516 
3.1101 0.5201 2.1771 0.6430 0.5373 
3.1001 0.5212 2.1801 0.6459 0.5641 
3.1201 0.5159 2.1801 0.6605 0.5096 
3.1101 0.5201 2.1771 0.6430 0.5373 
3.1201 0.5159 2.1801 0.6605 0.5096 
3.1150 0.5101 2.1701 0.6653 0.5232 
3.1501 0.5068 2.1701 0.6705 0.4252 
3.1426 0.5001 2.1701 0.6958 0.4447 
3.1401 0.5001 2.1714 0.6983 0.4517 
3.1401 0.5001 2.1698 0.6958 0.4516 
3.1150 0.5101 2.1701 0.6653 0.5232 
3.1201 0.5159 2.1801 0.6605 0.5096 
3.1401 0.5201 2.1678 0.6223 0.4553 
3.1501 0.5601 2.1650 0.4838 0.4362 
3.1201 0.5301 2.1711 0.5974 0.5116 
3.1501 0.5068 2.1701 0.6705 0.4252 
3.1501 0.5601 2.1650 0.4838 0.4362 
3.1401 0.5201 2.1678 0.6223 0.4553 
3.1201 0.5301 2.1711 0.5974 0.5116 
3.1150 0.5101 2.1701 0.6653 0.5232 
3.1401 0.5201 2.1678 0.6223 0.4553 
3.1401 0.5001 2.1698 0.6958 0.4516 
3.1501 0.5068 2.1701 0.6705 0.4252 
3.1401 0.5201 2.1678 0.6223 0.4553 
3.1426 0.5001 2.1701 0.6958 0.4447 
3.1501 0.5068 2.1701 0.6705 0.4252 
3.1401 0.5001 2.1698 0.6958 0.4516 
3.1150 0.5101 2.1701 0.6653 0.5232 
3.1401 0.5001 2.1698 0.6958 0.4516 
3.1401 0.5201 2.1678 0.6223 0.4553 
3.1701 0.5994 2.1301 0.2888 0.3863 
3.1601 0.5874 2.1301 0.3265 0.4103 
3.1601 0.5923 2.1501 0.3545 0.4149 
3.1501 0.6014 2.1401 0.3081 0.4417 
3.1601 0.5874 2.1301 0.3265 0.4103 
3.1501 0.6023 2.1301 0.2835 0.4408 
3.1601 0.5923 2.1501 0.3545 0.4149 
3.1601 0.5874 2.1301 0.3265 0.4103 
3.1501 0.6014 2.1401 0.3081 0.4417 
3.1701 0.5994 2.1301 0.2888 0.3863 
3.1501 0.6023 2.1301 0.2835 0.4408 
3.1601 0.5874 2.1301 0.3265 0.4103 
3.1701 0.5994 2.1301 0.2888 0.3863 
3.1801 0.6008 2.1001 0.2131 0.3514 
3.1601 0.6045 2.1101 0.2293 0.4110 
3.1701 0.5994 2.1301 0.2888 0.3863 
3.1901 0.6054 2.1101 0.2223 0.3281 
3.1801 0.6008 2.1001 0.2131 0.3514 
3.1301 0.5912 2.1401 0.3412 0.4932 
3.1101 0.5999 2.1401 0.3187 0.5477 
3.1201 0.5949 2.1601 0.3733 0.5199 
3.0901 0.6048 2.1401 0.3073 0.6013 
3.0901 0.5838 2.1501 0.3909 0.5988 
3.1101 0.5999 2.1401 0.3187 0.5477 
3.1101 0.5999 2.1401 0.3187 0.5477 
3.1201 0.6008 2.1301 0.2925 0.5215 
3.1101 0.5919 2.1201 0.2981 0.5487 
3.1101 0.5919 2.1201 0.2981 0.5487 
3.1201 0.6008 2.1301 0.2925 0.5215 
3.1101 0.5998 2.1101 0.2507 0.5504 
3.2801 0.6083 2.0901 0.1527 0.0788 
3.2601 0.6066 2.0901 0.1602 0.1264 
3.2801 0.5921 2.1101 0.2475 0.0840 
3.2801 0.5921 2.1101 0.2475 0.0840 
3.2601 0.6066 2.0901 0.1602 0.1264 
3.2601 0.6025 2.1001 0.1960 0.1312 
3.2601 0.6066 2.0901 0.1602 0.1264 
3.2801 0.6083 2.0901 0.1527 0.0788 
3.2801 0.5982 2.0801 0.1560 0.0677 
3.2401 0.6101 2.1068 0.1936 0.1923 
3.2501 0.6093 2.1101 0.2022 0.1674 
3.2401 0.6012 2.0901 0.1781 0.1777 
3.2401 0.6012 2.0901 0.1781 0.1777 
3.2301 0.5935 2.1001 0.2269 0.2077 
3.2401 0.6101 2.1068 0.1936 0.1923 
3.2101 0.6000 2.0901 0.1862 0.2617 
3.2301 0.5935 2.1001 0.2269 0.2077 
3.2401 0.6012 2.0901 0.1781 0.1777 
3.2001 0.6086 2.0901 0.1633 0.2937 
3.2001 0.5970 2.1001 0.2211 0.2934 
3.2101 0.6000 2.0901 0.1862 0.2617 
3.2101 0.6000 2.0901 0.1862 0.2617 
3.2401 0.6012 2.0901 0.1781 0.1777 
3.2301 0.5964 2.0701 0.1430 0.1908 
3.2101 0.6000 2.0901 0.1862 0.2617 
3.2101 0.5987 2.0701 0.1395 0.2510 
3.2001 0.6086 2.0901 0.1633 0.2937 
3.2501 0.5958 2.0801 0.1672 0.1402 
3.2401 0.5984 2.0601 0.1120 0.1557 
3.2401 0.6012 2.0901 0.1781 0.1777 
3.2001 0.6086 2.0901 0.1633 0.2937 
3.2101 0.5987 2.0701 0.1395 0.2510 
3.2001 0.6060 2.0601 0.0992 0.2793 
3.2001 0.6060 2.0601 0.0992 0.2793 
3.2101 0.5987 2.0701 0.1395 0.2510 
3.2101 0.6001 2.0601 0.1116 0.2463 
3.2401 0.6077 2.0501 0.0769 0.1538 
3.2401 0.5984 2.0601 0.1120 0.1557 
3.2501 0.5941 2.0501 0.0984 0.1168 
3.2401 0.6077 2.0501 0.0769 0.1538 
3.2201 0.5913 2.0601 0.1332 0.2115 
3.2301 0.6062 2.0601 0.0956 0.1894 
3.2401 0.5984 2.0601 0.1120 0.1557 
3.2401 0.6077 2.0501 0.0769 0.1538 
3.2301 0.6062 2.0601 0.0956 0.1894 
3.2159 0.6001 2.0501 0.0897 0.2226 
3.1901 0.5972 2.0501 0.0983 0.3018 
3.2001 0.6060 2.0601 0.0992 0.2793 
3.2101 0.6001 2.0601 0.1116 0.2463 
3.2159 0.6001 2.0501 0.0897 0.2226 
3.2001 0.6060 2.0601 0.0992 0.2793 
3.2101 0.6001 2.0601 0.1116 0.2463 
3.2001 0.6060 2.0601 0.0992 0.2793 
3.2101 0.6001 2.0601 0.1116 0.2463 
3.2501 0.5941 2.0501 0.0984 0.1168 
3.2401 0.6012 2.0401 0.0742 0.1425 
3.2401 0.6077 2.0501 0.0769 0.1538 
3.1901 0.5972 2.0501 0.0983 0.3018 
3.2159 0.6001 2.0501 0.0897 0.2226 
3.2101 0.6002 2.0401 0.0759 0.2349 
3.1901 0.5971 2.0901 0.1976 0.3181 
3.2001 0.5970 2.1001 0.2211 0.2934 
3.2001 0.6086 2.0901 0.1633 0.2937 
3.1701 0.6102 2.1001 0.1873 0.3824 
3.1601 0.5949 2.0801 0.1835 0.4026 
3.1601 0.6051 2.1001 0.2034 0.4093 
3.1601 0.6051 2.1001 0.2034 0.4093 
3.1401 0.5965 2.0901 0.2070 0.4637 
3.1501 0.6126 2.1001 0.1835 0.4394 
3.1801 0.6008 2.1001 0.2131 0.3514 
3.1701 0.5941 2.0701 0.1584 0.3698 
3.1701 0.6102 2.1001 0.1873 0.3824 
3.1701 0.5941 2.0701 0.1584 0.3698 
3.1601 0.5949 2.0801 0.1835 0.4026 
3.1701 0.6102 2.1001 0.1873 0.3824 
3.2001 0.6086 2.0901 0.1633 0.2937 
3.2001 0.6060 2.0601 0.0992 0.2793 
3.1901 0.5971 2.0901 0.1976 0.3181 
3.1701 0.6032 2.0601 0.1091 0.3699 
3.1501 0.6059 2.0501 0.0855 0.4307 
3.1701 0.5941 2.0701 0.1584 0.3698 
3.1701 0.6032 2.0601 0.1091 0.3699 
3.1901 0.5848 2.0601 0.1564 0.3010 
3.1801 0.5979 2.0401 0.0802 0.3297 
3.1501 0.6126 2.1001 0.1835 0.4394 
3.1401 0.5965 2.0901 0.2070 0.4637 
3.1301 0.6055 2.1001 0.2068 0.4947 
3.1101 0.6162 2.0901 0.1553 0.5538 
3.1101 0.5974 2.1001 0.2339 0.5511 
3.1301 0.5945 2.0901 0.2145 0.4928 
3.1101 0.5974 2.1001 0.2339 0.5511 
3.1001 0.5940 2.0901 0.2209 0.5814 
3.0901 0.6115 2.1001 0.1956 0.6093 
3.1001 0.5940 2.0901 0.2209 0.5814 
3.1101 0.5974 2.1001 0.2339 0.5511 
3.1101 0.6162 2.0901 0.1553 0.5538 
3.1401 0.5996 2.0701 0.1470 0.4627 
3.1401 0.5965 2.0901 0.2070 0.4637 
3.1501 0.5969 2.0801 0.1790 0.4331 
3.1001 0.6038 2.0701 0.1412 0.5853 
3.1101 0.6162 2.0901 0.1553 0.5538 
3.1301 0.5945 2.0901 0.2145 0.4928 
3.1101 0.6162 2.0901 0.1553 0.5538 
3.1001 0.6038 2.0701 0.1412 0.5853 
3.0901 0.6037 2.0801 0.1684 0.6136 
3.1101 0.6162 2.0901 0.1553 0.5538 
3.0901 0.6037 2.0801 0.1684 0.6136 
3.1001 0.5940 2.0901 0.2209 0.5814 
3.1112 0.6001 2.0701 0.1499 0.5511 
3.1201 0.5970 2.0501 0.1072 0.5244 
3.1101 0.6122 2.0601 0.0960 0.5567 
3.1101 0.6122 2.0601 0.0960 0.5567 
3.1001 0.6038 2.0701 0.1412 0.5853 
3.1112 0.6001 2.0701 0.1499 0.5511 
3.1501 0.6059 2.0501 0.0855 0.4307 
3.1301 0.6001 2.0501 0.0989 0.4929 
3.1391 0.6001 2.0601 0.1209 0.4651 
3.1101 0.6122 2.0601 0.0960 0.5567 
3.1201 0.5970 2.0501 0.1072 0.5244 
3.1101 0.6038 2.0501 0.0933 0.5571 
3.1101 0.6038 2.0501 0.0933 0.5571 
3.1001 0.6038 2.0701 0.1412 0.5853 
3.1101 0.6122 2.0601 0.0960 0.5567 
3.1501 0.6062 2.0401 0.0741 0.4292 
3.1301 0.6001 2.0501 0.0989 0.4929 
3.1501 0.6059 2.0501 0.0855 0.4307 
3.1301 0.6001 2.0501 0.0989 0.4929 
3.1501 0.6062 2.0401 0.0741 0.4292 
3.1301 0.6084 2.0401 0.0736 0.4941 
3.1301 0.6001 2.0501 0.0989 0.4929 
3.1301 0.6084 2.0401 0.0736 0.4941 
3.1301 0.6001 2.0501 0.0989 0.4929 
3.1201 0.5970 2.0501 0.1072 0.5244 
3.1301 0.6001 2.0501 0.0989 0.4929 
3.1301 0.6084 2.0401 0.0736 0.4941 
3.1301 0.6084 2.0401 0.0736 0.4941 
3.1101 0.6038 2.0501 0.0933 0.5571 
3.1201 0.5970 2.0501 0.1072 0.5244 
3.1301 0.6084 2.0401 0.0736 0.4941 
3.1501 0.6062 2.0401 0.0741 0.4292 
3.1301 0.5992 2.0301 0.0734 0.4922 
3.1201 0.5934 2.0301 0.0771 0.5249 
3.1301 0.6084 2.0401 0.0736 0.4941 
3.1301 0.5992 2.0301 0.0734 0.4922 
3.2501 0.5887 2.0901 0.2134 0.1434 
3.2601 0.6025 2.1001 0.1960 0.1312 
3.2601 0.6066 2.0901 0.1602 0.1264 
3.2501 0.5887 2.0901 0.2134 0.1434 
3.2501 0.6093 2.1101 0.2022 0.1674 
3.2601 0.6025 2.1001 0.1960 0.1312 
3.2601 0.6066 2.0901 0.1602 0.1264 
3.2801 0.5982 2.0801 0.1560 0.0677 
3.2501 0.5958 2.0801 0.1672 0.1402 
3.2501 0.5958 2.0801 0.1672 0.1402 
3.2501 0.5887 2.0901 0.2134 0.1434 
3.2601 0.6066 2.0901 0.1602 0.1264 
3.2801 0.6054 2.0701 0.1128 0.0650 
3.2801 0.5982 2.0801 0.1560 0.0677 
3.2901 0.5960 2.0701 0.1356 0.0527 
3.2501 0.5958 2.0801 0.1672 0.1402 
3.2801 0.5982 2.0801 0.1560 0.0677 
3.2801 0.6054 2.0701 0.1128 0.0650 
3.2601 0.5878 2.0701 0.1632 0.1012 
3.2501 0.5958 2.0801 0.1672 0.1402 
3.2801 0.6054 2.0701 0.1128 0.0650 
3.2801 0.6054 2.0701 0.1128 0.0650 
3.2901 0.5960 2.0701 0.1356 0.0527 
3.2801 0.5947 2.0601 0.1160 0.0564 
3.2801 0.6054 2.0701 0.1128 0.0650 
3.2801 0.5947 2.0601 0.1160 0.0564 
3.2601 0.5878 2.0701 0.1632 0.1012 
3.2601 0.5931 2.0601 0.1229 0.0966 
3.2401 0.5984 2.0601 0.1120 0.1557 
3.2601 0.5878 2.0701 0.1632 0.1012 
3.2801 0.6021 2.0501 0.0810 0.0549 
3.2801 0.5947 2.0601 0.1160 0.0564 
3.2901 0.5960 2.0701 0.1356 0.0527 
3.2801 0.6021 2.0501 0.0810 0.0549 
3.2701 0.5968 2.0401 0.0762 0.0618 
3.2801 0.5947 2.0601 0.1160 0.0564 
3.2701 0.5968 2.0401 0.0762 0.0618 
3.2501 0.5941 2.0501 0.0984 0.1168 
3.2601 0.5931 2.0601 0.1229 0.0966 
3.2701 0.5968 2.0401 0.0762 0.0618 
3.2601 0.5931 2.0601 0.1229 0.0966 
3.2601 0.5878 2.0701 0.1632 0.1012 
3.2501 0.5941 2.0501 0.0984 0.1168 
3.2401 0.5984 2.0601 0.1120 0.1557 
3.2601 0.5931 2.0601 0.1229 0.0966 
3.2801 0.5947 2.0601 0.1160 0.0564 
3.2701 0.5968 2.0401 0.0762 0.0618 
3.2601 0.5878 2.0701 0.1632 0.1012 
3.2501 0.6093 2.1101 0.2022 0.1674 
3.2501 0.5887 2.0901 0.2134 0.1434 
3.2401 0.6012 2.0901 0.1781 0.1777 
3.2101 0.6000 2.0901 0.1862 0.2617 
3.2001 0.5970 2.1001 0.2211 0.2934 
3.2301 0.5935 2.1001 0.2269 0.2077 
3.2501 0.5887 2.0901 0.2134 0.1434 
3.2501 0.5958 2.0801 0.1672 0.1402 
3.2401 0.6012 2.0901 0.1781 0.1777 
3.2101 0.6000 2.0901 0.1862 0.2617 
3.2301 0.5964 2.0701 0.1430 0.1908 
3.2101 0.5987 2.0701 0.1395 0.2510 
3.2601 0.5878 2.0701 0.1632 0.1012 
3.2401 0.5984 2.0601 0.1120 0.1557 
3.2501 0.5958 2.0801 0.1672 0.1402 
3.2401 0.6012 2.0901 0.1781 0.1777 
3.2401 0.5984 2.0601 0.1120 0.1557 
3.2301 0.5964 2.0701 0.1430 0.1908 
3.2301 0.6062 2.0601 0.0956 0.1894 
3.2301 0.5964 2.0701 0.1430 0.1908 
3.2401 0.5984 2.0601 0.1120 0.1557 
3.2301 0.5964 2.0701 0.1430 0.1908 
3.2301 0.6062 2.0601 0.0956 0.1894 
3.2201 0.5913 2.0601 0.1332 0.2115 
3.2101 0.6001 2.0601 0.1116 0.2463 
3.2101 0.5987 2.0701 0.1395 0.2510 
3.2301 0.5964 2.0701 0.1430 0.1908 
3.2201 0.5913 2.0601 0.1332 0.2115 
3.2101 0.6001 2.0601 0.1116 0.2463 
3.2301 0.5964 2.0701 0.1430 0.1908 
3.2101 0.6001 2.0601 0.1116 0.2463 
3.2101 0.6001 2.0601 0.1116 0.2463 
3.2101 0.5987 2.0701 0.1395 0.2510 
3.2159 0.6001 2.0501 0.0897 0.2226 
3.2101 0.6001 2.0601 0.1116 0.2463 
3.2201 0.5913 2.0601 0.1332 0.2115 
3.2159 0.6001 2.0501 0.0897 0.2226 
3.2101 0.6001 2.0601 0.1116 0.2463 
3.2101 0.6001 2.0601 0.1116 0.2463 
3.2101 0.6001 2.0601 0.1116 0.2463 
3.2101 0.6001 2.0601 0.1116 0.2463 
3.2101 0.6001 2.0601 0.1116 0.2463 
3.2601 0.5892 2.0301 0.0746 0.0718 
3.2501 0.5941 2.0501 0.0984 0.1168 
3.2701 0.5968 2.0401 0.0762 0.0618 
3.2101 0.6002 2.0401 0.0759 0.2349 
3.2159 0.6001 2.0501 0.0897 0.2226 
3.2201 0.5913 2.0601 0.1332 0.2115 
3.2101 0.6002 2.0401 0.0759 0.2349 
3.2001 0.5891 2.0401 0.0939 0.2613 
3.1901 0.5972 2.0501 0.0983 0.3018 
3.1901 0.6140 2.1001 0.1740 0.3277 
3.2001 0.5970 2.1001 0.2211 0.2934 
3.1901 0.5971 2.0901 0.1976 0.3181 
3.1901 0.6140 2.1001 0.1740 0.3277 
3.1901 0.5971 2.0901 0.1976 0.3181 
3.1801 0.6008 2.1001 0.2131 0.3514 
3.1601 0.6051 2.1001 0.2034 0.4093 
3.1601 0.5949 2.0801 0.1835 0.4026 
3.1401 0.5965 2.0901 0.2070 0.4637 
3.1801 0.6008 2.1001 0.2131 0.3514 
3.1901 0.5971 2.0901 0.1976 0.3181 
3.1801 0.5885 2.0701 0.1732 0.3374 
3.1801 0.6008 2.1001 0.2131 0.3514 
3.1801 0.5885 2.0701 0.1732 0.3374 
3.1701 0.5941 2.0701 0.1584 0.3698 
3.1501 0.5969 2.0801 0.1790 0.4331 
3.1401 0.5965 2.0901 0.2070 0.4637 
3.1601 0.5949 2.0801 0.1835 0.4026 
3.1701 0.5941 2.0701 0.1584 0.3698 
3.1501 0.5969 2.0801 0.1790 0.4331 
3.1601 0.5949 2.0801 0.1835 0.4026 
3.1901 0.5848 2.0601 0.1564 0.3010 
3.1901 0.5971 2.0901 0.1976 0.3181 
3.2001 0.6060 2.0601 0.0992 0.2793 
3.1801 0.5885 2.0701 0.1732 0.3374 
3.1901 0.5848 2.0601 0.1564 0.3010 
3.1701 0.6032 2.0601 0.1091 0.3699 
3.1701 0.5941 2.0701 0.1584 0.3698 
3.1801 0.5885 2.0701 0.1732 0.3374 
3.1701 0.6032 2.0601 0.1091 0.3699 
3.1701 0.5941 2.0701 0.1584 0.3698 
3.1501 0.6059 2.0501 0.0855 0.4307 
3.1501 0.5969 2.0801 0.1790 0.4331 
3.1901 0.5971 2.0901 0.1976 0.3181 
3.1901 0.5848 2.0601 0.1564 0.3010 
3.1801 0.5885 2.0701 0.1732 0.3374 
3.1901 0.5972 2.0501 0.0983 0.3018 
3.1901 0.5848 2.0601 0.1564 0.3010 
3.2001 0.6060 2.0601 0.0992 0.2793 
3.1801 0.5979 2.0401 0.0802 0.3297 
3.1901 0.5848 2.0601 0.1564 0.3010 
3.1901 0.5972 2.0501 0.0983 0.3018 
3.1401 0.5965 2.0901 0.2070 0.4637 
3.1301 0.5945 2.0901 0.2145 0.4928 
3.1301 0.6055 2.1001 0.2068 0.4947 
3.1101 0.5998 2.1101 0.2507 0.5504 
3.1301 0.6055 2.1001 0.2068 0.4947 
3.1301 0.5945 2.0901 0.2145 0.4928 
3.1101 0.5998 2.1101 0.2507 0.5504 
3.1301 0.5945 2.0901 0.2145 0.4928 
3.1101 0.5974 2.1001 0.2339 0.5511 
3.1401 0.5965 2.0901 0.2070 0.4637 
3.1301 0.5914 2.0801 0.1987 0.4920 
3.1301 0.5945 2.0901 0.2145 0.4928 
3.1401 0.5965 2.0901 0.2070 0.4637 
3.1401 0.5996 2.0701 0.1470 0.4627 
3.1301 0.5914 2.0801 0.1987 0.4920 
3.1001 0.6038 2.0701 0.1412 0.5853 
3.1301 0.5945 2.0901 0.2145 0.4928 
3.1301 0.5914 2.0801 0.1987 0.4920 
3.1401 0.5996 2.0701 0.1470 0.4627 
3.1112 0.6001 2.0701 0.1499 0.5511 
3.1301 0.5914 2.0801 0.1987 0.4920 
3.1112 0.6001 2.0701 0.1499 0.5511 
3.1001 0.6038 2.0701 0.1412 0.5853 
3.1301 0.5914 2.0801 0.1987 0.4920 
3.1501 0.6059 2.0501 0.0855 0.4307 
3.1401 0.5996 2.0701 0.1470 0.4627 
3.1501 0.5969 2.0801 0.1790 0.4331 
3.1391 0.6001 2.0601 0.1209 0.4651 
3.1401 0.5996 2.0701 0.1470 0.4627 
3.1501 0.6059 2.0501 0.0855 0.4307 
3.1391 0.6001 2.0601 0.1209 0.4651 
3.1301 0.5906 2.0601 0.1486 0.4914 
3.1401 0.5996 2.0701 0.1470 0.4627 
3.1112 0.6001 2.0701 0.1499 0.5511 
3.1301 0.5906 2.0601 0.1486 0.4914 
3.1201 0.5970 2.0501 0.1072 0.5244 
3.1112 0.6001 2.0701 0.1499 0.5511 
3.1401 0.5996 2.0701 0.1470 0.4627 
3.1301 0.5906 2.0601 0.1486 0.4914 
3.1301 0.5906 2.0601 0.1486 0.4914 
3.1391 0.6001 2.0601 0.1209 0.4651 
3.1301 0.6001 2.0501 0.0989 0.4929 
3.1391 0.6001 2.0601 0.1209 0.4651 
3.1301 0.6001 2.0501 0.0989 0.4929 
3.1301 0.6001 2.0501 0.0989 0.4929 
3.1301 0.6001 2.0501 0.0989 0.4929 
3.1201 0.5970 2.0501 0.1072 0.5244 
3.1301 0.5906 2.0601 0.1486 0.4914 
3.1001 0.6038 2.0701 0.1412 0.5853 
3.1101 0.6038 2.0501 0.0933 0.5571 
3.0901 0.5906 2.0501 0.1282 0.6208 
3.2001 0.5891 2.0401 0.0939 0.2613 
3.1801 0.5979 2.0401 0.0802 0.3297 
3.1901 0.5972 2.0501 0.0983 0.3018 
3.1701 0.5951 2.0301 0.0740 0.3577 
3.1701 0.6032 2.0601 0.1091 0.3699 
3.1801 0.5979 2.0401 0.0802 0.3297 
3.1501 0.6059 2.0501 0.0855 0.4307 
3.1701 0.5951 2.0301 0.0740 0.3577 
3.1501 0.6062 2.0401 0.0741 0.4292 
3.1701 0.6032 2.0601 0.1091 0.3699 
3.1701 0.5951 2.0301 0.0740 0.3577 
3.1501 0.6059 2.0501 0.0855 0.4307 
3.1301 0.6001 2.0501 0.0989 0.4929 
3.1301 0.6001 2.0501 0.0989 0.4929 
3.1301 0.6001 2.0501 0.0989 0.4929 
3.1301 0.6001 2.0501 0.0989 0.4929 
3.1301 0.6001 2.0501 0.0989 0.4929 
3.1201 0.5970 2.0501 0.1072 0.5244 
3.1101 0.6038 2.0501 0.0933 0.5571 
3.1001 0.6058 2.0401 0.0760 0.5911 
3.0901 0.5906 2.0501 0.1282 0.6208 
3.2801 0.5001 2.1747 0.6777 0.0813 
3.2901 0.4901 2.1768 0.7146 0.0605 
3.3001 0.5001 2.1700 0.6665 0.0528 
3.2801 0.5001 2.1747 0.6777 0.0813 
3.2601 0.5047 2.1701 0.6580 0.1274 
3.2501 0.4901 2.1792 0.7257 0.1515 
3.2801 0.4901 2.1642 0.6967 0.0701 
3.2801 0.5001 2.1747 0.6777 0.0813 
3.2501 0.4901 2.1792 0.7257 0.1515 
3.2601 0.5047 2.1701 0.6580 0.1274 
3.2401 0.5001 2.1743 0.6845 0.1795 
3.2501 0.4901 2.1792 0.7257 0.1515 
3.2501 0.4901 2.1792 0.7257 0.1515 
3.2801 0.4801 2.1772 0.7533 0.0735 
3.2801 0.4901 2.1642 0.6967 0.0701 
3.2801 0.4801 2.1772 0.7533 0.0735 
3.2501 0.4901 2.1792 0.7257 0.1515 
3.2401 0.4801 2.1784 0.7626 0.1721 
3.2801 0.4801 2.1772 0.7533 0.0735 
3.2401 0.4801 2.1784 0.7626 0.1721 
3.2801 0.4401 2.1762 0.9054 0.0575 
3.2401 0.4801 2.1784 0.7626 0.1721 
3.2401 0.4601 2.1788 0.8383 0.1622 
3.2501 0.4401 2.1789 0.9150 0.1247 
3.2801 0.5001 2.1747 0.6777 0.0813 
3.2801 0.4901 2.1642 0.6967 0.0701 
3.2901 0.4901 2.1768 0.7146 0.0605 
3.2901 0.4901 2.1768 0.7146 0.0605 
3.2801 0.4901 2.1642 0.6967 0.0701 
3.2801 0.4801 2.1772 0.7533 0.0735 
3.2401 0.4901 2.1801 0.7289 0.1781 
3.2401 0.4901 2.1801 0.7289 0.1781 
3.2401 0.4901 2.1801 0.7289 0.1781 
3.2401 0.4901 2.1801 0.7289 0.1781 
3.2401 0.4901 2.1801 0.7289 0.1781 
3.2401 0.4901 2.1801 0.7289 0.1781 
3.2401 0.4901 2.1801 0.7289 0.1781 
3.2401 0.4901 2.1801 0.7289 0.1781 
3.2401 0.4901 2.1801 0.7289 0.1781 
3.2401 0.4901 2.1801 0.7289 0.1781 
3.2401 0.4901 2.1801 0.7289 0.1781 
3.2401 0.4901 2.1801 0.7289 0.1781 
3.2001 0.4901 2.1829 0.7404 0.2867 
3.1801 0.4801 2.1806 0.7772 0.3372 
3.2301 0.4419 2.1801 0.9133 0.1811 
3.2301 0.4419 2.1801 0.9133 0.1811 
3.1801 0.4801 2.1806 0.7772 0.3372 
3.2101 0.4501 2.1801 0.8849 0.2413 
3.2401 0.4901 2.1801 0.7289 0.1781 
3.2501 0.4901 2.1792 0.7257 0.1515 
3.2401 0.5001 2.1743 0.6845 0.1795 
3.2401 0.4901 2.1801 0.7289 0.1781 
3.2401 0.4901 2.1801 0.7289 0.1781 
3.2501 0.4901 2.1792 0.7257 0.1515 
3.2401 0.4901 2.1801 0.7289 0.1781 
3.2401 0.5001 2.1743 0.6845 0.1795 
3.2301 0.4901 2.1749 0.7229 0.2017 
3.2401 0.4901 2.1801 0.7289 0.1781 
3.2401 0.4901 2.1801 0.7289 0.1781 
3.2401 0.5001 2.1743 0.6845 0.1795 
3.2401 0.5001 2.1743 0.6845 0.1795 
3.2201 0.5101 2.1716 0.6488 0.2358 
3.2301 0.4901 2.1749 0.7229 0.2017 
3.2301 0.4901 2.1749 0.7229 0.2017 
3.2101 0.5001 2.1770 0.6941 0.2611 
3.2001 0.4901 2.1829 0.7404 0.2867 
3.2201 0.5101 2.1716 0.6488 0.2358 
3.2101 0.5001 2.1770 0.6941 0.2611 
3.2301 0.4901 2.1749 0.7229 0.2017 
3.2401 0.4901 2.1801 0.7289 0.1781 
3.2401 0.4801 2.1784 0.7626 0.1721 
3.2501 0.4901 2.1792 0.7257 0.1515 
3.2401 0.4901 2.1801 0.7289 0.1781 
3.2401 0.4901 2.1801 0.7289 0.1781 
3.2401 0.4801 2.1784 0.7626 0.1721 
3.2401 0.4901 2.1801 0.7289 0.1781 
3.2301 0.4901 2.1749 0.7229 0.2017 
3.2401 0.4801 2.1784 0.7626 0.1721 
3.2401 0.4901 2.1801 0.7289 0.1781 
3.2401 0.4901 2.1801 0.7289 0.1781 
3.2301 0.4901 2.1749 0.7229 0.2017 
3.2401 0.4601 2.1788 0.8383 0.1622 
3.2301 0.4901 2.1749 0.7229 0.2017 
3.2001 0.4901 2.1829 0.7404 0.2867 
3.2401 0.4801 2.1784 0.7626 0.1721 
3.2301 0.4901 2.1749 0.7229 0.2017 
3.2401 0.4601 2.1788 0.8383 0.1622 
3.2401 0.4601 2.1788 0.8383 0.1622 
3.2001 0.4901 2.1829 0.7404 0.2867 
3.2301 0.4419 2.1801 0.9133 0.1811 
3.2801 0.4401 2.1762 0.9054 0.0575 
3.2401 0.4801 2.1784 0.7626 0.1721 
3.2501 0.4401 2.1789 0.9150 0.1247 
3.2801 0.4401 2.1762 0.9054 0.0575 
3.2501 0.4401 2.1789 0.9150 0.1247 
3.2701 0.4201 2.1775 0.9915 0.0658 
3.2401 0.4401 2.1801 0.9185 0.1525 
3.2401 0.4401 2.1801 0.9185 0.1525 
3.2401 0.4401 2.1801 0.9185 0.1525 
3.2301 0.4401 2.1805 0.9211 0.1805 
3.2401 0.4401 2.1801 0.9185 0.1525 
3.2301 0.4419 2.1801 0.9133 0.1811 
3.2301 0.4419 2.1801 0.9133 0.1811 
3.2401 0.4401 2.1801 0.9185 0.1525 
3.2401 0.4401 2.1801 0.9185 0.1525 
3.2301 0.4419 2.1801 0.9133 0.1811 
3.2101 0.4501 2.1801 0.8849 0.2413 
3.2201 0.4301 2.1770 0.9599 0.2015 
3.2401 0.4401 2.1801 0.9185 0.1525 
3.2401 0.4401 2.1801 0.9185 0.1525 
3.2401 0.4401 2.1801 0.9185 0.1525 
3.2401 0.4401 2.1801 0.9185 0.1525 
3.2301 0.4401 2.1805 0.9211 0.1805 
3.2401 0.4401 2.1801 0.9185 0.1525 
3.2401 0.4401 2.1801 0.9185 0.1525 
3.2501 0.4401 2.1789 0.9150 0.1247 
3.2401 0.4601 2.1788 0.8383 0.1622 
3.2401 0.4401 2.1801 0.9185 0.1525 
3.2401 0.4401 2.1801 0.9185 0.1525 
3.2501 0.4401 2.1789 0.9150 0.1247 
3.2401 0.4401 2.1801 0.9185 0.1525 
3.2401 0.4601 2.1788 0.8383 0.1622 
3.2301 0.4419 2.1801 0.9133 0.1811 
3.2301 0.4401 2.1805 0.9211 0.1805 
3.2301 0.4419 2.1801 0.9133 0.1811 
3.2201 0.4301 2.1770 0.9599 0.2015 
3.2401 0.4401 2.1801 0.9185 0.1525 
3.2401 0.4301 2.1793 0.9582 0.1465 
3.2501 0.4401 2.1789 0.9150 0.1247 
3.2401 0.4401 2.1801 0.9185 0.1525 
3.2401 0.4401 2.1801 0.9185 0.1525 
3.2401 0.4301 2.1793 0.9582 0.1465 
3.2301 0.4401 2.1805 0.9211 0.1805 
3.2401 0.4301 2.1793 0.9582 0.1465 
3.2401 0.4401 2.1801 0.9185 0.1525 
3.2301 0.4401 2.1805 0.9211 0.1805 
3.2201 0.4301 2.1770 0.9599 0.2015 
3.2401 0.4301 2.1793 0.9582 0.1465 
3.2201 0.4301 2.1770 0.9599 0.2015 
3.2101 0.4501 2.1801 0.8849 0.2413 
3.2012 0.4301 2.1801 0.9675 0.2580 
3.1601 0.4901 2.1813 0.7455 0.3955 
3.2001 0.4901 2.1829 0.7404 0.2867 
3.1901 0.5001 2.1772 0.6981 0.3153 
3.1601 0.4901 2.1813 0.7455 0.3955 
3.1501 0.5021 2.1801 0.7027 0.4257 
3.1501 0.4801 2.1851 0.7892 0.4213 
3.2001 0.4901 2.1829 0.7404 0.2867 
3.1601 0.4901 2.1813 0.7455 0.3955 
3.1801 0.4801 2.1806 0.7772 0.3372 
3.2101 0.4501 2.1801 0.8849 0.2413 
3.1801 0.4801 2.1806 0.7772 0.3372 
3.1701 0.4501 2.1837 0.8975 0.3565 
3.1801 0.4801 2.1806 0.7772 0.3372 
3.1601 0.4701 2.1839 0.8228 0.3907 
3.1701 0.4501 2.1837 0.8975 0.3565 
3.1901 0.5001 2.1772 0.6981 0.3153 
3.1701 0.5101 2.1602 0.6388 0.3684 
3.1601 0.4901 2.1813 0.7455 0.3955 
3.1701 0.5101 2.1602 0.6388 0.3684 
3.1501 0.5021 2.1801 0.7027 0.4257 
3.1601 0.4901 2.1813 0.7455 0.3955 
3.1601 0.4901 2.1813 0.7455 0.3955 
3.1701 0.4801 2.1694 0.7629 0.3618 
3.1801 0.4801 2.1806 0.7772 0.3372 
3.1701 0.4801 2.1694 0.7629 0.3618 
3.1601 0.4901 2.1813 0.7455 0.3955 
3.1501 0.4801 2.1851 0.7892 0.4213 
3.1601 0.4701 2.1839 0.8228 0.3907 
3.1801 0.4801 2.1806 0.7772 0.3372 
3.1701 0.4801 2.1694 0.7629 0.3618 
3.1701 0.4801 2.1694 0.7629 0.3618 
3.1501 0.4801 2.1851 0.7892 0.4213 
3.1601 0.4701 2.1839 0.8228 0.3907 
3.1401 0.5001 2.1796 0.7109 0.4525 
3.1501 0.4801 2.1851 0.7892 0.4213 
3.1501 0.5021 2.1801 0.7027 0.4257 
3.1201 0.5001 2.1736 0.7054 0.5075 
3.0801 0.4901 2.1868 0.7685 0.6162 
3.1201 0.4901 2.1836 0.7564 0.5061 
3.1501 0.4801 2.1851 0.7892 0.4213 
3.1401 0.5001 2.1796 0.7109 0.4525 
3.1301 0.4701 2.1845 0.8294 0.4750 
3.1201 0.4901 2.1836 0.7564 0.5061 
3.0801 0.4901 2.1868 0.7685 0.6162 
3.1001 0.4701 2.1883 0.8404 0.5593 
3.1501 0.4801 2.1851 0.7892 0.4213 
3.1301 0.4701 2.1845 0.8294 0.4750 
3.1601 0.4701 2.1839 0.8228 0.3907 
3.1201 0.4901 2.1836 0.7564 0.5061 
3.1201 0.4501 2.1877 0.9125 0.5002 
3.1301 0.4701 2.1845 0.8294 0.4750 
3.1201 0.4501 2.1877 0.9125 0.5002 
3.1201 0.4901 2.1836 0.7564 0.5061 
3.1001 0.4701 2.1883 0.8404 0.5593 
3.1701 0.4501 2.1837 0.8975 0.3565 
3.1301 0.4701 2.1845 0.8294 0.4750 
3.1401 0.4501 2.1850 0.9052 0.4427 
3.1601 0.4701 2.1839 0.8228 0.3907 
3.1301 0.4701 2.1845 0.8294 0.4750 
3.1701 0.4501 2.1837 0.8975 0.3565 
3.1201 0.4501 2.1877 0.9125 0.5002 
3.1001 0.4701 2.1883 0.8404 0.5593 
3.1001 0.4501 2.1853 0.9138 0.5579 
3.1001 0.4601 2.1924 0.8834 0.5580 
3.1001 0.4501 2.1853 0.9138 0.5579 
3.1001 0.4701 2.1883 0.8404 0.5593 
3.1301 0.4901 2.1714 0.7365 0.4779 
3.1401 0.5001 2.1796 0.7109 0.4525 
3.1201 0.5001 2.1736 0.7054 0.5075 
3.1201 0.4901 2.1836 0.7564 0.5061 
3.1301 0.4901 2.1714 0.7365 0.4779 
3.1201 0.5001 2.1736 0.7054 0.5075 
3.1301 0.4701 2.1845 0.8294 0.4750 
3.1401 0.5001 2.1796 0.7109 0.4525 
3.1301 0.4901 2.1714 0.7365 0.4779 
3.1301 0.4701 2.1845 0.8294 0.4750 
3.1301 0.4901 2.1714 0.7365 0.4779 
3.1201 0.4901 2.1836 0.7564 0.5061 
3.2101 0.4501 2.1801 0.8849 0.2413 
3.1701 0.4501 2.1837 0.8975 0.3565 
3.2012 0.4301 2.1801 0.9675 0.2580 
3.2012 0.4301 2.1801 0.9675 0.2580 
3.1701 0.4501 2.1837 0.8975 0.3565 
3.1901 0.4301 2.1801 0.9699 0.2902 
2.9901 0.5974 2.0401 0.0995 0.9561 
2.9801 0.6052 2.0401 0.0848 0.9859 
2.9901 0.5980 2.0501 0.1220 0.9456 
3.0001 0.5901 2.0501 0.1431 0.9158 
2.9901 0.5974 2.0401 0.0995 0.9561 
2.9901 0.5980 2.0501 0.1220 0.9456 
2.9901 0.5980 2.0501 0.1220 0.9456 
2.9801 0.5819 2.0601 0.1994 0.9749 
2.9901 0.6161 2.0601 0.1009 0.9290 
2.9901 0.5980 2.0501 0.1220 0.9456 
2.9801 0.6052 2.0401 0.0848 0.9859 
2.9801 0.5819 2.0601 0.1994 0.9749 
2.9901 0.5980 2.0501 0.1220 0.9456 
3.0101 0.5888 2.0601 0.1728 0.8748 
3.0001 0.5901 2.0501 0.1431 0.9158 
2.9701 0.5984 2.0601 0.1500 0.9997 
2.9801 0.5949 2.0701 0.1854 0.9591 
2.9801 0.5819 2.0601 0.1994 0.9749 
2.9801 0.5819 2.0601 0.1994 0.9749 
2.9801 0.5949 2.0701 0.1854 0.9591 
2.9901 0.6161 2.0601 0.1009 0.9290 
3.0101 0.5821 2.0701 0.2210 0.8687 
3.0101 0.5888 2.0601 0.1728 0.8748 
2.9901 0.6161 2.0601 0.1009 0.9290 
2.9901 0.5839 2.0901 0.2706 0.9137 
2.9801 0.5949 2.0701 0.1854 0.9591 
2.9701 0.5839 2.0801 0.2484 0.9849 
2.9701 0.5839 2.0801 0.2484 0.9849 
2.9801 0.5949 2.0701 0.1854 0.9591 
2.9701 0.5984 2.0601 0.1500 0.9997 
2.9801 0.5949 2.0701 0.1854 0.9591 
2.9901 0.5839 2.0901 0.2706 0.9137 
2.9901 0.6161 2.0601 0.1009 0.9290 
2.9901 0.5984 2.1001 0.2498 0.9006 
3.0101 0.5821 2.0701 0.2210 0.8687 
2.9901 0.5839 2.0901 0.2706 0.9137 
3.0101 0.5821 2.0701 0.2210 0.8687 
2.9901 0.6161 2.0601 0.1009 0.9290 
2.9901 0.5839 2.0901 0.2706 0.9137 
2.9701 0.5839 2.0801 0.2484 0.9849 
2.9701 0.5917 2.1001 0.2739 0.9620 
2.9801 0.6053 2.1001 0.2305 0.9276 
2.9901 0.5984 2.1001 0.2498 0.9006 
2.9901 0.5839 2.0901 0.2706 0.9137 
2.9801 0.6053 2.1001 0.2305 0.9276 
2.9901 0.5839 2.0901 0.2706 0.9137 
2.9701 0.5839 2.0801 0.2484 0.9849 
2.9801 0.6053 2.1001 0.2305 0.9276 
3.0201 0.5944 2.0201 0.0734 0.8739 
3.0101 0.5851 2.0201 0.0826 0.9127 
3.0201 0.5860 2.0301 0.1001 0.8678 
3.0201 0.5944 2.0201 0.0734 0.8739 
3.0201 0.5860 2.0301 0.1001 0.8678 
3.0401 0.5877 2.0301 0.0936 0.7981 
3.0201 0.5860 2.0301 0.1001 0.8678 
3.0101 0.5851 2.0201 0.0826 0.9127 
3.0001 0.6051 2.0301 0.0736 0.9294 
3.0201 0.5860 2.0301 0.1001 0.8678 
3.0301 0.5890 2.0501 0.1418 0.8173 
3.0401 0.5877 2.0301 0.0936 0.7981 
3.0101 0.5883 2.0401 0.1202 0.8923 
3.0201 0.5860 2.0301 0.1001 0.8678 
3.0001 0.6051 2.0301 0.0736 0.9294 
3.0201 0.5860 2.0301 0.1001 0.8678 
3.0101 0.5883 2.0401 0.1202 0.8923 
3.0201 0.5976 2.0401 0.0956 0.8557 
3.0201 0.5976 2.0401 0.0956 0.8557 
3.0301 0.5890 2.0501 0.1418 0.8173 
3.0201 0.5860 2.0301 0.1001 0.8678 
3.0501 0.6001 2.0385 0.0847 0.7564 
3.0501 0.5937 2.0301 0.0815 0.7626 
3.0401 0.5877 2.0301 0.0936 0.7981 
3.0101 0.5883 2.0401 0.1202 0.8923 
3.0001 0.5901 2.0501 0.1431 0.9158 
3.0101 0.5888 2.0601 0.1728 0.8748 
3.0101 0.5883 2.0401 0.1202 0.8923 
3.0101 0.5888 2.0601 0.1728 0.8748 
3.0201 0.5976 2.0401 0.0956 0.8557 
3.0101 0.5888 2.0601 0.1728 0.8748 
3.0301 0.5890 2.0501 0.1418 0.8173 
3.0201 0.5976 2.0401 0.0956 0.8557 
3.0401 0.5877 2.0301 0.0936 0.7981 
3.0301 0.5890 2.0501 0.1418 0.8173 
3.0501 0.6001 2.0385 0.0847 0.7564 
3.0901 0.6001 2.0356 0.0776 0.6249 
3.0601 0.5970 2.0301 0.0767 0.7280 
3.0701 0.5969 2.0401 0.0916 0.6897 
3.0901 0.5901 2.0401 0.1046 0.6235 
3.0901 0.5901 2.0401 0.1046 0.6235 
3.0901 0.5901 2.0401 0.1046 0.6235 
3.0901 0.5901 2.0401 0.1046 0.6235 
3.0901 0.5901 2.0401 0.1046 0.6235 
3.0901 0.5901 2.0401 0.1046 0.6235 
3.0601 0.5970 2.0301 0.0767 0.7280 
3.0501 0.5937 2.0301 0.0815 0.7626 
3.0701 0.5969 2.0401 0.0916 0.6897 
3.0701 0.5969 2.0401 0.0916 0.6897 
3.0801 0.5961 2.0401 0.0922 0.6566 
3.0901 0.6001 2.0356 0.0776 0.6249 
3.0901 0.6001 2.0356 0.0776 0.6249 
3.0801 0.5961 2.0401 0.0922 0.6566 
3.0901 0.5901 2.0401 0.1046 0.6235 
3.0901 0.5901 2.0401 0.1046 0.6235 
3.0901 0.5901 2.0401 0.1046 0.6235 
3.0801 0.5961 2.0401 0.0922 0.6566 
3.0901 0.5901 2.0401 0.1046 0.6235 
3.1001 0.6058 2.0401 0.0760 0.5911 
3.0901 0.6001 2.0356 0.0776 0.6249 
3.0901 0.5901 2.0401 0.1046 0.6235 
3.0901 0.5901 2.0401 0.1046 0.6235 
3.0901 0.6001 2.0356 0.0776 0.6249 
3.0901 0.5901 2.0401 0.1046 0.6235 
3.0901 0.5901 2.0401 0.1046 0.6235 
3.0901 0.5901 2.0401 0.1046 0.6235 
3.0901 0.5901 2.0401 0.1046 0.6235 
3.0901 0.5901 2.0401 0.1046 0.6235 
3.0901 0.5901 2.0401 0.1046 0.6235 
3.0501 0.6001 2.0385 0.0847 0.7564 
3.0501 0.5891 2.0501 0.1384 0.7515 
3.0601 0.5987 2.0501 0.1109 0.7177 
3.0501 0.6001 2.0385 0.0847 0.7564 
3.0601 0.5987 2.0501 0.1109 0.7177 
3.0501 0.5937 2.0301 0.0815 0.7626 
3.0501 0.5937 2.0301 0.0815 0.7626 
3.0601 0.5987 2.0501 0.1109 0.7177 
3.0701 0.5969 2.0401 0.0916 0.6897 
3.0801 0.5961 2.0401 0.0922 0.6566 
3.0701 0.5969 2.0401 0.0916 0.6897 
3.0801 0.5914 2.0501 0.1274 0.6533 
3.0901 0.5901 2.0401 0.1046 0.6235 
3.0901 0.5906 2.0501 0.1282 0.6208 
3.0901 0.5901 2.0401 0.1046 0.6235 
3.0901 0.5901 2.0401 0.1046 0.6235 
3.0801 0.5961 2.0401 0.0922 0.6566 
3.0901 0.5906 2.0501 0.1282 0.6208 
3.0801 0.5961 2.0401 0.0922 0.6566 
3.0801 0.5914 2.0501 0.1274 0.6533 
3.0901 0.5906 2.0501 0.1282 0.6208 
3.1001 0.6058 2.0401 0.0760 0.5911 
3.0901 0.5901 2.0401 0.1046 0.6235 
3.0901 0.5906 2.0501 0.1282 0.6208 
3.0901 0.5901 2.0401 0.1046 0.6235 
3.0901 0.5901 2.0401 0.1046 0.6235 
3.0901 0.5906 2.0501 0.1282 0.6208 
3.0501 0.6001 2.0385 0.0847 0.7564 
3.0301 0.5890 2.0501 0.1418 0.8173 
3.0401 0.5837 2.0601 0.1839 0.7791 
3.0501 0.6001 2.0385 0.0847 0.7564 
3.0401 0.5837 2.0601 0.1839 0.7791 
3.0501 0.5891 2.0501 0.1384 0.7515 
3.0301 0.5890 2.0501 0.1418 0.8173 
3.0101 0.5888 2.0601 0.1728 0.8748 
3.0301 0.5850 2.0701 0.2085 0.8045 
3.0101 0.5888 2.0601 0.1728 0.8748 
3.0101 0.5821 2.0701 0.2210 0.8687 
3.0301 0.5850 2.0701 0.2085 0.8045 
3.0301 0.5850 2.0701 0.2085 0.8045 
3.0401 0.5837 2.0601 0.1839 0.7791 
3.0301 0.5890 2.0501 0.1418 0.8173 
3.0401 0.5837 2.0601 0.1839 0.7791 
3.0301 0.5850 2.0701 0.2085 0.8045 
3.0401 0.6083 2.0701 0.1374 0.7688 
3.0501 0.5952 2.0701 0.1736 0.7399 
3.0401 0.5837 2.0601 0.1839 0.7791 
3.0401 0.6083 2.0701 0.1374 0.7688 
3.0201 0.5877 2.0901 0.2534 0.8215 
3.0301 0.5850 2.0701 0.2085 0.8045 
3.0101 0.5821 2.0701 0.2210 0.8687 
3.0401 0.6083 2.0701 0.1374 0.7688 
3.0301 0.5850 2.0701 0.2085 0.8045 
3.0501 0.5823 2.0801 0.2402 0.7365 
3.0501 0.5952 2.0701 0.1736 0.7399 
3.0401 0.6083 2.0701 0.1374 0.7688 
3.0501 0.5823 2.0801 0.2402 0.7365 
3.0101 0.5976 2.0801 0.1986 0.8565 
3.0201 0.5877 2.0901 0.2534 0.8215 
3.0101 0.5821 2.0701 0.2210 0.8687 
3.0501 0.5823 2.0801 0.2402 0.7365 
3.0301 0.6001 2.0988 0.2350 0.7839 
3.0401 0.5854 2.0901 0.2575 0.7615 
2.9901 0.5984 2.1001 0.2498 0.9006 
3.0101 0.5976 2.0801 0.1986 0.8565 
3.0101 0.5821 2.0701 0.2210 0.8687 
2.9901 0.5984 2.1001 0.2498 0.9006 
3.0201 0.5877 2.0901 0.2534 0.8215 
3.0101 0.5976 2.0801 0.1986 0.8565 
3.0301 0.5850 2.0701 0.2085 0.8045 
3.0201 0.5877 2.0901 0.2534 0.8215 
3.0301 0.6001 2.0988 0.2350 0.7839 
3.0301 0.6001 2.0988 0.2350 0.7839 
3.0501 0.5823 2.0801 0.2402 0.7365 
3.0301 0.5850 2.0701 0.2085 0.8045 
3.0401 0.5854 2.0901 0.2575 0.7615 
3.0501 0.6090 2.0901 0.1839 0.7285 
3.0501 0.5823 2.0801 0.2402 0.7365 
3.0201 0.5877 2.0901 0.2534 0.8215 
2.9901 0.5984 2.1001 0.2498 0.9006 
3.0151 0.5901 2.1001 0.2715 0.8292 
3.0201 0.5877 2.0901 0.2534 0.8215 
3.0151 0.5901 2.1001 0.2715 0.8292 
3.0201 0.5941 2.1001 0.2581 0.8136 
3.0301 0.6001 2.0988 0.2350 0.7839 
3.0201 0.5877 2.0901 0.2534 0.8215 
3.0201 0.5941 2.1001 0.2581 0.8136 
3.0301 0.6001 2.0988 0.2350 0.7839 
3.0501 0.6090 2.0901 0.1839 0.7285 
3.0401 0.5854 2.0901 0.2575 0.7615 
3.0601 0.5987 2.0501 0.1109 0.7177 
3.0501 0.5891 2.0501 0.1384 0.7515 
3.0601 0.6103 2.0601 0.1058 0.7118 
3.0501 0.5891 2.0501 0.1384 0.7515 
3.0401 0.5837 2.0601 0.1839 0.7791 
3.0601 0.6103 2.0601 0.1058 0.7118 
3.0601 0.5987 2.0501 0.1109 0.7177 
3.0701 0.5891 2.0701 0.1888 0.6781 
3.0701 0.5969 2.0401 0.0916 0.6897 
3.0701 0.5891 2.0701 0.1888 0.6781 
3.0801 0.5914 2.0501 0.1274 0.6533 
3.0701 0.5969 2.0401 0.0916 0.6897 
3.0901 0.5906 2.0501 0.1282 0.6208 
3.0801 0.5914 2.0501 0.1274 0.6533 
3.0901 0.5972 2.0601 0.1355 0.6183 
3.0901 0.5906 2.0501 0.1282 0.6208 
3.0901 0.5972 2.0601 0.1355 0.6183 
3.1001 0.6038 2.0701 0.1412 0.5853 
3.0601 0.6103 2.0601 0.1058 0.7118 
3.0401 0.5837 2.0601 0.1839 0.7791 
3.0501 0.5952 2.0701 0.1736 0.7399 
3.0501 0.5952 2.0701 0.1736 0.7399 
3.0701 0.5891 2.0701 0.1888 0.6781 
3.0601 0.6103 2.0601 0.1058 0.7118 
3.0801 0.5914 2.0501 0.1274 0.6533 
3.0701 0.5891 2.0701 0.1888 0.6781 
3.0901 0.5972 2.0601 0.1355 0.6183 
3.1001 0.6038 2.0701 0.1412 0.5853 
3.0901 0.5972 2.0601 0.1355 0.6183 
3.0901 0.5864 2.0701 0.1941 0.6156 
3.0701 0.5891 2.0701 0.1888 0.6781 
3.0501 0.5952 2.0701 0.1736 0.7399 
3.0701 0.5986 2.0801 0.1862 0.6739 
3.0701 0.5986 2.0801 0.1862 0.6739 
3.0901 0.5972 2.0601 0.1355 0.6183 
3.0701 0.5891 2.0701 0.1888 0.6781 
3.0701 0.5986 2.0801 0.1862 0.6739 
3.0801 0.5904 2.0801 0.2097 0.6438 
3.0901 0.5972 2.0601 0.1355 0.6183 
3.0901 0.5864 2.0701 0.1941 0.6156 
3.0801 0.5904 2.0801 0.2097 0.6438 
3.0901 0.6037 2.0801 0.1684 0.6136 
3.0901 0.5864 2.0701 0.1941 0.6156 
3.0901 0.5972 2.0601 0.1355 0.6183 
3.0801 0.5904 2.0801 0.2097 0.6438 
3.1001 0.6038 2.0701 0.1412 0.5853 
3.0901 0.5864 2.0701 0.1941 0.6156 
3.0901 0.6037 2.0801 0.1684 0.6136 
3.0501 0.5952 2.0701 0.1736 0.7399 
3.0501 0.5823 2.0801 0.2402 0.7365 
3.0701 0.5901 2.1001 0.2626 0.6673 
3.0701 0.5901 2.1001 0.2626 0.6673 
3.0501 0.5823 2.0801 0.2402 0.7365 
3.0501 0.6090 2.0901 0.1839 0.7285 
3.0701 0.5901 2.1001 0.2626 0.6673 
3.0701 0.5934 2.0901 0.2275 0.6706 
3.0501 0.5952 2.0701 0.1736 0.7399 
3.0701 0.5934 2.0901 0.2275 0.6706 
3.0701 0.5986 2.0801 0.1862 0.6739 
3.0501 0.5952 2.0701 0.1736 0.7399 
3.0701 0.5934 2.0901 0.2275 0.6706 
3.0801 0.5904 2.0801 0.2097 0.6438 
3.0701 0.5986 2.0801 0.1862 0.6739 
3.0901 0.5897 2.0901 0.2358 0.6110 
3.0901 0.6037 2.0801 0.1684 0.6136 
3.0801 0.5904 2.0801 0.2097 0.6438 
3.0901 0.5897 2.0901 0.2358 0.6110 
3.1001 0.5940 2.0901 0.2209 0.5814 
3.0901 0.6037 2.0801 0.1684 0.6136 
3.0501 0.6090 2.0901 0.1839 0.7285 
3.0601 0.6035 2.1001 0.2232 0.6957 
3.0701 0.5901 2.1001 0.2626 0.6673 
3.0801 0.5931 2.1101 0.2757 0.6353 
3.0701 0.5934 2.0901 0.2275 0.6706 
3.0701 0.5901 2.1001 0.2626 0.6673 
3.0901 0.5897 2.0901 0.2358 0.6110 
3.0801 0.5931 2.1101 0.2757 0.6353 
3.0901 0.6115 2.1001 0.1956 0.6093 
3.0001 0.6051 2.0301 0.0736 0.9294 
2.9901 0.5974 2.0401 0.0995 0.9561 
3.0001 0.6164 2.0401 0.0734 0.9154 
3.0001 0.6164 2.0401 0.0734 0.9154 
2.9901 0.5974 2.0401 0.0995 0.9561 
3.0001 0.5901 2.0501 0.1431 0.9158 
2.9901 0.5980 2.0501 0.1220 0.9456 
2.9901 0.6161 2.0601 0.1009 0.9290 
3.0101 0.5888 2.0601 0.1728 0.8748 
3.0001 0.6164 2.0401 0.0734 0.9154 
3.0101 0.5883 2.0401 0.1202 0.8923 
3.0001 0.6051 2.0301 0.0736 0.9294 
3.0001 0.6164 2.0401 0.0734 0.9154 
3.0001 0.5901 2.0501 0.1431 0.9158 
3.0101 0.5883 2.0401 0.1202 0.8923 
3.0601 0.5987 2.0501 0.1109 0.7177 
3.0601 0.6103 2.0601 0.1058 0.7118 
3.0701 0.5891 2.0701 0.1888 0.6781 
3.0801 0.5904 2.0801 0.2097 0.6438 
3.0701 0.5934 2.0901 0.2275 0.6706 
3.0801 0.5931 2.1101 0.2757 0.6353 
3.0801 0.5931 2.1101 0.2757 0.6353 
3.0901 0.5897 2.0901 0.2358 0.6110 
3.0801 0.5904 2.0801 0.2097 0.6438 
3.1001 0.5940 2.0901 0.2209 0.5814 
3.0901 0.5897 2.0901 0.2358 0.6110 
3.0901 0.6115 2.1001 0.1956 0.6093 
3.0001 0.5839 2.1101 0.3175 0.8678 
2.9901 0.5984 2.1001 0.2498 0.9006 
2.9859 0.5801 2.1101 0.3321 0.9108 
2.9701 0.6061 2.1101 0.2536 0.9475 
2.9701 0.5917 2.1001 0.2739 0.9620 
2.9601 0.5936 2.1101 0.2934 0.9811 
2.9701 0.6061 2.1101 0.2536 0.9475 
2.9859 0.5801 2.1101 0.3321 0.9108 
2.9701 0.5917 2.1001 0.2739 0.9620 
2.9859 0.5801 2.1101 0.3321 0.9108 
2.9801 0.6053 2.1001 0.2305 0.9276 
2.9701 0.5917 2.1001 0.2739 0.9620 
2.9801 0.6053 2.1001 0.2305 0.9276 
2.9859 0.5801 2.1101 0.3321 0.9108 
2.9901 0.5984 2.1001 0.2498 0.9006 
3.0001 0.5839 2.1101 0.3175 0.8678 
2.9859 0.5801 2.1101 0.3321 0.9108 
2.9901 0.5904 2.1201 0.3219 0.8874 
2.9701 0.5976 2.1201 0.3027 0.9419 
2.9701 0.6061 2.1101 0.2536 0.9475 
2.9601 0.5936 2.1101 0.2934 0.9811 
2.9701 0.5976 2.1201 0.3027 0.9419 
2.9859 0.5801 2.1101 0.3321 0.9108 
2.9701 0.6061 2.1101 0.2536 0.9475 
2.9901 0.5904 2.1201 0.3219 0.8874 
2.9859 0.5801 2.1101 0.3321 0.9108 
2.9801 0.5920 2.1301 0.3407 0.9074 
2.9701 0.5976 2.1201 0.3027 0.9419 
2.9601 0.5846 2.1301 0.3672 0.9660 
2.9701 0.5983 2.1401 0.3449 0.9251 
2.9701 0.5976 2.1201 0.3027 0.9419 
2.9601 0.5936 2.1101 0.2934 0.9811 
2.9601 0.5846 2.1301 0.3672 0.9660 
2.9701 0.5976 2.1201 0.3027 0.9419 
2.9801 0.5920 2.1301 0.3407 0.9074 
2.9859 0.5801 2.1101 0.3321 0.9108 
2.9801 0.5920 2.1301 0.3407 0.9074 
2.9901 0.5996 2.1401 0.3380 0.8705 
2.9901 0.5904 2.1201 0.3219 0.8874 
2.9701 0.5983 2.1401 0.3449 0.9251 
2.9601 0.5846 2.1301 0.3672 0.9660 
2.9601 0.5955 2.1501 0.3760 0.9450 
2.9901 0.5904 2.1201 0.3219 0.8874 
2.9901 0.5996 2.1401 0.3380 0.8705 
3.0001 0.6022 2.1401 0.3286 0.8428 
2.9501 0.5956 2.1601 0.3974 0.9633 
2.9601 0.5955 2.1501 0.3760 0.9450 
2.9601 0.5846 2.1301 0.3672 0.9660 
2.9801 0.5903 2.1501 0.3886 0.8929 
2.9701 0.5983 2.1401 0.3449 0.9251 
2.9601 0.5955 2.1501 0.3760 0.9450 
2.9801 0.5903 2.1501 0.3886 0.8929 
2.9801 0.5920 2.1301 0.3407 0.9074 
2.9701 0.5983 2.1401 0.3449 0.9251 
2.9901 0.5996 2.1401 0.3380 0.8705 
2.9801 0.5920 2.1301 0.3407 0.9074 
2.9801 0.5903 2.1501 0.3886 0.8929 
2.9901 0.5996 2.1401 0.3380 0.8705 
2.9801 0.5903 2.1501 0.3886 0.8929 
3.0001 0.5979 2.1501 0.3624 0.8375 
2.9901 0.5996 2.1401 0.3380 0.8705 
3.0001 0.5979 2.1501 0.3624 0.8375 
3.0001 0.6022 2.1401 0.3286 0.8428 
2.9601 0.5323 2.1501 0.5813 0.9676 
2.9638 0.5301 2.1501 0.5882 0.9577 
2.9601 0.5400 2.1601 0.5729 0.9558 
2.9601 0.5289 2.1501 0.5932 0.9689 
2.9611 0.5201 2.1701 0.6582 0.9513 
2.9701 0.5101 2.1872 0.7183 0.9157 
3.0001 0.5201 2.1719 0.6542 0.8412 
2.9601 0.5289 2.1501 0.5932 0.9689 
2.9701 0.5101 2.1872 0.7183 0.9157 
2.9601 0.5289 2.1501 0.5932 0.9689 
2.9601 0.5323 2.1501 0.5813 0.9676 
2.9611 0.5201 2.1701 0.6582 0.9513 
3.0001 0.5201 2.1719 0.6542 0.8412 
2.9638 0.5301 2.1501 0.5882 0.9577 
2.9601 0.5289 2.1501 0.5932 0.9689 
2.9601 0.5400 2.1601 0.5729 0.9558 
2.9501 0.5401 2.1636 0.5803 0.9805 
2.9601 0.5323 2.1501 0.5813 0.9676 
2.9601 0.5400 2.1601 0.5729 0.9558 
2.9638 0.5301 2.1501 0.5882 0.9577 
2.9701 0.5401 2.1722 0.5919 0.9181 
2.9501 0.5401 2.1636 0.5803 0.9805 
2.9601 0.5400 2.1601 0.5729 0.9558 
2.9550 0.5501 2.1601 0.5398 0.9664 
2.9701 0.5401 2.1722 0.5919 0.9181 
2.9701 0.5501 2.1735 0.5611 0.9141 
2.9550 0.5501 2.1601 0.5398 0.9664 
2.9601 0.5400 2.1601 0.5729 0.9558 
2.9701 0.5401 2.1722 0.5919 0.9181 
2.9550 0.5501 2.1601 0.5398 0.9664 
2.9901 0.5501 2.1675 0.5471 0.8644 
2.9701 0.5501 2.1735 0.5611 0.9141 
2.9701 0.5401 2.1722 0.5919 0.9181 
3.0001 0.5301 2.1738 0.6229 0.8377 
2.9901 0.5501 2.1675 0.5471 0.8644 
2.9701 0.5401 2.1722 0.5919 0.9181 
3.0001 0.5301 2.1738 0.6229 0.8377 
3.0101 0.5401 2.1684 0.5783 0.8115 
2.9901 0.5501 2.1675 0.5471 0.8644 
2.9501 0.5201 2.1856 0.6848 0.9683 
2.9501 0.5101 2.1780 0.7080 0.9789 
2.9611 0.5201 2.1701 0.6582 0.9513 
2.9611 0.5201 2.1701 0.6582 0.9513 
2.9501 0.5101 2.1780 0.7080 0.9789 
2.9701 0.5101 2.1872 0.7183 0.9157 
3.0001 0.5201 2.1719 0.6542 0.8412 
2.9701 0.5101 2.1872 0.7183 0.9157 
2.9901 0.5101 2.1851 0.7115 0.8624 
3.0001 0.5201 2.1719 0.6542 0.8412 
2.9901 0.5101 2.1851 0.7115 0.8624 
3.0001 0.5001 2.1853 0.7452 0.8371 
2.9611 0.5201 2.1701 0.6582 0.9513 
2.9601 0.5323 2.1501 0.5813 0.9676 
2.9501 0.5201 2.1856 0.6848 0.9683 
2.9501 0.5401 2.1636 0.5803 0.9805 
2.9501 0.5201 2.1856 0.6848 0.9683 
2.9601 0.5323 2.1501 0.5813 0.9676 
2.9638 0.5301 2.1501 0.5882 0.9577 
3.0001 0.5201 2.1719 0.6542 0.8412 
2.9701 0.5401 2.1722 0.5919 0.9181 
3.0001 0.5201 2.1719 0.6542 0.8412 
3.0001 0.5301 2.1738 0.6229 0.8377 
2.9701 0.5401 2.1722 0.5919 0.9181 
2.9501 0.5101 2.1780 0.7080 0.9789 
2.9701 0.4901 2.1880 0.7908 0.9214 
2.9701 0.5101 2.1872 0.7183 0.9157 
2.9801 0.4801 2.1917 0.8306 0.8936 
2.9701 0.5101 2.1872 0.7183 0.9157 
2.9701 0.4901 2.1880 0.7908 0.9214 
2.9901 0.5101 2.1851 0.7115 0.8624 
2.9701 0.5101 2.1872 0.7183 0.9157 
2.9801 0.4801 2.1917 0.8306 0.8936 
2.9501 0.5956 2.1601 0.3974 0.9633 
2.9401 0.5999 2.1601 0.3861 0.9881 
2.9601 0.5935 2.1701 0.4216 0.9299 
2.9501 0.5956 2.1601 0.3974 0.9633 
2.9701 0.5955 2.1701 0.4140 0.9034 
2.9601 0.5955 2.1501 0.3760 0.9450 
2.9601 0.5955 2.1501 0.3760 0.9450 
2.9701 0.5955 2.1701 0.4140 0.9034 
2.9801 0.5903 2.1501 0.3886 0.8929 
2.9801 0.5903 2.1501 0.3886 0.8929 
2.9701 0.5955 2.1701 0.4140 0.9034 
2.9901 0.5973 2.1601 0.3860 0.8577 
2.9901 0.5973 2.1601 0.3860 0.8577 
3.0001 0.5979 2.1501 0.3624 0.8375 
2.9801 0.5903 2.1501 0.3886 0.8929 
2.9701 0.5955 2.1701 0.4140 0.9034 
2.9501 0.5956 2.1601 0.3974 0.9633 
2.9601 0.5935 2.1701 0.4216 0.9299 
2.9901 0.5973 2.1601 0.3860 0.8577 
2.9701 0.5955 2.1701 0.4140 0.9034 
2.9801 0.5884 2.1701 0.4336 0.8794 
2.9801 0.5884 2.1701 0.4336 0.8794 
2.9701 0.5501 2.1736 0.5612 0.9140 
2.9901 0.5501 2.1794 0.5680 0.8564 
2.9701 0.5901 2.1705 0.4308 0.9047 
2.9601 0.5935 2.1701 0.4216 0.9299 
2.9701 0.5501 2.1736 0.5612 0.9140 
2.9801 0.5884 2.1701 0.4336 0.8794 
2.9701 0.5901 2.1705 0.4308 0.9047 
2.9701 0.5501 2.1736 0.5612 0.9140 
2.9701 0.5955 2.1701 0.4140 0.9034 
2.9701 0.5901 2.1705 0.4308 0.9047 
2.9801 0.5884 2.1701 0.4336 0.8794 
2.9801 0.5884 2.1701 0.4336 0.8794 
2.9901 0.5501 2.1794 0.5680 0.8564 
2.9901 0.6142 2.1701 0.3573 0.8477 
3.0101 0.5901 2.1726 0.4286 0.8000 
2.9901 0.6142 2.1701 0.3573 0.8477 
2.9901 0.5501 2.1794 0.5680 0.8564 
3.0101 0.5901 2.1066 0.2881 0.8395 
3.0151 0.5901 2.1001 0.2715 0.8292 
3.0001 0.5839 2.1101 0.3175 0.8678 
2.9901 0.5984 2.1001 0.2498 0.9006 
3.0001 0.5839 2.1101 0.3175 0.8678 
3.0151 0.5901 2.1001 0.2715 0.8292 
3.0101 0.5901 2.1066 0.2881 0.8395 
3.0201 0.5901 2.1101 0.2947 0.8082 
3.0201 0.5901 2.1101 0.2947 0.8082 
3.0101 0.5901 2.1066 0.2881 0.8395 
3.0201 0.5901 2.1101 0.2947 0.8082 
3.0151 0.5901 2.1001 0.2715 0.8292 
3.0201 0.5901 2.1101 0.2947 0.8082 
3.0151 0.5901 2.1001 0.2715 0.8292 
3.0201 0.5901 2.1101 0.2947 0.8082 
3.0201 0.5901 2.1101 0.2947 0.8082 
3.0201 0.5901 2.1101 0.2947 0.8082 
3.0201 0.5901 2.1101 0.2947 0.8082 
3.0201 0.5901 2.1101 0.2947 0.8082 
3.0201 0.5941 2.1001 0.2581 0.8136 
3.0151 0.5901 2.1001 0.2715 0.8292 
3.0201 0.5941 2.1001 0.2581 0.8136 
3.0201 0.5901 2.1101 0.2947 0.8082 
3.0201 0.5901 2.1101 0.2947 0.8082 
3.0301 0.6001 2.0988 0.2350 0.7839 
3.0201 0.5941 2.1001 0.2581 0.8136 
3.0201 0.5901 2.1101 0.2947 0.8082 
3.0301 0.6001 2.0988 0.2350 0.7839 
3.0201 0.5901 2.1101 0.2947 0.8082 
3.0301 0.5953 2.1101 0.2770 0.7784 
3.0301 0.5953 2.1101 0.2770 0.7784 
3.0501 0.6017 2.1101 0.2544 0.7204 
3.0301 0.6001 2.0988 0.2350 0.7839 
3.0201 0.5901 2.1101 0.2947 0.8082 
3.0201 0.5901 2.1101 0.2947 0.8082 
3.0201 0.5901 2.1101 0.2947 0.8082 
3.0201 0.5901 2.1101 0.2947 0.8082 
3.0201 0.5901 2.1101 0.2947 0.8082 
3.0201 0.5901 2.1101 0.2947 0.8082 
3.0101 0.5901 2.1066 0.2881 0.8395 
3.0001 0.5839 2.1101 0.3175 0.8678 
3.0101 0.6001 2.1184 0.2850 0.8295 
3.0201 0.5901 2.1101 0.2947 0.8082 
3.0101 0.5901 2.1066 0.2881 0.8395 
3.0101 0.6001 2.1184 0.2850 0.8295 
3.0201 0.5901 2.1101 0.2947 0.8082 
3.0101 0.6001 2.1184 0.2850 0.8295 
3.0201 0.5901 2.1101 0.2947 0.8082 
3.0201 0.5901 2.1101 0.2947 0.8082 
3.0101 0.6001 2.1184 0.2850 0.8295 
3.0201 0.6001 2.1156 0.2769 0.8029 
3.0201 0.5901 2.1101 0.2947 0.8082 
3.0401 0.5996 2.1201 0.2856 0.7444 
3.0301 0.5953 2.1101 0.2770 0.7784 
3.0201 0.5901 2.1101 0.2947 0.8082 
3.0201 0.6001 2.1156 0.2769 0.8029 
3.0401 0.5996 2.1201 0.2856 0.7444 
3.0201 0.5901 2.1101 0.2947 0.8082 
3.0201 0.5901 2.1101 0.2947 0.8082 
3.0201 0.6001 2.1156 0.2769 0.8029 
3.0301 0.5953 2.1101 0.2770 0.7784 
3.0401 0.5996 2.1201 0.2856 0.7444 
3.0501 0.6017 2.1101 0.2544 0.7204 
2.9901 0.5904 2.1201 0.3219 0.8874 
3.0101 0.5849 2.1401 0.3796 0.8193 
3.0001 0.5839 2.1101 0.3175 0.8678 
3.0101 0.6001 2.1184 0.2850 0.8295 
3.0001 0.5839 2.1101 0.3175 0.8678 
3.0101 0.5849 2.1401 0.3796 0.8193 
3.0101 0.5849 2.1401 0.3796 0.8193 
3.0201 0.5849 2.1301 0.3564 0.7974 
3.0101 0.6001 2.1184 0.2850 0.8295 
3.0401 0.5996 2.1201 0.2856 0.7444 
3.0101 0.6001 2.1184 0.2850 0.8295 
3.0201 0.5849 2.1301 0.3564 0.7974 
3.0401 0.5996 2.1201 0.2856 0.7444 
3.0201 0.5849 2.1301 0.3564 0.7974 
3.0401 0.6001 2.1301 0.3068 0.7397 
3.0401 0.5996 2.1201 0.2856 0.7444 
3.0401 0.6001 2.1301 0.3068 0.7397 
3.0501 0.5818 2.1301 0.3614 0.7139 
3.0401 0.5996 2.1201 0.2856 0.7444 
3.0501 0.5818 2.1301 0.3614 0.7139 
3.0501 0.6089 2.1201 0.2565 0.7155 
3.0201 0.5849 2.1301 0.3564 0.7974 
3.0101 0.5849 2.1401 0.3796 0.8193 
3.0201 0.5901 2.1444 0.3711 0.7886 
3.0201 0.5901 2.1444 0.3711 0.7886 
3.0401 0.6001 2.1301 0.3068 0.7397 
3.0201 0.5849 2.1301 0.3564 0.7974 
3.0101 0.5849 2.1401 0.3796 0.8193 
2.9901 0.5904 2.1201 0.3219 0.8874 
3.0001 0.6022 2.1401 0.3286 0.8428 
3.0401 0.6001 2.1301 0.3068 0.7397 
3.0201 0.5901 2.1444 0.3711 0.7886 
3.0301 0.5964 2.1501 0.3624 0.7580 
3.0501 0.5818 2.1301 0.3614 0.7139 
3.0401 0.6001 2.1301 0.3068 0.7397 
3.0301 0.5964 2.1501 0.3624 0.7580 
3.0101 0.5849 2.1401 0.3796 0.8193 
3.0001 0.6022 2.1401 0.3286 0.8428 
3.0001 0.5979 2.1501 0.3624 0.8375 
3.0201 0.5901 2.1444 0.3711 0.7886 
3.0101 0.5849 2.1401 0.3796 0.8193 
3.0001 0.5979 2.1501 0.3624 0.8375 
3.0501 0.5818 2.1301 0.3614 0.7139 
3.0301 0.5964 2.1501 0.3624 0.7580 
3.0501 0.5983 2.1501 0.3536 0.7048 
3.0601 0.5887 2.1101 0.2928 0.6929 
3.0601 0.6035 2.1001 0.2232 0.6957 
3.0501 0.6017 2.1101 0.2544 0.7204 
3.0601 0.6035 2.1001 0.2232 0.6957 
3.0601 0.5887 2.1101 0.2928 0.6929 
3.0701 0.5901 2.1001 0.2626 0.6673 
3.0601 0.5887 2.1101 0.2928 0.6929 
3.0701 0.6015 2.1101 0.2520 0.6636 
3.0701 0.5901 2.1001 0.2626 0.6673 
3.0701 0.6015 2.1101 0.2520 0.6636 
3.0801 0.5931 2.1101 0.2757 0.6353 
3.0701 0.5901 2.1001 0.2626 0.6673 
3.0901 0.6009 2.1201 0.2739 0.6050 
3.0901 0.6115 2.1001 0.1956 0.6093 
3.0801 0.5931 2.1101 0.2757 0.6353 
3.0601 0.5921 2.1301 0.3277 0.6854 
3.0601 0.5887 2.1101 0.2928 0.6929 
3.0501 0.6017 2.1101 0.2544 0.7204 
3.0701 0.6015 2.1101 0.2520 0.6636 
3.0601 0.5887 2.1101 0.2928 0.6929 
3.0601 0.5921 2.1301 0.3277 0.6854 
3.0801 0.5931 2.1101 0.2757 0.6353 
3.0701 0.6015 2.1101 0.2520 0.6636 
3.0601 0.5921 2.1301 0.3277 0.6854 
3.0601 0.5921 2.1301 0.3277 0.6854 
3.0501 0.6089 2.1201 0.2565 0.7155 
3.0501 0.5818 2.1301 0.3614 0.7139 
3.0601 0.5921 2.1301 0.3277 0.6854 
3.0832 0.5901 2.1301 0.3303 0.6218 
3.0801 0.5931 2.1101 0.2757 0.6353 
3.0701 0.5769 2.1401 0.3949 0.6553 
3.0832 0.5901 2.1301 0.3303 0.6218 
3.0601 0.5921 2.1301 0.3277 0.6854 
3.0901 0.6009 2.1201 0.2739 0.6050 
3.0801 0.5931 2.1101 0.2757 0.6353 
3.0832 0.5901 2.1301 0.3303 0.6218 
3.0901 0.6009 2.1201 0.2739 0.6050 
3.0832 0.5901 2.1301 0.3303 0.6218 
3.1101 0.5919 2.1201 0.2981 0.5487 
3.1101 0.5919 2.1201 0.2981 0.5487 
3.0832 0.5901 2.1301 0.3303 0.6218 
3.1101 0.5999 2.1401 0.3187 0.5477 
3.0601 0.5921 2.1301 0.3277 0.6854 
3.0501 0.5818 2.1301 0.3614 0.7139 
3.0501 0.5983 2.1501 0.3536 0.7048 
3.0801 0.5802 2.1401 0.3828 0.6278 
3.0832 0.5901 2.1301 0.3303 0.6218 
3.0701 0.5769 2.1401 0.3949 0.6553 
3.0832 0.5901 2.1301 0.3303 0.6218 
3.0801 0.5802 2.1401 0.3828 0.6278 
3.0901 0.6048 2.1401 0.3073 0.6013 
3.1101 0.5999 2.1401 0.3187 0.5477 
3.0832 0.5901 2.1301 0.3303 0.6218 
3.0901 0.6048 2.1401 0.3073 0.6013 
3.0601 0.5921 2.1301 0.3277 0.6854 
3.0701 0.5946 2.1501 0.3616 0.6520 
3.0701 0.5769 2.1401 0.3949 0.6553 
3.0801 0.5802 2.1401 0.3828 0.6278 
3.0701 0.5769 2.1401 0.3949 0.6553 
3.0701 0.5946 2.1501 0.3616 0.6520 
3.0601 0.5921 2.1301 0.3277 0.6854 
3.0501 0.5983 2.1501 0.3536 0.7048 
3.0701 0.5946 2.1501 0.3616 0.6520 
3.0901 0.5838 2.1501 0.3909 0.5988 
3.0801 0.5802 2.1401 0.3828 0.6278 
3.0701 0.5946 2.1501 0.3616 0.6520 
3.0901 0.6048 2.1401 0.3073 0.6013 
3.0801 0.5802 2.1401 0.3828 0.6278 
3.0901 0.5838 2.1501 0.3909 0.5988 
3.0301 0.5301 2.1717 0.6141 0.7566 
3.0201 0.5201 2.1725 0.6515 0.7853 
3.0301 0.5140 2.1701 0.6672 0.7597 
3.0401 0.5401 2.1549 0.5488 0.7356 
3.0301 0.5301 2.1717 0.6141 0.7566 
3.0301 0.5140 2.1701 0.6672 0.7597 
3.0401 0.5401 2.1549 0.5488 0.7356 
3.0301 0.5140 2.1701 0.6672 0.7597 
3.0601 0.5201 2.1718 0.6432 0.6750 
3.0401 0.5401 2.1549 0.5488 0.7356 
3.0601 0.5201 2.1718 0.6432 0.6750 
3.0501 0.5401 2.1663 0.5678 0.7032 
3.0201 0.5401 2.1543 0.5513 0.7919 
3.0101 0.5401 2.1684 0.5783 0.8115 
3.0201 0.5201 2.1725 0.6515 0.7853 
3.0301 0.5301 2.1717 0.6141 0.7566 
3.0201 0.5401 2.1543 0.5513 0.7919 
3.0201 0.5201 2.1725 0.6515 0.7853 
3.0301 0.5301 2.1717 0.6141 0.7566 
3.0401 0.5401 2.1549 0.5488 0.7356 
3.0201 0.5401 2.1543 0.5513 0.7919 
3.0201 0.5501 2.1550 0.5191 0.7897 
3.0101 0.5401 2.1684 0.5783 0.8115 
3.0201 0.5401 2.1543 0.5513 0.7919 
2.9901 0.5501 2.1675 0.5471 0.8644 
3.0101 0.5401 2.1684 0.5783 0.8115 
3.0201 0.5501 2.1550 0.5191 0.7897 
3.0201 0.5501 2.1550 0.5191 0.7897 
3.0201 0.5401 2.1543 0.5513 0.7919 
3.0401 0.5501 2.1768 0.5552 0.7251 
3.0201 0.5401 2.1543 0.5513 0.7919 
3.0401 0.5401 2.1549 0.5488 0.7356 
3.0401 0.5501 2.1768 0.5552 0.7251 
3.0401 0.5401 2.1549 0.5488 0.7356 
3.0501 0.5401 2.1663 0.5678 0.7032 
3.0401 0.5501 2.1768 0.5552 0.7251 
3.0301 0.4901 2.1905 0.7829 0.7530 
3.0301 0.5140 2.1701 0.6672 0.7597 
3.0201 0.5201 2.1725 0.6515 0.7853 
3.0301 0.4901 2.1905 0.7829 0.7530 
3.0401 0.5001 2.1898 0.7443 0.7247 
3.0301 0.5140 2.1701 0.6672 0.7597 
3.0101 0.5101 2.1747 0.6918 0.8138 
3.0001 0.5201 2.1719 0.6542 0.8412 
3.0001 0.5001 2.1853 0.7452 0.8371 
3.0601 0.5201 2.1718 0.6432 0.6750 
3.0301 0.5140 2.1701 0.6672 0.7597 
3.0401 0.5001 2.1898 0.7443 0.7247 
3.0601 0.5201 2.1718 0.6432 0.6750 
3.0401 0.5001 2.1898 0.7443 0.7247 
3.0501 0.5001 2.1859 0.7369 0.6989 
3.0101 0.5401 2.1684 0.5783 0.8115 
3.0001 0.5301 2.1738 0.6229 0.8377 
3.0101 0.5101 2.1747 0.6918 0.8138 
3.0101 0.5101 2.1747 0.6918 0.8138 
3.0001 0.5301 2.1738 0.6229 0.8377 
3.0001 0.5201 2.1719 0.6542 0.8412 
3.0101 0.5401 2.1684 0.5783 0.8115 
3.0101 0.5101 2.1747 0.6918 0.8138 
3.0201 0.5201 2.1725 0.6515 0.7853 
3.0001 0.5001 2.1853 0.7452 0.8371 
3.0201 0.5201 2.1725 0.6515 0.7853 
3.0101 0.5101 2.1747 0.6918 0.8138 
3.0601 0.5201 2.1718 0.6432 0.6750 
3.0601 0.5301 2.1625 0.5930 0.6777 
3.0501 0.5401 2.1663 0.5678 0.7032 
3.0801 0.5301 2.1670 0.5973 0.6212 
3.0601 0.5301 2.1625 0.5930 0.6777 
3.0601 0.5201 2.1718 0.6432 0.6750 
3.1001 0.5301 2.1610 0.5834 0.5671 
3.0801 0.5301 2.1670 0.5973 0.6212 
3.0801 0.5201 2.1701 0.6368 0.6203 
3.0701 0.5401 2.1681 0.5674 0.6482 
3.0501 0.5401 2.1663 0.5678 0.7032 
3.0601 0.5301 2.1625 0.5930 0.6777 
3.0701 0.5401 2.1681 0.5674 0.6482 
3.0601 0.5301 2.1625 0.5930 0.6777 
3.0801 0.5301 2.1670 0.5973 0.6212 
3.0901 0.5401 2.1591 0.5479 0.5955 
3.0801 0.5301 2.1670 0.5973 0.6212 
3.1001 0.5301 2.1610 0.5834 0.5671 
3.1001 0.5501 2.1655 0.5249 0.5679 
3.0901 0.5401 2.1591 0.5479 0.5955 
3.1001 0.5301 2.1610 0.5834 0.5671 
3.0501 0.5401 2.1663 0.5678 0.7032 
3.0701 0.5501 2.1663 0.5315 0.6485 
3.0401 0.5501 2.1768 0.5552 0.7251 
3.0901 0.5401 2.1591 0.5479 0.5955 
3.1001 0.5501 2.1655 0.5249 0.5679 
3.0801 0.5301 2.1670 0.5973 0.6212 
3.0601 0.5001 2.1866 0.7360 0.6712 
3.0801 0.5001 2.1762 0.7169 0.6187 
3.0701 0.5101 2.1752 0.6816 0.6467 
3.0901 0.5101 2.1764 0.6800 0.5912 
3.0701 0.5101 2.1752 0.6816 0.6467 
3.0801 0.5001 2.1762 0.7169 0.6187 
3.1001 0.5101 2.1687 0.6657 0.5647 
3.0901 0.5101 2.1764 0.6800 0.5912 
3.1201 0.5001 2.1736 0.7054 0.5075 
3.0801 0.5201 2.1701 0.6368 0.6203 
3.0601 0.5201 2.1718 0.6432 0.6750 
3.0701 0.5101 2.1752 0.6816 0.6467 
3.0801 0.5201 2.1701 0.6368 0.6203 
3.0701 0.5101 2.1752 0.6816 0.6467 
3.0901 0.5101 2.1764 0.6800 0.5912 
3.0901 0.5101 2.1764 0.6800 0.5912 
3.1001 0.5201 2.1800 0.6494 0.5641 
3.0801 0.5201 2.1701 0.6368 0.6203 
3.1001 0.5201 2.1800 0.6494 0.5641 
3.0901 0.5101 2.1764 0.6800 0.5912 
3.1001 0.5101 2.1687 0.6657 0.5647 
3.0801 0.5201 2.1701 0.6368 0.6203 
3.0801 0.5301 2.1670 0.5973 0.6212 
3.0601 0.5201 2.1718 0.6432 0.6750 
3.1001 0.5201 2.1800 0.6494 0.5641 
3.1001 0.5301 2.1610 0.5834 0.5671 
3.0801 0.5201 2.1701 0.6368 0.6203 
3.0701 0.5501 2.1663 0.5315 0.6485 
3.0501 0.5401 2.1663 0.5678 0.7032 
3.0701 0.5401 2.1681 0.5674 0.6482 
3.0701 0.5501 2.1663 0.5315 0.6485 
3.0701 0.5401 2.1681 0.5674 0.6482 
3.0801 0.5301 2.1670 0.5973 0.6212 
3.1001 0.5501 2.1655 0.5249 0.5679 
3.0701 0.5501 2.1663 0.5315 0.6485 
3.0801 0.5301 2.1670 0.5973 0.6212 
3.0601 0.5201 2.1718 0.6432 0.6750 
3.0501 0.5001 2.1859 0.7369 0.6989 
3.0601 0.5001 2.1866 0.7360 0.6712 
3.0701 0.5101 2.1752 0.6816 0.6467 
3.0601 0.5201 2.1718 0.6432 0.6750 
3.0601 0.5001 2.1866 0.7360 0.6712 
3.0101 0.5909 2.1601 0.4021 0.8066 
3.0001 0.5979 2.1501 0.3624 0.8375 
2.9901 0.5973 2.1601 0.3860 0.8577 
3.0201 0.5901 2.1444 0.3711 0.7886 
3.0001 0.5979 2.1501 0.3624 0.8375 
3.0101 0.5909 2.1601 0.4021 0.8066 
3.0201 0.5901 2.1444 0.3711 0.7886 
3.0101 0.5909 2.1601 0.4021 0.8066 
3.0301 0.5995 2.1601 0.3737 0.7530 
3.0301 0.5964 2.1501 0.3624 0.7580 
3.0201 0.5901 2.1444 0.3711 0.7886 
3.0301 0.5995 2.1601 0.3737 0.7530 
3.0501 0.5917 2.1601 0.3934 0.7016 
3.0301 0.5964 2.1501 0.3624 0.7580 
3.0301 0.5995 2.1601 0.3737 0.7530 
3.0501 0.5983 2.1501 0.3536 0.7048 
3.0301 0.5964 2.1501 0.3624 0.7580 
3.0501 0.5917 2.1601 0.3934 0.7016 
3.0101 0.5501 2.1757 0.5582 0.8054 
3.0101 0.5901 2.1726 0.4286 0.8000 
2.9901 0.5501 2.1794 0.5680 0.8564 
3.0401 0.6156 2.1701 0.3459 0.7216 
3.0101 0.5901 2.1726 0.4286 0.8000 
3.0101 0.5501 2.1757 0.5582 0.8054 
3.0701 0.5946 2.1501 0.3616 0.6520 
3.0501 0.5983 2.1501 0.3536 0.7048 
3.0601 0.5985 2.1601 0.3719 0.6752 
3.0501 0.5983 2.1501 0.3536 0.7048 
3.0501 0.5917 2.1601 0.3934 0.7016 
3.0601 0.5985 2.1601 0.3719 0.6752 
3.0701 0.5946 2.1501 0.3616 0.6520 
3.0601 0.5985 2.1601 0.3719 0.6752 
3.0701 0.5917 2.1601 0.3906 0.6494 
3.0801 0.5992 2.1601 0.3667 0.6234 
3.0701 0.5946 2.1501 0.3616 0.6520 
3.0701 0.5917 2.1601 0.3906 0.6494 
3.0901 0.5838 2.1501 0.3909 0.5988 
3.0801 0.5992 2.1601 0.3667 0.6234 
3.0901 0.6151 2.1701 0.3402 0.5965 
3.1001 0.5845 2.1601 0.4075 0.5709 
3.0901 0.5838 2.1501 0.3909 0.5988 
3.0901 0.6151 2.1701 0.3402 0.5965 
3.1001 0.5753 2.1701 0.4543 0.5691 
3.1001 0.5845 2.1601 0.4075 0.5709 
3.0901 0.6151 2.1701 0.3402 0.5965 
3.1001 0.5753 2.1701 0.4543 0.5691 
3.0901 0.5501 2.1763 0.5460 0.5930 
3.1001 0.5212 2.1801 0.6459 0.5641 
3.0901 0.5501 2.1763 0.5460 0.5930 
3.0901 0.6151 2.1701 0.3402 0.5965 
3.0101 0.5501 2.1757 0.5582 0.8054 
3.0901 0.6151 2.1701 0.3402 0.5965 
3.0401 0.6156 2.1701 0.3459 0.7216 
3.0101 0.5501 2.1757 0.5582 0.8054 
3.0901 0.6151 2.1701 0.3402 0.5965 
3.0901 0.5501 2.1763 0.5460 0.5930 
3.1001 0.5753 2.1701 0.4543 0.5691 
2.9701 0.5983 2.1401 0.3449 0.9251 
2.9801 0.5920 2.1301 0.3407 0.9074 
2.9701 0.5976 2.1201 0.3027 0.9419 
2.9801 0.5884 2.1701 0.4336 0.8794 
2.9901 0.6142 2.1701 0.3573 0.8477 
2.9901 0.5973 2.1601 0.3860 0.8577 
3.0101 0.6148 2.1701 0.3527 0.7971 
2.9901 0.5973 2.1601 0.3860 0.8577 
2.9901 0.6142 2.1701 0.3573 0.8477 
3.0101 0.6148 2.1701 0.3527 0.7971 
2.9901 0.6142 2.1701 0.3573 0.8477 
3.0101 0.5901 2.1726 0.4286 0.8000 
3.0501 0.6017 2.1101 0.2544 0.7204 
3.0501 0.6090 2.0901 0.1839 0.7285 
3.0301 0.6001 2.0988 0.2350 0.7839 
3.0101 0.6001 2.1184 0.2850 0.8295 
3.0401 0.5996 2.1201 0.2856 0.7444 
3.0201 0.6001 2.1156 0.2769 0.8029 
3.0501 0.6017 2.1101 0.2544 0.7204 
3.0401 0.5996 2.1201 0.2856 0.7444 
3.0501 0.6089 2.1201 0.2565 0.7155 
3.0601 0.6035 2.1001 0.2232 0.6957 
3.0501 0.6090 2.0901 0.1839 0.7285 
3.0501 0.6017 2.1101 0.2544 0.7204 
3.0901 0.6115 2.1001 0.1956 0.6093 
3.0901 0.6009 2.1201 0.2739 0.6050 
3.1101 0.5998 2.1101 0.2507 0.5504 
3.0601 0.5921 2.1301 0.3277 0.6854 
3.0501 0.6017 2.1101 0.2544 0.7204 
3.0501 0.6089 2.1201 0.2565 0.7155 
3.1101 0.5919 2.1201 0.2981 0.5487 
3.1101 0.5998 2.1101 0.2507 0.5504 
3.0901 0.6009 2.1201 0.2739 0.6050 
3.0101 0.5909 2.1601 0.4021 0.8066 
2.9901 0.5973 2.1601 0.3860 0.8577 
3.0101 0.6148 2.1701 0.3527 0.7971 
3.0301 0.5995 2.1601 0.3737 0.7530 
3.0101 0.5909 2.1601 0.4021 0.8066 
3.0101 0.6148 2.1701 0.3527 0.7971 
3.0401 0.6156 2.1701 0.3459 0.7216 
3.0501 0.5917 2.1601 0.3934 0.7016 
3.0301 0.5995 2.1601 0.3737 0.7530 
3.0601 0.5985 2.1601 0.3719 0.6752 
3.0501 0.5917 2.1601 0.3934 0.7016 
3.0401 0.6156 2.1701 0.3459 0.7216 
3.0101 0.6148 2.1701 0.3527 0.7971 
3.0401 0.6156 2.1701 0.3459 0.7216 
3.0301 0.5995 2.1601 0.3737 0.7530 
3.0901 0.5838 2.1501 0.3909 0.5988 
3.0701 0.5946 2.1501 0.3616 0.6520 
3.0801 0.5992 2.1601 0.3667 0.6234 
3.0901 0.6151 2.1701 0.3402 0.5965 
3.0701 0.5917 2.1601 0.3906 0.6494 
3.0601 0.5985 2.1601 0.3719 0.6752 
3.0801 0.5992 2.1601 0.3667 0.6234 
3.0701 0.5917 2.1601 0.3906 0.6494 
3.0901 0.6151 2.1701 0.3402 0.5965 
3.0401 0.6156 2.1701 0.3459 0.7216 
3.0901 0.6151 2.1701 0.3402 0.5965 
3.0601 0.5985 2.1601 0.3719 0.6752 
