NUMPOLLIES 123.000000 

3.0301 0.1301 2.1741 0.9326 0.7879 
3.0001 0.1301 2.1750 0.9388 0.9046 
3.0301 0.1201 2.1784 0.9755 0.7809 
3.0301 0.1201 2.1784 0.9755 0.7809 
3.0001 0.1301 2.1750 0.9388 0.9046 
2.9801 0.1301 2.1763 0.9416 0.9810 
3.1001 0.1301 2.1721 0.9176 0.5127 
3.0501 0.1401 2.1739 0.8749 0.7123 
3.0701 0.1201 2.1719 0.9790 0.6289 
3.1001 0.1301 2.1721 0.9176 0.5127 
3.0701 0.1401 2.1753 0.8667 0.6327 
3.0501 0.1401 2.1739 0.8749 0.7123 
3.0701 0.1601 2.1720 0.7654 0.6393 
3.0701 0.1401 2.1753 0.8667 0.6327 
3.1001 0.1301 2.1721 0.9176 0.5127 
3.0701 0.1701 2.1735 0.7089 0.6413 
3.0701 0.1601 2.1720 0.7654 0.6393 
3.1001 0.1301 2.1721 0.9176 0.5127 
3.1001 0.1501 2.1727 0.8098 0.5169 
3.0701 0.1701 2.1735 0.7089 0.6413 
3.1001 0.1301 2.1721 0.9176 0.5127 
3.0301 0.1301 2.1741 0.9326 0.7879 
2.9901 0.1801 2.1779 0.6714 0.9592 
3.0001 0.1301 2.1750 0.9388 0.9046 
3.0201 0.1757 2.1801 0.6841 0.8365 
2.9901 0.1801 2.1779 0.6714 0.9592 
3.0301 0.1301 2.1741 0.9326 0.7879 
3.0301 0.1801 2.1770 0.6613 0.8015 
3.0201 0.1757 2.1801 0.6841 0.8365 
3.0501 0.1401 2.1739 0.8749 0.7123 
3.0501 0.1401 2.1739 0.8749 0.7123 
3.0201 0.1757 2.1801 0.6841 0.8365 
3.0301 0.1301 2.1741 0.9326 0.7879 
3.0701 0.1601 2.1720 0.7654 0.6393 
3.0301 0.1801 2.1770 0.6613 0.8015 
3.0501 0.1401 2.1739 0.8749 0.7123 
3.0201 0.1757 2.1801 0.6841 0.8365 
3.0101 0.1801 2.1801 0.6632 0.8774 
3.0101 0.1801 2.1801 0.6632 0.8774 
3.0201 0.1757 2.1801 0.6841 0.8365 
3.0101 0.1801 2.1801 0.6632 0.8774 
2.9901 0.1801 2.1779 0.6714 0.9592 
3.0101 0.1801 2.1801 0.6632 0.8774 
3.0201 0.1901 2.1762 0.6107 0.8457 
2.9901 0.1801 2.1779 0.6714 0.9592 
3.0101 0.1801 2.1801 0.6632 0.8774 
3.0201 0.1757 2.1801 0.6841 0.8365 
3.0201 0.1901 2.1762 0.6107 0.8457 
3.0101 0.1801 2.1801 0.6632 0.8774 
3.0201 0.1901 2.1762 0.6107 0.8457 
3.0101 0.1801 2.1801 0.6632 0.8774 
3.0201 0.1757 2.1801 0.6841 0.8365 
3.0301 0.1801 2.1770 0.6613 0.8015 
3.0201 0.1901 2.1762 0.6107 0.8457 
3.0201 0.1901 2.1762 0.6107 0.8457 
3.0301 0.1801 2.1770 0.6613 0.8015 
3.0301 0.2001 2.1757 0.5536 0.8096 
3.0701 0.1601 2.1720 0.7654 0.6393 
3.0301 0.2001 2.1757 0.5536 0.8096 
3.0301 0.1801 2.1770 0.6613 0.8015 
3.0701 0.1901 2.1734 0.5994 0.6467 
3.0301 0.2001 2.1757 0.5536 0.8096 
3.0701 0.1601 2.1720 0.7654 0.6393 
3.0601 0.2101 2.1757 0.4897 0.6916 
3.0301 0.2001 2.1757 0.5536 0.8096 
3.0701 0.1901 2.1734 0.5994 0.6467 
3.0701 0.1401 2.1753 0.8667 0.6327 
3.0701 0.1601 2.1720 0.7654 0.6393 
3.0501 0.1401 2.1739 0.8749 0.7123 
3.0701 0.1701 2.1735 0.7089 0.6413 
3.0701 0.1901 2.1734 0.5994 0.6467 
3.0701 0.1601 2.1720 0.7654 0.6393 
3.1001 0.1801 2.1749 0.6441 0.5232 
3.0701 0.1901 2.1734 0.5994 0.6467 
3.1001 0.1501 2.1727 0.8098 0.5169 
3.1001 0.1501 2.1727 0.8098 0.5169 
3.0701 0.1901 2.1734 0.5994 0.6467 
3.0701 0.1701 2.1735 0.7089 0.6413 
3.1101 0.1801 2.1806 0.6348 0.4835 
3.1001 0.1801 2.1749 0.6441 0.5232 
3.1001 0.1501 2.1727 0.8098 0.5169 
3.1001 0.1801 2.1749 0.6441 0.5232 
3.0701 0.2001 2.1727 0.5447 0.6498 
3.0701 0.1901 2.1734 0.5994 0.6467 
3.1201 0.1901 2.1725 0.5861 0.4446 
3.0701 0.2001 2.1727 0.5447 0.6498 
3.1001 0.1801 2.1749 0.6441 0.5232 
3.0001 0.2501 2.1787 0.2834 0.9460 
2.9901 0.2301 2.1773 0.3978 0.9804 
3.0301 0.2001 2.1757 0.5536 0.8096 
3.0301 0.2001 2.1757 0.5536 0.8096 
2.9901 0.2301 2.1773 0.3978 0.9804 
3.0201 0.1901 2.1762 0.6107 0.8457 
3.0301 0.2301 2.1762 0.3867 0.8193 
3.0001 0.2501 2.1787 0.2834 0.9460 
3.0301 0.2001 2.1757 0.5536 0.8096 
3.0601 0.2101 2.1757 0.4897 0.6916 
3.0301 0.2301 2.1762 0.3867 0.8193 
3.0301 0.2001 2.1757 0.5536 0.8096 
2.9901 0.2682 2.1801 0.1875 0.9920 
3.0001 0.2501 2.1787 0.2834 0.9460 
3.0301 0.2301 2.1762 0.3867 0.8193 
3.0501 0.2601 2.1762 0.2136 0.7474 
2.9901 0.2682 2.1801 0.1875 0.9920 
3.0301 0.2301 2.1762 0.3867 0.8193 
3.0701 0.2001 2.1727 0.5447 0.6498 
3.0601 0.2101 2.1757 0.4897 0.6916 
3.0701 0.1901 2.1734 0.5994 0.6467 
3.1201 0.1901 2.1725 0.5861 0.4446 
3.1201 0.2001 2.1739 0.5293 0.4467 
3.0701 0.2001 2.1727 0.5447 0.6498 
3.0801 0.2301 2.1763 0.3721 0.6156 
3.0601 0.2101 2.1757 0.4897 0.6916 
3.0701 0.2001 2.1727 0.5447 0.6498 
3.0901 0.2201 2.1743 0.4260 0.5729 
3.0801 0.2301 2.1763 0.3721 0.6156 
3.1201 0.2001 2.1739 0.5293 0.4467 
3.1201 0.2001 2.1739 0.5293 0.4467 
3.0801 0.2301 2.1763 0.3721 0.6156 
3.0701 0.2001 2.1727 0.5447 0.6498 
3.0501 0.2601 2.1762 0.2136 0.7474 
3.0301 0.2301 2.1762 0.3867 0.8193 
3.0601 0.2101 2.1757 0.4897 0.6916 
3.0801 0.2301 2.1763 0.3721 0.6156 
3.0501 0.2601 2.1762 0.2136 0.7474 
3.0601 0.2101 2.1757 0.4897 0.6916 
3.1401 0.2301 2.1731 0.3555 0.3701 
3.0801 0.2801 2.1761 0.1037 0.6290 
3.0801 0.2301 2.1763 0.3721 0.6156 
3.0301 0.2801 2.1792 0.1165 0.8338 
3.0201 0.2901 2.1795 0.0812 0.8785 
3.0501 0.2601 2.1762 0.2136 0.7474 
3.0501 0.2601 2.1762 0.2136 0.7474 
3.0201 0.2901 2.1795 0.0812 0.8785 
2.9901 0.2682 2.1801 0.1875 0.9920 
3.0301 0.2901 2.1801 0.0801 0.8364 
3.0301 0.2901 2.1801 0.0801 0.8364 
3.0201 0.2901 2.1795 0.0812 0.8785 
3.0301 0.2901 2.1801 0.0801 0.8364 
3.0201 0.2901 2.1795 0.0812 0.8785 
3.0301 0.2801 2.1792 0.1165 0.8338 
3.0301 0.2901 2.1801 0.0801 0.8364 
3.0301 0.2901 2.1801 0.0801 0.8364 
3.0301 0.2801 2.1792 0.1165 0.8338 
3.0301 0.2901 2.1801 0.0801 0.8364 
3.0301 0.2801 2.1792 0.1165 0.8338 
3.0401 0.2901 2.1781 0.0784 0.7971 
3.0301 0.2901 2.1801 0.0801 0.8364 
3.0301 0.2901 2.1801 0.0801 0.8364 
3.0401 0.2901 2.1781 0.0784 0.7971 
3.0301 0.2901 2.1801 0.0801 0.8364 
3.0301 0.2901 2.1801 0.0801 0.8364 
3.0301 0.2901 2.1801 0.0801 0.8364 
3.0301 0.2901 2.1801 0.0801 0.8364 
3.0301 0.2901 2.1801 0.0801 0.8364 
3.0301 0.2901 2.1801 0.0801 0.8364 
3.0301 0.2901 2.1801 0.0801 0.8364 
3.0301 0.2901 2.1801 0.0801 0.8364 
3.0301 0.2901 2.1801 0.0801 0.8364 
3.0301 0.2901 2.1801 0.0801 0.8364 
3.0301 0.2901 2.1801 0.0801 0.8364 
3.0301 0.2901 2.1801 0.0801 0.8364 
3.0801 0.2801 2.1761 0.1037 0.6290 
3.0501 0.2601 2.1762 0.2136 0.7474 
3.0801 0.2301 2.1763 0.3721 0.6156 
3.0501 0.2601 2.1762 0.2136 0.7474 
3.0401 0.2901 2.1781 0.0784 0.7971 
3.0301 0.2801 2.1792 0.1165 0.8338 
3.2101 0.2801 2.1746 0.0800 0.0954 
3.2001 0.2801 2.1704 0.0799 0.1277 
3.2001 0.2701 2.1763 0.1207 0.1342 
3.2001 0.2701 2.1763 0.1207 0.1342 
3.1901 0.2601 2.1721 0.1728 0.1683 
3.2101 0.2801 2.1746 0.0800 0.0954 
3.1901 0.2601 2.1721 0.1728 0.1683 
3.2101 0.2501 2.1700 0.2218 0.0892 
3.2101 0.2801 2.1746 0.0800 0.0954 
3.2101 0.2501 2.1700 0.2218 0.0892 
3.2001 0.2201 2.1701 0.3956 0.1248 
3.2201 0.2101 2.1679 0.4478 0.0588 
3.2201 0.2101 2.1679 0.4478 0.0588 
3.2001 0.2201 2.1701 0.3956 0.1248 
3.2001 0.2001 2.1720 0.5076 0.1261 
3.2001 0.2701 2.1763 0.1207 0.1342 
3.2001 0.2801 2.1704 0.0799 0.1277 
3.1801 0.2701 2.1750 0.1251 0.2124 
3.1801 0.2701 2.1750 0.1251 0.2124 
3.1401 0.2801 2.1784 0.0925 0.3802 
3.1301 0.2701 2.1741 0.1375 0.4184 
3.2001 0.2701 2.1763 0.1207 0.1342 
3.1801 0.2701 2.1750 0.1251 0.2124 
3.1901 0.2601 2.1721 0.1728 0.1683 
3.1901 0.2601 2.1721 0.1728 0.1683 
3.1801 0.2701 2.1750 0.1251 0.2124 
3.1601 0.2501 2.1711 0.2366 0.2892 
3.1801 0.2701 2.1750 0.1251 0.2124 
3.1301 0.2701 2.1741 0.1375 0.4184 
3.1601 0.2501 2.1711 0.2366 0.2892 
3.1601 0.2501 2.1711 0.2366 0.2892 
3.0801 0.2801 2.1761 0.1037 0.6290 
3.1401 0.2301 2.1731 0.3555 0.3701 
3.1301 0.2701 2.1741 0.1375 0.4184 
3.0801 0.2801 2.1761 0.1037 0.6290 
3.1601 0.2501 2.1711 0.2366 0.2892 
3.1901 0.2601 2.1721 0.1728 0.1683 
3.1601 0.2501 2.1711 0.2366 0.2892 
3.1901 0.2101 2.1717 0.4545 0.1647 
3.2101 0.2501 2.1700 0.2218 0.0892 
3.1901 0.2601 2.1721 0.1728 0.1683 
3.2001 0.2201 2.1701 0.3956 0.1248 
3.1601 0.2501 2.1711 0.2366 0.2892 
3.1401 0.2301 2.1731 0.3555 0.3701 
3.1901 0.2101 2.1717 0.4545 0.1647 
3.1901 0.2601 2.1721 0.1728 0.1683 
3.1901 0.2101 2.1717 0.4545 0.1647 
3.2001 0.2201 2.1701 0.3956 0.1248 
3.1901 0.2101 2.1717 0.4545 0.1647 
3.1401 0.2301 2.1731 0.3555 0.3701 
3.1601 0.2101 2.1754 0.4610 0.2875 
3.2001 0.2201 2.1701 0.3956 0.1248 
3.1901 0.2101 2.1717 0.4545 0.1647 
3.2001 0.2001 2.1720 0.5076 0.1261 
3.1401 0.2301 2.1731 0.3555 0.3701 
3.0801 0.2301 2.1763 0.3721 0.6156 
3.0901 0.2201 2.1743 0.4260 0.5729 
3.1401 0.2301 2.1731 0.3555 0.3701 
3.0901 0.2201 2.1743 0.4260 0.5729 
3.1401 0.2001 2.1724 0.5247 0.3652 
3.1401 0.2001 2.1724 0.5247 0.3652 
3.0901 0.2201 2.1743 0.4260 0.5729 
3.1201 0.2001 2.1739 0.5293 0.4467 
3.2001 0.1701 2.1691 0.6779 0.1215 
3.2101 0.1501 2.1724 0.7796 0.0897 
3.2201 0.1701 2.1696 0.6714 0.0599 
3.2001 0.1901 2.1678 0.5675 0.1209 
3.2201 0.1701 2.1696 0.6714 0.0599 
3.2001 0.2001 2.1720 0.5076 0.1261 
3.2001 0.1701 2.1691 0.6779 0.1215 
3.2201 0.1701 2.1696 0.6714 0.0599 
3.2001 0.1901 2.1678 0.5675 0.1209 
3.1701 0.1801 2.1690 0.6310 0.2393 
3.1601 0.2101 2.1754 0.4610 0.2875 
3.1401 0.2301 2.1731 0.3555 0.3701 
3.1401 0.2001 2.1724 0.5247 0.3652 
3.1701 0.1801 2.1690 0.6310 0.2393 
3.1401 0.2301 2.1731 0.3555 0.3701 
3.1701 0.1701 2.1719 0.6827 0.2408 
3.2001 0.1701 2.1691 0.6779 0.1215 
3.1701 0.1801 2.1690 0.6310 0.2393 
3.1701 0.1701 2.1719 0.6827 0.2408 
3.1401 0.1801 2.1727 0.6354 0.3623 
3.1501 0.1601 2.1785 0.7333 0.3229 
3.2001 0.1401 2.1721 0.8367 0.1238 
3.2101 0.1501 2.1724 0.7796 0.0897 
3.2001 0.1701 2.1691 0.6779 0.1215 
3.1601 0.1501 2.1785 0.7837 0.2828 
3.2001 0.1401 2.1721 0.8367 0.1238 
3.1701 0.1701 2.1719 0.6827 0.2408 
3.1501 0.1601 2.1785 0.7333 0.3229 
3.1601 0.1501 2.1785 0.7837 0.2828 
3.1701 0.1701 2.1719 0.6827 0.2408 
3.1601 0.1501 2.1785 0.7837 0.2828 
3.1501 0.1601 2.1785 0.7333 0.3229 
3.1401 0.1501 2.1719 0.8000 0.3575 
3.2001 0.1901 2.1678 0.5675 0.1209 
3.1901 0.2101 2.1717 0.4545 0.1647 
3.1701 0.1801 2.1690 0.6310 0.2393 
3.2001 0.2001 2.1720 0.5076 0.1261 
3.1901 0.2101 2.1717 0.4545 0.1647 
3.2001 0.1901 2.1678 0.5675 0.1209 
3.1701 0.1801 2.1690 0.6310 0.2393 
3.1901 0.2101 2.1717 0.4545 0.1647 
3.1601 0.2101 2.1754 0.4610 0.2875 
3.2001 0.1901 2.1678 0.5675 0.1209 
3.1701 0.1801 2.1690 0.6310 0.2393 
3.2001 0.1701 2.1691 0.6779 0.1215 
3.1701 0.1801 2.1690 0.6310 0.2393 
3.1401 0.2001 2.1724 0.5247 0.3652 
3.1701 0.1701 2.1719 0.6827 0.2408 
3.2001 0.1401 2.1721 0.8367 0.1238 
3.2001 0.1701 2.1691 0.6779 0.1215 
3.1701 0.1701 2.1719 0.6827 0.2408 
3.1201 0.2001 2.1739 0.5293 0.4467 
3.1401 0.1801 2.1727 0.6354 0.3623 
3.1401 0.2001 2.1724 0.5247 0.3652 
3.1201 0.2001 2.1739 0.5293 0.4467 
3.1201 0.1901 2.1725 0.5861 0.4446 
3.1401 0.1801 2.1727 0.6354 0.3623 
3.1001 0.1801 2.1749 0.6441 0.5232 
3.1101 0.1801 2.1806 0.6348 0.4835 
3.1201 0.1901 2.1725 0.5861 0.4446 
3.1201 0.1901 2.1725 0.5861 0.4446 
3.1101 0.1801 2.1806 0.6348 0.4835 
3.1201 0.1601 2.1725 0.7505 0.4391 
3.1401 0.1501 2.1719 0.8000 0.3575 
3.1501 0.1601 2.1785 0.7333 0.3229 
3.1401 0.1801 2.1727 0.6354 0.3623 
3.1401 0.1801 2.1727 0.6354 0.3623 
3.1201 0.1901 2.1725 0.5861 0.4446 
3.1201 0.1601 2.1725 0.7505 0.4391 
3.1401 0.1801 2.1727 0.6354 0.3623 
3.1201 0.1601 2.1725 0.7505 0.4391 
3.1401 0.1501 2.1719 0.8000 0.3575 
3.1201 0.1601 2.1725 0.7505 0.4391 
3.1101 0.1801 2.1806 0.6348 0.4835 
3.1001 0.1501 2.1727 0.8098 0.5169 
3.1201 0.1601 2.1725 0.7505 0.4391 
3.1301 0.1401 2.1736 0.8534 0.3963 
3.1401 0.1501 2.1719 0.8000 0.3575 
3.1301 0.1401 2.1736 0.8534 0.3963 
3.1201 0.1601 2.1725 0.7505 0.4391 
3.1201 0.1501 2.1770 0.7971 0.4382 
3.1201 0.1601 2.1725 0.7505 0.4391 
3.1001 0.1501 2.1727 0.8098 0.5169 
3.1201 0.1501 2.1770 0.7971 0.4382 
3.1401 0.1801 2.1727 0.6354 0.3623 
3.1701 0.1701 2.1719 0.6827 0.2408 
3.1401 0.2001 2.1724 0.5247 0.3652 
3.1701 0.1401 2.1683 0.8520 0.2349 
3.2001 0.1401 2.1721 0.8367 0.1238 
3.1601 0.1501 2.1785 0.7837 0.2828 
3.1601 0.1501 2.1785 0.7837 0.2828 
3.1401 0.1501 2.1719 0.8000 0.3575 
3.1501 0.1401 2.1779 0.8401 0.3200 
3.1601 0.1501 2.1785 0.7837 0.2828 
3.1501 0.1401 2.1779 0.8401 0.3200 
3.1701 0.1401 2.1683 0.8520 0.2349 
3.2001 0.1401 2.1721 0.8367 0.1238 
3.1701 0.1401 2.1683 0.8520 0.2349 
3.1801 0.1301 2.1699 0.8998 0.1965 
3.1501 0.1401 2.1779 0.8401 0.3200 
3.1801 0.1301 2.1699 0.8998 0.1965 
3.1701 0.1401 2.1683 0.8520 0.2349 
3.1801 0.1301 2.1699 0.8998 0.1965 
3.1501 0.1401 2.1779 0.8401 0.3200 
3.1401 0.1201 2.1709 0.9621 0.3528 
3.1801 0.1301 2.1699 0.8998 0.1965 
3.2001 0.1201 2.1628 0.9631 0.1125 
3.2001 0.1401 2.1721 0.8367 0.1238 
3.1801 0.1301 2.1699 0.8998 0.1965 
3.1401 0.1201 2.1709 0.9621 0.3528 
3.2001 0.1201 2.1628 0.9631 0.1125 
3.1501 0.1401 2.1779 0.8401 0.3200 
3.1401 0.1501 2.1719 0.8000 0.3575 
3.1301 0.1401 2.1736 0.8534 0.3963 
3.1301 0.1401 2.1736 0.8534 0.3963 
3.1201 0.1501 2.1770 0.7971 0.4382 
3.1201 0.1401 2.1705 0.8618 0.4351 
3.1201 0.1501 2.1770 0.7971 0.4382 
3.1001 0.1501 2.1727 0.8098 0.5169 
3.1201 0.1401 2.1705 0.8618 0.4351 
3.1501 0.1401 2.1779 0.8401 0.3200 
3.1301 0.1401 2.1736 0.8534 0.3963 
3.1201 0.1401 2.1705 0.8618 0.4351 
3.1201 0.1401 2.1705 0.8618 0.4351 
3.1001 0.1501 2.1727 0.8098 0.5169 
3.1001 0.1301 2.1721 0.9176 0.5127 
3.1401 0.1201 2.1709 0.9621 0.3528 
3.1501 0.1401 2.1779 0.8401 0.3200 
3.1201 0.1401 2.1705 0.8618 0.4351 
3.1001 0.1301 2.1721 0.9176 0.5127 
3.1101 0.1201 2.1706 0.9709 0.4711 
3.1201 0.1401 2.1705 0.8618 0.4351 
3.1401 0.1201 2.1709 0.9621 0.3528 
3.1201 0.1401 2.1705 0.8618 0.4351 
3.1101 0.1201 2.1706 0.9709 0.4711 
3.1001 0.1301 2.1721 0.9176 0.5127 
3.0701 0.1201 2.1719 0.9790 0.6289 
3.1101 0.1201 2.1706 0.9709 0.4711 
