NUMPOLLIES 226.000000 

4.2201 0.2401 2.1430 0.1602 0.0529 
4.1901 0.2501 2.1448 0.1128 0.1590 
4.2101 0.2301 2.1457 0.2253 0.0776 
4.2201 0.2401 2.1430 0.1602 0.0529 
4.2101 0.2301 2.1457 0.2253 0.0776 
4.2201 0.2201 2.1446 0.2852 0.0534 
4.1901 0.2201 2.1448 0.2950 0.1587 
4.2201 0.2201 2.1446 0.2852 0.0534 
4.2101 0.2301 2.1457 0.2253 0.0776 
4.2201 0.2201 2.1446 0.2852 0.0534 
4.1901 0.2201 2.1448 0.2950 0.1587 
4.2001 0.2001 2.1451 0.4177 0.1162 
4.2201 0.2201 2.1446 0.2852 0.0534 
4.2001 0.2001 2.1451 0.4177 0.1162 
4.2201 0.2001 2.1418 0.4138 0.0530 
4.1701 0.2501 2.1458 0.1185 0.2520 
4.1601 0.2601 2.1401 0.0775 0.2953 
4.1501 0.2501 2.1487 0.1249 0.3470 
4.1601 0.2601 2.1401 0.0775 0.2953 
4.1301 0.2601 2.1410 0.0819 0.4402 
4.1501 0.2501 2.1487 0.1249 0.3470 
4.1501 0.2501 2.1487 0.1249 0.3470 
4.1301 0.2601 2.1410 0.0819 0.4402 
4.1301 0.2501 2.1472 0.1302 0.4396 
4.1901 0.2501 2.1448 0.1128 0.1590 
4.1701 0.2501 2.1458 0.1185 0.2520 
4.1901 0.2301 2.1354 0.2328 0.1469 
4.1901 0.2301 2.1354 0.2328 0.1469 
4.1701 0.2501 2.1458 0.1185 0.2520 
4.1701 0.2401 2.1411 0.1758 0.2468 
4.1701 0.2401 2.1411 0.1758 0.2468 
4.1501 0.2501 2.1487 0.1249 0.3470 
4.1601 0.2301 2.1471 0.2413 0.2974 
4.1701 0.2501 2.1458 0.1185 0.2520 
4.1501 0.2501 2.1487 0.1249 0.3470 
4.1701 0.2401 2.1411 0.1758 0.2468 
4.1701 0.2401 2.1411 0.1758 0.2468 
4.1801 0.2201 2.1475 0.2974 0.2063 
4.1901 0.2301 2.1354 0.2328 0.1469 
4.1901 0.2301 2.1354 0.2328 0.1469 
4.1801 0.2201 2.1475 0.2974 0.2063 
4.1901 0.2201 2.1448 0.2950 0.1587 
4.1701 0.2201 2.1398 0.3034 0.2441 
4.1801 0.2201 2.1475 0.2974 0.2063 
4.1701 0.2401 2.1411 0.1758 0.2468 
4.1701 0.2401 2.1411 0.1758 0.2468 
4.1601 0.2301 2.1471 0.2413 0.2974 
4.1701 0.2201 2.1398 0.3034 0.2441 
4.1701 0.2201 2.1398 0.3034 0.2441 
4.1601 0.2301 2.1471 0.2413 0.2974 
4.1401 0.2201 2.1477 0.3103 0.3881 
4.1901 0.2201 2.1448 0.2950 0.1587 
4.1801 0.2201 2.1475 0.2974 0.2063 
4.1801 0.2001 2.1494 0.4209 0.2074 
4.1701 0.2201 2.1398 0.3034 0.2441 
4.1801 0.2001 2.1494 0.4209 0.2074 
4.1801 0.2201 2.1475 0.2974 0.2063 
4.2001 0.2001 2.1451 0.4177 0.1162 
4.1901 0.2201 2.1448 0.2950 0.1587 
4.1801 0.2001 2.1494 0.4209 0.2074 
4.1801 0.2001 2.1494 0.4209 0.2074 
4.1701 0.2201 2.1398 0.3034 0.2441 
4.1601 0.1901 2.1448 0.4934 0.2916 
4.1601 0.1901 2.1448 0.4934 0.2916 
4.1401 0.2201 2.1477 0.3103 0.3881 
4.1401 0.2001 2.1376 0.4438 0.3804 
4.1701 0.2201 2.1398 0.3034 0.2441 
4.1401 0.2201 2.1477 0.3103 0.3881 
4.1601 0.1901 2.1448 0.4934 0.2916 
4.1901 0.2501 2.1448 0.1128 0.1590 
4.1901 0.2301 2.1354 0.2328 0.1469 
4.2101 0.2301 2.1457 0.2253 0.0776 
4.1901 0.2201 2.1448 0.2950 0.1587 
4.2101 0.2301 2.1457 0.2253 0.0776 
4.1901 0.2301 2.1354 0.2328 0.1469 
4.1501 0.2501 2.1487 0.1249 0.3470 
4.1301 0.2501 2.1472 0.1302 0.4396 
4.1301 0.2401 2.1449 0.1889 0.4371 
4.1301 0.2401 2.1449 0.1889 0.4371 
4.1001 0.2601 2.1490 0.0897 0.5825 
4.1101 0.2401 2.1456 0.1954 0.5308 
4.1301 0.2501 2.1472 0.1302 0.4396 
4.1001 0.2601 2.1490 0.0897 0.5825 
4.1301 0.2401 2.1449 0.1889 0.4371 
4.1001 0.2601 2.1490 0.0897 0.5825 
4.1001 0.2501 2.1412 0.1375 0.5818 
4.1101 0.2401 2.1456 0.1954 0.5308 
4.1601 0.2301 2.1471 0.2413 0.2974 
4.1501 0.2501 2.1487 0.1249 0.3470 
4.1301 0.2401 2.1449 0.1889 0.4371 
4.1101 0.2401 2.1456 0.1954 0.5308 
4.1001 0.2501 2.1412 0.1375 0.5818 
4.1301 0.2101 2.1447 0.3780 0.4311 
4.1601 0.2301 2.1471 0.2413 0.2974 
4.1301 0.2401 2.1449 0.1889 0.4371 
4.1401 0.2201 2.1477 0.3103 0.3881 
4.1401 0.2201 2.1477 0.3103 0.3881 
4.1301 0.2401 2.1449 0.1889 0.4371 
4.1301 0.2101 2.1447 0.3780 0.4311 
4.1301 0.2401 2.1449 0.1889 0.4371 
4.1101 0.2401 2.1456 0.1954 0.5308 
4.1301 0.2101 2.1447 0.3780 0.4311 
4.1301 0.2101 2.1447 0.3780 0.4311 
4.1001 0.2501 2.1412 0.1375 0.5818 
4.1101 0.2101 2.1460 0.3837 0.5231 
4.1401 0.2201 2.1477 0.3103 0.3881 
4.1301 0.2101 2.1447 0.3780 0.4311 
4.1301 0.2001 2.1435 0.4419 0.4289 
4.1401 0.2001 2.1376 0.4438 0.3804 
4.1401 0.2201 2.1477 0.3103 0.3881 
4.1301 0.2001 2.1435 0.4419 0.4289 
4.1301 0.2101 2.1447 0.3780 0.4311 
4.1101 0.2101 2.1460 0.3837 0.5231 
4.1301 0.2001 2.1435 0.4419 0.4289 
4.2101 0.1601 2.1408 0.6677 0.0743 
4.2001 0.1701 2.1458 0.6023 0.1174 
4.1901 0.1601 2.1406 0.6744 0.1529 
4.1901 0.1601 2.1406 0.6744 0.1529 
4.2001 0.1401 2.1476 0.7778 0.1200 
4.2101 0.1601 2.1408 0.6677 0.0743 
4.2201 0.1401 2.1438 0.7793 0.0543 
4.2101 0.1601 2.1408 0.6677 0.0743 
4.2001 0.1401 2.1476 0.7778 0.1200 
4.2201 0.1401 2.1438 0.7793 0.0543 
4.2001 0.1401 2.1476 0.7778 0.1200 
4.2101 0.1301 2.1441 0.8405 0.0790 
4.1301 0.1501 2.1501 0.7358 0.4216 
4.1301 0.1501 2.1501 0.7358 0.4216 
4.1301 0.1501 2.1501 0.7358 0.4216 
4.1301 0.1501 2.1501 0.7358 0.4216 
4.1301 0.1501 2.1501 0.7358 0.4216 
4.1301 0.1501 2.1501 0.7358 0.4216 
4.1701 0.1201 2.1483 0.9003 0.2449 
4.1701 0.1101 2.1533 0.9439 0.2486 
4.1901 0.1101 2.1469 0.9544 0.1596 
4.1301 0.1501 2.1501 0.7358 0.4216 
4.1301 0.1501 2.1501 0.7358 0.4216 
4.1301 0.1501 2.1501 0.7358 0.4216 
4.1301 0.1501 2.1501 0.7358 0.4216 
4.1301 0.1501 2.1501 0.7358 0.4216 
4.1301 0.1501 2.1501 0.7358 0.4216 
4.2001 0.2001 2.1451 0.4177 0.1162 
4.1801 0.2001 2.1494 0.4209 0.2074 
4.2001 0.1801 2.1437 0.5438 0.1146 
4.2001 0.1801 2.1437 0.5438 0.1146 
4.1601 0.1901 2.1448 0.4934 0.2916 
4.1701 0.1801 2.1372 0.5619 0.2388 
4.1801 0.2001 2.1494 0.4209 0.2074 
4.1601 0.1901 2.1448 0.4934 0.2916 
4.2001 0.1801 2.1437 0.5438 0.1146 
4.1701 0.1701 2.1447 0.6132 0.2452 
4.2001 0.1801 2.1437 0.5438 0.1146 
4.1701 0.1801 2.1372 0.5619 0.2388 
4.1701 0.1801 2.1372 0.5619 0.2388 
4.1601 0.1901 2.1448 0.4934 0.2916 
4.1401 0.1801 2.1496 0.5555 0.3825 
4.1801 0.1701 2.1408 0.6159 0.1970 
4.2001 0.1701 2.1458 0.6023 0.1174 
4.2001 0.1801 2.1437 0.5438 0.1146 
4.1801 0.1701 2.1408 0.6159 0.1970 
4.2001 0.1801 2.1437 0.5438 0.1146 
4.1701 0.1701 2.1447 0.6132 0.2452 
4.1701 0.1801 2.1372 0.5619 0.2388 
4.1601 0.1601 2.1438 0.6784 0.2879 
4.1701 0.1701 2.1447 0.6132 0.2452 
4.1701 0.1801 2.1372 0.5619 0.2388 
4.1401 0.1801 2.1496 0.5555 0.3825 
4.1601 0.1601 2.1438 0.6784 0.2879 
4.2001 0.1701 2.1458 0.6023 0.1174 
4.1801 0.1701 2.1408 0.6159 0.1970 
4.1901 0.1601 2.1406 0.6744 0.1529 
4.1801 0.1701 2.1408 0.6159 0.1970 
4.1701 0.1701 2.1447 0.6132 0.2452 
4.1601 0.1601 2.1438 0.6784 0.2879 
4.1901 0.1601 2.1406 0.6744 0.1529 
4.1801 0.1401 2.1483 0.7824 0.2036 
4.2001 0.1401 2.1476 0.7778 0.1200 
4.1701 0.1401 2.1429 0.7964 0.2415 
4.1501 0.1601 2.1418 0.6850 0.3311 
4.1401 0.1501 2.1485 0.7357 0.3775 
4.1601 0.1601 2.1438 0.6784 0.2879 
4.1501 0.1601 2.1418 0.6850 0.3311 
4.1701 0.1401 2.1429 0.7964 0.2415 
4.1901 0.1601 2.1406 0.6744 0.1529 
4.1801 0.1701 2.1408 0.6159 0.1970 
4.1601 0.1601 2.1438 0.6784 0.2879 
4.1901 0.1601 2.1406 0.6744 0.1529 
4.1601 0.1601 2.1438 0.6784 0.2879 
4.1801 0.1401 2.1483 0.7824 0.2036 
4.1401 0.1801 2.1496 0.5555 0.3825 
4.1601 0.1901 2.1448 0.4934 0.2916 
4.1401 0.2001 2.1376 0.4438 0.3804 
4.1301 0.2001 2.1435 0.4419 0.4289 
4.1201 0.1901 2.1470 0.5039 0.4730 
4.1401 0.1801 2.1496 0.5555 0.3825 
4.1301 0.2001 2.1435 0.4419 0.4289 
4.1401 0.1801 2.1496 0.5555 0.3825 
4.1401 0.2001 2.1376 0.4438 0.3804 
4.1201 0.1901 2.1470 0.5039 0.4730 
4.1101 0.2101 2.1460 0.3837 0.5231 
4.0901 0.1901 2.1484 0.5119 0.6077 
4.1301 0.2001 2.1435 0.4419 0.4289 
4.1101 0.2101 2.1460 0.3837 0.5231 
4.1201 0.1901 2.1470 0.5039 0.4730 
4.1201 0.1901 2.1470 0.5039 0.4730 
4.0901 0.1901 2.1484 0.5119 0.6077 
4.1101 0.1701 2.1467 0.6292 0.5133 
4.1601 0.1601 2.1438 0.6784 0.2879 
4.1401 0.1801 2.1496 0.5555 0.3825 
4.1401 0.1701 2.1447 0.6227 0.3789 
4.1401 0.1701 2.1447 0.6227 0.3789 
4.1201 0.1901 2.1470 0.5039 0.4730 
4.1301 0.1601 2.1421 0.6908 0.4211 
4.1401 0.1801 2.1496 0.5555 0.3825 
4.1201 0.1901 2.1470 0.5039 0.4730 
4.1401 0.1701 2.1447 0.6227 0.3789 
4.1201 0.1901 2.1470 0.5039 0.4730 
4.1101 0.1701 2.1467 0.6292 0.5133 
4.1301 0.1601 2.1421 0.6908 0.4211 
4.1501 0.1601 2.1418 0.6850 0.3311 
4.1601 0.1601 2.1438 0.6784 0.2879 
4.1401 0.1701 2.1447 0.6227 0.3789 
4.1401 0.1601 2.1401 0.6912 0.3752 
4.1501 0.1601 2.1418 0.6850 0.3311 
4.1401 0.1701 2.1447 0.6227 0.3789 
4.1401 0.1601 2.1401 0.6912 0.3752 
4.1401 0.1701 2.1447 0.6227 0.3789 
4.1401 0.1601 2.1401 0.6912 0.3752 
4.1401 0.1601 2.1401 0.6912 0.3752 
4.1401 0.1701 2.1447 0.6227 0.3789 
4.1301 0.1601 2.1421 0.6908 0.4211 
4.1401 0.1601 2.1401 0.6912 0.3752 
4.1301 0.1601 2.1421 0.6908 0.4211 
4.1401 0.1601 2.1401 0.6912 0.3752 
4.1301 0.1601 2.1421 0.6908 0.4211 
4.1101 0.1701 2.1467 0.6292 0.5133 
4.1101 0.1601 2.1471 0.6884 0.5109 
4.1401 0.1601 2.1401 0.6912 0.3752 
4.1401 0.1501 2.1485 0.7357 0.3775 
4.1501 0.1601 2.1418 0.6850 0.3311 
4.1401 0.1601 2.1401 0.6912 0.3752 
4.1501 0.1601 2.1418 0.6850 0.3311 
4.1401 0.1601 2.1401 0.6912 0.3752 
4.1401 0.1601 2.1401 0.6912 0.3752 
4.1401 0.1601 2.1401 0.6912 0.3752 
4.1301 0.1601 2.1421 0.6908 0.4211 
4.1401 0.1601 2.1401 0.6912 0.3752 
4.1301 0.1601 2.1421 0.6908 0.4211 
4.1301 0.1501 2.1501 0.7358 0.4216 
4.1401 0.1601 2.1401 0.6912 0.3752 
4.1301 0.1501 2.1501 0.7358 0.4216 
4.1401 0.1501 2.1485 0.7357 0.3775 
4.1401 0.1501 2.1485 0.7357 0.3775 
4.1301 0.1501 2.1501 0.7358 0.4216 
4.1301 0.1501 2.1501 0.7358 0.4216 
4.1201 0.1501 2.1471 0.7445 0.4646 
4.1301 0.1601 2.1421 0.6908 0.4211 
4.1101 0.1601 2.1471 0.6884 0.5109 
4.1301 0.1501 2.1501 0.7358 0.4216 
4.1301 0.1601 2.1421 0.6908 0.4211 
4.1201 0.1501 2.1471 0.7445 0.4646 
4.1301 0.1501 2.1501 0.7358 0.4216 
4.1301 0.1501 2.1501 0.7358 0.4216 
4.1301 0.1601 2.1421 0.6908 0.4211 
4.1001 0.1501 2.1498 0.7454 0.5521 
4.1101 0.1601 2.1471 0.6884 0.5109 
4.1001 0.1601 2.1406 0.7029 0.5563 
4.1001 0.1501 2.1498 0.7454 0.5521 
4.1201 0.1501 2.1471 0.7445 0.4646 
4.1101 0.1601 2.1471 0.6884 0.5109 
4.1401 0.1601 2.1401 0.6912 0.3752 
4.1401 0.1601 2.1401 0.6912 0.3752 
4.1401 0.1601 2.1401 0.6912 0.3752 
4.1401 0.1601 2.1401 0.6912 0.3752 
4.1401 0.1601 2.1401 0.6912 0.3752 
4.1401 0.1601 2.1401 0.6912 0.3752 
4.1401 0.1601 2.1401 0.6912 0.3752 
4.1401 0.1601 2.1401 0.6912 0.3752 
4.1401 0.1601 2.1401 0.6912 0.3752 
4.1401 0.1601 2.1401 0.6912 0.3752 
4.1401 0.1601 2.1401 0.6912 0.3752 
4.1401 0.1601 2.1401 0.6912 0.3752 
4.1801 0.1401 2.1483 0.7824 0.2036 
4.1601 0.1601 2.1438 0.6784 0.2879 
4.1701 0.1401 2.1429 0.7964 0.2415 
4.2101 0.1301 2.1441 0.8405 0.0790 
4.2001 0.1401 2.1476 0.7778 0.1200 
4.1801 0.1401 2.1483 0.7824 0.2036 
4.1901 0.1101 2.1469 0.9544 0.1596 
4.1701 0.1401 2.1429 0.7964 0.2415 
4.1701 0.1201 2.1483 0.9003 0.2449 
4.1801 0.1401 2.1483 0.7824 0.2036 
4.1701 0.1401 2.1429 0.7964 0.2415 
4.1901 0.1101 2.1469 0.9544 0.1596 
4.2001 0.1201 2.1462 0.8963 0.1186 
4.1801 0.1401 2.1483 0.7824 0.2036 
4.1901 0.1101 2.1469 0.9544 0.1596 
4.2101 0.1301 2.1441 0.8405 0.0790 
4.1801 0.1401 2.1483 0.7824 0.2036 
4.2001 0.1201 2.1462 0.8963 0.1186 
4.2001 0.1201 2.1462 0.8963 0.1186 
4.1901 0.1101 2.1469 0.9544 0.1596 
4.2101 0.1101 2.1419 0.9615 0.0771 
4.1701 0.1101 2.1533 0.9439 0.2486 
4.1701 0.1201 2.1483 0.9003 0.2449 
4.1601 0.1201 2.1432 0.9156 0.2837 
4.1701 0.1401 2.1429 0.7964 0.2415 
4.1401 0.1501 2.1485 0.7357 0.3775 
4.1401 0.1301 2.1501 0.8480 0.3752 
4.1401 0.1501 2.1485 0.7357 0.3775 
4.1301 0.1401 2.1466 0.8009 0.4188 
4.1401 0.1301 2.1501 0.8480 0.3752 
4.1301 0.1501 2.1501 0.7358 0.4216 
4.1301 0.1401 2.1466 0.8009 0.4188 
4.1401 0.1501 2.1485 0.7357 0.3775 
4.1301 0.1501 2.1501 0.7358 0.4216 
4.1301 0.1501 2.1501 0.7358 0.4216 
4.1301 0.1401 2.1466 0.8009 0.4188 
4.1301 0.1501 2.1501 0.7358 0.4216 
4.1201 0.1501 2.1471 0.7445 0.4646 
4.1301 0.1401 2.1466 0.8009 0.4188 
4.1301 0.1501 2.1501 0.7358 0.4216 
4.1301 0.1501 2.1501 0.7358 0.4216 
4.1201 0.1501 2.1471 0.7445 0.4646 
4.1201 0.1501 2.1471 0.7445 0.4646 
4.1001 0.1501 2.1498 0.7454 0.5521 
4.1301 0.1401 2.1466 0.8009 0.4188 
4.1701 0.1401 2.1429 0.7964 0.2415 
4.1401 0.1301 2.1501 0.8480 0.3752 
4.1701 0.1201 2.1483 0.9003 0.2449 
4.1601 0.1201 2.1432 0.9156 0.2837 
4.1401 0.1301 2.1501 0.8480 0.3752 
4.1401 0.1201 2.1464 0.9138 0.3721 
4.1701 0.1201 2.1483 0.9003 0.2449 
4.1401 0.1301 2.1501 0.8480 0.3752 
4.1601 0.1201 2.1432 0.9156 0.2837 
4.1401 0.1301 2.1501 0.8480 0.3752 
4.1301 0.1401 2.1466 0.8009 0.4188 
4.1401 0.1201 2.1464 0.9138 0.3721 
4.1301 0.1401 2.1466 0.8009 0.4188 
4.1001 0.1501 2.1498 0.7454 0.5521 
4.1401 0.1201 2.1464 0.9138 0.3721 
4.1601 0.1201 2.1432 0.9156 0.2837 
4.1401 0.1201 2.1464 0.9138 0.3721 
4.1701 0.1101 2.1533 0.9439 0.2486 
4.1001 0.2601 2.1490 0.0897 0.5825 
4.0801 0.2601 2.1499 0.0942 0.6755 
4.1001 0.2501 2.1412 0.1375 0.5818 
4.0701 0.2501 2.1526 0.1490 0.7162 
4.0801 0.2601 2.1499 0.0942 0.6755 
4.0701 0.2601 2.1446 0.0947 0.7265 
4.0701 0.2601 2.1446 0.0947 0.7265 
4.0601 0.2601 2.1511 0.0990 0.7676 
4.0501 0.2501 2.1462 0.1538 0.8152 
4.0501 0.2501 2.1462 0.1538 0.8152 
4.0196 0.2701 2.1401 0.0736 0.9801 
4.0201 0.2501 2.1441 0.1627 0.9595 
4.0201 0.2601 2.1406 0.1055 0.9712 
4.0201 0.2501 2.1441 0.1627 0.9595 
4.0196 0.2701 2.1401 0.0736 0.9801 
4.1001 0.2501 2.1412 0.1375 0.5818 
4.0801 0.2601 2.1499 0.0942 0.6755 
4.0801 0.2401 2.1468 0.2050 0.6704 
4.0801 0.2601 2.1499 0.0942 0.6755 
4.0701 0.2501 2.1526 0.1490 0.7162 
4.0801 0.2401 2.1468 0.2050 0.6704 
4.0701 0.2501 2.1526 0.1490 0.7162 
4.0701 0.2601 2.1446 0.0947 0.7265 
4.0701 0.2301 2.1442 0.2713 0.7153 
4.0701 0.2601 2.1446 0.0947 0.7265 
4.0501 0.2501 2.1462 0.1538 0.8152 
4.0701 0.2301 2.1442 0.2713 0.7153 
4.0801 0.2401 2.1468 0.2050 0.6704 
4.0701 0.2501 2.1526 0.1490 0.7162 
4.0701 0.2301 2.1442 0.2713 0.7153 
4.0801 0.2401 2.1468 0.2050 0.6704 
4.0701 0.2301 2.1442 0.2713 0.7153 
4.0801 0.2301 2.1387 0.2693 0.6720 
4.0701 0.2301 2.1442 0.2713 0.7153 
4.0501 0.2501 2.1462 0.1538 0.8152 
4.0401 0.2301 2.1460 0.2806 0.8529 
4.1001 0.2501 2.1412 0.1375 0.5818 
4.0801 0.2401 2.1468 0.2050 0.6704 
4.1101 0.2101 2.1460 0.3837 0.5231 
4.0801 0.2201 2.1455 0.3308 0.6642 
4.1101 0.2101 2.1460 0.3837 0.5231 
4.0801 0.2401 2.1468 0.2050 0.6704 
4.0801 0.2301 2.1387 0.2693 0.6720 
4.0801 0.2201 2.1455 0.3308 0.6642 
4.0801 0.2401 2.1468 0.2050 0.6704 
4.0801 0.2301 2.1387 0.2693 0.6720 
4.0701 0.2301 2.1442 0.2713 0.7153 
4.0801 0.2201 2.1455 0.3308 0.6642 
4.0801 0.2201 2.1455 0.3308 0.6642 
4.0701 0.2301 2.1442 0.2713 0.7153 
4.0501 0.2201 2.1490 0.3389 0.7990 
4.0701 0.2301 2.1442 0.2713 0.7153 
4.0401 0.2301 2.1460 0.2806 0.8529 
4.0501 0.2201 2.1490 0.3389 0.7990 
4.1101 0.2101 2.1460 0.3837 0.5231 
4.0801 0.2201 2.1455 0.3308 0.6642 
4.0901 0.2101 2.1488 0.3883 0.6136 
4.0901 0.2101 2.1488 0.3883 0.6136 
4.0801 0.2201 2.1455 0.3308 0.6642 
4.0601 0.2101 2.1441 0.4013 0.7538 
4.0801 0.2201 2.1455 0.3308 0.6642 
4.0501 0.2201 2.1490 0.3389 0.7990 
4.0601 0.2101 2.1441 0.4013 0.7538 
4.1101 0.2101 2.1460 0.3837 0.5231 
4.0901 0.2101 2.1488 0.3883 0.6136 
4.0901 0.1901 2.1484 0.5119 0.6077 
4.0901 0.1901 2.1484 0.5119 0.6077 
4.0901 0.2101 2.1488 0.3883 0.6136 
4.0601 0.2101 2.1441 0.4013 0.7538 
4.0701 0.1901 2.1498 0.5166 0.6964 
4.0601 0.2101 2.1441 0.4013 0.7538 
4.0501 0.2001 2.1394 0.4720 0.8008 
4.0501 0.2201 2.1490 0.3389 0.7990 
4.0401 0.2301 2.1460 0.2806 0.8529 
4.0301 0.2101 2.1401 0.4142 0.8979 
4.0601 0.2101 2.1441 0.4013 0.7538 
4.0501 0.2201 2.1490 0.3389 0.7990 
4.0301 0.2101 2.1401 0.4142 0.8979 
4.0501 0.2001 2.1394 0.4720 0.8008 
4.0301 0.2101 2.1401 0.4142 0.8979 
4.0301 0.2001 2.1466 0.4714 0.8837 
4.0501 0.2001 2.1394 0.4720 0.8008 
4.0601 0.2101 2.1441 0.4013 0.7538 
4.0301 0.2101 2.1401 0.4142 0.8979 
4.0701 0.1901 2.1498 0.5166 0.6964 
4.0401 0.1901 2.1495 0.5264 0.8306 
4.0501 0.1801 2.1486 0.5850 0.7828 
4.0901 0.1701 2.1497 0.6308 0.6014 
4.0801 0.1601 2.1480 0.6960 0.6431 
4.1001 0.1501 2.1498 0.7454 0.5521 
4.0401 0.1801 2.1501 0.5860 0.8256 
4.0401 0.1801 2.1501 0.5860 0.8256 
4.0401 0.1801 2.1501 0.5860 0.8256 
4.0401 0.1801 2.1501 0.5860 0.8256 
4.0401 0.1801 2.1501 0.5860 0.8256 
4.0401 0.1801 2.1501 0.5860 0.8256 
4.0401 0.1901 2.1495 0.5264 0.8306 
4.0301 0.2001 2.1466 0.4714 0.8837 
4.0301 0.1801 2.1496 0.5898 0.8704 
4.0401 0.1801 2.1501 0.5860 0.8256 
4.0401 0.1801 2.1501 0.5860 0.8256 
4.0401 0.1801 2.1501 0.5860 0.8256 
4.0401 0.1801 2.1501 0.5860 0.8256 
4.0401 0.1801 2.1501 0.5860 0.8256 
4.0401 0.1801 2.1501 0.5860 0.8256 
4.0801 0.1601 2.1480 0.6960 0.6431 
4.0601 0.1401 2.1457 0.8240 0.7258 
4.0701 0.1301 2.1479 0.8737 0.6772 
4.0501 0.1401 2.1501 0.8176 0.7656 
4.0501 0.1401 2.1501 0.8176 0.7656 
4.0501 0.1401 2.1501 0.8176 0.7656 
4.0501 0.1401 2.1501 0.8176 0.7656 
4.0501 0.1401 2.1501 0.8176 0.7656 
4.0601 0.1301 2.1507 0.8703 0.7184 
4.0701 0.1201 2.1501 0.9251 0.6726 
4.0701 0.1201 2.1501 0.9251 0.6726 
4.0701 0.1201 2.1501 0.9251 0.6726 
4.0701 0.1201 2.1501 0.9251 0.6726 
4.0701 0.1201 2.1501 0.9251 0.6726 
4.0701 0.1201 2.1501 0.9251 0.6726 
4.0701 0.1201 2.1501 0.9251 0.6726 
4.0701 0.1201 2.1501 0.9251 0.6726 
4.0701 0.1201 2.1501 0.9251 0.6726 
4.0701 0.1201 2.1501 0.9251 0.6726 
4.0701 0.1201 2.1501 0.9251 0.6726 
4.0701 0.1201 2.1501 0.9251 0.6726 
4.0501 0.1401 2.1501 0.8176 0.7656 
4.0501 0.1401 2.1501 0.8176 0.7656 
4.0501 0.1401 2.1501 0.8176 0.7656 
4.0401 0.1331 2.1501 0.8604 0.8059 
4.0601 0.1301 2.1507 0.8703 0.7184 
4.0501 0.1401 2.1501 0.8176 0.7656 
4.0401 0.1331 2.1501 0.8604 0.8059 
4.0501 0.1401 2.1501 0.8176 0.7656 
4.0501 0.1401 2.1501 0.8176 0.7656 
4.0601 0.1301 2.1507 0.8703 0.7184 
4.0401 0.1331 2.1501 0.8604 0.8059 
4.0401 0.1201 2.1493 0.9359 0.8015 
4.0401 0.1201 2.1493 0.9359 0.8015 
4.0401 0.1331 2.1501 0.8604 0.8059 
4.0201 0.1201 2.1525 0.9337 0.8829 
4.0101 0.1201 2.1577 0.9239 0.9179 
4.0201 0.1201 2.1525 0.9337 0.8829 
4.0101 0.1401 2.1435 0.8441 0.9484 
4.0401 0.1201 2.1493 0.9359 0.8015 
4.0201 0.1201 2.1525 0.9337 0.8829 
4.0301 0.1101 2.1490 0.9955 0.8405 
4.0201 0.1201 2.1525 0.9337 0.8829 
4.0101 0.1201 2.1577 0.9239 0.9179 
4.0301 0.1101 2.1490 0.9955 0.8405 
4.0901 0.1901 2.1484 0.5119 0.6077 
4.0601 0.2101 2.1441 0.4013 0.7538 
4.0701 0.1901 2.1498 0.5166 0.6964 
4.0401 0.1901 2.1495 0.5264 0.8306 
4.0701 0.1901 2.1498 0.5166 0.6964 
4.0501 0.2001 2.1394 0.4720 0.8008 
4.1101 0.1701 2.1467 0.6292 0.5133 
4.0901 0.1901 2.1484 0.5119 0.6077 
4.0901 0.1701 2.1497 0.6308 0.6014 
4.0901 0.1901 2.1484 0.5119 0.6077 
4.0701 0.1901 2.1498 0.5166 0.6964 
4.0901 0.1701 2.1497 0.6308 0.6014 
4.1101 0.1701 2.1467 0.6292 0.5133 
4.0901 0.1701 2.1497 0.6308 0.6014 
4.1101 0.1601 2.1471 0.6884 0.5109 
4.0901 0.1701 2.1497 0.6308 0.6014 
4.0701 0.1901 2.1498 0.5166 0.6964 
4.0801 0.1601 2.1480 0.6960 0.6431 
4.0701 0.1901 2.1498 0.5166 0.6964 
4.0501 0.1801 2.1486 0.5850 0.7828 
4.0801 0.1601 2.1480 0.6960 0.6431 
4.1101 0.1601 2.1471 0.6884 0.5109 
4.0901 0.1701 2.1497 0.6308 0.6014 
4.1001 0.1601 2.1406 0.7029 0.5563 
4.0701 0.1601 2.1426 0.7087 0.6908 
4.0501 0.1801 2.1486 0.5850 0.7828 
4.0501 0.1601 2.1438 0.7127 0.7794 
4.0801 0.1601 2.1480 0.6960 0.6431 
4.0501 0.1801 2.1486 0.5850 0.7828 
4.0701 0.1601 2.1426 0.7087 0.6908 
4.0901 0.1701 2.1497 0.6308 0.6014 
4.1001 0.1501 2.1498 0.7454 0.5521 
4.1001 0.1601 2.1406 0.7029 0.5563 
4.0301 0.2001 2.1466 0.4714 0.8837 
4.0401 0.1901 2.1495 0.5264 0.8306 
4.0501 0.2001 2.1394 0.4720 0.8008 
4.0201 0.1901 2.1479 0.5346 0.9221 
4.0301 0.2001 2.1466 0.4714 0.8837 
4.0201 0.2001 2.1410 0.4802 0.9379 
4.0401 0.1801 2.1501 0.5860 0.8256 
4.0501 0.1801 2.1486 0.5850 0.7828 
4.0401 0.1901 2.1495 0.5264 0.8306 
4.0401 0.1801 2.1501 0.5860 0.8256 
4.0401 0.1801 2.1501 0.5860 0.8256 
4.0501 0.1801 2.1486 0.5850 0.7828 
4.0401 0.1801 2.1501 0.5860 0.8256 
4.0401 0.1901 2.1495 0.5264 0.8306 
4.0301 0.1801 2.1496 0.5898 0.8704 
4.0401 0.1801 2.1501 0.5860 0.8256 
4.0401 0.1801 2.1501 0.5860 0.8256 
4.0401 0.1901 2.1495 0.5264 0.8306 
4.0301 0.1801 2.1496 0.5898 0.8704 
4.0301 0.2001 2.1466 0.4714 0.8837 
4.0201 0.1901 2.1479 0.5346 0.9221 
4.0401 0.1801 2.1501 0.5860 0.8256 
4.0401 0.1701 2.1480 0.6489 0.8236 
4.0501 0.1801 2.1486 0.5850 0.7828 
4.0401 0.1801 2.1501 0.5860 0.8256 
4.0401 0.1801 2.1501 0.5860 0.8256 
4.0401 0.1701 2.1480 0.6489 0.8236 
4.0401 0.1801 2.1501 0.5860 0.8256 
4.0301 0.1801 2.1496 0.5898 0.8704 
4.0401 0.1701 2.1480 0.6489 0.8236 
4.0401 0.1801 2.1501 0.5860 0.8256 
4.0401 0.1801 2.1501 0.5860 0.8256 
4.0301 0.1801 2.1496 0.5898 0.8704 
4.0301 0.1801 2.1496 0.5898 0.8704 
4.0201 0.1901 2.1479 0.5346 0.9221 
4.0401 0.1701 2.1480 0.6489 0.8236 
4.0401 0.1701 2.1480 0.6489 0.8236 
4.0501 0.1601 2.1438 0.7127 0.7794 
4.0501 0.1801 2.1486 0.5850 0.7828 
4.0401 0.1601 2.1509 0.7032 0.8162 
4.0501 0.1601 2.1438 0.7127 0.7794 
4.0401 0.1701 2.1480 0.6489 0.8236 
4.0401 0.1601 2.1509 0.7032 0.8162 
4.0201 0.1901 2.1479 0.5346 0.9221 
4.0201 0.1501 2.1497 0.7697 0.9003 
4.0401 0.1701 2.1480 0.6489 0.8236 
4.0201 0.1901 2.1479 0.5346 0.9221 
4.0401 0.1601 2.1509 0.7032 0.8162 
4.0501 0.1601 2.1438 0.7127 0.7794 
4.0401 0.1601 2.1509 0.7032 0.8162 
4.0501 0.1501 2.1446 0.7707 0.7746 
4.0801 0.1601 2.1480 0.6960 0.6431 
4.0701 0.1301 2.1479 0.8737 0.6772 
4.1001 0.1501 2.1498 0.7454 0.5521 
4.0601 0.1401 2.1457 0.8240 0.7258 
4.0801 0.1601 2.1480 0.6960 0.6431 
4.0701 0.1601 2.1426 0.7087 0.6908 
4.0701 0.1601 2.1426 0.7087 0.6908 
4.0501 0.1601 2.1438 0.7127 0.7794 
4.0601 0.1401 2.1457 0.8240 0.7258 
4.0501 0.1501 2.1446 0.7707 0.7746 
4.0601 0.1401 2.1457 0.8240 0.7258 
4.0501 0.1601 2.1438 0.7127 0.7794 
4.0501 0.1401 2.1501 0.8176 0.7656 
4.0601 0.1401 2.1457 0.8240 0.7258 
4.0501 0.1501 2.1446 0.7707 0.7746 
4.0501 0.1401 2.1501 0.8176 0.7656 
4.0501 0.1401 2.1501 0.8176 0.7656 
4.0601 0.1401 2.1457 0.8240 0.7258 
4.1001 0.1501 2.1498 0.7454 0.5521 
4.0701 0.1301 2.1479 0.8737 0.6772 
4.1001 0.1201 2.1438 0.9321 0.5454 
4.0601 0.1301 2.1507 0.8703 0.7184 
4.0701 0.1301 2.1479 0.8737 0.6772 
4.0601 0.1401 2.1457 0.8240 0.7258 
4.0601 0.1401 2.1457 0.8240 0.7258 
4.0501 0.1401 2.1501 0.8176 0.7656 
4.0601 0.1301 2.1507 0.8703 0.7184 
4.1001 0.1201 2.1438 0.9321 0.5454 
4.0701 0.1301 2.1479 0.8737 0.6772 
4.0801 0.1201 2.1465 0.9313 0.6315 
4.0701 0.1201 2.1501 0.9251 0.6726 
4.0801 0.1201 2.1465 0.9313 0.6315 
4.0701 0.1301 2.1479 0.8737 0.6772 
4.0701 0.1201 2.1501 0.9251 0.6726 
4.0701 0.1201 2.1501 0.9251 0.6726 
4.0801 0.1201 2.1465 0.9313 0.6315 
4.0601 0.1301 2.1507 0.8703 0.7184 
4.0401 0.1201 2.1493 0.9359 0.8015 
4.0701 0.1301 2.1479 0.8737 0.6772 
4.0701 0.1201 2.1501 0.9251 0.6726 
4.0701 0.1301 2.1479 0.8737 0.6772 
4.0401 0.1201 2.1493 0.9359 0.8015 
4.0701 0.1201 2.1501 0.9251 0.6726 
4.0701 0.1201 2.1501 0.9251 0.6726 
4.0701 0.1301 2.1479 0.8737 0.6772 
4.0901 0.1101 2.1463 0.9853 0.5856 
4.0801 0.1201 2.1465 0.9313 0.6315 
4.0701 0.1101 2.1475 0.9878 0.6709 
4.1001 0.1201 2.1438 0.9321 0.5454 
4.0801 0.1201 2.1465 0.9313 0.6315 
4.0901 0.1101 2.1463 0.9853 0.5856 
4.0701 0.1201 2.1501 0.9251 0.6726 
4.0701 0.1101 2.1475 0.9878 0.6709 
4.0801 0.1201 2.1465 0.9313 0.6315 
4.0701 0.1201 2.1501 0.9251 0.6726 
4.0701 0.1201 2.1501 0.9251 0.6726 
4.0701 0.1101 2.1475 0.9878 0.6709 
4.0701 0.1201 2.1501 0.9251 0.6726 
4.0401 0.1201 2.1493 0.9359 0.8015 
4.0701 0.1101 2.1475 0.9878 0.6709 
4.0701 0.1201 2.1501 0.9251 0.6726 
4.0701 0.1201 2.1501 0.9251 0.6726 
4.0701 0.1101 2.1475 0.9878 0.6709 
4.0501 0.1101 2.1535 0.9776 0.7514 
4.0701 0.1101 2.1475 0.9878 0.6709 
4.0401 0.1201 2.1493 0.9359 0.8015 
4.0501 0.1401 2.1501 0.8176 0.7656 
4.0501 0.1401 2.1501 0.8176 0.7656 
4.0501 0.1501 2.1446 0.7707 0.7746 
4.0501 0.1501 2.1446 0.7707 0.7746 
4.0401 0.1601 2.1509 0.7032 0.8162 
4.0101 0.1401 2.1435 0.8441 0.9484 
4.0401 0.1601 2.1509 0.7032 0.8162 
4.0201 0.1501 2.1497 0.7697 0.9003 
4.0101 0.1401 2.1435 0.8441 0.9484 
4.0001 0.1501 2.1499 0.7754 0.9869 
4.0101 0.1401 2.1435 0.8441 0.9484 
4.0201 0.1501 2.1497 0.7697 0.9003 
4.0001 0.1501 2.1499 0.7754 0.9869 
4.0001 0.1401 2.1515 0.8295 0.9792 
4.0101 0.1401 2.1435 0.8441 0.9484 
4.0501 0.1401 2.1501 0.8176 0.7656 
4.0501 0.1501 2.1446 0.7707 0.7746 
4.0401 0.1331 2.1501 0.8604 0.8059 
4.0401 0.1331 2.1501 0.8604 0.8059 
4.0501 0.1501 2.1446 0.7707 0.7746 
4.0101 0.1401 2.1435 0.8441 0.9484 
4.0401 0.1331 2.1501 0.8604 0.8059 
4.0101 0.1401 2.1435 0.8441 0.9484 
4.0201 0.1201 2.1525 0.9337 0.8829 
4.0001 0.1401 2.1515 0.8295 0.9792 
4.0001 0.1301 2.1451 0.9013 0.9845 
4.0101 0.1401 2.1435 0.8441 0.9484 
4.0101 0.1401 2.1435 0.8441 0.9484 
4.0001 0.1301 2.1451 0.9013 0.9845 
4.0101 0.1201 2.1577 0.9239 0.9179 
4.0501 0.1101 2.1535 0.9776 0.7514 
4.0401 0.1201 2.1493 0.9359 0.8015 
4.0301 0.1101 2.1490 0.9955 0.8405 
