NUMPOLLIES 163.000000 

5.3601 0.1001 2.1101 0.1665 0.1840 
5.3601 0.1001 2.1101 0.1665 0.1840 
5.3601 0.1001 2.1101 0.1665 0.1840 
5.3601 0.1001 2.1101 0.1665 0.1840 
5.3601 0.1001 2.1101 0.1665 0.1840 
5.3601 0.1001 2.1101 0.1665 0.1840 
5.3601 0.1001 2.1101 0.1665 0.1840 
5.3701 0.1001 2.1071 0.1699 0.1242 
5.3601 0.1101 2.1046 0.1100 0.1722 
5.3601 0.1001 2.1101 0.1665 0.1840 
5.3601 0.1001 2.1101 0.1665 0.1840 
5.3701 0.1001 2.1071 0.1699 0.1242 
5.3601 0.1001 2.1101 0.1665 0.1840 
5.3601 0.1101 2.1046 0.1100 0.1722 
5.3501 0.1001 2.1046 0.1839 0.2352 
5.3601 0.1001 2.1101 0.1665 0.1840 
5.3601 0.1001 2.1101 0.1665 0.1840 
5.3601 0.1101 2.1046 0.1100 0.1722 
5.3201 0.1201 2.1056 0.0743 0.4153 
5.3101 0.1001 2.1004 0.2106 0.4718 
5.3301 0.0701 2.1082 0.3948 0.3570 
5.3101 0.1101 2.1117 0.1130 0.4756 
5.3101 0.1001 2.1004 0.2106 0.4718 
5.3201 0.1201 2.1056 0.0743 0.4153 
5.3101 0.1001 2.1004 0.2106 0.4718 
5.3101 0.1101 2.1117 0.1130 0.4756 
5.2901 0.1001 2.1033 0.2104 0.5914 
5.2401 0.1101 2.1072 0.1466 0.8936 
5.2801 0.1201 2.1103 0.0758 0.6600 
5.2701 0.1201 2.1060 0.0806 0.7246 
5.2901 0.1001 2.1033 0.2104 0.5914 
5.2801 0.1201 2.1103 0.0758 0.6600 
5.2701 0.0901 2.1074 0.2794 0.6991 
5.2801 0.1201 2.1103 0.0758 0.6600 
5.2501 0.1001 2.1052 0.2206 0.8261 
5.2701 0.0901 2.1074 0.2794 0.6991 
5.2801 0.1201 2.1103 0.0758 0.6600 
5.2401 0.1101 2.1072 0.1466 0.8936 
5.2501 0.1001 2.1052 0.2206 0.8261 
5.3601 0.1001 2.1101 0.1665 0.1840 
5.3601 0.1001 2.1101 0.1665 0.1840 
5.3601 0.1001 2.1101 0.1665 0.1840 
5.3601 0.1001 2.1101 0.1665 0.1840 
5.3601 0.1001 2.1101 0.1665 0.1840 
5.3601 0.1001 2.1101 0.1665 0.1840 
5.3601 0.1001 2.1101 0.1665 0.1840 
5.3601 0.0901 2.1035 0.2570 0.1801 
5.3701 0.1001 2.1071 0.1699 0.1242 
5.3601 0.1001 2.1101 0.1665 0.1840 
5.3601 0.1001 2.1101 0.1665 0.1840 
5.3601 0.0901 2.1035 0.2570 0.1801 
5.3601 0.1001 2.1101 0.1665 0.1840 
5.3501 0.1001 2.1046 0.1839 0.2352 
5.3601 0.0901 2.1035 0.2570 0.1801 
5.3601 0.1001 2.1101 0.1665 0.1840 
5.3601 0.1001 2.1101 0.1665 0.1840 
5.3501 0.1001 2.1046 0.1839 0.2352 
5.3801 0.0801 2.1039 0.3211 0.0808 
5.3701 0.1001 2.1071 0.1699 0.1242 
5.3601 0.0801 2.1042 0.3277 0.1852 
5.3701 0.1001 2.1071 0.1699 0.1242 
5.3601 0.0901 2.1035 0.2570 0.1801 
5.3601 0.0801 2.1042 0.3277 0.1852 
5.3701 0.0701 2.1053 0.3904 0.1375 
5.3901 0.0601 2.1019 0.4633 0.0550 
5.3801 0.0801 2.1039 0.3211 0.0808 
5.3601 0.0801 2.1042 0.3277 0.1852 
5.3601 0.0601 2.0993 0.4834 0.1877 
5.3701 0.0701 2.1053 0.3904 0.1375 
5.3601 0.0601 2.0993 0.4834 0.1877 
5.3601 0.0801 2.1042 0.3277 0.1852 
5.3301 0.0701 2.1082 0.3948 0.3570 
5.3901 0.0601 2.1019 0.4633 0.0550 
5.3701 0.0701 2.1053 0.3904 0.1375 
5.3601 0.0601 2.0993 0.4834 0.1877 
5.3601 0.0601 2.0993 0.4834 0.1877 
5.3301 0.0701 2.1082 0.3948 0.3570 
5.3401 0.0601 2.1058 0.4663 0.3022 
5.3801 0.0401 2.1066 0.5768 0.1055 
5.3901 0.0501 2.1037 0.5223 0.0590 
5.3901 0.0601 2.1019 0.4633 0.0550 
5.3601 0.0601 2.0993 0.4834 0.1877 
5.3801 0.0401 2.1066 0.5768 0.1055 
5.3901 0.0601 2.1019 0.4633 0.0550 
5.3401 0.0601 2.1058 0.4663 0.3022 
5.3501 0.0501 2.1007 0.5470 0.2463 
5.3601 0.0401 2.1080 0.5777 0.2049 
5.3401 0.0601 2.1058 0.4663 0.3022 
5.3601 0.0401 2.1080 0.5777 0.2049 
5.3601 0.0601 2.0993 0.4834 0.1877 
5.3301 0.0601 2.1101 0.4546 0.3584 
5.3301 0.0601 2.1101 0.4546 0.3584 
5.3301 0.0601 2.1101 0.4546 0.3584 
5.3301 0.0601 2.1101 0.4546 0.3584 
5.3301 0.0601 2.1101 0.4546 0.3584 
5.3301 0.0601 2.1101 0.4546 0.3584 
5.3301 0.0601 2.1101 0.4546 0.3584 
5.3301 0.0601 2.1101 0.4546 0.3584 
5.3301 0.0601 2.1101 0.4546 0.3584 
5.3301 0.0601 2.1101 0.4546 0.3584 
5.3301 0.0601 2.1101 0.4546 0.3584 
5.3301 0.0601 2.1101 0.4546 0.3584 
5.3501 0.1001 2.1046 0.1839 0.2352 
5.3201 0.1201 2.1056 0.0743 0.4153 
5.3601 0.0901 2.1035 0.2570 0.1801 
5.3201 0.1201 2.1056 0.0743 0.4153 
5.3301 0.0701 2.1082 0.3948 0.3570 
5.3601 0.0901 2.1035 0.2570 0.1801 
5.3601 0.0801 2.1042 0.3277 0.1852 
5.3601 0.0901 2.1035 0.2570 0.1801 
5.3301 0.0701 2.1082 0.3948 0.3570 
5.3301 0.0701 2.1082 0.3948 0.3570 
5.3101 0.1001 2.1004 0.2106 0.4718 
5.3101 0.0801 2.1061 0.3400 0.4680 
5.3301 0.0601 2.1101 0.4546 0.3584 
5.3401 0.0601 2.1058 0.4663 0.3022 
5.3301 0.0701 2.1082 0.3948 0.3570 
5.3301 0.0601 2.1101 0.4546 0.3584 
5.3301 0.0601 2.1101 0.4546 0.3584 
5.3401 0.0601 2.1058 0.4663 0.3022 
5.3201 0.0601 2.1093 0.4607 0.4112 
5.3301 0.0701 2.1082 0.3948 0.3570 
5.3101 0.0801 2.1061 0.3400 0.4680 
5.3301 0.0601 2.1101 0.4546 0.3584 
5.3301 0.0701 2.1082 0.3948 0.3570 
5.3201 0.0601 2.1093 0.4607 0.4112 
5.3301 0.0601 2.1101 0.4546 0.3584 
5.3301 0.0601 2.1101 0.4546 0.3584 
5.3301 0.0701 2.1082 0.3948 0.3570 
5.3101 0.0801 2.1061 0.3400 0.4680 
5.2901 0.0601 2.1094 0.4704 0.5708 
5.3201 0.0601 2.1093 0.4607 0.4112 
5.3301 0.0601 2.1101 0.4546 0.3584 
5.3301 0.0501 2.1097 0.5197 0.3585 
5.3401 0.0601 2.1058 0.4663 0.3022 
5.3301 0.0601 2.1101 0.4546 0.3584 
5.3301 0.0601 2.1101 0.4546 0.3584 
5.3301 0.0501 2.1097 0.5197 0.3585 
5.3301 0.0501 2.1097 0.5197 0.3585 
5.3201 0.0601 2.1093 0.4607 0.4112 
5.3101 0.0501 2.1032 0.5505 0.4616 
5.3301 0.0601 2.1101 0.4546 0.3584 
5.3201 0.0601 2.1093 0.4607 0.4112 
5.3301 0.0501 2.1097 0.5197 0.3585 
5.3301 0.0601 2.1101 0.4546 0.3584 
5.3301 0.0601 2.1101 0.4546 0.3584 
5.3201 0.0601 2.1093 0.4607 0.4112 
5.2901 0.0601 2.1094 0.4704 0.5708 
5.3101 0.0501 2.1032 0.5505 0.4616 
5.3201 0.0601 2.1093 0.4607 0.4112 
5.3101 0.0501 2.1032 0.5505 0.4616 
5.2901 0.0601 2.1094 0.4704 0.5708 
5.3001 0.0401 2.1060 0.6042 0.5118 
5.3901 0.0501 2.1037 0.5223 0.0590 
5.3801 0.0401 2.1066 0.5768 0.1055 
5.3901 0.0401 2.0955 0.6182 0.0562 
5.3801 0.0401 2.1066 0.5768 0.1055 
5.3601 0.0601 2.0993 0.4834 0.1877 
5.3601 0.0401 2.1080 0.5777 0.2049 
5.3801 0.0401 2.1066 0.5768 0.1055 
5.3601 0.0401 2.1080 0.5777 0.2049 
5.3601 0.0201 2.1072 0.6974 0.2107 
5.3601 0.0401 2.1080 0.5777 0.2049 
5.3401 0.0301 2.1013 0.6707 0.3033 
5.3601 0.0201 2.1072 0.6974 0.2107 
5.3801 0.0201 2.1101 0.6797 0.1196 
5.3801 0.0401 2.1066 0.5768 0.1055 
5.3601 0.0201 2.1072 0.6974 0.2107 
5.3801 0.0201 2.1101 0.6797 0.1196 
5.3601 0.0201 2.1072 0.6974 0.2107 
5.3901 0.0101 2.0960 0.7929 0.0672 
5.3601 0.0201 2.1072 0.6974 0.2107 
5.3401 0.0101 2.1067 0.7599 0.3098 
5.3901 0.0101 2.0960 0.7929 0.0672 
5.3401 0.0101 2.1067 0.7599 0.3098 
5.3601 0.0001 2.1010 0.8326 0.2110 
5.3901 0.0101 2.0960 0.7929 0.0672 
5.3401 0.0401 2.1068 0.5886 0.3059 
5.3501 0.0501 2.1007 0.5470 0.2463 
5.3401 0.0601 2.1058 0.4663 0.3022 
5.3401 0.0401 2.1068 0.5886 0.3059 
5.3601 0.0401 2.1080 0.5777 0.2049 
5.3501 0.0501 2.1007 0.5470 0.2463 
5.3401 0.0601 2.1058 0.4663 0.3022 
5.3301 0.0501 2.1097 0.5197 0.3585 
5.3401 0.0401 2.1068 0.5886 0.3059 
5.3301 0.0501 2.1097 0.5197 0.3585 
5.3101 0.0501 2.1032 0.5505 0.4616 
5.3401 0.0401 2.1068 0.5886 0.3059 
5.3601 0.0401 2.1080 0.5777 0.2049 
5.3401 0.0401 2.1068 0.5886 0.3059 
5.3401 0.0301 2.1013 0.6707 0.3033 
5.3401 0.0301 2.1013 0.6707 0.3033 
5.3401 0.0401 2.1068 0.5886 0.3059 
5.3401 0.0101 2.1067 0.7599 0.3098 
5.3401 0.0101 2.1067 0.7599 0.3098 
5.3401 0.0401 2.1068 0.5886 0.3059 
5.3301 0.0201 2.1018 0.7291 0.3554 
5.3101 0.0501 2.1032 0.5505 0.4616 
5.3301 0.0201 2.1018 0.7291 0.3554 
5.3401 0.0401 2.1068 0.5886 0.3059 
5.3101 0.0501 2.1032 0.5505 0.4616 
5.3101 0.0301 2.1127 0.6334 0.4595 
5.3301 0.0201 2.1018 0.7291 0.3554 
5.3101 0.0301 2.1127 0.6334 0.4595 
5.3101 0.0501 2.1032 0.5505 0.4616 
5.3001 0.0401 2.1060 0.6042 0.5118 
5.3601 0.0201 2.1072 0.6974 0.2107 
5.3401 0.0301 2.1013 0.6707 0.3033 
5.3401 0.0101 2.1067 0.7599 0.3098 
5.3101 0.0301 2.1127 0.6334 0.4595 
5.3101 0.0101 2.1082 0.7621 0.4555 
5.3301 0.0201 2.1018 0.7291 0.3554 
5.3201 0.0201 2.1105 0.6954 0.4086 
5.3301 0.0201 2.1018 0.7291 0.3554 
5.3101 0.0101 2.1082 0.7621 0.4555 
5.3101 0.0101 2.1082 0.7621 0.4555 
5.3101 0.0301 2.1127 0.6334 0.4595 
5.3001 0.0101 2.1018 0.7927 0.5038 
5.3301 0.0201 2.1018 0.7291 0.3554 
5.3201 0.0201 2.1105 0.6954 0.4086 
5.3401 0.0101 2.1067 0.7599 0.3098 
5.3601 0.0001 2.1010 0.8326 0.2110 
5.3401 0.0101 2.1067 0.7599 0.3098 
5.3501 -0.0099 2.1074 0.8579 0.2662 
5.3501 -0.0099 2.1074 0.8579 0.2662 
5.3201 0.0201 2.1105 0.6954 0.4086 
5.3101 0.0101 2.1082 0.7621 0.4555 
5.3401 0.0101 2.1067 0.7599 0.3098 
5.3201 0.0201 2.1105 0.6954 0.4086 
5.3501 -0.0099 2.1074 0.8579 0.2662 
5.3101 -0.0099 2.1133 0.8422 0.4533 
5.3001 0.0101 2.1018 0.7927 0.5038 
5.3001 0.0001 2.1077 0.8189 0.5013 
5.3101 0.0101 2.1082 0.7621 0.4555 
5.3001 0.0101 2.1018 0.7927 0.5038 
5.3101 -0.0099 2.1133 0.8422 0.4533 
5.3901 0.0101 2.0960 0.7929 0.0672 
5.3901 -0.0099 2.1035 0.8649 0.0841 
5.3901 0.0001 2.1081 0.7932 0.0848 
5.3601 -0.0099 2.1130 0.8307 0.2251 
5.3901 -0.0099 2.1035 0.8649 0.0841 
5.3601 0.0001 2.1010 0.8326 0.2110 
5.3601 0.0001 2.1010 0.8326 0.2110 
5.3901 -0.0099 2.1035 0.8649 0.0841 
5.3901 0.0101 2.0960 0.7929 0.0672 
5.3501 -0.0099 2.1074 0.8579 0.2662 
5.3601 -0.0099 2.1130 0.8307 0.2251 
5.3601 0.0001 2.1010 0.8326 0.2110 
5.3901 -0.0099 2.1035 0.8649 0.0841 
5.3601 -0.0099 2.1130 0.8307 0.2251 
5.3601 -0.0199 2.1016 0.9305 0.2177 
5.3501 -0.0199 2.0975 0.9528 0.2605 
5.3601 -0.0099 2.1130 0.8307 0.2251 
5.3501 -0.0099 2.1074 0.8579 0.2662 
5.3501 -0.0199 2.0975 0.9528 0.2605 
5.3601 -0.0199 2.1016 0.9305 0.2177 
5.3601 -0.0099 2.1130 0.8307 0.2251 
5.3601 -0.0199 2.1016 0.9305 0.2177 
5.3501 -0.0299 2.1021 0.9786 0.2661 
5.3801 -0.0299 2.1009 0.9770 0.1311 
5.3501 -0.0099 2.1074 0.8579 0.2662 
5.3101 0.0101 2.1082 0.7621 0.4555 
5.3101 -0.0099 2.1133 0.8422 0.4533 
5.2901 -0.0099 2.1075 0.8729 0.5454 
5.3101 -0.0099 2.1133 0.8422 0.4533 
5.3001 0.0001 2.1077 0.8189 0.5013 
5.3501 -0.0199 2.0975 0.9528 0.2605 
5.3101 -0.0099 2.1133 0.8422 0.4533 
5.3101 -0.0199 2.1033 0.9351 0.4502 
5.3501 -0.0099 2.1074 0.8579 0.2662 
5.3101 -0.0099 2.1133 0.8422 0.4533 
5.3501 -0.0199 2.0975 0.9528 0.2605 
5.3101 -0.0099 2.1133 0.8422 0.4533 
5.2901 -0.0099 2.1075 0.8729 0.5454 
5.3101 -0.0199 2.1033 0.9351 0.4502 
5.3501 -0.0199 2.0975 0.9528 0.2605 
5.3301 -0.0299 2.1084 0.9542 0.3601 
5.3501 -0.0299 2.1021 0.9786 0.2661 
5.3101 -0.0199 2.1033 0.9351 0.4502 
5.3301 -0.0299 2.1084 0.9542 0.3601 
5.3501 -0.0199 2.0975 0.9528 0.2605 
5.3101 -0.0299 2.1158 0.9261 0.4509 
5.3301 -0.0299 2.1084 0.9542 0.3601 
5.3101 -0.0199 2.1033 0.9351 0.4502 
5.3101 -0.0299 2.1158 0.9261 0.4509 
5.3101 -0.0199 2.1033 0.9351 0.4502 
5.2801 -0.0299 2.1091 0.9630 0.5836 
5.3801 0.0801 2.1039 0.3211 0.0808 
5.3601 0.0801 2.1042 0.3277 0.1852 
5.3701 0.0701 2.1053 0.3904 0.1375 
5.3601 -0.0199 2.1016 0.9305 0.2177 
5.3901 -0.0199 2.0904 0.9772 0.0742 
5.3901 -0.0099 2.1035 0.8649 0.0841 
5.4001 -0.0299 2.1055 0.9504 0.0624 
5.3901 -0.0199 2.0904 0.9772 0.0742 
5.3801 -0.0299 2.1009 0.9770 0.1311 
5.3901 -0.0199 2.0904 0.9772 0.0742 
5.3601 -0.0199 2.1016 0.9305 0.2177 
5.3801 -0.0299 2.1009 0.9770 0.1311 
5.3601 -0.0199 2.1016 0.9305 0.2177 
5.3501 -0.0199 2.0975 0.9528 0.2605 
5.3501 -0.0299 2.1021 0.9786 0.2661 
5.2901 0.1001 2.1033 0.2104 0.5914 
5.2901 0.0901 2.1030 0.2853 0.5864 
5.3101 0.0801 2.1061 0.3400 0.4680 
5.3101 0.1001 2.1004 0.2106 0.4718 
5.2901 0.1001 2.1033 0.2104 0.5914 
5.3101 0.0801 2.1061 0.3400 0.4680 
5.2901 0.1001 2.1033 0.2104 0.5914 
5.2701 0.0901 2.1074 0.2794 0.6991 
5.2901 0.0901 2.1030 0.2853 0.5864 
5.2501 0.0901 2.1105 0.2778 0.8090 
5.2701 0.0901 2.1074 0.2794 0.6991 
5.2501 0.1001 2.1052 0.2206 0.8261 
5.2901 0.0901 2.1030 0.2853 0.5864 
5.2701 0.0901 2.1074 0.2794 0.6991 
5.2501 0.0901 2.1105 0.2778 0.8090 
5.2901 0.0901 2.1030 0.2853 0.5864 
5.2901 0.0601 2.1094 0.4704 0.5708 
5.3101 0.0801 2.1061 0.3400 0.4680 
5.2901 0.0601 2.1094 0.4704 0.5708 
5.2501 0.0901 2.1105 0.2778 0.8090 
5.2601 0.0701 2.1072 0.4227 0.7394 
5.2901 0.0901 2.1030 0.2853 0.5864 
5.2501 0.0901 2.1105 0.2778 0.8090 
5.2901 0.0601 2.1094 0.4704 0.5708 
5.2501 0.0901 2.1105 0.2778 0.8090 
5.2501 0.1001 2.1052 0.2206 0.8261 
5.2401 0.1101 2.1072 0.1466 0.8936 
5.2601 0.0701 2.1072 0.4227 0.7394 
5.2501 0.0901 2.1105 0.2778 0.8090 
5.2201 0.0701 2.1088 0.4310 0.9535 
5.2601 0.0701 2.1072 0.4227 0.7394 
5.2201 0.0701 2.1088 0.4310 0.9535 
5.2501 0.0501 2.1097 0.5453 0.7737 
5.2401 0.0501 2.1060 0.5626 0.8296 
5.2201 0.0701 2.1088 0.4310 0.9535 
5.2301 0.0501 2.1084 0.5563 0.8783 
5.2501 0.0501 2.1097 0.5453 0.7737 
5.2201 0.0701 2.1088 0.4310 0.9535 
5.2401 0.0501 2.1060 0.5626 0.8296 
5.2701 0.0401 2.1117 0.5916 0.6631 
5.2801 0.0201 2.1073 0.7200 0.6049 
5.3001 0.0401 2.1060 0.6042 0.5118 
5.2801 0.0201 2.1073 0.7200 0.6049 
5.2901 0.0101 2.1091 0.7637 0.5518 
5.3001 0.0101 2.1018 0.7927 0.5038 
5.2601 0.0201 2.1127 0.7035 0.6995 
5.2701 0.0401 2.1117 0.5916 0.6631 
5.2501 0.0501 2.1097 0.5453 0.7737 
5.2401 0.0101 2.1066 0.7880 0.7935 
5.2601 0.0201 2.1127 0.7035 0.6995 
5.2501 0.0501 2.1097 0.5453 0.7737 
5.2401 0.0101 2.1066 0.7880 0.7935 
5.2701 0.0101 2.1114 0.7596 0.6466 
5.2601 0.0201 2.1127 0.7035 0.6995 
5.2701 0.0401 2.1117 0.5916 0.6631 
5.3001 0.0401 2.1060 0.6042 0.5118 
5.2901 0.0601 2.1094 0.4704 0.5708 
5.2601 0.0701 2.1072 0.4227 0.7394 
5.2701 0.0401 2.1117 0.5916 0.6631 
5.2901 0.0601 2.1094 0.4704 0.5708 
5.2601 0.0701 2.1072 0.4227 0.7394 
5.2501 0.0501 2.1097 0.5453 0.7737 
5.2701 0.0401 2.1117 0.5916 0.6631 
5.3001 0.0401 2.1060 0.6042 0.5118 
5.2801 0.0201 2.1073 0.7200 0.6049 
5.3101 0.0301 2.1127 0.6334 0.4595 
5.2801 0.0201 2.1073 0.7200 0.6049 
5.3001 0.0101 2.1018 0.7927 0.5038 
5.3101 0.0301 2.1127 0.6334 0.4595 
5.2701 0.0401 2.1117 0.5916 0.6631 
5.2601 0.0201 2.1127 0.7035 0.6995 
5.2801 0.0201 2.1073 0.7200 0.6049 
5.2601 0.0201 2.1127 0.7035 0.6995 
5.2701 0.0101 2.1114 0.7596 0.6466 
5.2801 0.0201 2.1073 0.7200 0.6049 
5.3001 0.0101 2.1018 0.7927 0.5038 
5.2901 0.0101 2.1091 0.7637 0.5518 
5.3001 0.0001 2.1077 0.8189 0.5013 
5.3001 0.0001 2.1077 0.8189 0.5013 
5.2801 0.0201 2.1073 0.7200 0.6049 
5.2801 0.0001 2.1035 0.8429 0.5973 
5.2901 0.0101 2.1091 0.7637 0.5518 
5.2801 0.0201 2.1073 0.7200 0.6049 
5.3001 0.0001 2.1077 0.8189 0.5013 
5.2701 0.0101 2.1114 0.7596 0.6466 
5.2801 0.0001 2.1035 0.8429 0.5973 
5.2801 0.0201 2.1073 0.7200 0.6049 
5.2801 0.0001 2.1035 0.8429 0.5973 
5.2701 0.0101 2.1114 0.7596 0.6466 
5.2501 -0.0099 2.1043 0.8975 0.7332 
5.2701 0.0101 2.1114 0.7596 0.6466 
5.2401 0.0101 2.1066 0.7880 0.7935 
5.2501 -0.0099 2.1043 0.8975 0.7332 
5.2401 0.0101 2.1066 0.7880 0.7935 
5.2501 0.0501 2.1097 0.5453 0.7737 
5.2401 0.0301 2.1146 0.6465 0.8020 
5.2501 0.0501 2.1097 0.5453 0.7737 
5.2401 0.0501 2.1060 0.5626 0.8296 
5.2401 0.0301 2.1146 0.6465 0.8020 
5.2301 0.0501 2.1084 0.5563 0.8783 
5.2301 0.0301 2.1084 0.6743 0.8582 
5.2401 0.0501 2.1060 0.5626 0.8296 
5.2301 0.0301 2.1084 0.6743 0.8582 
5.2401 0.0301 2.1146 0.6465 0.8020 
5.2401 0.0501 2.1060 0.5626 0.8296 
5.2301 0.0301 2.1084 0.6743 0.8582 
5.2301 0.0501 2.1084 0.5563 0.8783 
5.2201 0.0401 2.1048 0.6339 0.9240 
5.2301 0.0301 2.1084 0.6743 0.8582 
5.2201 0.0401 2.1048 0.6339 0.9240 
5.2201 0.0101 2.1117 0.7717 0.8829 
5.2201 0.0101 2.1117 0.7717 0.8829 
5.2101 0.0301 2.1084 0.6801 0.9572 
5.2101 0.0201 2.1029 0.7586 0.9541 
5.2201 0.0401 2.1048 0.6339 0.9240 
5.2101 0.0301 2.1084 0.6801 0.9572 
5.2201 0.0101 2.1117 0.7717 0.8829 
5.2401 0.0101 2.1066 0.7880 0.7935 
5.2401 0.0301 2.1146 0.6465 0.8020 
5.2301 0.0301 2.1084 0.6743 0.8582 
5.2201 0.0101 2.1117 0.7717 0.8829 
5.2401 0.0101 2.1066 0.7880 0.7935 
5.2301 0.0301 2.1084 0.6743 0.8582 
5.2201 0.0101 2.1117 0.7717 0.8829 
5.2101 0.0201 2.1029 0.7586 0.9541 
5.2001 0.0101 2.1081 0.7924 0.9826 
5.2501 -0.0099 2.1043 0.8975 0.7332 
5.2401 0.0101 2.1066 0.7880 0.7935 
5.2201 0.0101 2.1117 0.7717 0.8829 
5.2801 0.0001 2.1035 0.8429 0.5973 
5.2701 -0.0099 2.1082 0.8747 0.6379 
5.2901 -0.0099 2.1075 0.8729 0.5454 
5.2801 0.0001 2.1035 0.8429 0.5973 
5.2901 -0.0099 2.1075 0.8729 0.5454 
5.3001 0.0001 2.1077 0.8189 0.5013 
5.2501 -0.0099 2.1043 0.8975 0.7332 
5.2701 -0.0099 2.1082 0.8747 0.6379 
5.2801 0.0001 2.1035 0.8429 0.5973 
5.2601 -0.0099 2.1132 0.8553 0.6812 
5.2701 -0.0099 2.1082 0.8747 0.6379 
5.2501 -0.0099 2.1043 0.8975 0.7332 
5.3101 -0.0199 2.1033 0.9351 0.4502 
5.2901 -0.0099 2.1075 0.8729 0.5454 
5.2701 -0.0199 2.1068 0.9291 0.6337 
5.2901 -0.0099 2.1075 0.8729 0.5454 
5.2701 -0.0099 2.1082 0.8747 0.6379 
5.2701 -0.0199 2.1068 0.9291 0.6337 
5.2598 -0.0199 2.1001 0.9628 0.6845 
5.2701 -0.0099 2.1082 0.8747 0.6379 
5.2601 -0.0099 2.1132 0.8553 0.6812 
5.2598 -0.0199 2.1001 0.9628 0.6845 
5.2701 -0.0199 2.1068 0.9291 0.6337 
5.2701 -0.0099 2.1082 0.8747 0.6379 
5.2598 -0.0199 2.1001 0.9628 0.6845 
5.2601 -0.0099 2.1132 0.8553 0.6812 
5.2501 -0.0099 2.1043 0.8975 0.7332 
5.3101 -0.0199 2.1033 0.9351 0.4502 
5.2701 -0.0199 2.1068 0.9291 0.6337 
5.2801 -0.0299 2.1091 0.9630 0.5836 
5.2601 -0.0299 2.1050 0.9864 0.6747 
5.2701 -0.0199 2.1068 0.9291 0.6337 
5.2598 -0.0199 2.1001 0.9628 0.6845 
5.2201 -0.0199 2.1087 0.9330 0.8588 
5.2101 -0.0299 2.1103 0.9740 0.8923 
5.2301 -0.0299 2.1041 0.9977 0.8102 
5.2501 -0.0099 2.1043 0.8975 0.7332 
5.2201 0.0101 2.1117 0.7717 0.8829 
5.2201 -0.0199 2.1087 0.9330 0.8588 
5.2201 0.0101 2.1117 0.7717 0.8829 
5.2001 0.0101 2.1081 0.7924 0.9826 
5.2201 -0.0199 2.1087 0.9330 0.8588 
5.2401 -0.0199 2.1124 0.9116 0.7656 
5.2598 -0.0199 2.1001 0.9628 0.6845 
5.2501 -0.0099 2.1043 0.8975 0.7332 
5.2401 -0.0199 2.1124 0.9116 0.7656 
5.2501 -0.0099 2.1043 0.8975 0.7332 
5.2201 -0.0199 2.1087 0.9330 0.8588 
5.2598 -0.0199 2.1001 0.9628 0.6845 
5.2301 -0.0299 2.1041 0.9977 0.8102 
5.2601 -0.0299 2.1050 0.9864 0.6747 
5.2598 -0.0199 2.1001 0.9628 0.6845 
5.2401 -0.0199 2.1124 0.9116 0.7656 
5.2301 -0.0299 2.1041 0.9977 0.8102 
5.2401 -0.0199 2.1124 0.9116 0.7656 
5.2201 -0.0199 2.1087 0.9330 0.8588 
5.2301 -0.0299 2.1041 0.9977 0.8102 
