NUMPOLLIES 587.000000 

4.2301 -0.4299 2.1469 0.9823 0.9853 
4.2101 -0.4499 2.1548 0.9001 0.9054 
4.2301 -0.4499 2.1534 0.9026 0.9696 
4.2101 -0.4399 2.1489 0.9356 0.9142 
4.2001 -0.4499 2.1501 0.8917 0.8780 
4.2101 -0.4499 2.1548 0.9001 0.9054 
4.2001 -0.4499 2.1501 0.8917 0.8780 
4.2001 -0.4599 2.1532 0.8539 0.8724 
4.2101 -0.4499 2.1548 0.9001 0.9054 
4.2001 -0.4499 2.1501 0.8917 0.8780 
4.2101 -0.4499 2.1548 0.9001 0.9054 
4.2001 -0.4499 2.1501 0.8917 0.8780 
4.2401 -0.4599 2.1592 0.8707 0.9905 
4.2301 -0.4499 2.1534 0.9026 0.9696 
4.2301 -0.4699 2.1592 0.8280 0.9558 
4.2301 -0.4699 2.1592 0.8280 0.9558 
4.2101 -0.4499 2.1548 0.9001 0.9054 
4.2001 -0.4599 2.1532 0.8539 0.8724 
4.2301 -0.4499 2.1534 0.9026 0.9696 
4.2101 -0.4499 2.1548 0.9001 0.9054 
4.2301 -0.4699 2.1592 0.8280 0.9558 
4.2301 -0.4804 2.1601 0.7877 0.9509 
4.2001 -0.4599 2.1532 0.8539 0.8724 
4.2101 -0.4799 2.1556 0.7790 0.8949 
4.2301 -0.4699 2.1592 0.8280 0.9558 
4.2001 -0.4599 2.1532 0.8539 0.8724 
4.2301 -0.4804 2.1601 0.7877 0.9509 
4.2201 -0.4899 2.1501 0.7335 0.9264 
4.2201 -0.4899 2.1501 0.7335 0.9264 
4.2301 -0.4804 2.1601 0.7877 0.9509 
4.2201 -0.4899 2.1501 0.7335 0.9264 
4.2301 -0.4899 2.1543 0.7422 0.9527 
4.2301 -0.4804 2.1601 0.7877 0.9509 
4.2301 -0.4804 2.1601 0.7877 0.9509 
4.2101 -0.4799 2.1556 0.7790 0.8949 
4.2101 -0.4899 2.1503 0.7318 0.8961 
4.2201 -0.4899 2.1501 0.7335 0.9264 
4.2301 -0.4804 2.1601 0.7877 0.9509 
4.2101 -0.4899 2.1503 0.7318 0.8961 
4.2201 -0.4899 2.1501 0.7335 0.9264 
4.2101 -0.4899 2.1503 0.7318 0.8961 
4.2201 -0.4899 2.1501 0.7335 0.9264 
4.2101 -0.4899 2.1503 0.7318 0.8961 
4.2101 -0.4799 2.1556 0.7790 0.8949 
4.1901 -0.4899 2.1540 0.7338 0.8334 
4.2201 -0.4899 2.1501 0.7335 0.9264 
4.2201 -0.4999 2.1501 0.6953 0.9229 
4.2301 -0.4899 2.1543 0.7422 0.9527 
4.2201 -0.4899 2.1501 0.7335 0.9264 
4.2301 -0.4899 2.1543 0.7422 0.9527 
4.2201 -0.4899 2.1501 0.7335 0.9264 
4.2201 -0.4899 2.1501 0.7335 0.9264 
4.2201 -0.4999 2.1501 0.6953 0.9229 
4.2201 -0.4999 2.1501 0.6953 0.9229 
4.2201 -0.4899 2.1501 0.7335 0.9264 
4.2101 -0.4899 2.1503 0.7318 0.8961 
4.2101 -0.4904 2.1501 0.7295 0.8961 
4.2101 -0.4899 2.1503 0.7318 0.8961 
4.1901 -0.4899 2.1540 0.7338 0.8334 
4.2101 -0.4904 2.1501 0.7295 0.8961 
4.2301 -0.4299 2.1469 0.9823 0.9853 
4.2101 -0.4399 2.1489 0.9356 0.9142 
4.2101 -0.4499 2.1548 0.9001 0.9054 
4.2101 -0.4299 2.1501 0.9814 0.9168 
4.2001 -0.4399 2.1411 0.9233 0.8888 
4.2101 -0.4399 2.1489 0.9356 0.9142 
4.2101 -0.4299 2.1501 0.9814 0.9168 
4.2001 -0.4299 2.1506 0.9796 0.8839 
4.2001 -0.4399 2.1411 0.9233 0.8888 
4.2001 -0.4499 2.1501 0.8917 0.8780 
4.2101 -0.4399 2.1489 0.9356 0.9142 
4.2001 -0.4399 2.1411 0.9233 0.8888 
4.2001 -0.4499 2.1501 0.8917 0.8780 
4.2101 -0.4399 2.1489 0.9356 0.9142 
4.2001 -0.4499 2.1501 0.8917 0.8780 
4.2001 -0.4499 2.1501 0.8917 0.8780 
4.2001 -0.4499 2.1501 0.8917 0.8780 
4.2001 -0.4499 2.1501 0.8917 0.8780 
4.2201 -0.4899 2.1501 0.7335 0.9264 
4.2201 -0.4899 2.1501 0.7335 0.9264 
4.2201 -0.4899 2.1501 0.7335 0.9264 
4.2201 -0.4899 2.1501 0.7335 0.9264 
4.2201 -0.4899 2.1501 0.7335 0.9264 
4.2201 -0.4899 2.1501 0.7335 0.9264 
4.2201 -0.4899 2.1501 0.7335 0.9264 
4.2201 -0.4899 2.1501 0.7335 0.9264 
4.2201 -0.4899 2.1501 0.7335 0.9264 
4.2101 -0.4904 2.1501 0.7295 0.8961 
4.2201 -0.4999 2.1501 0.6953 0.9229 
4.2201 -0.4899 2.1501 0.7335 0.9264 
4.2201 -0.4899 2.1501 0.7335 0.9264 
4.2101 -0.4904 2.1501 0.7295 0.8961 
4.2201 -0.4899 2.1501 0.7335 0.9264 
4.2201 -0.4999 2.1501 0.6953 0.9229 
4.2201 -0.4899 2.1501 0.7335 0.9264 
4.2201 -0.4899 2.1501 0.7335 0.9264 
4.1901 -0.4899 2.1540 0.7338 0.8334 
4.2001 -0.4999 2.1423 0.6782 0.8693 
4.2101 -0.4904 2.1501 0.7295 0.8961 
4.2001 -0.4999 2.1423 0.6782 0.8693 
4.2201 -0.4999 2.1501 0.6953 0.9229 
4.2101 -0.4904 2.1501 0.7295 0.8961 
4.1601 -0.4299 2.1590 0.9803 0.7501 
4.1501 -0.4399 2.1558 0.9307 0.7189 
4.1801 -0.4399 2.1539 0.9351 0.8145 
4.1601 -0.4299 2.1590 0.9803 0.7501 
4.1401 -0.4299 2.1548 0.9708 0.6887 
4.1501 -0.4399 2.1558 0.9307 0.7189 
4.2001 -0.4299 2.1506 0.9796 0.8839 
4.1901 -0.4599 2.1587 0.8594 0.8375 
4.1939 -0.4399 2.1501 0.9334 0.8613 
4.1939 -0.4399 2.1501 0.9334 0.8613 
4.1901 -0.4599 2.1587 0.8594 0.8375 
4.2001 -0.4499 2.1501 0.8917 0.8780 
4.1901 -0.4599 2.1587 0.8594 0.8375 
4.1801 -0.4399 2.1539 0.9351 0.8145 
4.1801 -0.4499 2.1503 0.8875 0.8147 
4.2001 -0.4299 2.1506 0.9796 0.8839 
4.1801 -0.4399 2.1539 0.9351 0.8145 
4.1901 -0.4599 2.1587 0.8594 0.8375 
4.1801 -0.4499 2.1503 0.8875 0.8147 
4.1501 -0.4399 2.1558 0.9307 0.7189 
4.1401 -0.4499 2.1528 0.8821 0.6881 
4.1801 -0.4399 2.1539 0.9351 0.8145 
4.1501 -0.4399 2.1558 0.9307 0.7189 
4.1801 -0.4499 2.1503 0.8875 0.8147 
4.1201 -0.4399 2.1581 0.9270 0.6244 
4.1101 -0.4299 2.1525 0.9612 0.5940 
4.1101 -0.4499 2.1578 0.8823 0.5939 
4.1101 -0.4499 2.1578 0.8823 0.5939 
4.1101 -0.4299 2.1525 0.9612 0.5940 
4.0801 -0.4299 2.1518 0.9535 0.4989 
4.1501 -0.4399 2.1558 0.9307 0.7189 
4.1201 -0.4399 2.1581 0.9270 0.6244 
4.1401 -0.4499 2.1528 0.8821 0.6881 
4.1401 -0.4499 2.1528 0.8821 0.6881 
4.1201 -0.4399 2.1581 0.9270 0.6244 
4.1101 -0.4499 2.1578 0.8823 0.5939 
4.1901 -0.4599 2.1587 0.8594 0.8375 
4.1601 -0.4599 2.1584 0.8526 0.7461 
4.1701 -0.4799 2.1581 0.7747 0.7733 
4.2001 -0.4499 2.1501 0.8917 0.8780 
4.1901 -0.4599 2.1587 0.8594 0.8375 
4.2001 -0.4599 2.1532 0.8539 0.8724 
4.2001 -0.4499 2.1501 0.8917 0.8780 
4.2001 -0.4599 2.1532 0.8539 0.8724 
4.2001 -0.4499 2.1501 0.8917 0.8780 
4.1901 -0.4599 2.1587 0.8594 0.8375 
4.1801 -0.4499 2.1503 0.8875 0.8147 
4.1601 -0.4599 2.1584 0.8526 0.7461 
4.1601 -0.4599 2.1584 0.8526 0.7461 
4.1801 -0.4499 2.1503 0.8875 0.8147 
4.1401 -0.4499 2.1528 0.8821 0.6881 
4.2001 -0.4599 2.1532 0.8539 0.8724 
4.1901 -0.4599 2.1587 0.8594 0.8375 
4.2101 -0.4799 2.1556 0.7790 0.8949 
4.1701 -0.4799 2.1581 0.7747 0.7733 
4.1601 -0.4599 2.1584 0.8526 0.7461 
4.1601 -0.4799 2.1567 0.7705 0.7442 
4.2101 -0.4799 2.1556 0.7790 0.8949 
4.1901 -0.4599 2.1587 0.8594 0.8375 
4.1901 -0.4799 2.1465 0.7608 0.8412 
4.1901 -0.4599 2.1587 0.8594 0.8375 
4.1701 -0.4799 2.1581 0.7747 0.7733 
4.1901 -0.4799 2.1465 0.7608 0.8412 
4.1901 -0.4799 2.1465 0.7608 0.8412 
4.1701 -0.4799 2.1581 0.7747 0.7733 
4.1901 -0.4899 2.1540 0.7338 0.8334 
4.1701 -0.4799 2.1581 0.7747 0.7733 
4.1601 -0.4799 2.1567 0.7705 0.7442 
4.1701 -0.4899 2.1527 0.7277 0.7747 
4.1701 -0.4899 2.1527 0.7277 0.7747 
4.1601 -0.4799 2.1567 0.7705 0.7442 
4.1501 -0.4899 2.1576 0.7315 0.7130 
4.1901 -0.5115 2.1501 0.6466 0.8310 
4.1701 -0.4799 2.1581 0.7747 0.7733 
4.1701 -0.4899 2.1527 0.7277 0.7747 
4.1901 -0.4899 2.1540 0.7338 0.8334 
4.1701 -0.4799 2.1581 0.7747 0.7733 
4.1901 -0.5115 2.1501 0.6466 0.8310 
4.1701 -0.4899 2.1527 0.7277 0.7747 
4.1601 -0.4999 2.1571 0.6953 0.7414 
4.1701 -0.4999 2.1472 0.6807 0.7760 
4.1701 -0.4899 2.1527 0.7277 0.7747 
4.1501 -0.4899 2.1576 0.7315 0.7130 
4.1601 -0.4999 2.1571 0.6953 0.7414 
4.1201 -0.4799 2.1601 0.7676 0.6243 
4.1201 -0.4799 2.1601 0.7676 0.6243 
4.1201 -0.4799 2.1601 0.7676 0.6243 
4.1001 -0.4799 2.1664 0.7731 0.5646 
4.1201 -0.4799 2.1601 0.7676 0.6243 
4.1101 -0.4705 2.1601 0.8020 0.5944 
4.1101 -0.4705 2.1601 0.8020 0.5944 
4.1201 -0.4799 2.1601 0.7676 0.6243 
4.1201 -0.4799 2.1601 0.7676 0.6243 
4.0901 -0.4709 2.1601 0.7965 0.5350 
4.1001 -0.4799 2.1664 0.7731 0.5646 
4.1101 -0.4705 2.1601 0.8020 0.5944 
4.1201 -0.4799 2.1601 0.7676 0.6243 
4.1201 -0.4799 2.1601 0.7676 0.6243 
4.1201 -0.4799 2.1601 0.7676 0.6243 
4.1201 -0.4799 2.1601 0.7676 0.6243 
4.1001 -0.4799 2.1664 0.7731 0.5646 
4.1101 -0.4899 2.1619 0.7305 0.5949 
4.1201 -0.4799 2.1601 0.7676 0.6243 
4.1201 -0.4799 2.1601 0.7676 0.6243 
4.1101 -0.4899 2.1619 0.7305 0.5949 
4.1201 -0.4799 2.1601 0.7676 0.6243 
4.1101 -0.4899 2.1619 0.7305 0.5949 
4.1201 -0.4899 2.1591 0.7281 0.6246 
4.1201 -0.4899 2.1591 0.7281 0.6246 
4.1101 -0.4899 2.1619 0.7305 0.5949 
4.1101 -0.4999 2.1581 0.6873 0.5960 
4.1101 -0.4999 2.1581 0.6873 0.5960 
4.1101 -0.4899 2.1619 0.7305 0.5949 
4.0901 -0.4999 2.1611 0.6883 0.5382 
4.1301 -0.4599 2.1572 0.8446 0.6552 
4.1601 -0.4599 2.1584 0.8526 0.7461 
4.1401 -0.4499 2.1528 0.8821 0.6881 
4.1101 -0.4499 2.1578 0.8823 0.5939 
4.1301 -0.4599 2.1572 0.8446 0.6552 
4.1401 -0.4499 2.1528 0.8821 0.6881 
4.1601 -0.4599 2.1584 0.8526 0.7461 
4.1301 -0.4599 2.1572 0.8446 0.6552 
4.1601 -0.4799 2.1567 0.7705 0.7442 
4.1601 -0.4799 2.1567 0.7705 0.7442 
4.1301 -0.4599 2.1572 0.8446 0.6552 
4.1301 -0.4799 2.1547 0.7615 0.6554 
4.1301 -0.4799 2.1547 0.7615 0.6554 
4.1101 -0.4499 2.1578 0.8823 0.5939 
4.1101 -0.4705 2.1601 0.8020 0.5944 
4.1301 -0.4599 2.1572 0.8446 0.6552 
4.1101 -0.4499 2.1578 0.8823 0.5939 
4.1301 -0.4799 2.1547 0.7615 0.6554 
4.1201 -0.4799 2.1601 0.7676 0.6243 
4.1201 -0.4799 2.1601 0.7676 0.6243 
4.1301 -0.4799 2.1547 0.7615 0.6554 
4.1201 -0.4799 2.1601 0.7676 0.6243 
4.1301 -0.4799 2.1547 0.7615 0.6554 
4.1101 -0.4705 2.1601 0.8020 0.5944 
4.1601 -0.4799 2.1567 0.7705 0.7442 
4.1301 -0.4799 2.1547 0.7615 0.6554 
4.1501 -0.4899 2.1576 0.7315 0.7130 
4.1501 -0.4899 2.1576 0.7315 0.7130 
4.1301 -0.4799 2.1547 0.7615 0.6554 
4.1201 -0.4899 2.1591 0.7281 0.6246 
4.1201 -0.4799 2.1601 0.7676 0.6243 
4.1201 -0.4899 2.1591 0.7281 0.6246 
4.1301 -0.4799 2.1547 0.7615 0.6554 
4.1201 -0.4799 2.1601 0.7676 0.6243 
4.1201 -0.4799 2.1601 0.7676 0.6243 
4.1201 -0.4899 2.1591 0.7281 0.6246 
4.1601 -0.4999 2.1571 0.6953 0.7414 
4.1201 -0.4899 2.1591 0.7281 0.6246 
4.1265 -0.5099 2.1501 0.6403 0.6456 
4.1501 -0.4899 2.1576 0.7315 0.7130 
4.1201 -0.4899 2.1591 0.7281 0.6246 
4.1601 -0.4999 2.1571 0.6953 0.7414 
4.1201 -0.4899 2.1591 0.7281 0.6246 
4.1101 -0.4999 2.1581 0.6873 0.5960 
4.1265 -0.5099 2.1501 0.6403 0.6456 
4.2001 -0.4399 2.1411 0.9233 0.8888 
4.2001 -0.4299 2.1506 0.9796 0.8839 
4.1939 -0.4399 2.1501 0.9334 0.8613 
4.2001 -0.4499 2.1501 0.8917 0.8780 
4.2001 -0.4499 2.1501 0.8917 0.8780 
4.1939 -0.4399 2.1501 0.9334 0.8613 
4.2001 -0.4499 2.1501 0.8917 0.8780 
4.2001 -0.4399 2.1411 0.9233 0.8888 
4.1939 -0.4399 2.1501 0.9334 0.8613 
4.2001 -0.4499 2.1501 0.8917 0.8780 
4.2001 -0.4499 2.1501 0.8917 0.8780 
4.2001 -0.4499 2.1501 0.8917 0.8780 
4.2101 -0.4799 2.1556 0.7790 0.8949 
4.1901 -0.4799 2.1465 0.7608 0.8412 
4.1901 -0.4899 2.1540 0.7338 0.8334 
4.2001 -0.4999 2.1423 0.6782 0.8693 
4.1901 -0.4899 2.1540 0.7338 0.8334 
4.1901 -0.5115 2.1501 0.6466 0.8310 
4.0801 -0.4299 2.1518 0.9535 0.4989 
4.0601 -0.4399 2.1614 0.9178 0.4394 
4.0801 -0.4499 2.1580 0.8761 0.5022 
4.0501 -0.4399 2.1596 0.9135 0.4086 
4.0701 -0.4599 2.1621 0.8389 0.4739 
4.0601 -0.4399 2.1614 0.9178 0.4394 
4.0701 -0.4299 2.1460 0.9441 0.4668 
4.0401 -0.4199 2.1618 1.0000 0.3723 
4.0401 -0.4299 2.1597 0.9540 0.3750 
4.0701 -0.4299 2.1460 0.9441 0.4668 
4.0401 -0.4299 2.1597 0.9540 0.3750 
4.0601 -0.4399 2.1614 0.9178 0.4394 
4.0701 -0.4299 2.1460 0.9441 0.4668 
4.0601 -0.4399 2.1614 0.9178 0.4394 
4.0801 -0.4299 2.1518 0.9535 0.4989 
4.0501 -0.4399 2.1596 0.9135 0.4086 
4.0601 -0.4399 2.1614 0.9178 0.4394 
4.0401 -0.4299 2.1597 0.9540 0.3750 
4.1101 -0.4499 2.1578 0.8823 0.5939 
4.0901 -0.4399 2.1510 0.9112 0.5319 
4.1101 -0.4705 2.1601 0.8020 0.5944 
4.0801 -0.4299 2.1518 0.9535 0.4989 
4.0901 -0.4399 2.1510 0.9112 0.5319 
4.1101 -0.4499 2.1578 0.8823 0.5939 
4.1101 -0.4705 2.1601 0.8020 0.5944 
4.0901 -0.4399 2.1510 0.9112 0.5319 
4.0801 -0.4499 2.1580 0.8761 0.5022 
4.0801 -0.4299 2.1518 0.9535 0.4989 
4.0801 -0.4499 2.1580 0.8761 0.5022 
4.0901 -0.4399 2.1510 0.9112 0.5319 
4.0401 -0.4299 2.1597 0.9540 0.3750 
4.0101 -0.4399 2.1518 0.8945 0.2836 
4.0501 -0.4399 2.1596 0.9135 0.4086 
4.0101 -0.4399 2.1518 0.8945 0.2836 
4.0301 -0.4599 2.1558 0.8216 0.3533 
4.0501 -0.4399 2.1596 0.9135 0.4086 
4.0101 -0.4299 2.1624 0.9506 0.2842 
4.0101 -0.4399 2.1518 0.8945 0.2836 
4.0401 -0.4299 2.1597 0.9540 0.3750 
4.0101 -0.4399 2.1518 0.8945 0.2836 
4.0001 -0.4299 2.1580 0.9429 0.2516 
4.0001 -0.4399 2.1580 0.9005 0.2563 
4.0101 -0.4299 2.1624 0.9506 0.2842 
4.0001 -0.4299 2.1580 0.9429 0.2516 
4.0101 -0.4399 2.1518 0.8945 0.2836 
4.0301 -0.4599 2.1558 0.8216 0.3533 
4.0401 -0.4499 2.1525 0.8601 0.3793 
4.0501 -0.4399 2.1596 0.9135 0.4086 
4.0001 -0.4399 2.1580 0.9005 0.2563 
4.0001 -0.4599 2.1566 0.8166 0.2646 
4.0101 -0.4399 2.1518 0.8945 0.2836 
4.0601 -0.4399 2.1614 0.9178 0.4394 
4.0701 -0.4599 2.1621 0.8389 0.4739 
4.0801 -0.4499 2.1580 0.8761 0.5022 
4.0701 -0.4599 2.1621 0.8389 0.4739 
4.0501 -0.4399 2.1596 0.9135 0.4086 
4.0501 -0.4599 2.1618 0.8343 0.4144 
4.0701 -0.4599 2.1621 0.8389 0.4739 
4.0601 -0.4699 2.1669 0.8043 0.4469 
4.0901 -0.4709 2.1601 0.7965 0.5350 
4.0601 -0.4699 2.1669 0.8043 0.4469 
4.0501 -0.4599 2.1618 0.8343 0.4144 
4.0501 -0.4899 2.1590 0.7142 0.4215 
4.0701 -0.4599 2.1621 0.8389 0.4739 
4.0501 -0.4599 2.1618 0.8343 0.4144 
4.0601 -0.4699 2.1669 0.8043 0.4469 
4.0901 -0.4709 2.1601 0.7965 0.5350 
4.0601 -0.4699 2.1669 0.8043 0.4469 
4.0601 -0.4799 2.1555 0.7485 0.4478 
4.0601 -0.4799 2.1555 0.7485 0.4478 
4.0601 -0.4699 2.1669 0.8043 0.4469 
4.0501 -0.4899 2.1590 0.7142 0.4215 
4.1101 -0.4899 2.1619 0.7305 0.5949 
4.1001 -0.4799 2.1664 0.7731 0.5646 
4.0901 -0.4999 2.1611 0.6883 0.5382 
4.0901 -0.4999 2.1611 0.6883 0.5382 
4.1001 -0.4799 2.1664 0.7731 0.5646 
4.0901 -0.4709 2.1601 0.7965 0.5350 
4.0901 -0.4999 2.1611 0.6883 0.5382 
4.0601 -0.4799 2.1555 0.7485 0.4478 
4.0601 -0.4999 2.1593 0.6797 0.4524 
4.0501 -0.4899 2.1590 0.7142 0.4215 
4.0301 -0.4999 2.1654 0.6840 0.3687 
4.0601 -0.4999 2.1593 0.6797 0.4524 
4.1101 -0.4705 2.1601 0.8020 0.5944 
4.0801 -0.4499 2.1580 0.8761 0.5022 
4.0901 -0.4709 2.1601 0.7965 0.5350 
4.0801 -0.4499 2.1580 0.8761 0.5022 
4.0701 -0.4599 2.1621 0.8389 0.4739 
4.0901 -0.4709 2.1601 0.7965 0.5350 
4.0901 -0.4999 2.1611 0.6883 0.5382 
4.0901 -0.4709 2.1601 0.7965 0.5350 
4.0601 -0.4799 2.1555 0.7485 0.4478 
4.0501 -0.4899 2.1590 0.7142 0.4215 
4.0601 -0.4999 2.1593 0.6797 0.4524 
4.0601 -0.4799 2.1555 0.7485 0.4478 
4.0401 -0.4499 2.1525 0.8601 0.3793 
4.0501 -0.4599 2.1618 0.8343 0.4144 
4.0501 -0.4399 2.1596 0.9135 0.4086 
4.0501 -0.4899 2.1590 0.7142 0.4215 
4.0501 -0.4599 2.1618 0.8343 0.4144 
4.0301 -0.4699 2.1624 0.7917 0.3586 
4.0301 -0.4999 2.1654 0.6840 0.3687 
4.0501 -0.4899 2.1590 0.7142 0.4215 
4.0301 -0.4799 2.1595 0.7489 0.3610 
4.0201 -0.5060 2.1501 0.6343 0.3378 
4.0301 -0.4999 2.1654 0.6840 0.3687 
4.0301 -0.4799 2.1595 0.7489 0.3610 
4.0501 -0.4599 2.1618 0.8343 0.4144 
4.0401 -0.4499 2.1525 0.8601 0.3793 
4.0301 -0.4599 2.1558 0.8216 0.3533 
4.0301 -0.4599 2.1558 0.8216 0.3533 
4.0101 -0.4399 2.1518 0.8945 0.2836 
4.0001 -0.4599 2.1566 0.8166 0.2646 
4.0501 -0.4599 2.1618 0.8343 0.4144 
4.0301 -0.4599 2.1558 0.8216 0.3533 
4.0301 -0.4699 2.1624 0.7917 0.3586 
4.0301 -0.4599 2.1558 0.8216 0.3533 
4.0001 -0.4599 2.1566 0.8166 0.2646 
4.0301 -0.4699 2.1624 0.7917 0.3586 
4.0001 -0.4699 2.1563 0.7765 0.2687 
4.0301 -0.4699 2.1624 0.7917 0.3586 
4.0001 -0.4599 2.1566 0.8166 0.2646 
4.0301 -0.4699 2.1624 0.7917 0.3586 
4.0301 -0.4799 2.1595 0.7489 0.3610 
4.0501 -0.4899 2.1590 0.7142 0.4215 
4.0001 -0.4699 2.1563 0.7765 0.2687 
4.0301 -0.4799 2.1595 0.7489 0.3610 
4.0301 -0.4699 2.1624 0.7917 0.3586 
4.0301 -0.4799 2.1595 0.7489 0.3610 
4.0001 -0.4699 2.1563 0.7765 0.2687 
4.0001 -0.4999 2.1610 0.6713 0.2832 
4.0001 -0.4999 2.1610 0.6713 0.2832 
4.0001 -0.4699 2.1563 0.7765 0.2687 
3.9901 -0.4899 2.1587 0.7022 0.2499 
4.0201 -0.5060 2.1501 0.6343 0.3378 
4.0301 -0.4799 2.1595 0.7489 0.3610 
4.0001 -0.4999 2.1610 0.6713 0.2832 
4.0001 -0.4299 2.1580 0.9429 0.2516 
3.9701 -0.4199 2.1597 0.9817 0.1574 
3.9501 -0.4299 2.1601 0.9345 0.1069 
3.9701 -0.4199 2.1597 0.9817 0.1574 
3.9601 -0.4199 2.1530 0.9716 0.1232 
3.9501 -0.4299 2.1601 0.9345 0.1069 
4.0001 -0.4399 2.1580 0.9005 0.2563 
4.0001 -0.4299 2.1580 0.9429 0.2516 
3.9801 -0.4399 2.1547 0.8918 0.1945 
3.9501 -0.4299 2.1601 0.9345 0.1069 
3.9501 -0.4399 2.1569 0.8881 0.1102 
4.0001 -0.4299 2.1580 0.9429 0.2516 
3.9501 -0.4399 2.1569 0.8881 0.1102 
3.9801 -0.4399 2.1547 0.8918 0.1945 
4.0001 -0.4299 2.1580 0.9429 0.2516 
4.0001 -0.4599 2.1566 0.8166 0.2646 
4.0001 -0.4399 2.1580 0.9005 0.2563 
3.9901 -0.4499 2.1518 0.8482 0.2276 
3.9801 -0.4399 2.1547 0.8918 0.1945 
3.9901 -0.4499 2.1518 0.8482 0.2276 
4.0001 -0.4399 2.1580 0.9005 0.2563 
3.9801 -0.4399 2.1547 0.8918 0.1945 
3.9501 -0.4399 2.1569 0.8881 0.1102 
3.9701 -0.4499 2.1613 0.8572 0.1751 
3.9401 -0.4299 2.1673 0.9410 0.0868 
3.9501 -0.4299 2.1601 0.9345 0.1069 
3.9301 -0.4199 2.1606 0.9736 0.0582 
3.9501 -0.4299 2.1601 0.9345 0.1069 
3.9401 -0.4299 2.1673 0.9410 0.0868 
3.9401 -0.4399 2.1601 0.8902 0.0870 
3.9401 -0.4399 2.1601 0.8902 0.0870 
3.9401 -0.4299 2.1673 0.9410 0.0868 
3.9301 -0.4399 2.1616 0.8900 0.0664 
3.9401 -0.4399 2.1601 0.8902 0.0870 
3.9301 -0.4399 2.1616 0.8900 0.0664 
3.9401 -0.4399 2.1601 0.8902 0.0870 
3.9401 -0.4399 2.1601 0.8902 0.0870 
3.9301 -0.4399 2.1616 0.8900 0.0664 
3.9401 -0.4499 2.1599 0.8489 0.0923 
3.9501 -0.4299 2.1601 0.9345 0.1069 
3.9601 -0.4199 2.1530 0.9716 0.1232 
3.9301 -0.4199 2.1606 0.9736 0.0582 
3.9401 -0.4399 2.1601 0.8902 0.0870 
3.9401 -0.4399 2.1601 0.8902 0.0870 
3.9501 -0.4299 2.1601 0.9345 0.1069 
3.9401 -0.4399 2.1601 0.8902 0.0870 
3.9501 -0.4399 2.1569 0.8881 0.1102 
3.9501 -0.4299 2.1601 0.9345 0.1069 
3.9401 -0.4399 2.1601 0.8902 0.0870 
3.9401 -0.4399 2.1601 0.8902 0.0870 
3.9401 -0.4399 2.1601 0.8902 0.0870 
3.9401 -0.4499 2.1599 0.8489 0.0923 
3.9501 -0.4399 2.1569 0.8881 0.1102 
3.9401 -0.4399 2.1601 0.8902 0.0870 
3.9401 -0.4499 2.1599 0.8489 0.0923 
3.9401 -0.4399 2.1601 0.8902 0.0870 
3.9401 -0.4399 2.1601 0.8902 0.0870 
3.9301 -0.4399 2.1616 0.8900 0.0664 
3.9201 -0.4399 2.1561 0.8807 0.0529 
3.9201 -0.4499 2.1626 0.8485 0.0559 
3.9801 -0.4399 2.1547 0.8918 0.1945 
3.9701 -0.4499 2.1613 0.8572 0.1751 
3.9801 -0.4599 2.1501 0.8029 0.2020 
3.9889 -0.4599 2.1601 0.8193 0.2335 
3.9801 -0.4698 2.1601 0.7786 0.2130 
4.0001 -0.4699 2.1563 0.7765 0.2687 
3.9601 -0.4899 2.1597 0.6980 0.1671 
3.9701 -0.4499 2.1613 0.8572 0.1751 
3.9401 -0.4699 2.1600 0.7700 0.1034 
3.9601 -0.4999 2.1670 0.6736 0.1768 
4.0001 -0.4999 2.1610 0.6713 0.2832 
3.9801 -0.4899 2.1522 0.6897 0.2182 
3.9601 -0.4899 2.1597 0.6980 0.1671 
3.9601 -0.4999 2.1670 0.6736 0.1768 
3.9801 -0.4899 2.1522 0.6897 0.2182 
3.9501 -0.4899 2.1556 0.6894 0.1373 
3.9601 -0.4999 2.1670 0.6736 0.1768 
3.9601 -0.4899 2.1597 0.6980 0.1671 
3.9889 -0.4599 2.1601 0.8193 0.2335 
4.0001 -0.4599 2.1566 0.8166 0.2646 
3.9901 -0.4499 2.1518 0.8482 0.2276 
3.9801 -0.4599 2.1501 0.8029 0.2020 
3.9889 -0.4599 2.1601 0.8193 0.2335 
3.9901 -0.4499 2.1518 0.8482 0.2276 
3.9801 -0.4599 2.1501 0.8029 0.2020 
3.9801 -0.4599 2.1501 0.8029 0.2020 
3.9901 -0.4499 2.1518 0.8482 0.2276 
3.9801 -0.4599 2.1501 0.8029 0.2020 
3.9901 -0.4499 2.1518 0.8482 0.2276 
3.9801 -0.4399 2.1547 0.8918 0.1945 
3.9701 -0.4599 2.1524 0.8042 0.1744 
3.9801 -0.4599 2.1501 0.8029 0.2020 
3.9701 -0.4499 2.1613 0.8572 0.1751 
3.9701 -0.4599 2.1524 0.8042 0.1744 
3.9801 -0.4599 2.1501 0.8029 0.2020 
3.9801 -0.4599 2.1501 0.8029 0.2020 
4.0001 -0.4699 2.1563 0.7765 0.2687 
4.0001 -0.4599 2.1566 0.8166 0.2646 
3.9889 -0.4599 2.1601 0.8193 0.2335 
3.9801 -0.4698 2.1601 0.7786 0.2130 
3.9889 -0.4599 2.1601 0.8193 0.2335 
3.9801 -0.4599 2.1501 0.8029 0.2020 
3.9889 -0.4599 2.1601 0.8193 0.2335 
3.9801 -0.4599 2.1501 0.8029 0.2020 
3.9801 -0.4599 2.1501 0.8029 0.2020 
3.9801 -0.4599 2.1501 0.8029 0.2020 
3.9801 -0.4698 2.1601 0.7786 0.2130 
3.9801 -0.4599 2.1501 0.8029 0.2020 
3.9801 -0.4599 2.1501 0.8029 0.2020 
3.9701 -0.4599 2.1524 0.8042 0.1744 
3.9801 -0.4698 2.1601 0.7786 0.2130 
3.9601 -0.4899 2.1597 0.6980 0.1671 
3.9701 -0.4599 2.1524 0.8042 0.1744 
3.9701 -0.4499 2.1613 0.8572 0.1751 
3.9801 -0.4698 2.1601 0.7786 0.2130 
3.9701 -0.4599 2.1524 0.8042 0.1744 
3.9801 -0.4899 2.1522 0.6897 0.2182 
3.9801 -0.4899 2.1522 0.6897 0.2182 
3.9701 -0.4599 2.1524 0.8042 0.1744 
3.9601 -0.4899 2.1597 0.6980 0.1671 
3.9401 -0.4699 2.1600 0.7700 0.1034 
3.9501 -0.4899 2.1556 0.6894 0.1373 
3.9601 -0.4899 2.1597 0.6980 0.1671 
3.9901 -0.4899 2.1587 0.7022 0.2499 
3.9801 -0.4698 2.1601 0.7786 0.2130 
3.9801 -0.4899 2.1522 0.6897 0.2182 
4.0001 -0.4699 2.1563 0.7765 0.2687 
3.9801 -0.4698 2.1601 0.7786 0.2130 
3.9901 -0.4899 2.1587 0.7022 0.2499 
4.0001 -0.4999 2.1610 0.6713 0.2832 
3.9901 -0.4899 2.1587 0.7022 0.2499 
3.9801 -0.4899 2.1522 0.6897 0.2182 
3.9401 -0.4699 2.1600 0.7700 0.1034 
3.9701 -0.4499 2.1613 0.8572 0.1751 
3.9501 -0.4399 2.1569 0.8881 0.1102 
3.9401 -0.4499 2.1599 0.8489 0.0923 
3.9401 -0.4699 2.1600 0.7700 0.1034 
3.9501 -0.4399 2.1569 0.8881 0.1102 
3.9301 -0.4399 2.1616 0.8900 0.0664 
3.9201 -0.4499 2.1626 0.8485 0.0559 
3.9401 -0.4699 2.1600 0.7700 0.1034 
3.9401 -0.4499 2.1599 0.8489 0.0923 
3.9301 -0.4399 2.1616 0.8900 0.0664 
3.9401 -0.4699 2.1600 0.7700 0.1034 
3.9401 -0.4699 2.1600 0.7700 0.1034 
3.9201 -0.4499 2.1626 0.8485 0.0559 
3.9201 -0.4699 2.1622 0.7694 0.0620 
3.9401 -0.4699 2.1600 0.7700 0.1034 
3.9201 -0.4699 2.1622 0.7694 0.0620 
3.9401 -0.4999 2.1646 0.6660 0.1229 
3.9101 -0.4699 2.1601 0.7642 0.0527 
3.9101 -0.4799 2.1618 0.7289 0.0537 
3.9201 -0.4699 2.1622 0.7694 0.0620 
3.9101 -0.4699 2.1601 0.7642 0.0527 
3.9201 -0.4699 2.1622 0.7694 0.0620 
3.9101 -0.4699 2.1601 0.7642 0.0527 
3.9101 -0.4699 2.1601 0.7642 0.0527 
3.9101 -0.4799 2.1618 0.7289 0.0537 
3.9101 -0.4699 2.1601 0.7642 0.0527 
3.9501 -0.4899 2.1556 0.6894 0.1373 
3.9401 -0.4999 2.1646 0.6660 0.1229 
3.9601 -0.4999 2.1670 0.6736 0.1768 
3.9401 -0.4999 2.1646 0.6660 0.1229 
3.9201 -0.4699 2.1622 0.7694 0.0620 
3.9301 -0.4999 2.1670 0.6681 0.1000 
3.9201 -0.4699 2.1622 0.7694 0.0620 
3.9101 -0.4799 2.1618 0.7289 0.0537 
3.9301 -0.4999 2.1670 0.6681 0.1000 
3.9501 -0.4899 2.1556 0.6894 0.1373 
3.9401 -0.4699 2.1600 0.7700 0.1034 
3.9401 -0.4999 2.1646 0.6660 0.1229 
3.9101 -0.4699 2.1601 0.7642 0.0527 
3.9101 -0.4699 2.1601 0.7642 0.0527 
3.9101 -0.4699 2.1601 0.7642 0.0527 
3.9101 -0.4699 2.1601 0.7642 0.0527 
3.9101 -0.4699 2.1601 0.7642 0.0527 
3.9101 -0.4699 2.1601 0.7642 0.0527 
3.9801 -0.4599 2.1501 0.8029 0.2020 
3.9801 -0.4599 2.1501 0.8029 0.2020 
3.9801 -0.4599 2.1501 0.8029 0.2020 
3.9801 -0.4599 2.1501 0.8029 0.2020 
3.9801 -0.4599 2.1501 0.8029 0.2020 
3.9801 -0.4599 2.1501 0.8029 0.2020 
3.9801 -0.4599 2.1501 0.8029 0.2020 
3.9801 -0.4599 2.1501 0.8029 0.2020 
3.9801 -0.4599 2.1501 0.8029 0.2020 
3.9801 -0.4599 2.1501 0.8029 0.2020 
3.9801 -0.4599 2.1501 0.8029 0.2020 
3.9801 -0.4599 2.1501 0.8029 0.2020 
4.2286 -0.5099 2.1501 0.6597 0.9444 
4.2301 -0.4899 2.1543 0.7422 0.9527 
4.2201 -0.4999 2.1501 0.6953 0.9229 
4.2286 -0.5099 2.1501 0.6597 0.9444 
4.2201 -0.4999 2.1501 0.6953 0.9229 
4.2201 -0.4999 2.1501 0.6953 0.9229 
4.2201 -0.4999 2.1501 0.6953 0.9229 
4.2201 -0.4999 2.1501 0.6953 0.9229 
4.2201 -0.4999 2.1501 0.6953 0.9229 
4.2501 -0.5353 2.1501 0.5726 0.9972 
4.2201 -0.4999 2.1497 0.6947 0.9233 
4.2201 -0.5699 2.1472 0.4463 0.9029 
4.2201 -0.5699 2.1472 0.4463 0.9029 
4.2201 -0.4999 2.1497 0.6947 0.9233 
4.2001 -0.5947 2.1401 0.3512 0.8464 
4.2501 -0.6008 2.1401 0.3407 0.9806 
4.2501 -0.5353 2.1501 0.5726 0.9972 
4.2301 -0.5892 2.1401 0.3726 0.9300 
4.2501 -0.5353 2.1501 0.5726 0.9972 
4.2201 -0.5699 2.1472 0.4463 0.9029 
4.2301 -0.5892 2.1401 0.3726 0.9300 
4.2301 -0.5892 2.1401 0.3726 0.9300 
4.2201 -0.5699 2.1472 0.4463 0.9029 
4.2201 -0.5899 2.1464 0.3822 0.8976 
4.2201 -0.5899 2.1464 0.3822 0.8976 
4.2201 -0.5699 2.1472 0.4463 0.9029 
4.2001 -0.5947 2.1401 0.3512 0.8464 
4.2401 -0.5999 2.1301 0.3200 0.9623 
4.2501 -0.6008 2.1401 0.3407 0.9806 
4.2301 -0.5892 2.1401 0.3726 0.9300 
4.2301 -0.5911 2.1301 0.3452 0.9376 
4.2401 -0.5999 2.1301 0.3200 0.9623 
4.2301 -0.5892 2.1401 0.3726 0.9300 
4.2301 -0.5892 2.1401 0.3726 0.9300 
4.2201 -0.5899 2.1464 0.3822 0.8976 
4.2301 -0.5911 2.1301 0.3452 0.9376 
4.2101 -0.5899 2.1201 0.3235 0.8895 
4.2201 -0.5899 2.1464 0.3822 0.8976 
4.2001 -0.5947 2.1401 0.3512 0.8464 
4.2301 -0.5911 2.1301 0.3452 0.9376 
4.2201 -0.5899 2.1464 0.3822 0.8976 
4.2101 -0.5899 2.1201 0.3235 0.8895 
4.2101 -0.5899 2.1201 0.3235 0.8895 
4.2001 -0.5947 2.1401 0.3512 0.8464 
4.2001 -0.5921 2.1201 0.3149 0.8605 
4.2401 -0.5999 2.1301 0.3200 0.9623 
4.2301 -0.5911 2.1301 0.3452 0.9376 
4.2401 -0.5899 2.1235 0.3361 0.9720 
4.2401 -0.5899 2.1235 0.3361 0.9720 
4.2301 -0.5911 2.1301 0.3452 0.9376 
4.2101 -0.5899 2.1201 0.3235 0.8895 
4.2301 -0.5799 2.1116 0.3391 0.9579 
4.2101 -0.5899 2.1201 0.3235 0.8895 
4.2301 -0.5893 2.1001 0.2814 0.9650 
4.2301 -0.5799 2.1116 0.3391 0.9579 
4.2401 -0.5899 2.1235 0.3361 0.9720 
4.2101 -0.5899 2.1201 0.3235 0.8895 
4.2301 -0.5893 2.1001 0.2814 0.9650 
4.2101 -0.5899 2.1201 0.3235 0.8895 
4.2201 -0.5962 2.1101 0.2823 0.9242 
4.2101 -0.5899 2.1201 0.3235 0.8895 
4.2101 -0.5891 2.1001 0.2789 0.9056 
4.2201 -0.5962 2.1101 0.2823 0.9242 
4.1901 -0.5941 2.1101 0.2841 0.8383 
4.2101 -0.5899 2.1201 0.3235 0.8895 
4.2001 -0.5921 2.1201 0.3149 0.8605 
4.2101 -0.5891 2.1001 0.2789 0.9056 
4.2101 -0.5899 2.1201 0.3235 0.8895 
4.1901 -0.5941 2.1101 0.2841 0.8383 
4.1701 -0.4999 2.1472 0.6807 0.7760 
4.1901 -0.5115 2.1501 0.6466 0.8310 
4.1701 -0.4899 2.1527 0.7277 0.7747 
4.1701 -0.4999 2.1472 0.6807 0.7760 
4.1601 -0.4999 2.1571 0.6953 0.7414 
4.1265 -0.5099 2.1501 0.6403 0.6456 
4.1501 -0.5287 2.1501 0.5776 0.7125 
4.1501 -0.5299 2.1509 0.5749 0.7121 
4.1534 -0.5299 2.1501 0.5740 0.7219 
4.1534 -0.5299 2.1501 0.5740 0.7219 
4.1501 -0.5299 2.1509 0.5749 0.7121 
4.1501 -0.5308 2.1501 0.5703 0.7124 
4.1265 -0.5099 2.1501 0.6403 0.6456 
4.1101 -0.4999 2.1581 0.6873 0.5960 
4.1101 -0.5155 2.1501 0.6171 0.5982 
4.1101 -0.4999 2.1581 0.6873 0.5960 
4.0901 -0.5090 2.1501 0.6366 0.5400 
4.1101 -0.5155 2.1501 0.6171 0.5982 
4.1101 -0.4999 2.1581 0.6873 0.5960 
4.0901 -0.4999 2.1611 0.6883 0.5382 
4.0901 -0.5090 2.1501 0.6366 0.5400 
4.1501 -0.5287 2.1501 0.5776 0.7125 
4.1501 -0.5308 2.1501 0.5703 0.7124 
4.1501 -0.5299 2.1509 0.5749 0.7121 
4.1101 -0.5499 2.1522 0.5027 0.5991 
4.1201 -0.5492 2.1501 0.5026 0.6272 
4.1101 -0.5480 2.1501 0.5050 0.5994 
4.1801 -0.5875 2.1501 0.3907 0.7879 
4.1401 -0.5899 2.1542 0.3855 0.6793 
4.1401 -0.5999 2.1529 0.3532 0.6792 
4.1201 -0.5492 2.1501 0.5026 0.6272 
4.1101 -0.5499 2.1522 0.5027 0.5991 
4.1101 -0.5535 2.1501 0.4869 0.5996 
4.1101 -0.5480 2.1501 0.5050 0.5994 
4.1101 -0.5535 2.1501 0.4869 0.5996 
4.1101 -0.5499 2.1522 0.5027 0.5991 
4.1001 -0.5877 2.1501 0.3776 0.5742 
4.1401 -0.5899 2.1542 0.3855 0.6793 
4.1801 -0.5875 2.1501 0.3907 0.7879 
4.1401 -0.5899 2.1542 0.3855 0.6793 
4.1001 -0.5877 2.1501 0.3776 0.5742 
4.1401 -0.5999 2.1529 0.3532 0.6792 
4.1001 -0.5877 2.1501 0.3776 0.5742 
4.0901 -0.5999 2.1551 0.3503 0.5483 
4.1401 -0.5999 2.1529 0.3532 0.6792 
4.1192 -0.4999 2.1501 0.6757 0.6241 
4.1303 -0.5099 2.1501 0.6410 0.6565 
4.1201 -0.4999 2.1498 0.6753 0.6270 
4.2001 -0.5947 2.1401 0.3512 0.8464 
4.2201 -0.4999 2.1497 0.6947 0.9233 
4.1899 -0.5799 2.1501 0.4157 0.8156 
4.1587 -0.5999 2.1501 0.3503 0.7292 
4.1501 -0.5560 2.1501 0.4853 0.7101 
4.1501 -0.5899 2.1429 0.3638 0.7101 
4.1801 -0.5954 2.1301 0.3241 0.7974 
4.1899 -0.5799 2.1501 0.4157 0.8156 
4.1837 -0.5999 2.1501 0.3542 0.7954 
4.1801 -0.5954 2.1301 0.3241 0.7974 
4.1701 -0.5942 2.1501 0.3690 0.7601 
4.1601 -0.5904 2.1301 0.3364 0.7428 
4.1701 -0.5942 2.1501 0.3690 0.7601 
4.1587 -0.5999 2.1501 0.3503 0.7292 
4.1601 -0.5904 2.1301 0.3364 0.7428 
4.1501 -0.5899 2.1429 0.3638 0.7101 
4.1601 -0.5904 2.1301 0.3364 0.7428 
4.1587 -0.5999 2.1501 0.3503 0.7292 
4.1501 -0.5899 2.1429 0.3638 0.7101 
4.1401 -0.5981 2.1401 0.3315 0.6835 
4.1601 -0.5904 2.1301 0.3364 0.7428 
4.2001 -0.5947 2.1401 0.3512 0.8464 
4.1899 -0.5799 2.1501 0.4157 0.8156 
4.1901 -0.5894 2.1301 0.3443 0.8264 
4.1901 -0.5894 2.1301 0.3443 0.8264 
4.1899 -0.5799 2.1501 0.4157 0.8156 
4.1801 -0.5954 2.1301 0.3241 0.7974 
4.2001 -0.5921 2.1201 0.3149 0.8605 
4.2001 -0.5947 2.1401 0.3512 0.8464 
4.1901 -0.5894 2.1301 0.3443 0.8264 
4.1901 -0.5894 2.1301 0.3443 0.8264 
4.1901 -0.5735 2.1201 0.3725 0.8364 
4.2001 -0.5921 2.1201 0.3149 0.8605 
4.1801 -0.6040 2.1201 0.2757 0.8015 
4.1901 -0.5735 2.1201 0.3725 0.8364 
4.1901 -0.5894 2.1301 0.3443 0.8264 
4.1801 -0.6040 2.1201 0.2757 0.8015 
4.1901 -0.5894 2.1301 0.3443 0.8264 
4.1801 -0.5954 2.1301 0.3241 0.7974 
4.1801 -0.6040 2.1201 0.2757 0.8015 
4.1801 -0.5954 2.1301 0.3241 0.7974 
4.1601 -0.5904 2.1301 0.3364 0.7428 
4.1501 -0.5877 2.1101 0.2976 0.7239 
4.1801 -0.6040 2.1201 0.2757 0.8015 
4.1601 -0.5904 2.1301 0.3364 0.7428 
4.1601 -0.5904 2.1301 0.3364 0.7428 
4.1401 -0.5899 2.1201 0.3122 0.6911 
4.1501 -0.5877 2.1101 0.2976 0.7239 
4.1901 -0.5941 2.1101 0.2841 0.8383 
4.2001 -0.5921 2.1201 0.3149 0.8605 
4.1901 -0.5735 2.1201 0.3725 0.8364 
4.1901 -0.5941 2.1101 0.2841 0.8383 
4.1901 -0.5735 2.1201 0.3725 0.8364 
4.1801 -0.6040 2.1201 0.2757 0.8015 
4.1901 -0.5941 2.1101 0.2841 0.8383 
4.1801 -0.6040 2.1201 0.2757 0.8015 
4.1601 -0.5934 2.1101 0.2812 0.7520 
4.1501 -0.5877 2.1101 0.2976 0.7239 
4.1601 -0.5934 2.1101 0.2812 0.7520 
4.1801 -0.6040 2.1201 0.2757 0.8015 
4.1701 -0.5940 2.1001 0.2569 0.7863 
4.1901 -0.5941 2.1101 0.2841 0.8383 
4.1601 -0.5934 2.1101 0.2812 0.7520 
4.1401 -0.5966 2.1001 0.2443 0.6982 
4.1701 -0.5940 2.1001 0.2569 0.7863 
4.1601 -0.5934 2.1101 0.2812 0.7520 
4.1501 -0.5877 2.1101 0.2976 0.7239 
4.1401 -0.5966 2.1001 0.2443 0.6982 
4.1601 -0.5934 2.1101 0.2812 0.7520 
4.1404 -0.5999 2.1501 0.3475 0.6808 
4.1501 -0.5899 2.1429 0.3638 0.7101 
4.1501 -0.5560 2.1501 0.4853 0.7101 
4.1306 -0.5699 2.1501 0.4374 0.6559 
4.1301 -0.5793 2.1401 0.3874 0.6571 
4.1313 -0.5799 2.1501 0.4063 0.6573 
4.1301 -0.5793 2.1401 0.3874 0.6571 
4.1306 -0.5699 2.1501 0.4374 0.6559 
4.1268 -0.5799 2.1501 0.4056 0.6454 
4.1301 -0.5938 2.1501 0.3641 0.6539 
4.1313 -0.5799 2.1501 0.4063 0.6573 
4.1301 -0.5793 2.1401 0.3874 0.6571 
4.1301 -0.5938 2.1501 0.3641 0.6539 
4.1268 -0.5799 2.1501 0.4056 0.6454 
4.1313 -0.5799 2.1501 0.4063 0.6573 
4.1268 -0.5799 2.1501 0.4056 0.6454 
4.1217 -0.5899 2.1301 0.3318 0.6366 
4.1301 -0.5793 2.1401 0.3874 0.6571 
4.1268 -0.5799 2.1501 0.4056 0.6454 
4.1301 -0.5938 2.1501 0.3641 0.6539 
4.1217 -0.5899 2.1301 0.3318 0.6366 
4.1501 -0.5899 2.1429 0.3638 0.7101 
4.1404 -0.5999 2.1501 0.3475 0.6808 
4.1401 -0.5981 2.1401 0.3315 0.6835 
4.1401 -0.5981 2.1401 0.3315 0.6835 
4.1301 -0.5938 2.1501 0.3641 0.6539 
4.1301 -0.5793 2.1401 0.3874 0.6571 
4.1401 -0.5981 2.1401 0.3315 0.6835 
4.1404 -0.5999 2.1501 0.3475 0.6808 
4.1301 -0.5938 2.1501 0.3641 0.6539 
4.1217 -0.5899 2.1301 0.3318 0.6366 
4.1301 -0.5938 2.1501 0.3641 0.6539 
4.1218 -0.5999 2.1501 0.3447 0.6319 
4.1301 -0.5793 2.1401 0.3874 0.6571 
4.1301 -0.5956 2.1301 0.3158 0.6596 
4.1401 -0.5981 2.1401 0.3315 0.6835 
4.1217 -0.5899 2.1301 0.3318 0.6366 
4.1301 -0.5956 2.1301 0.3158 0.6596 
4.1301 -0.5793 2.1401 0.3874 0.6571 
4.1218 -0.5999 2.1501 0.3447 0.6319 
4.1001 -0.5899 2.1265 0.3203 0.5776 
4.1217 -0.5899 2.1301 0.3318 0.6366 
4.1301 -0.5899 2.1201 0.3106 0.6629 
4.1301 -0.5899 2.1201 0.3106 0.6629 
4.1301 -0.5899 2.1201 0.3106 0.6629 
4.1301 -0.5899 2.1201 0.3106 0.6629 
4.1217 -0.5899 2.1301 0.3318 0.6366 
4.1301 -0.5899 2.1201 0.3106 0.6629 
4.1201 -0.5899 2.1266 0.3238 0.6330 
4.1301 -0.5899 2.1201 0.3106 0.6629 
4.1217 -0.5899 2.1301 0.3318 0.6366 
4.1201 -0.5899 2.1266 0.3238 0.6330 
4.1301 -0.5899 2.1201 0.3106 0.6629 
4.1301 -0.5899 2.1201 0.3106 0.6629 
4.1201 -0.5899 2.1266 0.3238 0.6330 
4.1217 -0.5899 2.1301 0.3318 0.6366 
4.1148 -0.5799 2.1201 0.3394 0.6198 
4.1148 -0.5799 2.1201 0.3394 0.6198 
4.1217 -0.5899 2.1301 0.3318 0.6366 
4.1001 -0.5899 2.1265 0.3203 0.5776 
4.1001 -0.5899 2.1265 0.3203 0.5776 
4.1001 -0.5626 2.1201 0.3928 0.5768 
4.1148 -0.5799 2.1201 0.3394 0.6198 
4.1401 -0.5899 2.1201 0.3122 0.6911 
4.1601 -0.5904 2.1301 0.3364 0.7428 
4.1401 -0.5981 2.1401 0.3315 0.6835 
4.1401 -0.5899 2.1201 0.3122 0.6911 
4.1401 -0.5981 2.1401 0.3315 0.6835 
4.1301 -0.5956 2.1301 0.3158 0.6596 
4.1301 -0.5899 2.1201 0.3106 0.6629 
4.1401 -0.5899 2.1201 0.3122 0.6911 
4.1301 -0.5956 2.1301 0.3158 0.6596 
4.1301 -0.5899 2.1201 0.3106 0.6629 
4.1301 -0.5956 2.1301 0.3158 0.6596 
4.1301 -0.5899 2.1201 0.3106 0.6629 
4.1301 -0.5899 2.1201 0.3106 0.6629 
4.1301 -0.5956 2.1301 0.3158 0.6596 
4.1217 -0.5899 2.1301 0.3318 0.6366 
4.1301 -0.5899 2.1201 0.3106 0.6629 
4.1301 -0.5899 2.1201 0.3106 0.6629 
4.1301 -0.5899 2.1201 0.3106 0.6629 
4.1301 -0.5899 2.1201 0.3106 0.6629 
4.1301 -0.5899 2.1201 0.3106 0.6629 
4.1201 -0.5876 2.1101 0.2929 0.6374 
4.1301 -0.5899 2.1201 0.3106 0.6629 
4.1201 -0.5876 2.1101 0.2929 0.6374 
4.1301 -0.5899 2.1201 0.3106 0.6629 
4.1148 -0.5799 2.1201 0.3394 0.6198 
4.1101 -0.5969 2.1101 0.2628 0.6088 
4.1201 -0.5876 2.1101 0.2929 0.6374 
4.1101 -0.5969 2.1101 0.2628 0.6088 
4.1001 -0.5626 2.1201 0.3928 0.5768 
4.1001 -0.5917 2.1101 0.2771 0.5801 
4.1148 -0.5799 2.1201 0.3394 0.6198 
4.1001 -0.5626 2.1201 0.3928 0.5768 
4.1101 -0.5969 2.1101 0.2628 0.6088 
4.1301 -0.5899 2.1201 0.3106 0.6629 
4.1401 -0.5899 2.1201 0.3122 0.6911 
4.1301 -0.5899 2.1201 0.3106 0.6629 
4.1201 -0.5876 2.1101 0.2929 0.6374 
4.1301 -0.5899 2.1201 0.3106 0.6629 
4.1201 -0.5899 2.1266 0.3238 0.6330 
4.1201 -0.5876 2.1101 0.2929 0.6374 
4.1201 -0.5899 2.1266 0.3238 0.6330 
4.1148 -0.5799 2.1201 0.3394 0.6198 
4.1401 -0.5899 2.1201 0.3122 0.6911 
4.1401 -0.5966 2.1001 0.2443 0.6982 
4.1501 -0.5877 2.1101 0.2976 0.7239 
4.1401 -0.5966 2.1001 0.2443 0.6982 
4.1401 -0.5899 2.1201 0.3122 0.6911 
4.1301 -0.5899 2.1201 0.3106 0.6629 
4.1101 -0.5969 2.1101 0.2628 0.6088 
4.1101 -0.5921 2.1001 0.2533 0.6109 
4.1201 -0.5876 2.1101 0.2929 0.6374 
4.1101 -0.5921 2.1001 0.2533 0.6109 
4.1101 -0.5969 2.1101 0.2628 0.6088 
4.1001 -0.5917 2.1101 0.2771 0.5801 
4.1801 -0.5954 2.1301 0.3241 0.7974 
4.1837 -0.5999 2.1501 0.3542 0.7954 
4.1701 -0.5942 2.1501 0.3690 0.7601 
4.1218 -0.5999 2.1501 0.3447 0.6319 
4.0901 -0.5970 2.1501 0.3485 0.5485 
4.1001 -0.5899 2.1265 0.3203 0.5776 
4.2201 -0.5894 2.0901 0.2547 0.9443 
4.2301 -0.5893 2.1001 0.2814 0.9650 
4.2201 -0.5962 2.1101 0.2823 0.9242 
4.2201 -0.5894 2.0901 0.2547 0.9443 
4.2101 -0.5891 2.1001 0.2789 0.9056 
4.2101 -0.5974 2.0901 0.2282 0.9113 
4.2201 -0.5894 2.0901 0.2547 0.9443 
4.2201 -0.5962 2.1101 0.2823 0.9242 
4.2101 -0.5891 2.1001 0.2789 0.9056 
4.2101 -0.5974 2.0901 0.2282 0.9113 
4.2101 -0.5939 2.0801 0.2133 0.9211 
4.2201 -0.5894 2.0901 0.2547 0.9443 
4.2101 -0.5939 2.0801 0.2133 0.9211 
4.2101 -0.5974 2.0901 0.2282 0.9113 
4.2101 -0.5891 2.1001 0.2789 0.9056 
4.1901 -0.5989 2.0601 0.1427 0.8739 
4.2201 -0.5894 2.0901 0.2547 0.9443 
4.2101 -0.5939 2.0801 0.2133 0.9211 
4.2101 -0.5958 2.0601 0.1547 0.9389 
4.2201 -0.5894 2.0901 0.2547 0.9443 
4.1901 -0.5989 2.0601 0.1427 0.8739 
4.1901 -0.5883 2.0501 0.1471 0.8857 
4.2201 -0.5871 2.0501 0.1555 0.9857 
4.1901 -0.5989 2.0601 0.1427 0.8739 
4.2201 -0.5871 2.0501 0.1555 0.9857 
4.2101 -0.5958 2.0601 0.1547 0.9389 
4.1901 -0.5989 2.0601 0.1427 0.8739 
4.2001 -0.5922 2.0201 0.0748 0.9476 
4.2101 -0.5933 2.0201 0.0744 0.9825 
4.1901 -0.5883 2.0501 0.1471 0.8857 
4.1801 -0.5907 2.0901 0.2442 0.8229 
4.1701 -0.5940 2.1001 0.2569 0.7863 
4.1501 -0.5939 2.0901 0.2292 0.7323 
4.2101 -0.5891 2.1001 0.2789 0.9056 
4.1901 -0.5941 2.1101 0.2841 0.8383 
4.1801 -0.5907 2.0901 0.2442 0.8229 
4.1801 -0.5907 2.0901 0.2442 0.8229 
4.1901 -0.5941 2.1101 0.2841 0.8383 
4.1701 -0.5940 2.1001 0.2569 0.7863 
4.1501 -0.5939 2.0901 0.2292 0.7323 
4.1701 -0.5940 2.1001 0.2569 0.7863 
4.1401 -0.5966 2.1001 0.2443 0.6982 
4.2101 -0.5939 2.0801 0.2133 0.9211 
4.2101 -0.5891 2.1001 0.2789 0.9056 
4.1801 -0.5907 2.0901 0.2442 0.8229 
4.1801 -0.5907 2.0901 0.2442 0.8229 
4.1701 -0.5940 2.0801 0.2066 0.7983 
4.2101 -0.5939 2.0801 0.2133 0.9211 
4.1501 -0.5939 2.0901 0.2292 0.7323 
4.1601 -0.5901 2.0801 0.2172 0.7684 
4.1701 -0.5940 2.0801 0.2066 0.7983 
4.1501 -0.5939 2.0901 0.2292 0.7323 
4.1701 -0.5940 2.0801 0.2066 0.7983 
4.1801 -0.5907 2.0901 0.2442 0.8229 
4.1601 -0.5901 2.0801 0.2172 0.7684 
4.1501 -0.5939 2.0901 0.2292 0.7323 
4.1436 -0.5899 2.0701 0.1888 0.7224 
4.1701 -0.5899 2.0691 0.1903 0.8063 
4.1901 -0.5911 2.0701 0.1925 0.8682 
4.1701 -0.5940 2.0801 0.2066 0.7983 
4.1901 -0.5911 2.0701 0.1925 0.8682 
4.2101 -0.5939 2.0801 0.2133 0.9211 
4.1701 -0.5940 2.0801 0.2066 0.7983 
4.1701 -0.5899 2.0691 0.1903 0.8063 
4.1701 -0.5940 2.0801 0.2066 0.7983 
4.1601 -0.5901 2.0801 0.2172 0.7684 
4.1701 -0.5899 2.0691 0.1903 0.8063 
4.1801 -0.5936 2.0601 0.1566 0.8435 
4.1901 -0.5911 2.0701 0.1925 0.8682 
4.1501 -0.5843 2.0601 0.1804 0.7490 
4.1601 -0.5937 2.0601 0.1532 0.7795 
4.1436 -0.5899 2.0701 0.1888 0.7224 
4.1901 -0.5989 2.0601 0.1427 0.8739 
4.2101 -0.5939 2.0801 0.2133 0.9211 
4.1901 -0.5911 2.0701 0.1925 0.8682 
4.1801 -0.5936 2.0601 0.1566 0.8435 
4.1901 -0.5989 2.0601 0.1427 0.8739 
4.1901 -0.5911 2.0701 0.1925 0.8682 
4.1701 -0.5899 2.0691 0.1903 0.8063 
4.1601 -0.5937 2.0601 0.1532 0.7795 
4.1801 -0.5936 2.0601 0.1566 0.8435 
4.1701 -0.5899 2.0691 0.1903 0.8063 
4.1601 -0.5901 2.0801 0.2172 0.7684 
4.1601 -0.5937 2.0601 0.1532 0.7795 
4.1601 -0.5937 2.0601 0.1532 0.7795 
4.1601 -0.5901 2.0801 0.2172 0.7684 
4.1436 -0.5899 2.0701 0.1888 0.7224 
4.1901 -0.5989 2.0601 0.1427 0.8739 
4.1801 -0.5936 2.0601 0.1566 0.8435 
4.1901 -0.5883 2.0501 0.1471 0.8857 
4.1901 -0.5883 2.0501 0.1471 0.8857 
4.1801 -0.5936 2.0601 0.1566 0.8435 
4.1601 -0.5937 2.0601 0.1532 0.7795 
4.1501 -0.5939 2.0901 0.2292 0.7323 
4.1401 -0.5966 2.1001 0.2443 0.6982 
4.1301 -0.5880 2.0801 0.2188 0.6766 
4.1401 -0.5966 2.1001 0.2443 0.6982 
4.1301 -0.5899 2.1201 0.3106 0.6629 
4.1201 -0.5942 2.0801 0.1981 0.6458 
4.1301 -0.5880 2.0801 0.2188 0.6766 
4.1401 -0.5966 2.1001 0.2443 0.6982 
4.1201 -0.5942 2.0801 0.1981 0.6458 
4.1101 -0.5921 2.1001 0.2533 0.6109 
4.1201 -0.5942 2.0801 0.1981 0.6458 
4.1301 -0.5899 2.1201 0.3106 0.6629 
4.1201 -0.5876 2.1101 0.2929 0.6374 
4.1101 -0.5921 2.1001 0.2533 0.6109 
4.1301 -0.5899 2.1201 0.3106 0.6629 
4.1301 -0.5880 2.0801 0.2188 0.6766 
4.1401 -0.5899 2.0801 0.2145 0.7071 
4.1501 -0.5939 2.0901 0.2292 0.7323 
4.1401 -0.5899 2.0801 0.2145 0.7071 
4.1401 -0.5899 2.0801 0.2145 0.7071 
4.1301 -0.5880 2.0801 0.2188 0.6766 
4.0901 -0.5877 2.0901 0.2389 0.5532 
4.0901 -0.5905 2.0801 0.2045 0.5546 
4.1101 -0.5921 2.1001 0.2533 0.6109 
4.1401 -0.5899 2.0801 0.2145 0.7071 
4.1436 -0.5899 2.0701 0.1888 0.7224 
4.1501 -0.5939 2.0901 0.2292 0.7323 
4.1401 -0.5899 2.0801 0.2145 0.7071 
4.1401 -0.5899 2.0801 0.2145 0.7071 
4.1501 -0.5939 2.0901 0.2292 0.7323 
4.1401 -0.5899 2.0801 0.2145 0.7071 
4.1401 -0.5899 2.0801 0.2145 0.7071 
4.1401 -0.5899 2.0801 0.2145 0.7071 
4.1401 -0.5899 2.0801 0.2145 0.7071 
4.1301 -0.5880 2.0801 0.2188 0.6766 
4.1436 -0.5899 2.0701 0.1888 0.7224 
4.1401 -0.5899 2.0801 0.2145 0.7071 
4.1401 -0.5899 2.0801 0.2145 0.7071 
4.1301 -0.5880 2.0801 0.2188 0.6766 
4.1436 -0.5899 2.0701 0.1888 0.7224 
4.1401 -0.5899 2.0801 0.2145 0.7071 
4.1401 -0.5899 2.0801 0.2145 0.7071 
4.1401 -0.5899 2.0801 0.2145 0.7071 
4.1401 -0.5899 2.0801 0.2145 0.7071 
4.1401 -0.5899 2.0801 0.2145 0.7071 
4.1201 -0.5942 2.0801 0.1981 0.6458 
4.1201 -0.5961 2.0601 0.1401 0.6521 
4.1301 -0.5880 2.0801 0.2188 0.6766 
4.1201 -0.5942 2.0801 0.1981 0.6458 
4.1101 -0.5921 2.1001 0.2533 0.6109 
4.0901 -0.5905 2.0801 0.2045 0.5546 
4.1301 -0.5880 2.0801 0.2188 0.6766 
4.1301 -0.5940 2.0501 0.1218 0.6880 
4.1436 -0.5899 2.0701 0.1888 0.7224 
4.1301 -0.5880 2.0801 0.2188 0.6766 
4.1201 -0.5961 2.0601 0.1401 0.6521 
4.1301 -0.5940 2.0501 0.1218 0.6880 
4.0901 -0.5931 2.0501 0.1186 0.5583 
4.1201 -0.5961 2.0601 0.1401 0.6521 
4.1201 -0.5942 2.0801 0.1981 0.6458 
4.0901 -0.5931 2.0501 0.1186 0.5583 
4.1201 -0.5942 2.0801 0.1981 0.6458 
4.0901 -0.5905 2.0801 0.2045 0.5546 
4.1501 -0.5843 2.0601 0.1804 0.7490 
4.1436 -0.5899 2.0701 0.1888 0.7224 
4.1301 -0.5940 2.0501 0.1218 0.6880 
4.1001 -0.5929 2.0301 0.0790 0.5948 
4.1201 -0.5961 2.0601 0.1401 0.6521 
4.0901 -0.5931 2.0501 0.1186 0.5583 
4.1801 -0.5928 2.0401 0.1071 0.8595 
4.1901 -0.5883 2.0501 0.1471 0.8857 
4.1701 -0.5954 2.0301 0.0805 0.8329 
4.1601 -0.5937 2.0601 0.1532 0.7795 
4.1701 -0.5954 2.0301 0.0805 0.8329 
4.1901 -0.5883 2.0501 0.1471 0.8857 
4.1701 -0.5954 2.0301 0.0805 0.8329 
4.1601 -0.5937 2.0601 0.1532 0.7795 
4.1401 -0.5909 2.0401 0.1066 0.7259 
4.1601 -0.5881 2.0301 0.0928 0.8004 
4.1701 -0.5954 2.0301 0.0805 0.8329 
4.1601 -0.5899 2.0330 0.0951 0.7980 
4.1501 -0.5899 2.0301 0.0881 0.7656 
4.1501 -0.5899 2.0301 0.0881 0.7656 
4.1601 -0.5899 2.0330 0.0951 0.7980 
4.1501 -0.5899 2.0301 0.0881 0.7656 
4.1601 -0.5881 2.0301 0.0928 0.8004 
4.1601 -0.5899 2.0330 0.0951 0.7980 
4.2001 -0.5922 2.0201 0.0748 0.9476 
4.1901 -0.5883 2.0501 0.1471 0.8857 
4.1801 -0.5928 2.0401 0.1071 0.8595 
4.1801 -0.5928 2.0401 0.1071 0.8595 
4.1701 -0.5954 2.0301 0.0805 0.8329 
4.1801 -0.5903 2.0201 0.0754 0.8777 
4.1701 -0.5954 2.0301 0.0805 0.8329 
4.1401 -0.5909 2.0401 0.1066 0.7259 
4.1601 -0.5899 2.0330 0.0951 0.7980 
4.1601 -0.5899 2.0330 0.0951 0.7980 
4.1401 -0.5909 2.0401 0.1066 0.7259 
4.1501 -0.5899 2.0301 0.0881 0.7656 
4.1501 -0.5899 2.0301 0.0881 0.7656 
4.1501 -0.5899 2.0301 0.0881 0.7656 
4.1601 -0.5881 2.0301 0.0928 0.8004 
4.1801 -0.5903 2.0201 0.0754 0.8777 
4.2001 -0.5922 2.0201 0.0748 0.9476 
4.1801 -0.5928 2.0401 0.1071 0.8595 
4.1601 -0.5881 2.0301 0.0928 0.8004 
4.1501 -0.5899 2.0301 0.0881 0.7656 
4.1701 -0.5954 2.0301 0.0805 0.8329 
4.1701 -0.5954 2.0301 0.0805 0.8329 
4.1501 -0.5899 2.0301 0.0881 0.7656 
4.1501 -0.5901 2.0201 0.0745 0.7720 
4.1401 -0.5909 2.0401 0.1066 0.7259 
4.1501 -0.5843 2.0601 0.1804 0.7490 
4.1301 -0.5940 2.0501 0.1218 0.6880 
4.1401 -0.5909 2.0401 0.1066 0.7259 
4.1601 -0.5937 2.0601 0.1532 0.7795 
4.1501 -0.5843 2.0601 0.1804 0.7490 
4.1401 -0.5909 2.0401 0.1066 0.7259 
4.1301 -0.5940 2.0501 0.1218 0.6880 
4.1201 -0.5961 2.0601 0.1401 0.6521 
4.1401 -0.5909 2.0401 0.1066 0.7259 
4.1201 -0.5961 2.0601 0.1401 0.6521 
4.1001 -0.5929 2.0301 0.0790 0.5948 
4.1501 -0.5899 2.0301 0.0881 0.7656 
4.1501 -0.5899 2.0301 0.0881 0.7656 
4.1501 -0.5899 2.0301 0.0881 0.7656 
4.1501 -0.5899 2.0301 0.0881 0.7656 
4.1401 -0.5909 2.0401 0.1066 0.7259 
4.1401 -0.5971 2.0301 0.0766 0.7304 
4.1501 -0.5899 2.0301 0.0881 0.7656 
4.1401 -0.5971 2.0301 0.0766 0.7304 
4.1501 -0.5899 2.0301 0.0881 0.7656 
4.1401 -0.5971 2.0301 0.0766 0.7304 
4.1401 -0.5909 2.0401 0.1066 0.7259 
4.1248 -0.5899 2.0201 0.0739 0.6831 
4.1248 -0.5899 2.0201 0.0739 0.6831 
4.1401 -0.5909 2.0401 0.1066 0.7259 
4.1001 -0.5929 2.0301 0.0790 0.5948 
4.1501 -0.5899 2.0301 0.0881 0.7656 
4.1501 -0.5899 2.0301 0.0881 0.7656 
4.1501 -0.5899 2.0301 0.0881 0.7656 
4.1501 -0.5899 2.0301 0.0881 0.7656 
4.1401 -0.5971 2.0301 0.0766 0.7304 
4.1501 -0.5901 2.0201 0.0745 0.7720 
4.1501 -0.5899 2.0301 0.0881 0.7656 
4.1501 -0.5901 2.0201 0.0745 0.7720 
4.1501 -0.5899 2.0301 0.0881 0.7656 
4.1248 -0.5899 2.0201 0.0739 0.6831 
4.1501 -0.5901 2.0201 0.0745 0.7720 
4.1401 -0.5971 2.0301 0.0766 0.7304 
4.0601 -0.4999 2.1593 0.6797 0.4524 
4.0501 -0.5067 2.1501 0.6377 0.4241 
4.0901 -0.4999 2.1611 0.6883 0.5382 
4.0501 -0.5067 2.1501 0.6377 0.4241 
4.0901 -0.5090 2.1501 0.6366 0.5400 
4.0901 -0.4999 2.1611 0.6883 0.5382 
4.0601 -0.4999 2.1593 0.6797 0.4524 
4.0301 -0.4999 2.1654 0.6840 0.3687 
4.0501 -0.5067 2.1501 0.6377 0.4241 
4.0401 -0.5151 2.1501 0.6053 0.3976 
4.0501 -0.5067 2.1501 0.6377 0.4241 
4.0301 -0.4999 2.1654 0.6840 0.3687 
4.0201 -0.5060 2.1501 0.6343 0.3378 
4.0401 -0.5151 2.1501 0.6053 0.3976 
4.0301 -0.4999 2.1654 0.6840 0.3687 
4.0201 -0.5060 2.1501 0.6343 0.3378 
4.0001 -0.4999 2.1610 0.6713 0.2832 
3.9901 -0.5047 2.1501 0.6333 0.2521 
4.0501 -0.5835 2.1501 0.3823 0.4411 
4.0901 -0.5999 2.1551 0.3503 0.5483 
4.1001 -0.5877 2.1501 0.3776 0.5742 
4.0501 -0.5835 2.1501 0.3823 0.4411 
4.0401 -0.5799 2.1531 0.3980 0.4143 
4.0901 -0.5999 2.1551 0.3503 0.5483 
4.0901 -0.5999 2.1551 0.3503 0.5483 
4.0401 -0.5799 2.1531 0.3980 0.4143 
4.0201 -0.5999 2.1557 0.3409 0.3680 
4.0001 -0.5599 2.1532 0.4539 0.3025 
4.0101 -0.5606 2.1501 0.4470 0.3284 
3.9901 -0.5548 2.1501 0.4625 0.2727 
4.0201 -0.5779 2.1501 0.3948 0.3604 
4.0401 -0.5799 2.1531 0.3980 0.4143 
4.0501 -0.5835 2.1501 0.3823 0.4411 
4.0001 -0.5899 2.1576 0.3710 0.3144 
4.0201 -0.5899 2.1580 0.3749 0.3658 
3.9901 -0.5801 2.1501 0.3834 0.2823 
3.9901 -0.5801 2.1501 0.3834 0.2823 
4.0201 -0.5899 2.1580 0.3749 0.3658 
4.0201 -0.5779 2.1501 0.3948 0.3604 
4.0401 -0.5799 2.1531 0.3980 0.4143 
4.0201 -0.5779 2.1501 0.3948 0.3604 
4.0201 -0.5999 2.1557 0.3409 0.3680 
4.0201 -0.5779 2.1501 0.3948 0.3604 
4.0201 -0.5899 2.1580 0.3749 0.3658 
4.0201 -0.5999 2.1557 0.3409 0.3680 
4.0201 -0.5899 2.1580 0.3749 0.3658 
4.0001 -0.5899 2.1576 0.3710 0.3144 
4.0201 -0.5999 2.1557 0.3409 0.3680 
4.0620 -0.4999 2.1501 0.6647 0.4571 
4.0593 -0.4999 2.1501 0.6642 0.4490 
4.0601 -0.5011 2.1501 0.6598 0.4517 
4.0701 -0.5899 2.1447 0.3551 0.4949 
4.0801 -0.5608 2.1501 0.4580 0.5179 
4.0620 -0.5999 2.1501 0.3357 0.4753 
4.0901 -0.5976 2.1401 0.3254 0.5494 
4.0901 -0.5970 2.1501 0.3485 0.5485 
4.0801 -0.5608 2.1501 0.4580 0.5179 
4.0801 -0.5608 2.1501 0.4580 0.5179 
4.0701 -0.5899 2.1447 0.3551 0.4949 
4.0901 -0.5976 2.1401 0.3254 0.5494 
4.1001 -0.5899 2.1265 0.3203 0.5776 
4.0901 -0.5970 2.1501 0.3485 0.5485 
4.0901 -0.5976 2.1401 0.3254 0.5494 
4.0601 -0.5999 2.1489 0.3329 0.4703 
4.0701 -0.5899 2.1447 0.3551 0.4949 
4.0620 -0.5999 2.1501 0.3357 0.4753 
4.0501 -0.5999 2.1501 0.3339 0.4444 
4.0701 -0.5899 2.1447 0.3551 0.4949 
4.0601 -0.5999 2.1489 0.3329 0.4703 
4.0886 -0.5599 2.1301 0.4215 0.5426 
4.1001 -0.5899 2.1265 0.3203 0.5776 
4.0901 -0.5976 2.1401 0.3254 0.5494 
4.0886 -0.5599 2.1301 0.4215 0.5426 
4.0901 -0.5976 2.1401 0.3254 0.5494 
4.0801 -0.5966 2.1301 0.3051 0.5229 
4.0801 -0.5966 2.1301 0.3051 0.5229 
4.0901 -0.5976 2.1401 0.3254 0.5494 
4.0701 -0.5899 2.1447 0.3551 0.4949 
4.0401 -0.5975 2.1201 0.2733 0.4130 
4.0701 -0.5899 2.1447 0.3551 0.4949 
4.0501 -0.5999 2.1501 0.3339 0.4444 
4.0886 -0.5599 2.1301 0.4215 0.5426 
4.1001 -0.5626 2.1201 0.3928 0.5768 
4.1001 -0.5899 2.1265 0.3203 0.5776 
4.1001 -0.5626 2.1201 0.3928 0.5768 
4.0886 -0.5599 2.1301 0.4215 0.5426 
4.1001 -0.5917 2.1101 0.2771 0.5801 
4.0801 -0.5966 2.1301 0.3051 0.5229 
4.1001 -0.5917 2.1101 0.2771 0.5801 
4.0886 -0.5599 2.1301 0.4215 0.5426 
4.1001 -0.5917 2.1101 0.2771 0.5801 
4.0801 -0.5966 2.1301 0.3051 0.5229 
4.0801 -0.6006 2.1201 0.2704 0.5238 
4.0701 -0.5899 2.1447 0.3551 0.4949 
4.0601 -0.6021 2.1201 0.2628 0.4689 
4.0801 -0.5966 2.1301 0.3051 0.5229 
4.0601 -0.6021 2.1201 0.2628 0.4689 
4.0801 -0.6006 2.1201 0.2704 0.5238 
4.0801 -0.5966 2.1301 0.3051 0.5229 
4.0401 -0.5975 2.1201 0.2733 0.4130 
4.0601 -0.6021 2.1201 0.2628 0.4689 
4.0701 -0.5899 2.1447 0.3551 0.4949 
4.1001 -0.5917 2.1101 0.2771 0.5801 
4.0701 -0.5904 2.1001 0.2523 0.4943 
4.0901 -0.5942 2.1001 0.2437 0.5528 
4.0801 -0.6006 2.1201 0.2704 0.5238 
4.0701 -0.5904 2.1001 0.2523 0.4943 
4.1001 -0.5917 2.1101 0.2771 0.5801 
4.0601 -0.6021 2.1201 0.2628 0.4689 
4.0601 -0.5918 2.1101 0.2703 0.4663 
4.0801 -0.6006 2.1201 0.2704 0.5238 
4.0601 -0.5918 2.1101 0.2703 0.4663 
4.0701 -0.5904 2.1001 0.2523 0.4943 
4.0801 -0.6006 2.1201 0.2704 0.5238 
4.1101 -0.5921 2.1001 0.2533 0.6109 
4.1001 -0.5917 2.1101 0.2771 0.5801 
4.0901 -0.5942 2.1001 0.2437 0.5528 
4.0501 -0.5989 2.0801 0.1733 0.4356 
4.0701 -0.5904 2.1001 0.2523 0.4943 
4.0601 -0.5918 2.1101 0.2703 0.4663 
4.0401 -0.5835 2.1401 0.3601 0.4130 
4.0501 -0.5999 2.1501 0.3339 0.4444 
4.0376 -0.5799 2.1501 0.3915 0.4073 
4.0401 -0.5835 2.1401 0.3601 0.4130 
4.0440 -0.5899 2.1401 0.3413 0.4249 
4.0501 -0.5999 2.1501 0.3339 0.4444 
4.0501 -0.5999 2.1501 0.3339 0.4444 
4.0501 -0.5999 2.1501 0.3339 0.4444 
4.0440 -0.5899 2.1401 0.3413 0.4249 
4.0401 -0.5835 2.1401 0.3601 0.4130 
4.0376 -0.5799 2.1501 0.3915 0.4073 
4.0327 -0.5999 2.1501 0.3312 0.3991 
4.0401 -0.5835 2.1401 0.3601 0.4130 
4.0327 -0.5999 2.1501 0.3312 0.3991 
4.0201 -0.6013 2.1401 0.3039 0.3645 
4.0440 -0.5899 2.1401 0.3413 0.4249 
4.0401 -0.5835 2.1401 0.3601 0.4130 
4.0201 -0.6009 2.1201 0.2604 0.3591 
4.0440 -0.5899 2.1401 0.3413 0.4249 
4.0401 -0.5975 2.1201 0.2733 0.4130 
4.0501 -0.5999 2.1501 0.3339 0.4444 
4.0401 -0.5835 2.1401 0.3601 0.4130 
4.0201 -0.6013 2.1401 0.3039 0.3645 
4.0201 -0.6009 2.1201 0.2604 0.3591 
4.0101 -0.5989 2.1501 0.3306 0.3405 
4.0101 -0.5920 2.1301 0.3078 0.3322 
4.0201 -0.6013 2.1401 0.3039 0.3645 
4.0101 -0.5920 2.1301 0.3078 0.3322 
4.0101 -0.5989 2.1501 0.3306 0.3405 
3.9901 -0.5977 2.1401 0.3100 0.2847 
4.0201 -0.6009 2.1201 0.2604 0.3591 
4.0401 -0.5975 2.1201 0.2733 0.4130 
4.0440 -0.5899 2.1401 0.3413 0.4249 
4.0201 -0.6013 2.1401 0.3039 0.3645 
4.0101 -0.5920 2.1301 0.3078 0.3322 
4.0201 -0.6009 2.1201 0.2604 0.3591 
4.0001 -0.5976 2.1201 0.2670 0.3035 
4.0101 -0.5920 2.1301 0.3078 0.3322 
3.9901 -0.5977 2.1401 0.3100 0.2847 
4.0201 -0.6009 2.1201 0.2604 0.3591 
4.0101 -0.5920 2.1301 0.3078 0.3322 
4.0001 -0.5976 2.1201 0.2670 0.3035 
4.0601 -0.6021 2.1201 0.2628 0.4689 
4.0401 -0.5975 2.1201 0.2733 0.4130 
4.0301 -0.5923 2.1101 0.2641 0.3817 
4.0201 -0.6009 2.1201 0.2604 0.3591 
4.0301 -0.5923 2.1101 0.2641 0.3817 
4.0401 -0.5975 2.1201 0.2733 0.4130 
3.9901 -0.5940 2.1101 0.2527 0.2705 
4.0201 -0.6009 2.1201 0.2604 0.3591 
4.0001 -0.5976 2.1201 0.2670 0.3035 
4.0301 -0.5923 2.1101 0.2641 0.3817 
4.0201 -0.6009 2.1201 0.2604 0.3591 
3.9901 -0.5940 2.1101 0.2527 0.2705 
4.0601 -0.6021 2.1201 0.2628 0.4689 
4.0301 -0.5923 2.1101 0.2641 0.3817 
4.0201 -0.5993 2.1001 0.2174 0.3529 
4.0201 -0.5993 2.1001 0.2174 0.3529 
4.0301 -0.5923 2.1101 0.2641 0.3817 
4.0101 -0.5955 2.1001 0.2271 0.3232 
4.0101 -0.5955 2.1001 0.2271 0.3232 
4.0301 -0.5923 2.1101 0.2641 0.3817 
3.9901 -0.5940 2.1101 0.2527 0.2705 
4.0001 -0.4999 2.1610 0.6713 0.2832 
3.9601 -0.4999 2.1670 0.6736 0.1768 
3.9901 -0.5047 2.1501 0.6333 0.2521 
3.9618 -0.5099 2.1501 0.6095 0.1758 
3.9901 -0.5047 2.1501 0.6333 0.2521 
3.9601 -0.4999 2.1670 0.6736 0.1768 
3.9501 -0.5136 2.1501 0.5942 0.1462 
3.9618 -0.5099 2.1501 0.6095 0.1758 
3.9601 -0.4999 2.1670 0.6736 0.1768 
3.9659 -0.5199 2.1501 0.5750 0.1918 
3.9618 -0.5099 2.1501 0.6095 0.1758 
3.9501 -0.5136 2.1501 0.5942 0.1462 
3.9501 -0.5494 2.1501 0.4730 0.1645 
3.9501 -0.5499 2.1504 0.4720 0.1649 
3.9507 -0.5499 2.1501 0.4715 0.1662 
3.9601 -0.4999 2.1670 0.6736 0.1768 
3.9401 -0.4999 2.1646 0.6660 0.1229 
3.9501 -0.5136 2.1501 0.5942 0.1462 
3.9101 -0.5131 2.1501 0.5888 0.0573 
3.9301 -0.4999 2.1670 0.6681 0.1000 
3.9001 -0.5099 2.1618 0.6187 0.0528 
3.9301 -0.4999 2.1670 0.6681 0.1000 
3.9501 -0.5136 2.1501 0.5942 0.1462 
3.9401 -0.4999 2.1646 0.6660 0.1229 
3.9301 -0.4999 2.1670 0.6681 0.1000 
3.9101 -0.5131 2.1501 0.5888 0.0573 
3.9501 -0.5136 2.1501 0.5942 0.1462 
3.9501 -0.5494 2.1501 0.4730 0.1645 
3.9495 -0.5499 2.1501 0.4713 0.1631 
3.9501 -0.5499 2.1504 0.4720 0.1649 
3.9901 -0.5548 2.1501 0.4625 0.2727 
3.9853 -0.5599 2.1501 0.4452 0.2618 
4.0001 -0.5599 2.1532 0.4539 0.3025 
4.0101 -0.5606 2.1501 0.4470 0.3284 
4.0001 -0.5599 2.1532 0.4539 0.3025 
3.9853 -0.5599 2.1501 0.4452 0.2618 
3.9701 -0.5672 2.1501 0.4197 0.2249 
3.9677 -0.5699 2.1501 0.4110 0.2197 
3.9701 -0.5699 2.1510 0.4131 0.2265 
3.9701 -0.5672 2.1501 0.4197 0.2249 
3.9701 -0.5699 2.1510 0.4131 0.2265 
3.9701 -0.5749 2.1501 0.3961 0.2282 
3.9677 -0.5699 2.1501 0.4110 0.2197 
3.9701 -0.5749 2.1501 0.3961 0.2282 
3.9701 -0.5699 2.1510 0.4131 0.2265 
3.9601 -0.5857 2.1501 0.3618 0.2072 
4.0001 -0.5899 2.1576 0.3710 0.3144 
3.9901 -0.5801 2.1501 0.3834 0.2823 
4.0201 -0.5999 2.1557 0.3409 0.3680 
4.0001 -0.5899 2.1576 0.3710 0.3144 
3.9801 -0.5999 2.1577 0.3391 0.2671 
4.0001 -0.5899 2.1576 0.3710 0.3144 
3.9601 -0.5857 2.1501 0.3618 0.2072 
3.9801 -0.5999 2.1577 0.3391 0.2671 
3.9601 -0.5857 2.1501 0.3618 0.2072 
3.9401 -0.5866 2.1501 0.3562 0.1573 
3.9801 -0.5999 2.1577 0.3391 0.2671 
3.9301 -0.5899 2.1566 0.3582 0.1386 
3.8901 -0.5999 2.1636 0.3379 0.0645 
3.9801 -0.5999 2.1577 0.3391 0.2671 
3.9495 -0.5499 2.1501 0.4713 0.1631 
3.9507 -0.5499 2.1501 0.4715 0.1662 
3.9501 -0.5499 2.1504 0.4720 0.1649 
3.9001 -0.5808 2.1501 0.3672 0.0661 
3.9301 -0.5899 2.1566 0.3582 0.1386 
3.9401 -0.5866 2.1501 0.3562 0.1573 
3.9301 -0.5899 2.1566 0.3582 0.1386 
3.9801 -0.5999 2.1577 0.3391 0.2671 
3.9401 -0.5866 2.1501 0.3562 0.1573 
3.9601 -0.5753 2.1401 0.3725 0.1970 
3.9808 -0.5999 2.1501 0.3235 0.2656 
3.9701 -0.5571 2.1501 0.4515 0.2205 
3.9701 -0.5571 2.1501 0.4515 0.2205 
3.9602 -0.5999 2.1501 0.3204 0.2135 
3.9601 -0.5753 2.1401 0.3725 0.1970 
3.9501 -0.5823 2.1401 0.3494 0.1744 
3.9601 -0.5753 2.1401 0.3725 0.1970 
3.9602 -0.5999 2.1501 0.3204 0.2135 
3.9808 -0.5999 2.1501 0.3235 0.2656 
3.9901 -0.5977 2.1401 0.3100 0.2847 
4.0101 -0.5989 2.1501 0.3306 0.3405 
3.9701 -0.6035 2.1401 0.2902 0.2352 
3.9808 -0.5999 2.1501 0.3235 0.2656 
3.9601 -0.5753 2.1401 0.3725 0.1970 
3.9401 -0.5822 2.1501 0.3693 0.1552 
3.9501 -0.5823 2.1401 0.3494 0.1744 
3.9602 -0.5999 2.1501 0.3204 0.2135 
3.9601 -0.5753 2.1401 0.3725 0.1970 
3.9401 -0.6037 2.1301 0.2630 0.1533 
3.9601 -0.5926 2.1301 0.2983 0.1993 
3.9501 -0.5823 2.1401 0.3494 0.1744 
3.9401 -0.6037 2.1301 0.2630 0.1533 
3.9601 -0.5753 2.1401 0.3725 0.1970 
3.9601 -0.5753 2.1401 0.3725 0.1970 
3.9601 -0.5926 2.1301 0.2983 0.1993 
3.9701 -0.6035 2.1401 0.2902 0.2352 
4.0001 -0.5976 2.1201 0.2670 0.3035 
3.9901 -0.5940 2.1301 0.2990 0.2792 
3.9801 -0.5799 2.1225 0.3228 0.2430 
3.9801 -0.5799 2.1225 0.3228 0.2430 
3.9901 -0.5940 2.1301 0.2990 0.2792 
3.9701 -0.5965 2.1201 0.2656 0.2221 
4.0001 -0.5976 2.1201 0.2670 0.3035 
3.9901 -0.5977 2.1401 0.3100 0.2847 
3.9901 -0.5940 2.1301 0.2990 0.2792 
3.9501 -0.5999 2.1201 0.2527 0.1708 
3.9701 -0.5965 2.1201 0.2656 0.2221 
3.9601 -0.5926 2.1301 0.2983 0.1993 
3.9501 -0.5999 2.1201 0.2527 0.1708 
3.9601 -0.5926 2.1301 0.2983 0.1993 
3.9401 -0.6037 2.1301 0.2630 0.1533 
3.9801 -0.5983 2.1101 0.2385 0.2448 
3.9801 -0.5799 2.1225 0.3228 0.2430 
3.9701 -0.5965 2.1201 0.2656 0.2221 
4.0001 -0.5976 2.1201 0.2670 0.3035 
3.9801 -0.5799 2.1225 0.3228 0.2430 
3.9801 -0.5983 2.1101 0.2385 0.2448 
4.0001 -0.5976 2.1201 0.2670 0.3035 
3.9801 -0.5983 2.1101 0.2385 0.2448 
3.9901 -0.5940 2.1101 0.2527 0.2705 
3.9701 -0.5965 2.1201 0.2656 0.2221 
3.9501 -0.5999 2.1201 0.2527 0.1708 
3.9401 -0.5939 2.1101 0.2453 0.1353 
3.9701 -0.5947 2.0901 0.1986 0.2043 
3.9801 -0.5983 2.1101 0.2385 0.2448 
3.9701 -0.5965 2.1201 0.2656 0.2221 
3.9401 -0.5982 2.0901 0.1838 0.1237 
3.9701 -0.5965 2.1201 0.2656 0.2221 
3.9401 -0.5939 2.1101 0.2453 0.1353 
3.9701 -0.5947 2.0901 0.1986 0.2043 
3.9701 -0.5965 2.1201 0.2656 0.2221 
3.9401 -0.5982 2.0901 0.1838 0.1237 
3.9101 -0.5846 2.1501 0.3574 0.0864 
3.9362 -0.5899 2.1401 0.3246 0.1430 
3.9301 -0.5360 2.1501 0.5138 0.1072 
3.9401 -0.5822 2.1501 0.3693 0.1552 
3.9301 -0.5360 2.1501 0.5138 0.1072 
3.9362 -0.5899 2.1401 0.3246 0.1430 
3.9501 -0.5823 2.1401 0.3494 0.1744 
3.9401 -0.5822 2.1501 0.3693 0.1552 
3.9362 -0.5899 2.1401 0.3246 0.1430 
3.9362 -0.5899 2.1401 0.3246 0.1430 
3.9101 -0.5846 2.1501 0.3574 0.0864 
3.9201 -0.6033 2.1401 0.2834 0.1111 
3.9201 -0.6033 2.1401 0.2834 0.1111 
3.9101 -0.5846 2.1501 0.3574 0.0864 
3.8901 -0.5872 2.1501 0.3468 0.0556 
3.8901 -0.6025 2.1401 0.2810 0.0560 
3.9201 -0.6033 2.1401 0.2834 0.1111 
3.8901 -0.5872 2.1501 0.3468 0.0556 
3.9362 -0.5899 2.1401 0.3246 0.1430 
3.9401 -0.6037 2.1301 0.2630 0.1533 
3.9501 -0.5823 2.1401 0.3494 0.1744 
3.9401 -0.6037 2.1301 0.2630 0.1533 
3.9362 -0.5899 2.1401 0.3246 0.1430 
3.9301 -0.6020 2.1201 0.2435 0.1211 
3.9301 -0.6020 2.1201 0.2435 0.1211 
3.9362 -0.5899 2.1401 0.3246 0.1430 
3.9201 -0.6033 2.1401 0.2834 0.1111 
3.9301 -0.6020 2.1201 0.2435 0.1211 
3.9101 -0.5956 2.1101 0.2356 0.0672 
3.9501 -0.5999 2.1201 0.2527 0.1708 
3.9101 -0.5956 2.1101 0.2356 0.0672 
3.9401 -0.5939 2.1101 0.2453 0.1353 
3.9501 -0.5999 2.1201 0.2527 0.1708 
3.9201 -0.6006 2.1001 0.1986 0.0831 
3.9401 -0.5939 2.1101 0.2453 0.1353 
3.9101 -0.5956 2.1101 0.2356 0.0672 
3.9201 -0.6006 2.1001 0.1986 0.0831 
3.9101 -0.5956 2.1101 0.2356 0.0672 
3.9001 -0.5919 2.1001 0.2211 0.0527 
4.0620 -0.5999 2.1501 0.3357 0.4753 
4.0501 -0.5999 2.1501 0.3339 0.4444 
4.0601 -0.6018 2.1501 0.3299 0.4707 
4.0601 -0.6018 2.1501 0.3299 0.4707 
4.0501 -0.5999 2.1501 0.3339 0.4444 
4.0501 -0.5999 2.1501 0.3339 0.4444 
4.0501 -0.5999 2.1501 0.3339 0.4444 
4.0501 -0.5999 2.1501 0.3339 0.4444 
4.0501 -0.5999 2.1501 0.3339 0.4444 
4.0620 -0.5999 2.1501 0.3357 0.4753 
4.0601 -0.6018 2.1501 0.3299 0.4707 
4.0601 -0.5999 2.1489 0.3329 0.4703 
4.0601 -0.6018 2.1501 0.3299 0.4707 
4.0501 -0.5999 2.1501 0.3339 0.4444 
4.0601 -0.5999 2.1489 0.3329 0.4703 
4.0601 -0.5999 2.1489 0.3329 0.4703 
4.0501 -0.5999 2.1501 0.3339 0.4444 
4.0501 -0.5999 2.1501 0.3339 0.4444 
4.0501 -0.5999 2.1501 0.3339 0.4444 
4.0501 -0.5999 2.1501 0.3339 0.4444 
4.0501 -0.5999 2.1501 0.3339 0.4444 
4.0327 -0.5999 2.1501 0.3312 0.3991 
4.0101 -0.5989 2.1501 0.3306 0.3405 
4.0201 -0.6013 2.1401 0.3039 0.3645 
3.9808 -0.5999 2.1501 0.3235 0.2656 
3.9901 -0.5940 2.1301 0.2990 0.2792 
3.9901 -0.5977 2.1401 0.3100 0.2847 
3.9901 -0.5940 2.1301 0.2990 0.2792 
3.9808 -0.5999 2.1501 0.3235 0.2656 
3.9701 -0.6035 2.1401 0.2902 0.2352 
3.9901 -0.5940 2.1301 0.2990 0.2792 
3.9701 -0.6035 2.1401 0.2902 0.2352 
3.9701 -0.5965 2.1201 0.2656 0.2221 
3.9701 -0.5965 2.1201 0.2656 0.2221 
3.9701 -0.6035 2.1401 0.2902 0.2352 
3.9601 -0.5926 2.1301 0.2983 0.1993 
3.8901 -0.5959 2.1301 0.2779 0.0530 
3.9301 -0.6020 2.1201 0.2435 0.1211 
3.9201 -0.6033 2.1401 0.2834 0.1111 
3.8901 -0.6025 2.1401 0.2810 0.0560 
3.8901 -0.5959 2.1301 0.2779 0.0530 
3.9201 -0.6033 2.1401 0.2834 0.1111 
3.9301 -0.6020 2.1201 0.2435 0.1211 
3.9501 -0.5999 2.1201 0.2527 0.1708 
3.9401 -0.6037 2.1301 0.2630 0.1533 
3.9301 -0.6020 2.1201 0.2435 0.1211 
3.8901 -0.5959 2.1301 0.2779 0.0530 
3.9101 -0.5956 2.1101 0.2356 0.0672 
4.1101 -0.5921 2.1001 0.2533 0.6109 
4.0901 -0.5942 2.1001 0.2437 0.5528 
4.0901 -0.5877 2.0901 0.2389 0.5532 
4.0901 -0.5877 2.0901 0.2389 0.5532 
4.0901 -0.5942 2.1001 0.2437 0.5528 
4.0801 -0.5957 2.0801 0.1872 0.5249 
4.0901 -0.5905 2.0801 0.2045 0.5546 
4.0901 -0.5877 2.0901 0.2389 0.5532 
4.0801 -0.5957 2.0801 0.1872 0.5249 
4.0501 -0.5989 2.0801 0.1733 0.4356 
4.0901 -0.5942 2.1001 0.2437 0.5528 
4.0701 -0.5904 2.1001 0.2523 0.4943 
4.0701 -0.5914 2.0701 0.1726 0.4939 
4.0901 -0.5846 2.0701 0.1966 0.5551 
4.0901 -0.5905 2.0801 0.2045 0.5546 
4.0901 -0.5905 2.0801 0.2045 0.5546 
4.0801 -0.5957 2.0801 0.1872 0.5249 
4.0701 -0.5914 2.0701 0.1726 0.4939 
4.0801 -0.5957 2.0801 0.1872 0.5249 
4.0901 -0.5942 2.1001 0.2437 0.5528 
4.0701 -0.5914 2.0701 0.1726 0.4939 
4.0601 -0.5909 2.0601 0.1462 0.4621 
4.0901 -0.5942 2.1001 0.2437 0.5528 
4.0501 -0.5989 2.0801 0.1733 0.4356 
4.0701 -0.5914 2.0701 0.1726 0.4939 
4.0901 -0.5942 2.1001 0.2437 0.5528 
4.0601 -0.5909 2.0601 0.1462 0.4621 
4.0901 -0.5931 2.0501 0.1186 0.5583 
4.0901 -0.5905 2.0801 0.2045 0.5546 
4.0901 -0.5846 2.0701 0.1966 0.5551 
4.0901 -0.5846 2.0701 0.1966 0.5551 
4.0701 -0.5914 2.0701 0.1726 0.4939 
4.0701 -0.5997 2.0601 0.1233 0.4952 
4.0701 -0.5997 2.0601 0.1233 0.4952 
4.0701 -0.5914 2.0701 0.1726 0.4939 
4.0601 -0.5909 2.0601 0.1462 0.4621 
4.0901 -0.5846 2.0701 0.1966 0.5551 
4.0701 -0.5997 2.0601 0.1233 0.4952 
4.0901 -0.5931 2.0501 0.1186 0.5583 
4.0701 -0.5997 2.0601 0.1233 0.4952 
4.0701 -0.5971 2.0401 0.0855 0.4944 
4.0901 -0.5931 2.0501 0.1186 0.5583 
4.0701 -0.5997 2.0601 0.1233 0.4952 
4.0601 -0.5909 2.0601 0.1462 0.4621 
4.0301 -0.5952 2.0501 0.1056 0.3664 
4.0401 -0.5912 2.0901 0.2201 0.4058 
4.0601 -0.5918 2.1101 0.2703 0.4663 
4.0601 -0.6021 2.1201 0.2628 0.4689 
4.0501 -0.5989 2.0801 0.1733 0.4356 
4.0601 -0.5918 2.1101 0.2703 0.4663 
4.0401 -0.5912 2.0901 0.2201 0.4058 
4.0401 -0.5912 2.0901 0.2201 0.4058 
4.0601 -0.6021 2.1201 0.2628 0.4689 
4.0201 -0.5993 2.1001 0.2174 0.3529 
4.0401 -0.5912 2.0901 0.2201 0.4058 
4.0201 -0.5993 2.1001 0.2174 0.3529 
4.0201 -0.5968 2.0801 0.1748 0.3458 
4.0201 -0.5968 2.0801 0.1748 0.3458 
4.0201 -0.5993 2.1001 0.2174 0.3529 
4.0101 -0.5955 2.1001 0.2271 0.3232 
4.0101 -0.5896 2.0901 0.2201 0.3173 
4.0201 -0.5968 2.0801 0.1748 0.3458 
4.0101 -0.5955 2.1001 0.2271 0.3232 
4.0501 -0.5989 2.0801 0.1733 0.4356 
4.0401 -0.5912 2.0901 0.2201 0.4058 
4.0301 -0.5900 2.0601 0.1443 0.3677 
4.0301 -0.5900 2.0601 0.1443 0.3677 
4.0401 -0.5912 2.0901 0.2201 0.4058 
4.0201 -0.5968 2.0801 0.1748 0.3458 
4.0601 -0.5909 2.0601 0.1462 0.4621 
4.0501 -0.5989 2.0801 0.1733 0.4356 
4.0301 -0.5952 2.0501 0.1056 0.3664 
4.0301 -0.5952 2.0501 0.1056 0.3664 
4.0501 -0.5989 2.0801 0.1733 0.4356 
4.0301 -0.5900 2.0601 0.1443 0.3677 
4.0301 -0.5900 2.0601 0.1443 0.3677 
4.0201 -0.5968 2.0801 0.1748 0.3458 
4.0001 -0.5886 2.0501 0.1183 0.2686 
4.0001 -0.5886 2.0501 0.1183 0.2686 
4.0201 -0.5968 2.0801 0.1748 0.3458 
4.0101 -0.5896 2.0901 0.2201 0.3173 
4.0301 -0.5952 2.0501 0.1056 0.3664 
4.0301 -0.5900 2.0601 0.1443 0.3677 
4.0001 -0.5886 2.0501 0.1183 0.2686 
4.1001 -0.5929 2.0301 0.0790 0.5948 
4.0901 -0.5931 2.0501 0.1186 0.5583 
4.0901 -0.5996 2.0401 0.0830 0.5602 
4.0701 -0.5971 2.0401 0.0855 0.4944 
4.0701 -0.5997 2.0601 0.1233 0.4952 
4.0601 -0.5919 2.0401 0.0945 0.4605 
4.0001 -0.5886 2.0501 0.1183 0.2686 
4.0101 -0.5997 2.0401 0.0774 0.3005 
4.0301 -0.5952 2.0501 0.1056 0.3664 
4.0101 -0.5997 2.0401 0.0774 0.3005 
4.0201 -0.5910 2.0401 0.0920 0.3293 
4.0301 -0.5952 2.0501 0.1056 0.3664 
4.0101 -0.5997 2.0401 0.0774 0.3005 
4.0001 -0.5886 2.0501 0.1183 0.2686 
4.0001 -0.5932 2.0401 0.0858 0.2655 
4.0201 -0.5910 2.0401 0.0920 0.3293 
4.0101 -0.5997 2.0401 0.0774 0.3005 
4.0001 -0.5932 2.0401 0.0858 0.2655 
3.9901 -0.5970 2.0901 0.1948 0.2624 
4.0101 -0.5955 2.1001 0.2271 0.3232 
3.9901 -0.5940 2.1101 0.2527 0.2705 
3.9901 -0.5970 2.0901 0.1948 0.2624 
3.9901 -0.5940 2.1101 0.2527 0.2705 
3.9801 -0.5983 2.1101 0.2385 0.2448 
3.9901 -0.5970 2.0901 0.1948 0.2624 
3.9801 -0.5983 2.1101 0.2385 0.2448 
3.9701 -0.5947 2.0901 0.1986 0.2043 
3.9501 -0.5952 2.0901 0.1943 0.1488 
3.9701 -0.5947 2.0901 0.1986 0.2043 
3.9401 -0.5982 2.0901 0.1838 0.1237 
3.9601 -0.6022 2.0901 0.1755 0.1801 
3.9701 -0.5947 2.0901 0.1986 0.2043 
3.9501 -0.5952 2.0901 0.1943 0.1488 
4.0101 -0.5896 2.0901 0.2201 0.3173 
4.0101 -0.5955 2.1001 0.2271 0.3232 
3.9901 -0.5970 2.0901 0.1948 0.2624 
3.9701 -0.5947 2.0901 0.1986 0.2043 
3.9801 -0.5993 2.0801 0.1618 0.2294 
3.9901 -0.5970 2.0901 0.1948 0.2624 
3.9601 -0.6022 2.0901 0.1755 0.1801 
3.9601 -0.5938 2.0801 0.1745 0.1692 
3.9701 -0.5947 2.0901 0.1986 0.2043 
3.9601 -0.5938 2.0801 0.1745 0.1692 
3.9601 -0.6022 2.0901 0.1755 0.1801 
3.9501 -0.5952 2.0901 0.1943 0.1488 
3.9801 -0.5944 2.0601 0.1249 0.2153 
4.0101 -0.5896 2.0901 0.2201 0.3173 
3.9901 -0.5970 2.0901 0.1948 0.2624 
3.9801 -0.5993 2.0801 0.1618 0.2294 
3.9801 -0.5944 2.0601 0.1249 0.2153 
3.9901 -0.5970 2.0901 0.1948 0.2624 
3.9801 -0.5944 2.0601 0.1249 0.2153 
3.9801 -0.5993 2.0801 0.1618 0.2294 
3.9701 -0.5947 2.0901 0.1986 0.2043 
3.9801 -0.5944 2.0601 0.1249 0.2153 
3.9701 -0.5947 2.0901 0.1986 0.2043 
3.9601 -0.5938 2.0801 0.1745 0.1692 
4.0001 -0.5886 2.0501 0.1183 0.2686 
4.0101 -0.5896 2.0901 0.2201 0.3173 
3.9801 -0.5944 2.0601 0.1249 0.2153 
3.9801 -0.5944 2.0601 0.1249 0.2153 
3.9601 -0.5938 2.0801 0.1745 0.1692 
3.9501 -0.5880 2.0601 0.1383 0.1229 
4.0001 -0.5886 2.0501 0.1183 0.2686 
3.9801 -0.5944 2.0601 0.1249 0.2153 
3.9901 -0.5937 2.0501 0.1041 0.2397 
3.9501 -0.5880 2.0601 0.1383 0.1229 
3.9601 -0.5965 2.0501 0.0944 0.1494 
3.9801 -0.5944 2.0601 0.1249 0.2153 
3.9201 -0.5959 2.0801 0.1625 0.0680 
3.9501 -0.5952 2.0901 0.1943 0.1488 
3.9401 -0.5982 2.0901 0.1838 0.1237 
3.9201 -0.5912 2.0601 0.1251 0.0562 
3.9601 -0.5938 2.0801 0.1745 0.1692 
3.9501 -0.5952 2.0901 0.1943 0.1488 
3.9201 -0.5912 2.0601 0.1251 0.0562 
3.9501 -0.5952 2.0901 0.1943 0.1488 
3.9201 -0.5959 2.0801 0.1625 0.0680 
3.9601 -0.5938 2.0801 0.1745 0.1692 
3.9201 -0.5912 2.0601 0.1251 0.0562 
3.9301 -0.5992 2.0501 0.0864 0.0704 
3.9501 -0.5880 2.0601 0.1383 0.1229 
3.9601 -0.5938 2.0801 0.1745 0.1692 
3.9301 -0.5992 2.0501 0.0864 0.0704 
3.9501 -0.5880 2.0601 0.1383 0.1229 
3.9401 -0.6028 2.0501 0.0816 0.0964 
3.9601 -0.5965 2.0501 0.0944 0.1494 
3.9501 -0.5880 2.0601 0.1383 0.1229 
3.9301 -0.5992 2.0501 0.0864 0.0704 
3.9401 -0.6028 2.0501 0.0816 0.0964 
3.9901 -0.5937 2.0501 0.1041 0.2397 
4.0001 -0.5932 2.0401 0.0858 0.2655 
4.0001 -0.5886 2.0501 0.1183 0.2686 
3.9801 -0.5925 2.0301 0.0740 0.1944 
3.9901 -0.5937 2.0501 0.1041 0.2397 
3.9801 -0.5944 2.0601 0.1249 0.2153 
3.9501 -0.5906 2.0301 0.0741 0.1005 
3.9801 -0.5944 2.0601 0.1249 0.2153 
3.9601 -0.5965 2.0501 0.0944 0.1494 
3.9801 -0.5925 2.0301 0.0740 0.1944 
3.9801 -0.5944 2.0601 0.1249 0.2153 
3.9501 -0.5906 2.0301 0.0741 0.1005 
4.0001 -0.5932 2.0401 0.0858 0.2655 
3.9901 -0.5937 2.0501 0.1041 0.2397 
3.9801 -0.5925 2.0301 0.0740 0.1944 
3.9401 -0.5939 2.1101 0.2453 0.1353 
3.9201 -0.6006 2.1001 0.1986 0.0831 
3.9401 -0.5982 2.0901 0.1838 0.1237 
3.9401 -0.5982 2.0901 0.1838 0.1237 
3.9201 -0.6006 2.1001 0.1986 0.0831 
3.9201 -0.5959 2.0801 0.1625 0.0680 
3.8801 -0.5899 2.1618 0.3612 0.0529 
3.9301 -0.5899 2.1566 0.3582 0.1386 
3.9001 -0.5808 2.1501 0.3672 0.0661 
3.8901 -0.5999 2.1636 0.3379 0.0645 
3.9301 -0.5899 2.1566 0.3582 0.1386 
3.8801 -0.5899 2.1618 0.3612 0.0529 
