NUMPOLLIES 762.000000 

3.0301 0.5773 1.8001 0.0748 0.9671 
3.0301 0.5791 1.8101 0.1025 0.9538 
3.0401 0.5638 1.8101 0.1386 0.9208 
3.0501 0.5808 1.8001 0.0734 0.8659 
3.0301 0.5773 1.8001 0.0748 0.9671 
3.0501 0.5668 1.8101 0.1292 0.8685 
3.0501 0.5668 1.8101 0.1292 0.8685 
3.0301 0.5773 1.8001 0.0748 0.9671 
3.0401 0.5638 1.8101 0.1386 0.9208 
3.0401 0.5638 1.8101 0.1386 0.9208 
3.0401 0.5798 1.8201 0.1468 0.8959 
3.0501 0.5647 1.8301 0.2427 0.8525 
3.0401 0.5638 1.8101 0.1386 0.9208 
3.0501 0.5647 1.8301 0.2427 0.8525 
3.0501 0.5668 1.8101 0.1292 0.8685 
3.0301 0.5791 1.8101 0.1025 0.9538 
3.0401 0.5798 1.8201 0.1468 0.8959 
3.0401 0.5638 1.8101 0.1386 0.9208 
3.0401 0.5798 1.8201 0.1468 0.8959 
3.0201 0.5724 1.8301 0.2231 0.9858 
3.0401 0.5661 1.8301 0.2399 0.8985 
3.0401 0.5798 1.8201 0.1468 0.8959 
3.0401 0.5661 1.8301 0.2399 0.8985 
3.0501 0.5647 1.8301 0.2427 0.8525 
3.0401 0.5661 1.8301 0.2399 0.8985 
3.0201 0.5724 1.8301 0.2231 0.9858 
3.0301 0.5616 1.8401 0.3098 0.9397 
3.0401 0.5661 1.8301 0.2399 0.8985 
3.0301 0.5616 1.8401 0.3098 0.9397 
3.0501 0.5646 1.8401 0.2961 0.8444 
3.0501 0.5647 1.8301 0.2427 0.8525 
3.0401 0.5661 1.8301 0.2399 0.8985 
3.0501 0.5646 1.8401 0.2961 0.8444 
3.0301 0.5616 1.8401 0.3098 0.9397 
3.0201 0.5724 1.8301 0.2231 0.9858 
3.0201 0.5795 1.8501 0.3026 0.9569 
3.0601 0.5812 1.8501 0.2907 0.7827 
3.0501 0.5646 1.8401 0.2961 0.8444 
3.0201 0.5795 1.8501 0.3026 0.9569 
3.0501 0.5646 1.8401 0.2961 0.8444 
3.0301 0.5616 1.8401 0.3098 0.9397 
3.0201 0.5795 1.8501 0.3026 0.9569 
3.0501 0.5808 1.8001 0.0734 0.8659 
3.0501 0.5668 1.8101 0.1292 0.8685 
3.0601 0.5657 1.8001 0.0858 0.8282 
3.0601 0.5656 1.8201 0.1841 0.8123 
3.0501 0.5668 1.8101 0.1292 0.8685 
3.0501 0.5647 1.8301 0.2427 0.8525 
3.0601 0.5657 1.8001 0.0858 0.8282 
3.0501 0.5668 1.8101 0.1292 0.8685 
3.0601 0.5656 1.8201 0.1841 0.8123 
3.1001 0.5677 1.8201 0.1717 0.6211 
3.0701 0.5788 1.8101 0.0988 0.7639 
3.0901 0.5796 1.8201 0.1405 0.6656 
3.0701 0.5788 1.8101 0.0988 0.7639 
3.0601 0.5657 1.8001 0.0858 0.8282 
3.0601 0.5656 1.8201 0.1841 0.8123 
3.0601 0.5656 1.8201 0.1841 0.8123 
3.0501 0.5647 1.8301 0.2427 0.8525 
3.0601 0.5788 1.8301 0.1975 0.7969 
3.1001 0.5677 1.8201 0.1717 0.6211 
3.0901 0.5796 1.8201 0.1405 0.6656 
3.1001 0.5842 1.8301 0.1764 0.6169 
3.0701 0.5788 1.8101 0.0988 0.7639 
3.0601 0.5788 1.8301 0.1975 0.7969 
3.0801 0.5812 1.8301 0.1877 0.7060 
3.0601 0.5656 1.8201 0.1841 0.8123 
3.0601 0.5788 1.8301 0.1975 0.7969 
3.0701 0.5788 1.8101 0.0988 0.7639 
3.0701 0.5788 1.8101 0.0988 0.7639 
3.0901 0.5852 1.8401 0.2247 0.6572 
3.0901 0.5796 1.8201 0.1405 0.6656 
3.0701 0.5788 1.8101 0.0988 0.7639 
3.0801 0.5812 1.8301 0.1877 0.7060 
3.0901 0.5852 1.8401 0.2247 0.6572 
3.0901 0.5852 1.8401 0.2247 0.6572 
3.1001 0.5842 1.8301 0.1764 0.6169 
3.0901 0.5796 1.8201 0.1405 0.6656 
3.0601 0.5788 1.8301 0.1975 0.7969 
3.0501 0.5646 1.8401 0.2961 0.8444 
3.0601 0.5812 1.8501 0.2907 0.7827 
3.0501 0.5647 1.8301 0.2427 0.8525 
3.0501 0.5646 1.8401 0.2961 0.8444 
3.0601 0.5788 1.8301 0.1975 0.7969 
3.0601 0.5812 1.8501 0.2907 0.7827 
3.0801 0.5812 1.8301 0.1877 0.7060 
3.0601 0.5788 1.8301 0.1975 0.7969 
3.1001 0.5704 1.8501 0.3189 0.6128 
3.1001 0.5842 1.8301 0.1764 0.6169 
3.0901 0.5852 1.8401 0.2247 0.6572 
3.0801 0.5766 1.8401 0.2521 0.7029 
3.0901 0.5852 1.8401 0.2247 0.6572 
3.0801 0.5812 1.8301 0.1877 0.7060 
3.0801 0.5812 1.8301 0.1877 0.7060 
3.0601 0.5812 1.8501 0.2907 0.7827 
3.0801 0.5766 1.8401 0.2521 0.7029 
3.0901 0.5852 1.8601 0.3209 0.6507 
3.1001 0.5704 1.8501 0.3189 0.6128 
3.0901 0.5852 1.8401 0.2247 0.6572 
3.0901 0.5852 1.8401 0.2247 0.6572 
3.0801 0.5766 1.8401 0.2521 0.7029 
3.0901 0.5852 1.8601 0.3209 0.6507 
3.0301 0.5640 1.8601 0.4022 0.9178 
3.0401 0.5801 1.8558 0.3248 0.8650 
3.0201 0.5795 1.8501 0.3026 0.9569 
3.0201 0.5795 1.8501 0.3026 0.9569 
3.0401 0.5801 1.8558 0.3248 0.8650 
3.0601 0.5812 1.8501 0.2907 0.7827 
3.0201 0.5795 1.8501 0.3026 0.9569 
3.0301 0.5796 1.8701 0.3952 0.8959 
3.0301 0.5640 1.8601 0.4022 0.9178 
3.0401 0.5801 1.8558 0.3248 0.8650 
3.0301 0.5640 1.8601 0.4022 0.9178 
3.0301 0.5796 1.8701 0.3952 0.8959 
3.0301 0.5796 1.8701 0.3952 0.8959 
3.0501 0.5833 1.8701 0.3796 0.8109 
3.0401 0.5801 1.8558 0.3248 0.8650 
3.0501 0.5634 1.8801 0.4933 0.8157 
3.0501 0.5833 1.8701 0.3796 0.8109 
3.0401 0.5803 1.8801 0.4356 0.8466 
3.0501 0.5833 1.8701 0.3796 0.8109 
3.0301 0.5796 1.8701 0.3952 0.8959 
3.0401 0.5803 1.8801 0.4356 0.8466 
3.0401 0.5803 1.8801 0.4356 0.8466 
3.0301 0.5796 1.8701 0.3952 0.8959 
3.0301 0.5823 1.8901 0.4735 0.8780 
3.0501 0.5792 1.8901 0.4806 0.8006 
3.0501 0.5634 1.8801 0.4933 0.8157 
3.0401 0.5803 1.8801 0.4356 0.8466 
3.0501 0.5792 1.8901 0.4806 0.8006 
3.0401 0.5803 1.8801 0.4356 0.8466 
3.0301 0.5823 1.8901 0.4735 0.8780 
3.0001 0.5775 1.9001 0.5367 0.9921 
3.0301 0.5823 1.8901 0.4735 0.8780 
3.0101 0.5773 1.8901 0.4941 0.9619 
3.0401 0.5784 1.9001 0.5263 0.8340 
3.0601 0.5842 1.9001 0.5031 0.7538 
3.0501 0.5792 1.8901 0.4806 0.8006 
3.0001 0.5775 1.9001 0.5367 0.9921 
3.0401 0.5784 1.9001 0.5263 0.8340 
3.0301 0.5823 1.8901 0.4735 0.8780 
3.0501 0.5792 1.8901 0.4806 0.8006 
3.0301 0.5823 1.8901 0.4735 0.8780 
3.0401 0.5784 1.9001 0.5263 0.8340 
3.0901 0.5852 1.8601 0.3209 0.6507 
3.1001 0.5866 1.8601 0.3150 0.6095 
3.1001 0.5704 1.8501 0.3189 0.6128 
3.0601 0.5812 1.8501 0.2907 0.7827 
3.0901 0.5852 1.8601 0.3209 0.6507 
3.0801 0.5766 1.8401 0.2521 0.7029 
3.0901 0.5852 1.8601 0.3209 0.6507 
3.0801 0.5855 1.8801 0.4117 0.6841 
3.1001 0.5805 1.8701 0.3802 0.6076 
3.0401 0.5801 1.8558 0.3248 0.8650 
3.0501 0.5833 1.8701 0.3796 0.8109 
3.0601 0.5812 1.8501 0.2907 0.7827 
3.0501 0.5833 1.8701 0.3796 0.8109 
3.0601 0.5801 1.8796 0.4308 0.7661 
3.0601 0.5812 1.8501 0.2907 0.7827 
3.0901 0.5852 1.8601 0.3209 0.6507 
3.0601 0.5812 1.8501 0.2907 0.7827 
3.0801 0.5855 1.8801 0.4117 0.6841 
3.0601 0.5812 1.8501 0.2907 0.7827 
3.0601 0.5801 1.8796 0.4308 0.7661 
3.0801 0.5855 1.8801 0.4117 0.6841 
3.1001 0.5805 1.8701 0.3802 0.6076 
3.1001 0.5866 1.8601 0.3150 0.6095 
3.0901 0.5852 1.8601 0.3209 0.6507 
3.0501 0.5634 1.8801 0.4933 0.8157 
3.0601 0.5801 1.8796 0.4308 0.7661 
3.0501 0.5833 1.8701 0.3796 0.8109 
3.0801 0.5855 1.8801 0.4117 0.6841 
3.1101 0.5832 1.8801 0.4139 0.5658 
3.1001 0.5805 1.8701 0.3802 0.6076 
3.0601 0.5801 1.8796 0.4308 0.7661 
3.0501 0.5634 1.8801 0.4933 0.8157 
3.0501 0.5792 1.8901 0.4806 0.8006 
3.0801 0.5813 1.9001 0.5093 0.6779 
3.0801 0.5855 1.8801 0.4117 0.6841 
3.0701 0.5838 1.8901 0.4614 0.7199 
3.0801 0.5813 1.9001 0.5093 0.6779 
3.0901 0.5844 1.8901 0.4559 0.6419 
3.0801 0.5855 1.8801 0.4117 0.6841 
3.0501 0.5792 1.8901 0.4806 0.8006 
3.0701 0.5838 1.8901 0.4614 0.7199 
3.0601 0.5801 1.8796 0.4308 0.7661 
3.0801 0.5855 1.8801 0.4117 0.6841 
3.0601 0.5801 1.8796 0.4308 0.7661 
3.0701 0.5838 1.8901 0.4614 0.7199 
3.0801 0.5855 1.8801 0.4117 0.6841 
3.0901 0.5844 1.8901 0.4559 0.6419 
3.1101 0.5832 1.8801 0.4139 0.5658 
3.0501 0.5792 1.8901 0.4806 0.8006 
3.0601 0.5842 1.9001 0.5031 0.7538 
3.0701 0.5838 1.8901 0.4614 0.7199 
2.9901 0.5888 1.9201 0.5773 1.0005 
3.0001 0.5705 1.9201 0.6405 0.9795 
3.0225 0.6001 1.9101 0.4966 0.8802 
3.0001 0.5705 1.9201 0.6405 0.9795 
2.9901 0.5888 1.9201 0.5773 1.0005 
3.0001 0.5906 1.9301 0.6063 0.9534 
2.9901 0.5952 1.9401 0.6278 0.9770 
3.0001 0.5940 1.9501 0.6642 0.9349 
3.0001 0.5906 1.9301 0.6063 0.9534 
3.0001 0.5979 1.9701 0.7157 0.9175 
2.9901 0.5729 1.9601 0.7738 0.9785 
2.9801 0.6007 1.9701 0.7101 0.9819 
3.0101 0.5961 1.9601 0.6885 0.8921 
2.9901 0.5729 1.9601 0.7738 0.9785 
3.0001 0.5979 1.9701 0.7157 0.9175 
3.0001 0.5862 1.9901 0.8164 0.9113 
3.0001 0.5979 1.9701 0.7157 0.9175 
2.9901 0.5885 1.9801 0.7805 0.9500 
3.0001 0.5979 1.9701 0.7157 0.9175 
2.9801 0.6007 1.9701 0.7101 0.9819 
2.9901 0.5885 1.9801 0.7805 0.9500 
2.9901 0.5885 1.9801 0.7805 0.9500 
2.9801 0.6007 1.9701 0.7101 0.9819 
2.9801 0.5918 1.9901 0.8008 0.9729 
2.9801 0.5918 1.9901 0.8008 0.9729 
2.9701 0.5872 2.0001 0.8474 1.0010 
2.9801 0.5849 2.0101 0.8815 0.9627 
2.9801 0.5918 1.9901 0.8008 0.9729 
2.9801 0.5849 2.0101 0.8815 0.9627 
2.9901 0.5830 2.0001 0.8587 0.9392 
2.9901 0.5830 2.0001 0.8587 0.9392 
3.0101 0.5923 2.0001 0.8224 0.8690 
3.0001 0.5862 1.9901 0.8164 0.9113 
3.0401 0.5784 1.9001 0.5263 0.8340 
3.0001 0.5775 1.9001 0.5367 0.9921 
3.0401 0.5962 1.9101 0.5064 0.8180 
3.0601 0.5842 1.9001 0.5031 0.7538 
3.0401 0.5784 1.9001 0.5263 0.8340 
3.0501 0.6129 1.9201 0.4902 0.7695 
3.0501 0.6129 1.9201 0.4902 0.7695 
3.0401 0.5784 1.9001 0.5263 0.8340 
3.0401 0.5962 1.9101 0.5064 0.8180 
3.0401 0.5962 1.9101 0.5064 0.8180 
3.0001 0.5775 1.9001 0.5367 0.9921 
3.0225 0.6001 1.9101 0.4966 0.8802 
3.0201 0.5764 1.9201 0.6152 0.8981 
3.0225 0.6001 1.9101 0.4966 0.8802 
3.0001 0.5705 1.9201 0.6405 0.9795 
3.0225 0.6001 1.9101 0.4966 0.8802 
3.0201 0.5764 1.9201 0.6152 0.8981 
3.0301 0.5996 1.9201 0.5346 0.8463 
3.0225 0.6001 1.9101 0.4966 0.8802 
3.0301 0.5996 1.9201 0.5346 0.8463 
3.0401 0.5962 1.9101 0.5064 0.8180 
3.0201 0.5961 1.9301 0.5843 0.8776 
3.0201 0.5764 1.9201 0.6152 0.8981 
3.0001 0.5906 1.9301 0.6063 0.9534 
3.0201 0.5764 1.9201 0.6152 0.8981 
3.0001 0.5705 1.9201 0.6405 0.9795 
3.0001 0.5906 1.9301 0.6063 0.9534 
3.0201 0.5961 1.9301 0.5843 0.8776 
3.0301 0.5996 1.9201 0.5346 0.8463 
3.0201 0.5764 1.9201 0.6152 0.8981 
3.0201 0.5940 1.9401 0.6265 0.8722 
3.0201 0.5961 1.9301 0.5843 0.8776 
3.0001 0.5906 1.9301 0.6063 0.9534 
3.0301 0.5892 1.9401 0.6412 0.8398 
3.0301 0.5996 1.9201 0.5346 0.8463 
3.0201 0.5940 1.9401 0.6265 0.8722 
3.0301 0.5996 1.9201 0.5346 0.8463 
3.0201 0.5961 1.9301 0.5843 0.8776 
3.0201 0.5940 1.9401 0.6265 0.8722 
3.0301 0.5892 1.9401 0.6412 0.8398 
3.0401 0.5954 1.9501 0.6527 0.7963 
3.0301 0.5996 1.9201 0.5346 0.8463 
3.0401 0.5954 1.9501 0.6527 0.7963 
3.0501 0.5934 1.9401 0.6234 0.7675 
3.0301 0.5996 1.9201 0.5346 0.8463 
3.0201 0.5940 1.9401 0.6265 0.8722 
3.0001 0.5906 1.9301 0.6063 0.9534 
3.0001 0.5940 1.9501 0.6642 0.9349 
3.0001 0.5940 1.9501 0.6642 0.9349 
3.0301 0.5934 1.9601 0.6938 0.8259 
3.0201 0.5940 1.9401 0.6265 0.8722 
3.0301 0.5892 1.9401 0.6412 0.8398 
3.0201 0.5940 1.9401 0.6265 0.8722 
3.0301 0.6001 1.9501 0.6387 0.8282 
3.0201 0.5940 1.9401 0.6265 0.8722 
3.0301 0.5934 1.9601 0.6938 0.8259 
3.0301 0.6001 1.9501 0.6387 0.8282 
3.0301 0.5892 1.9401 0.6412 0.8398 
3.0301 0.6001 1.9501 0.6387 0.8282 
3.0401 0.5954 1.9501 0.6527 0.7963 
3.0601 0.5842 1.9001 0.5031 0.7538 
3.0601 0.6008 1.9101 0.4883 0.7430 
3.0701 0.5821 1.9101 0.5480 0.7120 
3.0601 0.5842 1.9001 0.5031 0.7538 
3.0701 0.5821 1.9101 0.5480 0.7120 
3.0701 0.5838 1.8901 0.4614 0.7199 
3.0801 0.5813 1.9001 0.5093 0.6779 
3.0701 0.5838 1.8901 0.4614 0.7199 
3.0901 0.5823 1.9101 0.5437 0.6368 
3.0701 0.5838 1.8901 0.4614 0.7199 
3.0701 0.5821 1.9101 0.5480 0.7120 
3.0901 0.5823 1.9101 0.5437 0.6368 
3.0901 0.5844 1.8901 0.4559 0.6419 
3.0801 0.5813 1.9001 0.5093 0.6779 
3.0901 0.5823 1.9101 0.5437 0.6368 
3.0601 0.6008 1.9101 0.4883 0.7430 
3.0601 0.5842 1.9001 0.5031 0.7538 
3.0501 0.6129 1.9201 0.4902 0.7695 
3.0701 0.6039 1.9201 0.5145 0.7024 
3.0701 0.5821 1.9101 0.5480 0.7120 
3.0601 0.6008 1.9101 0.4883 0.7430 
3.0901 0.5823 1.9101 0.5437 0.6368 
3.0701 0.5821 1.9101 0.5480 0.7120 
3.0701 0.6039 1.9201 0.5145 0.7024 
3.0901 0.6063 1.9201 0.5039 0.6319 
3.0901 0.5823 1.9101 0.5437 0.6368 
3.0701 0.6039 1.9201 0.5145 0.7024 
3.1001 0.5967 1.9301 0.5688 0.5956 
3.0901 0.6063 1.9201 0.5039 0.6319 
3.0901 0.6000 1.9301 0.5599 0.6302 
3.0901 0.6000 1.9301 0.5599 0.6302 
3.1001 0.5901 1.9348 0.6073 0.5949 
3.1001 0.5967 1.9301 0.5688 0.5956 
3.0701 0.5949 1.9401 0.6151 0.6975 
3.0601 0.5990 1.9501 0.6372 0.7269 
3.0801 0.5918 1.9501 0.6577 0.6605 
3.1001 0.5953 1.9501 0.6427 0.5924 
3.1001 0.5901 1.9348 0.6073 0.5949 
3.0901 0.5971 1.9601 0.6711 0.6239 
3.0901 0.5971 1.9601 0.6711 0.6239 
3.1001 0.5901 1.9348 0.6073 0.5949 
3.0901 0.6000 1.9301 0.5599 0.6302 
3.0101 0.5961 1.9601 0.6885 0.8921 
3.0301 0.5934 1.9601 0.6938 0.8259 
3.0001 0.5940 1.9501 0.6642 0.9349 
3.0301 0.6001 1.9501 0.6387 0.8282 
3.0301 0.5934 1.9601 0.6938 0.8259 
3.0401 0.5954 1.9501 0.6527 0.7963 
3.0301 0.5934 1.9601 0.6938 0.8259 
3.0101 0.5961 1.9601 0.6885 0.8921 
3.0301 0.5833 1.9701 0.7607 0.8253 
3.0401 0.5966 1.9701 0.7132 0.7859 
3.0301 0.5934 1.9601 0.6938 0.8259 
3.0301 0.5833 1.9701 0.7607 0.8253 
3.0001 0.5979 1.9701 0.7157 0.9175 
3.0301 0.5833 1.9701 0.7607 0.8253 
3.0101 0.5961 1.9601 0.6885 0.8921 
3.0401 0.5966 1.9701 0.7132 0.7859 
3.0401 0.5954 1.9501 0.6527 0.7963 
3.0301 0.5934 1.9601 0.6938 0.8259 
3.0501 0.5996 1.9601 0.6698 0.7562 
3.0401 0.5954 1.9501 0.6527 0.7963 
3.0401 0.5966 1.9701 0.7132 0.7859 
3.0201 0.5879 1.9801 0.7773 0.8507 
3.0301 0.5833 1.9701 0.7607 0.8253 
3.0001 0.5979 1.9701 0.7157 0.9175 
3.0301 0.5833 1.9701 0.7607 0.8253 
3.0201 0.5879 1.9801 0.7773 0.8507 
3.0401 0.6185 1.9801 0.6740 0.7731 
3.0401 0.5966 1.9701 0.7132 0.7859 
3.0301 0.5833 1.9701 0.7607 0.8253 
3.0401 0.6185 1.9801 0.6740 0.7731 
3.0101 0.5923 2.0001 0.8224 0.8690 
3.0001 0.5979 1.9701 0.7157 0.9175 
3.0001 0.5862 1.9901 0.8164 0.9113 
3.0201 0.5879 1.9801 0.7773 0.8507 
3.0001 0.5979 1.9701 0.7157 0.9175 
3.0201 0.5904 1.9901 0.7984 0.8437 
3.0001 0.5979 1.9701 0.7157 0.9175 
3.0101 0.5923 2.0001 0.8224 0.8690 
3.0201 0.5904 1.9901 0.7984 0.8437 
3.0401 0.6185 1.9801 0.6740 0.7731 
3.0201 0.5879 1.9801 0.7773 0.8507 
3.0201 0.5904 1.9901 0.7984 0.8437 
3.0401 0.5983 1.9901 0.7682 0.7760 
3.0401 0.6185 1.9801 0.6740 0.7731 
3.0201 0.5904 1.9901 0.7984 0.8437 
3.0101 0.5923 2.0001 0.8224 0.8690 
3.0201 0.6082 2.0001 0.7681 0.8297 
3.0201 0.5904 1.9901 0.7984 0.8437 
3.0501 0.5977 2.0001 0.7973 0.7405 
3.0201 0.5904 1.9901 0.7984 0.8437 
3.0201 0.6082 2.0001 0.7681 0.8297 
3.0201 0.5904 1.9901 0.7984 0.8437 
3.0501 0.5977 2.0001 0.7973 0.7405 
3.0401 0.5983 1.9901 0.7682 0.7760 
3.0801 0.6105 1.9601 0.6300 0.6552 
3.0801 0.5918 1.9501 0.6577 0.6605 
3.0601 0.5990 1.9501 0.6372 0.7269 
3.0701 0.6036 1.9701 0.6853 0.6859 
3.0501 0.5996 1.9601 0.6698 0.7562 
3.0401 0.5966 1.9701 0.7132 0.7859 
3.1001 0.5953 1.9501 0.6427 0.5924 
3.0901 0.5971 1.9601 0.6711 0.6239 
3.1101 0.5932 1.9801 0.7434 0.5558 
3.0701 0.6036 1.9701 0.6853 0.6859 
3.0401 0.5966 1.9701 0.7132 0.7859 
3.0601 0.6014 1.9801 0.7247 0.7152 
3.0601 0.6014 1.9801 0.7247 0.7152 
3.0401 0.5966 1.9701 0.7132 0.7859 
3.0501 0.6081 1.9801 0.7049 0.7452 
3.0701 0.6036 1.9701 0.6853 0.6859 
3.0801 0.6002 1.9801 0.7252 0.6516 
3.0901 0.5971 1.9601 0.6711 0.6239 
3.1001 0.6038 1.9801 0.7102 0.5879 
3.0801 0.6002 1.9801 0.7252 0.6516 
3.0801 0.5869 1.9901 0.7998 0.6508 
3.0801 0.6083 2.0001 0.7578 0.6459 
3.0801 0.5869 1.9901 0.7998 0.6508 
3.0701 0.5939 2.0001 0.8065 0.6789 
3.0601 0.6048 2.0001 0.7722 0.7077 
3.0701 0.5939 2.0001 0.8065 0.6789 
3.0801 0.5869 1.9901 0.7998 0.6508 
3.0801 0.5869 1.9901 0.7998 0.6508 
3.1001 0.5978 2.0001 0.7883 0.5852 
3.1001 0.6038 1.9801 0.7102 0.5879 
3.0801 0.5869 1.9901 0.7998 0.6508 
3.0801 0.6083 2.0001 0.7578 0.6459 
3.1001 0.5978 2.0001 0.7883 0.5852 
3.0001 0.5862 1.9901 0.8164 0.9113 
2.9901 0.5885 1.9801 0.7805 0.9500 
2.9901 0.6194 1.9901 0.7089 0.9221 
2.9901 0.5885 1.9801 0.7805 0.9500 
2.9801 0.5918 1.9901 0.8008 0.9729 
2.9901 0.6194 1.9901 0.7089 0.9221 
2.9901 0.6194 1.9901 0.7089 0.9221 
2.9801 0.5918 1.9901 0.8008 0.9729 
2.9901 0.5830 2.0001 0.8587 0.9392 
2.9901 0.5830 2.0001 0.8587 0.9392 
3.0001 0.5862 1.9901 0.8164 0.9113 
2.9901 0.6194 1.9901 0.7089 0.9221 
3.0401 0.5962 1.9101 0.5064 0.8180 
3.0301 0.5996 1.9201 0.5346 0.8463 
3.0501 0.6129 1.9201 0.4902 0.7695 
3.0501 0.6129 1.9201 0.4902 0.7695 
3.0301 0.5996 1.9201 0.5346 0.8463 
3.0501 0.5934 1.9401 0.6234 0.7675 
3.0501 0.5934 1.9401 0.6234 0.7675 
3.0401 0.5954 1.9501 0.6527 0.7963 
3.0601 0.5990 1.9501 0.6372 0.7269 
3.0601 0.6008 1.9101 0.4883 0.7430 
3.0501 0.6129 1.9201 0.4902 0.7695 
3.0601 0.5945 1.9301 0.5829 0.7364 
3.0601 0.5945 1.9301 0.5829 0.7364 
3.0701 0.6090 1.9301 0.5349 0.6976 
3.0601 0.6008 1.9101 0.4883 0.7430 
3.0701 0.6090 1.9301 0.5349 0.6976 
3.0701 0.6039 1.9201 0.5145 0.7024 
3.0601 0.6008 1.9101 0.4883 0.7430 
3.0701 0.5949 1.9401 0.6151 0.6975 
3.0701 0.6039 1.9201 0.5145 0.7024 
3.0701 0.6090 1.9301 0.5349 0.6976 
3.0701 0.6039 1.9201 0.5145 0.7024 
3.0901 0.6000 1.9301 0.5599 0.6302 
3.0901 0.6063 1.9201 0.5039 0.6319 
3.0701 0.5949 1.9401 0.6151 0.6975 
3.0901 0.6000 1.9301 0.5599 0.6302 
3.0701 0.6039 1.9201 0.5145 0.7024 
3.0601 0.5945 1.9301 0.5829 0.7364 
3.0501 0.6129 1.9201 0.4902 0.7695 
3.0501 0.5934 1.9401 0.6234 0.7675 
3.0601 0.5945 1.9301 0.5829 0.7364 
3.0501 0.5934 1.9401 0.6234 0.7675 
3.0601 0.5990 1.9501 0.6372 0.7269 
3.0701 0.5949 1.9401 0.6151 0.6975 
3.0701 0.6090 1.9301 0.5349 0.6976 
3.0601 0.5945 1.9301 0.5829 0.7364 
3.0701 0.5949 1.9401 0.6151 0.6975 
3.0601 0.5945 1.9301 0.5829 0.7364 
3.0601 0.5990 1.9501 0.6372 0.7269 
3.0801 0.5918 1.9501 0.6577 0.6605 
3.0901 0.5971 1.9601 0.6711 0.6239 
3.0701 0.5949 1.9401 0.6151 0.6975 
3.0901 0.5971 1.9601 0.6711 0.6239 
3.0901 0.6000 1.9301 0.5599 0.6302 
3.0701 0.5949 1.9401 0.6151 0.6975 
3.0601 0.5990 1.9501 0.6372 0.7269 
3.0401 0.5954 1.9501 0.6527 0.7963 
3.0501 0.5996 1.9601 0.6698 0.7562 
3.0501 0.6081 1.9801 0.7049 0.7452 
3.0401 0.5966 1.9701 0.7132 0.7859 
3.0401 0.6185 1.9801 0.6740 0.7731 
3.0401 0.6185 1.9801 0.6740 0.7731 
3.0401 0.5983 1.9901 0.7682 0.7760 
3.0501 0.6081 1.9801 0.7049 0.7452 
3.0501 0.6081 1.9801 0.7049 0.7452 
3.0401 0.5983 1.9901 0.7682 0.7760 
3.0501 0.5977 2.0001 0.7973 0.7405 
3.0501 0.5996 1.9601 0.6698 0.7562 
3.0801 0.6105 1.9601 0.6300 0.6552 
3.0601 0.5990 1.9501 0.6372 0.7269 
3.0901 0.5971 1.9601 0.6711 0.6239 
3.0801 0.5918 1.9501 0.6577 0.6605 
3.0801 0.6105 1.9601 0.6300 0.6552 
3.0701 0.6036 1.9701 0.6853 0.6859 
3.0801 0.6105 1.9601 0.6300 0.6552 
3.0501 0.5996 1.9601 0.6698 0.7562 
3.0801 0.6105 1.9601 0.6300 0.6552 
3.0701 0.6036 1.9701 0.6853 0.6859 
3.0901 0.5971 1.9601 0.6711 0.6239 
3.0601 0.6014 1.9801 0.7247 0.7152 
3.0601 0.6048 2.0001 0.7722 0.7077 
3.0701 0.6036 1.9701 0.6853 0.6859 
3.0701 0.6036 1.9701 0.6853 0.6859 
3.0601 0.6048 2.0001 0.7722 0.7077 
3.0801 0.6002 1.9801 0.7252 0.6516 
3.0801 0.6002 1.9801 0.7252 0.6516 
3.1001 0.6038 1.9801 0.7102 0.5879 
3.0901 0.5971 1.9601 0.6711 0.6239 
3.0901 0.5971 1.9601 0.6711 0.6239 
3.1001 0.6038 1.9801 0.7102 0.5879 
3.1101 0.5932 1.9801 0.7434 0.5558 
3.0501 0.6081 1.9801 0.7049 0.7452 
3.0601 0.6048 2.0001 0.7722 0.7077 
3.0601 0.6014 1.9801 0.7247 0.7152 
3.0801 0.6002 1.9801 0.7252 0.6516 
3.0601 0.6048 2.0001 0.7722 0.7077 
3.0801 0.5869 1.9901 0.7998 0.6508 
3.0501 0.6081 1.9801 0.7049 0.7452 
3.0501 0.5977 2.0001 0.7973 0.7405 
3.0601 0.6048 2.0001 0.7722 0.7077 
3.3101 0.5929 2.0801 0.9705 0.0527 
3.3001 0.5993 2.0801 0.9519 0.0629 
3.3001 0.5954 2.0901 0.9862 0.0645 
3.3001 0.5954 2.0901 0.9862 0.0645 
3.2801 0.5982 2.0801 0.9586 0.1012 
3.2801 0.6083 2.0901 0.9493 0.1132 
3.2601 0.6066 2.0901 0.9577 0.1597 
3.2801 0.6083 2.0901 0.9493 0.1132 
3.2801 0.5982 2.0801 0.9586 0.1012 
3.2401 0.6101 2.1068 0.9858 0.2180 
3.2501 0.6093 2.1101 0.9935 0.1943 
3.2401 0.6012 2.0901 0.9776 0.2064 
3.2101 0.6000 2.0901 0.9865 0.2830 
3.2401 0.6012 2.0901 0.9776 0.2064 
3.2301 0.5964 2.0701 0.9498 0.2215 
3.2101 0.6000 2.0901 0.9865 0.2830 
3.2101 0.5987 2.0701 0.9458 0.2762 
3.2001 0.6086 2.0901 0.9612 0.3130 
3.2501 0.5958 2.0801 0.9712 0.1731 
3.2401 0.5984 2.0601 0.9184 0.1921 
3.2401 0.6012 2.0901 0.9776 0.2064 
3.2001 0.6086 2.0901 0.9612 0.3130 
3.2101 0.5987 2.0701 0.9458 0.2762 
3.2001 0.6060 2.0601 0.9009 0.3037 
3.2001 0.6060 2.0601 0.9009 0.3037 
3.2101 0.5987 2.0701 0.9458 0.2762 
3.2101 0.6001 2.0601 0.9179 0.2737 
3.2401 0.6077 2.0501 0.8651 0.1938 
3.2401 0.5984 2.0601 0.9184 0.1921 
3.2501 0.5941 2.0501 0.9065 0.1580 
3.2401 0.6077 2.0501 0.8651 0.1938 
3.2201 0.5913 2.0601 0.9446 0.2416 
3.2301 0.6062 2.0601 0.8956 0.2235 
3.2401 0.5984 2.0601 0.9184 0.1921 
3.2401 0.6077 2.0501 0.8651 0.1938 
3.2301 0.6062 2.0601 0.8956 0.2235 
3.2159 0.6001 2.0501 0.8929 0.2544 
3.1901 0.5972 2.0501 0.9064 0.3244 
3.2001 0.6060 2.0601 0.9009 0.3037 
3.2101 0.6001 2.0601 0.9179 0.2737 
3.2159 0.6001 2.0501 0.8929 0.2544 
3.2001 0.6060 2.0601 0.9009 0.3037 
3.2101 0.6001 2.0601 0.9179 0.2737 
3.2001 0.6060 2.0601 0.9009 0.3037 
3.2101 0.6001 2.0601 0.9179 0.2737 
3.2701 0.5968 2.0401 0.8698 0.1035 
3.2801 0.6021 2.0501 0.8759 0.0892 
3.2801 0.5981 2.0301 0.8385 0.0765 
3.2601 0.5892 2.0301 0.8705 0.1177 
3.2701 0.6001 2.0201 0.8074 0.0955 
3.2501 0.5995 2.0201 0.8128 0.1470 
3.2601 0.5892 2.0301 0.8705 0.1177 
3.2501 0.5995 2.0201 0.8128 0.1470 
3.2501 0.6063 2.0301 0.8175 0.1570 
3.2901 0.6001 2.0147 0.7895 0.0556 
3.2801 0.6000 2.0101 0.7792 0.0684 
3.2801 0.5981 2.0301 0.8385 0.0765 
3.2801 0.5981 2.0301 0.8385 0.0765 
3.2801 0.6000 2.0101 0.7792 0.0684 
3.2701 0.6001 2.0201 0.8074 0.0955 
3.2901 0.5993 2.0001 0.7517 0.0531 
3.2801 0.6000 2.0101 0.7792 0.0684 
3.2901 0.6001 2.0147 0.7895 0.0556 
3.2501 0.5941 2.0501 0.9065 0.1580 
3.2401 0.6012 2.0401 0.8605 0.1851 
3.2401 0.6077 2.0501 0.8651 0.1938 
3.2201 0.6006 2.0301 0.8403 0.2356 
3.2201 0.5913 2.0601 0.9446 0.2416 
3.2401 0.6077 2.0501 0.8651 0.1938 
3.1901 0.5972 2.0501 0.9064 0.3244 
3.2159 0.6001 2.0501 0.8929 0.2544 
3.2101 0.6002 2.0401 0.8687 0.2671 
3.2501 0.6063 2.0301 0.8175 0.1570 
3.2301 0.6034 2.0201 0.8036 0.2052 
3.2401 0.6012 2.0401 0.8605 0.1851 
3.2401 0.6077 2.0501 0.8651 0.1938 
3.2401 0.6012 2.0401 0.8605 0.1851 
3.2201 0.6006 2.0301 0.8403 0.2356 
3.2201 0.6006 2.0301 0.8403 0.2356 
3.2101 0.6064 2.0301 0.8236 0.2671 
3.2101 0.6002 2.0401 0.8687 0.2671 
3.2001 0.5891 2.0401 0.9068 0.2892 
3.2101 0.6002 2.0401 0.8687 0.2671 
3.2101 0.6064 2.0301 0.8236 0.2671 
3.2301 0.6034 2.0201 0.8036 0.2052 
3.2201 0.6006 2.0301 0.8403 0.2356 
3.2401 0.6012 2.0401 0.8605 0.1851 
3.2301 0.6034 2.0201 0.8036 0.2052 
3.2101 0.6064 2.0301 0.8236 0.2671 
3.2201 0.6006 2.0301 0.8403 0.2356 
3.2001 0.5891 2.0401 0.9068 0.2892 
3.2101 0.6064 2.0301 0.8236 0.2671 
3.2001 0.6015 2.0101 0.7873 0.2862 
3.2501 0.6063 2.0301 0.8175 0.1570 
3.2501 0.5995 2.0201 0.8128 0.1470 
3.2401 0.5977 2.0101 0.7929 0.1683 
3.2301 0.6034 2.0201 0.8036 0.2052 
3.2501 0.6063 2.0301 0.8175 0.1570 
3.2401 0.5977 2.0101 0.7929 0.1683 
3.2101 0.6064 2.0301 0.8236 0.2671 
3.2301 0.6034 2.0201 0.8036 0.2052 
3.2201 0.6001 2.0101 0.7886 0.2272 
3.2501 0.6003 2.0001 0.7550 0.1371 
3.2301 0.5940 2.0001 0.7788 0.1893 
3.2401 0.5977 2.0101 0.7929 0.1683 
3.1701 0.6102 2.1001 0.9824 0.3929 
3.1601 0.5949 2.0801 0.9892 0.4118 
3.1601 0.6051 2.1001 0.9999 0.4172 
3.1701 0.5941 2.0701 0.9674 0.3828 
3.1601 0.5949 2.0801 0.9892 0.4118 
3.1701 0.6102 2.1001 0.9824 0.3929 
3.2001 0.6086 2.0901 0.9612 0.3130 
3.2001 0.6060 2.0601 0.9009 0.3037 
3.1901 0.5971 2.0901 0.9990 0.3342 
3.1701 0.6032 2.0601 0.9147 0.3843 
3.1501 0.6059 2.0501 0.8853 0.4390 
3.1701 0.5941 2.0701 0.9674 0.3828 
3.1701 0.6032 2.0601 0.9147 0.3843 
3.1901 0.5848 2.0601 0.9715 0.3213 
3.1801 0.5979 2.0401 0.8813 0.3504 
3.1101 0.6162 2.0901 0.9522 0.5490 
3.1001 0.6038 2.0701 0.9477 0.5770 
3.0901 0.6037 2.0801 0.9725 0.6031 
3.1112 0.6001 2.0701 0.9577 0.5463 
3.1201 0.5970 2.0501 0.9188 0.5220 
3.1101 0.6122 2.0601 0.8962 0.5507 
3.1101 0.6122 2.0601 0.8962 0.5507 
3.1001 0.6038 2.0701 0.9477 0.5770 
3.1112 0.6001 2.0701 0.9577 0.5463 
3.1501 0.6059 2.0501 0.8853 0.4390 
3.1301 0.6001 2.0501 0.9072 0.4940 
3.1391 0.6001 2.0601 0.9297 0.4691 
3.1101 0.6122 2.0601 0.8962 0.5507 
3.1201 0.5970 2.0501 0.9188 0.5220 
3.1101 0.6038 2.0501 0.8987 0.5509 
3.1101 0.6038 2.0501 0.8987 0.5509 
3.1001 0.6038 2.0701 0.9477 0.5770 
3.1101 0.6122 2.0601 0.8962 0.5507 
3.1801 0.6098 2.0301 0.8180 0.3531 
3.1801 0.5979 2.0401 0.8813 0.3504 
3.1901 0.6000 2.0201 0.8210 0.3176 
3.1801 0.6098 2.0301 0.8180 0.3531 
3.1701 0.5951 2.0301 0.8666 0.3759 
3.1801 0.5979 2.0401 0.8813 0.3504 
3.1901 0.6000 2.0201 0.8210 0.3176 
3.2001 0.6015 2.0101 0.7873 0.2862 
3.1901 0.6073 2.0101 0.7708 0.3183 
3.1901 0.6000 2.0201 0.8210 0.3176 
3.1801 0.5946 2.0001 0.7851 0.3393 
3.1801 0.6098 2.0301 0.8180 0.3531 
3.1901 0.6000 2.0201 0.8210 0.3176 
3.1901 0.6073 2.0101 0.7708 0.3183 
3.1801 0.5946 2.0001 0.7851 0.3393 
3.1601 0.6069 2.0101 0.7771 0.4059 
3.1701 0.5951 2.0301 0.8666 0.3759 
3.1801 0.6098 2.0301 0.8180 0.3531 
3.1801 0.5946 2.0001 0.7851 0.3393 
3.1601 0.6069 2.0101 0.7771 0.4059 
3.1801 0.6098 2.0301 0.8180 0.3531 
3.1601 0.5988 2.0001 0.7750 0.4017 
3.1501 0.5963 2.0001 0.7847 0.4313 
3.1601 0.6069 2.0101 0.7771 0.4059 
3.1101 0.6216 2.0401 0.8183 0.5527 
3.1101 0.6038 2.0501 0.8987 0.5509 
3.1301 0.6084 2.0401 0.8560 0.4952 
3.1101 0.6216 2.0401 0.8183 0.5527 
3.1001 0.6058 2.0401 0.8690 0.5803 
3.1101 0.6038 2.0501 0.8987 0.5509 
3.1501 0.6062 2.0401 0.8597 0.4382 
3.1301 0.6001 2.0501 0.9072 0.4940 
3.1501 0.6059 2.0501 0.8853 0.4390 
3.1301 0.6001 2.0501 0.9072 0.4940 
3.1501 0.6062 2.0401 0.8597 0.4382 
3.1301 0.6084 2.0401 0.8560 0.4952 
3.1301 0.6001 2.0501 0.9072 0.4940 
3.1301 0.6084 2.0401 0.8560 0.4952 
3.1301 0.6001 2.0501 0.9072 0.4940 
3.1201 0.5970 2.0501 0.9188 0.5220 
3.1301 0.6001 2.0501 0.9072 0.4940 
3.1301 0.6084 2.0401 0.8560 0.4952 
3.1301 0.6084 2.0401 0.8560 0.4952 
3.1101 0.6038 2.0501 0.8987 0.5509 
3.1201 0.5970 2.0501 0.9188 0.5220 
3.1301 0.6084 2.0401 0.8560 0.4952 
3.1501 0.6062 2.0401 0.8597 0.4382 
3.1301 0.5992 2.0301 0.8599 0.4936 
3.1201 0.5934 2.0301 0.8806 0.5221 
3.1301 0.6084 2.0401 0.8560 0.4952 
3.1301 0.5992 2.0301 0.8599 0.4936 
3.1001 0.6120 2.0301 0.8240 0.5816 
3.1101 0.6216 2.0401 0.8183 0.5527 
3.1301 0.6084 2.0401 0.8560 0.4952 
3.1001 0.6120 2.0301 0.8240 0.5816 
3.1301 0.6084 2.0401 0.8560 0.4952 
3.1201 0.5934 2.0301 0.8806 0.5221 
3.1001 0.6058 2.0401 0.8690 0.5803 
3.1101 0.6216 2.0401 0.8183 0.5527 
3.1001 0.6120 2.0301 0.8240 0.5816 
3.1301 0.5992 2.0301 0.8599 0.4936 
3.1401 0.6021 2.0201 0.8226 0.4645 
3.1301 0.6101 2.0087 0.7680 0.4951 
3.1301 0.6101 2.0087 0.7680 0.4951 
3.1201 0.5934 2.0301 0.8806 0.5221 
3.1301 0.5992 2.0301 0.8599 0.4936 
3.1501 0.5941 2.0201 0.8471 0.4329 
3.1401 0.6001 2.0101 0.8020 0.4634 
3.1401 0.6021 2.0201 0.8226 0.4645 
3.1401 0.6001 2.0101 0.8020 0.4634 
3.1501 0.5941 2.0201 0.8471 0.4329 
3.1601 0.6069 2.0101 0.7771 0.4059 
3.1401 0.6001 2.0101 0.8020 0.4634 
3.1401 0.6001 2.0101 0.8020 0.4634 
3.1401 0.6021 2.0201 0.8226 0.4645 
3.1301 0.6101 2.0087 0.7680 0.4951 
3.1401 0.6021 2.0201 0.8226 0.4645 
3.1401 0.6001 2.0101 0.8020 0.4634 
3.1301 0.6101 2.0087 0.7680 0.4951 
3.1101 0.5961 2.0101 0.8202 0.5534 
3.1201 0.5934 2.0301 0.8806 0.5221 
3.0901 0.6043 2.0201 0.8237 0.6123 
3.1101 0.5961 2.0101 0.8202 0.5534 
3.1001 0.6087 2.0101 0.7811 0.5840 
3.1501 0.5963 2.0001 0.7847 0.4313 
3.1401 0.6001 2.0101 0.8020 0.4634 
3.1601 0.6069 2.0101 0.7771 0.4059 
3.1301 0.6001 2.0042 0.7873 0.4933 
3.1301 0.6101 2.0087 0.7680 0.4951 
3.1401 0.6001 2.0101 0.8020 0.4634 
3.1201 0.6057 2.0001 0.7592 0.5245 
3.1101 0.5961 2.0101 0.8202 0.5534 
3.1301 0.6101 2.0087 0.7680 0.4951 
3.1201 0.6057 2.0001 0.7592 0.5245 
3.1301 0.6101 2.0087 0.7680 0.4951 
3.1301 0.6001 2.0042 0.7873 0.4933 
3.1101 0.5961 2.0101 0.8202 0.5534 
3.1001 0.5978 2.0001 0.7883 0.5852 
3.1001 0.6087 2.0101 0.7811 0.5840 
3.3001 0.5993 2.0801 0.9519 0.0629 
3.2801 0.5982 2.0801 0.9586 0.1012 
3.3001 0.5954 2.0901 0.9862 0.0645 
3.2601 0.6066 2.0901 0.9577 0.1597 
3.2801 0.5982 2.0801 0.9586 0.1012 
3.2501 0.5958 2.0801 0.9712 0.1731 
3.2801 0.6054 2.0701 0.9131 0.1015 
3.2801 0.5982 2.0801 0.9586 0.1012 
3.2901 0.5960 2.0701 0.9411 0.0738 
3.2801 0.5982 2.0801 0.9586 0.1012 
3.3001 0.5993 2.0801 0.9519 0.0629 
3.2901 0.5960 2.0701 0.9411 0.0738 
3.2501 0.5958 2.0801 0.9712 0.1731 
3.2801 0.5982 2.0801 0.9586 0.1012 
3.2801 0.6054 2.0701 0.9131 0.1015 
3.2601 0.5878 2.0701 0.9727 0.1373 
3.2501 0.5958 2.0801 0.9712 0.1731 
3.2801 0.6054 2.0701 0.9131 0.1015 
3.2801 0.6054 2.0701 0.9131 0.1015 
3.2901 0.5960 2.0701 0.9411 0.0738 
3.2801 0.5947 2.0601 0.9236 0.0889 
3.2801 0.6054 2.0701 0.9131 0.1015 
3.2801 0.5947 2.0601 0.9236 0.0889 
3.2601 0.5878 2.0701 0.9727 0.1373 
3.2601 0.5931 2.0601 0.9322 0.1361 
3.2401 0.5984 2.0601 0.9184 0.1921 
3.2601 0.5878 2.0701 0.9727 0.1373 
3.2901 0.5960 2.0701 0.9411 0.0738 
3.3001 0.5993 2.0801 0.9519 0.0629 
3.3001 0.5917 2.0501 0.9057 0.0531 
3.3001 0.5917 2.0501 0.9057 0.0531 
3.2801 0.6021 2.0501 0.8759 0.0892 
3.2901 0.5960 2.0701 0.9411 0.0738 
3.2801 0.6021 2.0501 0.8759 0.0892 
3.2801 0.5947 2.0601 0.9236 0.0889 
3.2901 0.5960 2.0701 0.9411 0.0738 
3.2801 0.6021 2.0501 0.8759 0.0892 
3.2701 0.5968 2.0401 0.8698 0.1035 
3.2801 0.5947 2.0601 0.9236 0.0889 
3.2701 0.5968 2.0401 0.8698 0.1035 
3.2501 0.5941 2.0501 0.9065 0.1580 
3.2601 0.5931 2.0601 0.9322 0.1361 
3.2701 0.5968 2.0401 0.8698 0.1035 
3.2601 0.5931 2.0601 0.9322 0.1361 
3.2601 0.5878 2.0701 0.9727 0.1373 
3.2501 0.5941 2.0501 0.9065 0.1580 
3.2401 0.5984 2.0601 0.9184 0.1921 
3.2601 0.5931 2.0601 0.9322 0.1361 
3.2801 0.5947 2.0601 0.9236 0.0889 
3.2701 0.5968 2.0401 0.8698 0.1035 
3.2601 0.5878 2.0701 0.9727 0.1373 
3.2101 0.6000 2.0901 0.9865 0.2830 
3.2301 0.5964 2.0701 0.9498 0.2215 
3.2101 0.5987 2.0701 0.9458 0.2762 
3.2601 0.5878 2.0701 0.9727 0.1373 
3.2401 0.5984 2.0601 0.9184 0.1921 
3.2501 0.5958 2.0801 0.9712 0.1731 
3.2401 0.6012 2.0901 0.9776 0.2064 
3.2401 0.5984 2.0601 0.9184 0.1921 
3.2301 0.5964 2.0701 0.9498 0.2215 
3.2301 0.6062 2.0601 0.8956 0.2235 
3.2301 0.5964 2.0701 0.9498 0.2215 
3.2401 0.5984 2.0601 0.9184 0.1921 
3.2301 0.5964 2.0701 0.9498 0.2215 
3.2301 0.6062 2.0601 0.8956 0.2235 
3.2201 0.5913 2.0601 0.9446 0.2416 
3.2101 0.6001 2.0601 0.9179 0.2737 
3.2101 0.5987 2.0701 0.9458 0.2762 
3.2301 0.5964 2.0701 0.9498 0.2215 
3.2201 0.5913 2.0601 0.9446 0.2416 
3.2101 0.6001 2.0601 0.9179 0.2737 
3.2301 0.5964 2.0701 0.9498 0.2215 
3.2101 0.6001 2.0601 0.9179 0.2737 
3.2101 0.6001 2.0601 0.9179 0.2737 
3.2101 0.5987 2.0701 0.9458 0.2762 
3.2159 0.6001 2.0501 0.8929 0.2544 
3.2101 0.6001 2.0601 0.9179 0.2737 
3.2201 0.5913 2.0601 0.9446 0.2416 
3.2159 0.6001 2.0501 0.8929 0.2544 
3.2101 0.6001 2.0601 0.9179 0.2737 
3.2101 0.6001 2.0601 0.9179 0.2737 
3.2101 0.6001 2.0601 0.9179 0.2737 
3.2101 0.6001 2.0601 0.9179 0.2737 
3.2101 0.6001 2.0601 0.9179 0.2737 
3.3001 0.5917 2.0501 0.9057 0.0531 
3.2901 0.5919 2.0401 0.8822 0.0596 
3.2801 0.6021 2.0501 0.8759 0.0892 
3.2901 0.5919 2.0401 0.8822 0.0596 
3.2801 0.5981 2.0301 0.8385 0.0765 
3.2801 0.6021 2.0501 0.8759 0.0892 
3.2601 0.5892 2.0301 0.8705 0.1177 
3.2501 0.5941 2.0501 0.9065 0.1580 
3.2701 0.5968 2.0401 0.8698 0.1035 
3.2801 0.5981 2.0301 0.8385 0.0765 
3.2901 0.5919 2.0401 0.8822 0.0596 
3.2964 0.5901 2.0301 0.8614 0.0527 
3.2501 0.6063 2.0301 0.8175 0.1570 
3.2501 0.5941 2.0501 0.9065 0.1580 
3.2601 0.5892 2.0301 0.8705 0.1177 
3.2901 0.6001 2.0147 0.7895 0.0556 
3.2801 0.5981 2.0301 0.8385 0.0765 
3.2964 0.5901 2.0301 0.8614 0.0527 
3.2801 0.5981 2.0301 0.8385 0.0765 
3.2701 0.6001 2.0201 0.8074 0.0955 
3.2701 0.5968 2.0401 0.8698 0.1035 
3.2601 0.5892 2.0301 0.8705 0.1177 
3.2701 0.5968 2.0401 0.8698 0.1035 
3.2701 0.6001 2.0201 0.8074 0.0955 
3.2701 0.6001 2.0201 0.8074 0.0955 
3.2801 0.6000 2.0101 0.7792 0.0684 
3.2501 0.5995 2.0201 0.8128 0.1470 
3.2801 0.6000 2.0101 0.7792 0.0684 
3.2601 0.5908 2.0101 0.8121 0.1080 
3.2501 0.5995 2.0201 0.8128 0.1470 
3.2501 0.5995 2.0201 0.8128 0.1470 
3.2601 0.5908 2.0101 0.8121 0.1080 
3.2501 0.6003 2.0001 0.7550 0.1371 
3.2801 0.6000 2.0101 0.7792 0.0684 
3.2901 0.5993 2.0001 0.7517 0.0531 
3.2701 0.5913 2.0001 0.7808 0.0783 
3.2601 0.5985 1.9901 0.7304 0.1030 
3.2601 0.5908 2.0101 0.8121 0.1080 
3.2801 0.6000 2.0101 0.7792 0.0684 
3.2701 0.5913 2.0001 0.7808 0.0783 
3.2601 0.5985 1.9901 0.7304 0.1030 
3.2801 0.6000 2.0101 0.7792 0.0684 
3.2601 0.5985 1.9901 0.7304 0.1030 
3.2501 0.6003 2.0001 0.7550 0.1371 
3.2601 0.5908 2.0101 0.8121 0.1080 
3.2201 0.6006 2.0301 0.8403 0.2356 
3.2101 0.6002 2.0401 0.8687 0.2671 
3.2201 0.5913 2.0601 0.9446 0.2416 
3.2101 0.6002 2.0401 0.8687 0.2671 
3.2159 0.6001 2.0501 0.8929 0.2544 
3.2201 0.5913 2.0601 0.9446 0.2416 
3.2101 0.6002 2.0401 0.8687 0.2671 
3.2001 0.5891 2.0401 0.9068 0.2892 
3.1901 0.5972 2.0501 0.9064 0.3244 
3.2501 0.5941 2.0501 0.9065 0.1580 
3.2501 0.6063 2.0301 0.8175 0.1570 
3.2401 0.6012 2.0401 0.8605 0.1851 
3.2401 0.5977 2.0101 0.7929 0.1683 
3.2501 0.5995 2.0201 0.8128 0.1470 
3.2501 0.6003 2.0001 0.7550 0.1371 
3.2401 0.5977 2.0101 0.7929 0.1683 
3.2301 0.5940 2.0001 0.7788 0.1893 
3.2301 0.6034 2.0201 0.8036 0.2052 
3.2301 0.6034 2.0201 0.8036 0.2052 
3.2301 0.5940 2.0001 0.7788 0.1893 
3.2201 0.6001 2.0101 0.7886 0.2272 
3.2201 0.6001 2.0101 0.7886 0.2272 
3.2001 0.5947 2.0001 0.7815 0.2789 
3.2101 0.6064 2.0301 0.8236 0.2671 
3.2001 0.6015 2.0101 0.7873 0.2862 
3.2101 0.6064 2.0301 0.8236 0.2671 
3.2001 0.5947 2.0001 0.7815 0.2789 
3.1701 0.5941 2.0701 0.9674 0.3828 
3.1501 0.5969 2.0801 0.9843 0.4395 
3.1601 0.5949 2.0801 0.9892 0.4118 
3.1901 0.5848 2.0601 0.9715 0.3213 
3.1901 0.5971 2.0901 0.9990 0.3342 
3.2001 0.6060 2.0601 0.9009 0.3037 
3.1801 0.5885 2.0701 0.9840 0.3532 
3.1901 0.5848 2.0601 0.9715 0.3213 
3.1701 0.6032 2.0601 0.9147 0.3843 
3.1701 0.5941 2.0701 0.9674 0.3828 
3.1801 0.5885 2.0701 0.9840 0.3532 
3.1701 0.6032 2.0601 0.9147 0.3843 
3.1701 0.5941 2.0701 0.9674 0.3828 
3.1501 0.6059 2.0501 0.8853 0.4390 
3.1501 0.5969 2.0801 0.9843 0.4395 
3.1901 0.5971 2.0901 0.9990 0.3342 
3.1901 0.5848 2.0601 0.9715 0.3213 
3.1801 0.5885 2.0701 0.9840 0.3532 
3.1901 0.5972 2.0501 0.9064 0.3244 
3.1901 0.5848 2.0601 0.9715 0.3213 
3.2001 0.6060 2.0601 0.9009 0.3037 
3.1801 0.5979 2.0401 0.8813 0.3504 
3.1901 0.5848 2.0601 0.9715 0.3213 
3.1901 0.5972 2.0501 0.9064 0.3244 
3.1501 0.6059 2.0501 0.8853 0.4390 
3.1401 0.5996 2.0701 0.9544 0.4667 
3.1501 0.5969 2.0801 0.9843 0.4395 
3.1391 0.6001 2.0601 0.9297 0.4691 
3.1401 0.5996 2.0701 0.9544 0.4667 
3.1501 0.6059 2.0501 0.8853 0.4390 
3.1391 0.6001 2.0601 0.9297 0.4691 
3.1301 0.5906 2.0601 0.9626 0.4926 
3.1401 0.5996 2.0701 0.9544 0.4667 
3.1112 0.6001 2.0701 0.9577 0.5463 
3.1301 0.5906 2.0601 0.9626 0.4926 
3.1201 0.5970 2.0501 0.9188 0.5220 
3.1112 0.6001 2.0701 0.9577 0.5463 
3.1401 0.5996 2.0701 0.9544 0.4667 
3.1301 0.5906 2.0601 0.9626 0.4926 
3.1301 0.5906 2.0601 0.9626 0.4926 
3.1391 0.6001 2.0601 0.9297 0.4691 
3.1301 0.6001 2.0501 0.9072 0.4940 
3.1391 0.6001 2.0601 0.9297 0.4691 
3.1301 0.6001 2.0501 0.9072 0.4940 
3.1301 0.6001 2.0501 0.9072 0.4940 
3.1301 0.6001 2.0501 0.9072 0.4940 
3.1201 0.5970 2.0501 0.9188 0.5220 
3.1301 0.5906 2.0601 0.9626 0.4926 
3.1001 0.6038 2.0701 0.9477 0.5770 
3.1101 0.6038 2.0501 0.8987 0.5509 
3.0901 0.5906 2.0501 0.9454 0.6080 
3.2001 0.5891 2.0401 0.9068 0.2892 
3.1801 0.5979 2.0401 0.8813 0.3504 
3.1901 0.5972 2.0501 0.9064 0.3244 
3.1701 0.5951 2.0301 0.8666 0.3759 
3.1701 0.6032 2.0601 0.9147 0.3843 
3.1801 0.5979 2.0401 0.8813 0.3504 
3.1501 0.6059 2.0501 0.8853 0.4390 
3.1701 0.5951 2.0301 0.8666 0.3759 
3.1501 0.6062 2.0401 0.8597 0.4382 
3.1701 0.6032 2.0601 0.9147 0.3843 
3.1701 0.5951 2.0301 0.8666 0.3759 
3.1501 0.6059 2.0501 0.8853 0.4390 
3.1901 0.6000 2.0201 0.8210 0.3176 
3.1801 0.5979 2.0401 0.8813 0.3504 
3.2001 0.5891 2.0401 0.9068 0.2892 
3.1501 0.6062 2.0401 0.8597 0.4382 
3.1701 0.5951 2.0301 0.8666 0.3759 
3.1501 0.5941 2.0201 0.8471 0.4329 
3.2001 0.6015 2.0101 0.7873 0.2862 
3.1901 0.6000 2.0201 0.8210 0.3176 
3.2001 0.5891 2.0401 0.9068 0.2892 
3.1701 0.5951 2.0301 0.8666 0.3759 
3.1601 0.6069 2.0101 0.7771 0.4059 
3.1501 0.5941 2.0201 0.8471 0.4329 
3.2001 0.6015 2.0101 0.7873 0.2862 
3.2001 0.5947 2.0001 0.7815 0.2789 
3.1901 0.6073 2.0101 0.7708 0.3183 
3.1801 0.5946 2.0001 0.7851 0.3393 
3.1901 0.6073 2.0101 0.7708 0.3183 
3.2001 0.5947 2.0001 0.7815 0.2789 
3.1601 0.6069 2.0101 0.7771 0.4059 
3.1801 0.5946 2.0001 0.7851 0.3393 
3.1601 0.5988 2.0001 0.7750 0.4017 
3.1301 0.6001 2.0501 0.9072 0.4940 
3.1301 0.6001 2.0501 0.9072 0.4940 
3.1301 0.6001 2.0501 0.9072 0.4940 
3.1301 0.6001 2.0501 0.9072 0.4940 
3.1301 0.6001 2.0501 0.9072 0.4940 
3.1201 0.5970 2.0501 0.9188 0.5220 
3.1101 0.6038 2.0501 0.8987 0.5509 
3.1001 0.6058 2.0401 0.8690 0.5803 
3.0901 0.5906 2.0501 0.9454 0.6080 
3.1501 0.5941 2.0201 0.8471 0.4329 
3.1301 0.5992 2.0301 0.8599 0.4936 
3.1501 0.6062 2.0401 0.8597 0.4382 
3.1501 0.5941 2.0201 0.8471 0.4329 
3.1401 0.6021 2.0201 0.8226 0.4645 
3.1301 0.5992 2.0301 0.8599 0.4936 
3.1001 0.6120 2.0301 0.8240 0.5816 
3.1201 0.5934 2.0301 0.8806 0.5221 
3.1101 0.5961 2.0101 0.8202 0.5534 
3.0901 0.6043 2.0201 0.8237 0.6123 
3.1001 0.6120 2.0301 0.8240 0.5816 
3.1101 0.5961 2.0101 0.8202 0.5534 
3.1401 0.6001 2.0101 0.8020 0.4634 
3.1501 0.5941 2.0201 0.8471 0.4329 
3.1401 0.6001 2.0101 0.8020 0.4634 
3.1401 0.6001 2.0101 0.8020 0.4634 
3.1401 0.6001 2.0101 0.8020 0.4634 
3.1401 0.6001 2.0101 0.8020 0.4634 
3.1201 0.5898 1.9901 0.7829 0.5229 
3.1401 0.6001 2.0101 0.8020 0.4634 
3.1501 0.5963 2.0001 0.7847 0.4313 
3.1301 0.6001 2.0042 0.7873 0.4933 
3.1401 0.6001 2.0101 0.8020 0.4634 
3.1201 0.5898 1.9901 0.7829 0.5229 
3.1301 0.6001 2.0042 0.7873 0.4933 
3.1401 0.6001 2.0101 0.8020 0.4634 
3.1401 0.6001 2.0101 0.8020 0.4634 
3.1201 0.6057 2.0001 0.7592 0.5245 
3.1301 0.6001 2.0042 0.7873 0.4933 
3.1201 0.5898 1.9901 0.7829 0.5229 
3.1201 0.6057 2.0001 0.7592 0.5245 
3.1001 0.5978 2.0001 0.7883 0.5852 
3.1101 0.5961 2.0101 0.8202 0.5534 
2.9801 0.5849 2.0101 0.8815 0.9627 
2.9701 0.5872 2.0001 0.8474 1.0010 
2.9701 0.6088 2.0101 0.8023 0.9767 
2.9901 0.5830 2.0001 0.8587 0.9392 
3.0001 0.5874 2.0101 0.8690 0.8974 
3.0101 0.5923 2.0001 0.8224 0.8690 
2.9901 0.5830 2.0001 0.8587 0.9392 
2.9901 0.6036 2.0201 0.8431 0.9124 
3.0101 0.5851 2.0201 0.9026 0.8612 
3.0001 0.5874 2.0101 0.8690 0.8974 
2.9901 0.5830 2.0001 0.8587 0.9392 
3.0101 0.5851 2.0201 0.9026 0.8612 
2.9701 0.6088 2.0101 0.8023 0.9767 
2.9701 0.5864 2.0201 0.9053 0.9857 
2.9801 0.5849 2.0101 0.8815 0.9627 
2.9701 0.5864 2.0201 0.9053 0.9857 
2.9901 0.6036 2.0201 0.8431 0.9124 
2.9801 0.5849 2.0101 0.8815 0.9627 
2.9901 0.5830 2.0001 0.8587 0.9392 
2.9801 0.5849 2.0101 0.8815 0.9627 
2.9901 0.6036 2.0201 0.8431 0.9124 
2.9701 0.5864 2.0201 0.9053 0.9857 
2.9801 0.5875 2.0301 0.9258 0.9465 
2.9901 0.6036 2.0201 0.8431 0.9124 
3.0001 0.6051 2.0301 0.8626 0.8755 
3.0101 0.5851 2.0201 0.9026 0.8612 
2.9901 0.6036 2.0201 0.8431 0.9124 
2.9801 0.5875 2.0301 0.9258 0.9465 
2.9701 0.5859 2.0501 0.9829 0.9639 
2.9801 0.6052 2.0401 0.8912 0.9285 
2.9901 0.6036 2.0201 0.8431 0.9124 
2.9801 0.5875 2.0301 0.9258 0.9465 
2.9901 0.5974 2.0401 0.9152 0.9035 
2.9801 0.5875 2.0301 0.9258 0.9465 
2.9801 0.6052 2.0401 0.8912 0.9285 
2.9901 0.5974 2.0401 0.9152 0.9035 
2.9901 0.5974 2.0401 0.9152 0.9035 
2.9801 0.6052 2.0401 0.8912 0.9285 
2.9901 0.5980 2.0501 0.9379 0.8972 
3.0001 0.5901 2.0501 0.9631 0.8720 
2.9901 0.5974 2.0401 0.9152 0.9035 
2.9901 0.5980 2.0501 0.9379 0.8972 
2.9601 0.5891 2.0601 0.9978 0.9843 
2.9701 0.5859 2.0501 0.9829 0.9639 
2.9601 0.6044 2.0501 0.9219 0.9807 
2.9701 0.5859 2.0501 0.9829 0.9639 
2.9601 0.5891 2.0601 0.9978 0.9843 
2.9701 0.5984 2.0601 0.9642 0.9489 
2.9901 0.5980 2.0501 0.9379 0.8972 
3.0101 0.5888 2.0601 0.9898 0.8380 
3.0001 0.5901 2.0501 0.9631 0.8720 
3.0101 0.5851 2.0201 0.9026 0.8612 
3.0101 0.5923 2.0001 0.8224 0.8690 
3.0001 0.5874 2.0101 0.8690 0.8974 
3.0301 0.5969 2.0101 0.8313 0.7987 
3.0101 0.5923 2.0001 0.8224 0.8690 
3.0101 0.5851 2.0201 0.9026 0.8612 
3.0201 0.5944 2.0201 0.8686 0.8257 
3.0301 0.5969 2.0101 0.8313 0.7987 
3.0101 0.5851 2.0201 0.9026 0.8612 
3.0201 0.5944 2.0201 0.8686 0.8257 
3.0501 0.5861 2.0101 0.8647 0.7401 
3.0301 0.5969 2.0101 0.8313 0.7987 
3.0201 0.5944 2.0201 0.8686 0.8257 
3.0101 0.5851 2.0201 0.9026 0.8612 
3.0201 0.5860 2.0301 0.9238 0.8244 
3.0201 0.5944 2.0201 0.8686 0.8257 
3.0201 0.5860 2.0301 0.9238 0.8244 
3.0401 0.5877 2.0301 0.9140 0.7627 
3.0501 0.5861 2.0101 0.8647 0.7401 
3.0201 0.5944 2.0201 0.8686 0.8257 
3.0401 0.5877 2.0301 0.9140 0.7627 
3.0401 0.5877 2.0301 0.9140 0.7627 
3.0501 0.5937 2.0301 0.8919 0.7307 
3.0501 0.5861 2.0101 0.8647 0.7401 
3.0201 0.5860 2.0301 0.9238 0.8244 
3.0101 0.5851 2.0201 0.9026 0.8612 
3.0001 0.6051 2.0301 0.8626 0.8755 
3.0201 0.5860 2.0301 0.9238 0.8244 
3.0301 0.5890 2.0501 0.9616 0.7839 
3.0401 0.5877 2.0301 0.9140 0.7627 
3.0101 0.5883 2.0401 0.9428 0.8485 
3.0201 0.5860 2.0301 0.9238 0.8244 
3.0001 0.6051 2.0301 0.8626 0.8755 
3.0201 0.5860 2.0301 0.9238 0.8244 
3.0101 0.5883 2.0401 0.9428 0.8485 
3.0201 0.5976 2.0401 0.9095 0.8146 
3.0201 0.5976 2.0401 0.9095 0.8146 
3.0301 0.5890 2.0501 0.9616 0.7839 
3.0201 0.5860 2.0301 0.9238 0.8244 
3.0501 0.6001 2.0385 0.8921 0.7261 
3.0501 0.5937 2.0301 0.8919 0.7307 
3.0401 0.5877 2.0301 0.9140 0.7627 
3.0101 0.5883 2.0401 0.9428 0.8485 
3.0001 0.5901 2.0501 0.9631 0.8720 
3.0101 0.5888 2.0601 0.9898 0.8380 
3.0101 0.5883 2.0401 0.9428 0.8485 
3.0101 0.5888 2.0601 0.9898 0.8380 
3.0201 0.5976 2.0401 0.9095 0.8146 
3.0101 0.5888 2.0601 0.9898 0.8380 
3.0301 0.5890 2.0501 0.9616 0.7839 
3.0201 0.5976 2.0401 0.9095 0.8146 
3.0401 0.5877 2.0301 0.9140 0.7627 
3.0301 0.5890 2.0501 0.9616 0.7839 
3.0501 0.6001 2.0385 0.8921 0.7261 
3.0501 0.5977 2.0001 0.7973 0.7405 
3.0501 0.5861 2.0101 0.8647 0.7401 
3.0601 0.5916 2.0101 0.8441 0.7075 
3.0701 0.5939 2.0001 0.8065 0.6789 
3.0601 0.6048 2.0001 0.7722 0.7077 
3.0601 0.5916 2.0101 0.8441 0.7075 
3.0801 0.6083 2.0001 0.7578 0.6459 
3.0901 0.5958 2.0101 0.8245 0.6144 
3.1001 0.5978 2.0001 0.7883 0.5852 
3.0601 0.5916 2.0101 0.8441 0.7075 
3.0501 0.5861 2.0101 0.8647 0.7401 
3.0501 0.5937 2.0301 0.8919 0.7307 
3.0601 0.5916 2.0101 0.8441 0.7075 
3.0701 0.5937 2.0201 0.8621 0.6734 
3.0701 0.5939 2.0001 0.8065 0.6789 
3.0601 0.5916 2.0101 0.8441 0.7075 
3.0501 0.5937 2.0301 0.8919 0.7307 
3.0701 0.5937 2.0201 0.8621 0.6734 
3.0701 0.5939 2.0001 0.8065 0.6789 
3.0701 0.5937 2.0201 0.8621 0.6734 
3.0801 0.6083 2.0001 0.7578 0.6459 
3.0901 0.6001 2.0356 0.8778 0.6099 
3.0701 0.5937 2.0201 0.8621 0.6734 
3.0601 0.5970 2.0301 0.8792 0.7000 
3.0701 0.5937 2.0201 0.8621 0.6734 
3.0501 0.5937 2.0301 0.8919 0.7307 
3.0601 0.5970 2.0301 0.8792 0.7000 
3.0901 0.6001 2.0356 0.8778 0.6099 
3.0601 0.5970 2.0301 0.8792 0.7000 
3.0701 0.5969 2.0401 0.9032 0.6678 
3.0901 0.5901 2.0401 0.9225 0.6096 
3.0901 0.5901 2.0401 0.9225 0.6096 
3.0901 0.5901 2.0401 0.9225 0.6096 
3.0901 0.5901 2.0401 0.9225 0.6096 
3.0901 0.5901 2.0401 0.9225 0.6096 
3.0901 0.5901 2.0401 0.9225 0.6096 
3.0601 0.5970 2.0301 0.8792 0.7000 
3.0501 0.5937 2.0301 0.8919 0.7307 
3.0701 0.5969 2.0401 0.9032 0.6678 
3.0701 0.5969 2.0401 0.9032 0.6678 
3.0801 0.5961 2.0401 0.9042 0.6386 
3.0901 0.6001 2.0356 0.8778 0.6099 
3.0901 0.6001 2.0356 0.8778 0.6099 
3.0801 0.5961 2.0401 0.9042 0.6386 
3.0901 0.5901 2.0401 0.9225 0.6096 
3.0901 0.5901 2.0401 0.9225 0.6096 
3.0901 0.5901 2.0401 0.9225 0.6096 
3.0801 0.5961 2.0401 0.9042 0.6386 
3.0901 0.5901 2.0401 0.9225 0.6096 
3.1001 0.6058 2.0401 0.8690 0.5803 
3.0901 0.6001 2.0356 0.8778 0.6099 
3.0901 0.5901 2.0401 0.9225 0.6096 
3.0901 0.5901 2.0401 0.9225 0.6096 
3.0901 0.6001 2.0356 0.8778 0.6099 
3.0901 0.5901 2.0401 0.9225 0.6096 
3.0901 0.5901 2.0401 0.9225 0.6096 
3.0901 0.5901 2.0401 0.9225 0.6096 
3.0901 0.5901 2.0401 0.9225 0.6096 
3.0901 0.5901 2.0401 0.9225 0.6096 
3.0901 0.5901 2.0401 0.9225 0.6096 
3.0501 0.6001 2.0385 0.8921 0.7261 
3.0501 0.5891 2.0501 0.9575 0.7250 
3.0601 0.5987 2.0501 0.9237 0.6938 
3.0501 0.6001 2.0385 0.8921 0.7261 
3.0601 0.5987 2.0501 0.9237 0.6938 
3.0501 0.5937 2.0301 0.8919 0.7307 
3.0501 0.5937 2.0301 0.8919 0.7307 
3.0601 0.5987 2.0501 0.9237 0.6938 
3.0701 0.5969 2.0401 0.9032 0.6678 
3.0801 0.5961 2.0401 0.9042 0.6386 
3.0701 0.5969 2.0401 0.9032 0.6678 
3.0801 0.5914 2.0501 0.9445 0.6370 
3.0901 0.5901 2.0401 0.9225 0.6096 
3.0901 0.5906 2.0501 0.9454 0.6080 
3.0901 0.5901 2.0401 0.9225 0.6096 
3.0901 0.5901 2.0401 0.9225 0.6096 
3.0801 0.5961 2.0401 0.9042 0.6386 
3.0901 0.5906 2.0501 0.9454 0.6080 
3.0801 0.5961 2.0401 0.9042 0.6386 
3.0801 0.5914 2.0501 0.9445 0.6370 
3.0901 0.5906 2.0501 0.9454 0.6080 
3.1001 0.6058 2.0401 0.8690 0.5803 
3.0901 0.5901 2.0401 0.9225 0.6096 
3.0901 0.5906 2.0501 0.9454 0.6080 
3.0901 0.5901 2.0401 0.9225 0.6096 
3.0901 0.5901 2.0401 0.9225 0.6096 
3.0901 0.5906 2.0501 0.9454 0.6080 
3.0501 0.6001 2.0385 0.8921 0.7261 
3.0301 0.5890 2.0501 0.9616 0.7839 
3.0401 0.5837 2.0601 1.0020 0.7522 
3.0501 0.6001 2.0385 0.8921 0.7261 
3.0401 0.5837 2.0601 1.0020 0.7522 
3.0501 0.5891 2.0501 0.9575 0.7250 
3.0501 0.5952 2.0701 0.9843 0.7171 
3.0401 0.5837 2.0601 1.0020 0.7522 
3.0401 0.6083 2.0701 0.9433 0.7418 
3.0601 0.5987 2.0501 0.9237 0.6938 
3.0501 0.5891 2.0501 0.9575 0.7250 
3.0601 0.6103 2.0601 0.9102 0.6890 
3.0501 0.5891 2.0501 0.9575 0.7250 
3.0401 0.5837 2.0601 1.0020 0.7522 
3.0601 0.6103 2.0601 0.9102 0.6890 
3.0601 0.5987 2.0501 0.9237 0.6938 
3.0701 0.5891 2.0701 1.0011 0.6616 
3.0701 0.5969 2.0401 0.9032 0.6678 
3.0701 0.5891 2.0701 1.0011 0.6616 
3.0801 0.5914 2.0501 0.9445 0.6370 
3.0701 0.5969 2.0401 0.9032 0.6678 
3.0901 0.5906 2.0501 0.9454 0.6080 
3.0801 0.5914 2.0501 0.9445 0.6370 
3.0901 0.5972 2.0601 0.9474 0.6062 
3.0901 0.5906 2.0501 0.9454 0.6080 
3.0901 0.5972 2.0601 0.9474 0.6062 
3.1001 0.6038 2.0701 0.9477 0.5770 
3.0601 0.6103 2.0601 0.9102 0.6890 
3.0401 0.5837 2.0601 1.0020 0.7522 
3.0501 0.5952 2.0701 0.9843 0.7171 
3.0501 0.5952 2.0701 0.9843 0.7171 
3.0701 0.5891 2.0701 1.0011 0.6616 
3.0601 0.6103 2.0601 0.9102 0.6890 
3.0801 0.5914 2.0501 0.9445 0.6370 
3.0701 0.5891 2.0701 1.0011 0.6616 
3.0901 0.5972 2.0601 0.9474 0.6062 
3.0701 0.5891 2.0701 1.0011 0.6616 
3.0501 0.5952 2.0701 0.9843 0.7171 
3.0701 0.5986 2.0801 0.9922 0.6582 
3.0701 0.5986 2.0801 0.9922 0.6582 
3.0901 0.5972 2.0601 0.9474 0.6062 
3.0701 0.5891 2.0701 1.0011 0.6616 
3.0001 0.6051 2.0301 0.8626 0.8755 
2.9901 0.5974 2.0401 0.9152 0.9035 
3.0001 0.6164 2.0401 0.8520 0.8644 
3.0001 0.6051 2.0301 0.8626 0.8755 
2.9901 0.6036 2.0201 0.8431 0.9124 
2.9901 0.5974 2.0401 0.9152 0.9035 
3.0001 0.6164 2.0401 0.8520 0.8644 
2.9901 0.5974 2.0401 0.9152 0.9035 
3.0001 0.5901 2.0501 0.9631 0.8720 
2.9901 0.5980 2.0501 0.9379 0.8972 
2.9901 0.6161 2.0601 0.9033 0.8821 
3.0101 0.5888 2.0601 0.9898 0.8380 
3.0201 0.6082 2.0001 0.7681 0.8297 
3.0101 0.5923 2.0001 0.8224 0.8690 
3.0301 0.5969 2.0101 0.8313 0.7987 
3.0201 0.6082 2.0001 0.7681 0.8297 
3.0301 0.5969 2.0101 0.8313 0.7987 
3.0501 0.5977 2.0001 0.7973 0.7405 
3.0301 0.5969 2.0101 0.8313 0.7987 
3.0501 0.5861 2.0101 0.8647 0.7401 
3.0501 0.5977 2.0001 0.7973 0.7405 
3.0001 0.6164 2.0401 0.8520 0.8644 
3.0101 0.5883 2.0401 0.9428 0.8485 
3.0001 0.6051 2.0301 0.8626 0.8755 
3.0001 0.6164 2.0401 0.8520 0.8644 
3.0001 0.5901 2.0501 0.9631 0.8720 
3.0101 0.5883 2.0401 0.9428 0.8485 
3.0601 0.6048 2.0001 0.7722 0.7077 
3.0501 0.5977 2.0001 0.7973 0.7405 
3.0601 0.5916 2.0101 0.8441 0.7075 
3.1001 0.5978 2.0001 0.7883 0.5852 
3.0901 0.5958 2.0101 0.8245 0.6144 
3.1001 0.6087 2.0101 0.7811 0.5840 
3.0901 0.5958 2.0101 0.8245 0.6144 
3.0801 0.6083 2.0001 0.7578 0.6459 
3.0901 0.6043 2.0201 0.8237 0.6123 
3.0801 0.6083 2.0001 0.7578 0.6459 
3.0701 0.5937 2.0201 0.8621 0.6734 
3.0901 0.6043 2.0201 0.8237 0.6123 
3.0901 0.6043 2.0201 0.8237 0.6123 
3.1001 0.6087 2.0101 0.7811 0.5840 
3.0901 0.5958 2.0101 0.8245 0.6144 
3.1001 0.6120 2.0301 0.8240 0.5816 
3.0701 0.5937 2.0201 0.8621 0.6734 
3.0901 0.6001 2.0356 0.8778 0.6099 
3.1001 0.6120 2.0301 0.8240 0.5816 
3.0901 0.6043 2.0201 0.8237 0.6123 
3.0701 0.5937 2.0201 0.8621 0.6734 
3.1001 0.6058 2.0401 0.8690 0.5803 
3.1001 0.6120 2.0301 0.8240 0.5816 
3.0901 0.6001 2.0356 0.8778 0.6099 
3.0601 0.5987 2.0501 0.9237 0.6938 
3.0601 0.6103 2.0601 0.9102 0.6890 
3.0701 0.5891 2.0701 1.0011 0.6616 
3.2601 0.5985 1.9901 0.7304 0.1030 
3.2801 0.5978 1.9901 0.7293 0.0592 
3.2701 0.5957 1.9801 0.7078 0.0714 
3.2801 0.6001 1.9701 0.6618 0.0545 
3.2801 0.6001 1.9701 0.6618 0.0545 
3.2801 0.6001 1.9701 0.6618 0.0545 
3.2701 0.5957 1.9801 0.7078 0.0714 
3.2801 0.6001 1.9701 0.6618 0.0545 
3.2701 0.6099 1.9701 0.6331 0.0765 
3.2701 0.6099 1.9701 0.6331 0.0765 
3.2801 0.6001 1.9701 0.6618 0.0545 
3.2801 0.6001 1.9701 0.6618 0.0545 
3.2701 0.6099 1.9701 0.6331 0.0765 
3.2601 0.5945 1.9701 0.6829 0.0884 
3.2701 0.5957 1.9801 0.7078 0.0714 
3.2801 0.6001 1.9701 0.6618 0.0545 
3.2801 0.6001 1.9701 0.6618 0.0545 
3.2801 0.6001 1.9701 0.6618 0.0545 
3.2701 0.6099 1.9701 0.6331 0.0765 
3.2801 0.6001 1.9701 0.6618 0.0545 
3.2701 0.6001 1.9620 0.6379 0.0657 
3.2701 0.6001 1.9620 0.6379 0.0657 
3.2801 0.6001 1.9701 0.6618 0.0545 
3.2801 0.6001 1.9701 0.6618 0.0545 
3.2701 0.6001 1.9620 0.6379 0.0657 
3.2601 0.5945 1.9701 0.6829 0.0884 
3.2701 0.6099 1.9701 0.6331 0.0765 
3.2401 0.5988 1.9901 0.7328 0.1589 
3.2301 0.5940 2.0001 0.7788 0.1893 
3.2501 0.6003 2.0001 0.7550 0.1371 
3.2301 0.6001 1.9901 0.7303 0.1890 
3.2301 0.6001 1.9901 0.7303 0.1890 
3.2301 0.6001 1.9901 0.7303 0.1890 
3.2301 0.6001 1.9901 0.7303 0.1890 
3.2301 0.6001 1.9901 0.7303 0.1890 
3.2301 0.6001 1.9901 0.7303 0.1890 
3.2301 0.6001 1.9901 0.7303 0.1890 
3.2307 0.6001 1.9801 0.7005 0.1823 
3.2301 0.6001 1.9901 0.7303 0.1890 
3.2301 0.6001 1.9901 0.7303 0.1890 
3.2307 0.6001 1.9801 0.7005 0.1823 
3.2301 0.6008 1.9801 0.6983 0.1846 
3.2301 0.6008 1.9801 0.6983 0.1846 
3.2301 0.6001 1.9901 0.7303 0.1890 
3.2301 0.6001 1.9901 0.7303 0.1890 
3.2401 0.6074 1.9701 0.6457 0.1550 
3.2201 0.5907 1.9701 0.7018 0.2025 
3.2301 0.6008 1.9801 0.6983 0.1846 
3.2401 0.6074 1.9701 0.6457 0.1550 
3.2301 0.6008 1.9801 0.6983 0.1846 
3.2307 0.6001 1.9801 0.7005 0.1823 
3.2601 0.5973 1.9301 0.5407 0.0685 
3.2501 0.5980 1.9401 0.5751 0.1005 
3.2601 0.6064 1.9401 0.5476 0.0810 
3.2401 0.6093 1.9401 0.5421 0.1397 
3.2401 0.5984 1.9501 0.6091 0.1363 
3.2501 0.5980 1.9401 0.5751 0.1005 
3.2301 0.6008 1.9401 0.5694 0.1634 
3.2401 0.5984 1.9501 0.6091 0.1363 
3.2401 0.6093 1.9401 0.5421 0.1397 
3.2301 0.6008 1.9401 0.5694 0.1634 
3.2401 0.6093 1.9401 0.5421 0.1397 
3.2301 0.6001 1.9338 0.5498 0.1591 
3.2301 0.6001 1.9338 0.5498 0.1591 
3.2401 0.6093 1.9401 0.5421 0.1397 
3.2501 0.5980 1.9401 0.5751 0.1005 
3.2201 0.6101 1.9197 0.4705 0.1917 
3.2101 0.5950 1.9501 0.6249 0.2277 
3.2301 0.6008 1.9401 0.5694 0.1634 
3.2301 0.6001 1.9338 0.5498 0.1591 
3.2201 0.6101 1.9197 0.4705 0.1917 
3.2301 0.6008 1.9401 0.5694 0.1634 
3.2001 0.6032 1.9501 0.6008 0.2654 
3.2101 0.5950 1.9501 0.6249 0.2277 
3.2201 0.6101 1.9197 0.4705 0.1917 
3.2001 0.6032 1.9501 0.6008 0.2654 
3.2201 0.6101 1.9197 0.4705 0.1917 
3.1901 0.6006 1.9201 0.5055 0.2849 
3.2301 0.6001 1.9338 0.5498 0.1591 
3.2301 0.5975 1.9201 0.5087 0.1487 
3.2201 0.6101 1.9197 0.4705 0.1917 
3.2201 0.5936 1.9101 0.4847 0.1724 
3.2201 0.6101 1.9197 0.4705 0.1917 
3.2301 0.5975 1.9201 0.5087 0.1487 
3.1801 0.6130 1.9801 0.6685 0.3427 
3.1801 0.5946 2.0001 0.7851 0.3393 
3.1901 0.5918 1.9901 0.7639 0.3044 
3.1801 0.6130 1.9801 0.6685 0.3427 
3.1701 0.5943 1.9901 0.7590 0.3674 
3.1801 0.5946 2.0001 0.7851 0.3393 
3.1501 0.6024 1.9901 0.7361 0.4320 
3.1601 0.5988 2.0001 0.7750 0.4017 
3.1701 0.5943 1.9901 0.7590 0.3674 
3.1801 0.6130 1.9801 0.6685 0.3427 
3.1701 0.5975 1.9801 0.7189 0.3666 
3.1701 0.5943 1.9901 0.7590 0.3674 
3.1501 0.6024 1.9901 0.7361 0.4320 
3.1701 0.5943 1.9901 0.7590 0.3674 
3.1701 0.5975 1.9801 0.7189 0.3666 
3.2101 0.5997 1.9801 0.7050 0.2441 
3.2001 0.5998 1.9701 0.6759 0.2710 
3.1801 0.6130 1.9801 0.6685 0.3427 
3.1801 0.5977 1.9601 0.6543 0.3298 
3.1801 0.6130 1.9801 0.6685 0.3427 
3.2001 0.5998 1.9701 0.6759 0.2710 
3.1801 0.5977 1.9601 0.6543 0.3298 
3.1701 0.5975 1.9801 0.7189 0.3666 
3.1801 0.6130 1.9801 0.6685 0.3427 
3.2001 0.6032 1.9501 0.6008 0.2654 
3.1801 0.5977 1.9601 0.6543 0.3298 
3.2001 0.5998 1.9701 0.6759 0.2710 
3.1701 0.6128 1.9501 0.5761 0.3664 
3.1701 0.5962 1.9601 0.6607 0.3614 
3.1801 0.5977 1.9601 0.6543 0.3298 
3.1701 0.6128 1.9501 0.5761 0.3664 
3.1801 0.5977 1.9601 0.6543 0.3298 
3.1801 0.6027 1.9501 0.6055 0.3295 
3.1601 0.5920 1.9501 0.6431 0.3903 
3.1701 0.5962 1.9601 0.6607 0.3614 
3.1701 0.6128 1.9501 0.5761 0.3664 
3.1301 0.6137 1.9901 0.7039 0.4955 
3.1501 0.5963 2.0001 0.7847 0.4313 
3.1501 0.6024 1.9901 0.7361 0.4320 
3.1001 0.5978 2.0001 0.7883 0.5852 
3.1201 0.6057 2.0001 0.7592 0.5245 
3.1201 0.5898 1.9901 0.7829 0.5229 
3.1501 0.6024 1.9901 0.7361 0.4320 
3.1401 0.5965 1.9801 0.7272 0.4606 
3.1301 0.6137 1.9901 0.7039 0.4955 
3.1501 0.5997 1.9601 0.6527 0.4276 
3.1301 0.5956 1.9701 0.7010 0.4920 
3.1401 0.5965 1.9801 0.7272 0.4606 
3.1201 0.6010 1.9401 0.5868 0.5262 
3.1201 0.6000 1.9601 0.6568 0.5253 
3.1301 0.5962 1.9501 0.6347 0.4917 
3.1201 0.6010 1.9401 0.5868 0.5262 
3.1101 0.5993 1.9501 0.6280 0.5589 
3.1201 0.6000 1.9601 0.6568 0.5253 
3.1401 0.6150 1.9501 0.5742 0.4631 
3.1501 0.5997 1.9601 0.6527 0.4276 
3.1601 0.5920 1.9501 0.6431 0.3903 
3.1401 0.6150 1.9501 0.5742 0.4631 
3.1301 0.5962 1.9501 0.6347 0.4917 
3.1501 0.5997 1.9601 0.6527 0.4276 
3.1701 0.5985 1.9401 0.5865 0.3576 
3.1701 0.6128 1.9501 0.5761 0.3664 
3.1801 0.6027 1.9501 0.6055 0.3295 
3.1701 0.5985 1.9401 0.5865 0.3576 
3.1601 0.5920 1.9501 0.6431 0.3903 
3.1701 0.6128 1.9501 0.5761 0.3664 
3.1801 0.6027 1.9501 0.6055 0.3295 
3.1901 0.6006 1.9201 0.5055 0.2849 
3.1801 0.6142 1.9301 0.5022 0.3296 
3.1701 0.5985 1.9401 0.5865 0.3576 
3.1801 0.6027 1.9501 0.6055 0.3295 
3.1801 0.6142 1.9301 0.5022 0.3296 
3.1801 0.6142 1.9301 0.5022 0.3296 
3.1701 0.6001 1.9341 0.5606 0.3568 
3.1701 0.5985 1.9401 0.5865 0.3576 
3.1401 0.6039 1.9301 0.5396 0.4589 
3.1701 0.6001 1.9341 0.5606 0.3568 
3.1601 0.6126 1.9301 0.5100 0.3947 
3.1801 0.6142 1.9301 0.5022 0.3296 
3.1701 0.5995 1.9201 0.5119 0.3528 
3.1701 0.6001 1.9341 0.5606 0.3568 
3.1701 0.5995 1.9201 0.5119 0.3528 
3.1501 0.6001 1.9198 0.5122 0.4222 
3.1601 0.6126 1.9301 0.5100 0.3947 
3.1701 0.6001 1.9341 0.5606 0.3568 
3.1701 0.5995 1.9201 0.5119 0.3528 
3.1601 0.6126 1.9301 0.5100 0.3947 
3.1801 0.6142 1.9301 0.5022 0.3296 
3.1901 0.6006 1.9201 0.5055 0.2849 
3.1801 0.5933 1.9101 0.4922 0.3113 
3.1801 0.5933 1.9101 0.4922 0.3113 
3.1701 0.5995 1.9201 0.5119 0.3528 
3.1801 0.6142 1.9301 0.5022 0.3296 
3.1601 0.5920 1.9501 0.6431 0.3903 
3.1401 0.5972 1.9401 0.5958 0.4578 
3.1401 0.6150 1.9501 0.5742 0.4631 
3.1401 0.5972 1.9401 0.5958 0.4578 
3.1301 0.5962 1.9501 0.6347 0.4917 
3.1401 0.6150 1.9501 0.5742 0.4631 
3.1201 0.6010 1.9401 0.5868 0.5262 
3.1301 0.5962 1.9501 0.6347 0.4917 
3.1401 0.5972 1.9401 0.5958 0.4578 
3.1201 0.6010 1.9401 0.5868 0.5262 
3.1401 0.5972 1.9401 0.5958 0.4578 
3.1401 0.6039 1.9301 0.5396 0.4589 
3.1401 0.6039 1.9301 0.5396 0.4589 
3.1601 0.6126 1.9301 0.5100 0.3947 
3.1501 0.6001 1.9198 0.5122 0.4222 
3.1301 0.5952 1.9201 0.5321 0.4909 
3.1401 0.6039 1.9301 0.5396 0.4589 
3.1501 0.6001 1.9198 0.5122 0.4222 
3.1301 0.5952 1.9201 0.5321 0.4909 
3.1201 0.6010 1.9401 0.5868 0.5262 
3.1401 0.6039 1.9301 0.5396 0.4589 
3.2801 0.5978 1.9901 0.7293 0.0592 
3.2701 0.5913 2.0001 0.7808 0.0783 
3.2901 0.5993 2.0001 0.7517 0.0531 
3.2801 0.5937 1.9801 0.7126 0.0548 
3.2801 0.5978 1.9901 0.7293 0.0592 
3.2901 0.5993 2.0001 0.7517 0.0531 
3.2801 0.5978 1.9901 0.7293 0.0592 
3.2601 0.5985 1.9901 0.7304 0.1030 
3.2701 0.5913 2.0001 0.7808 0.0783 
3.2501 0.6003 2.0001 0.7550 0.1371 
3.2601 0.5985 1.9901 0.7304 0.1030 
3.2401 0.5988 1.9901 0.7328 0.1589 
3.2701 0.5957 1.9801 0.7078 0.0714 
3.2801 0.5978 1.9901 0.7293 0.0592 
3.2801 0.5937 1.9801 0.7126 0.0548 
3.2501 0.5973 1.9801 0.7063 0.1236 
3.2401 0.5988 1.9901 0.7328 0.1589 
3.2601 0.5985 1.9901 0.7304 0.1030 
3.2501 0.5973 1.9801 0.7063 0.1236 
3.2601 0.5985 1.9901 0.7304 0.1030 
3.2701 0.5957 1.9801 0.7078 0.0714 
3.2801 0.6001 1.9701 0.6618 0.0545 
3.2801 0.6001 1.9701 0.6618 0.0545 
3.2801 0.5937 1.9801 0.7126 0.0548 
3.2801 0.5937 1.9801 0.7126 0.0548 
3.2801 0.6001 1.9701 0.6618 0.0545 
3.2701 0.5957 1.9801 0.7078 0.0714 
3.2601 0.5945 1.9701 0.6829 0.0884 
3.2401 0.5984 1.9501 0.6091 0.1363 
3.2501 0.5973 1.9801 0.7063 0.1236 
3.2601 0.5945 1.9701 0.6829 0.0884 
3.2501 0.5973 1.9801 0.7063 0.1236 
3.2701 0.5957 1.9801 0.7078 0.0714 
3.2701 0.6001 1.9620 0.6379 0.0657 
3.2601 0.5879 1.9601 0.6726 0.0774 
3.2601 0.5945 1.9701 0.6829 0.0884 
3.2601 0.5879 1.9601 0.6726 0.0774 
3.2401 0.5984 1.9501 0.6091 0.1363 
3.2601 0.5945 1.9701 0.6829 0.0884 
3.2701 0.6021 1.9501 0.5928 0.0617 
3.2601 0.5879 1.9601 0.6726 0.0774 
3.2701 0.6001 1.9620 0.6379 0.0657 
3.2601 0.5879 1.9601 0.6726 0.0774 
3.2501 0.5980 1.9401 0.5751 0.1005 
3.2401 0.5984 1.9501 0.6091 0.1363 
3.2301 0.6001 1.9901 0.7303 0.1890 
3.2301 0.5940 2.0001 0.7788 0.1893 
3.2401 0.5988 1.9901 0.7328 0.1589 
3.2301 0.6001 1.9901 0.7303 0.1890 
3.2301 0.6001 1.9901 0.7303 0.1890 
3.2401 0.5988 1.9901 0.7328 0.1589 
3.2301 0.5940 2.0001 0.7788 0.1893 
3.2201 0.5940 1.9901 0.7517 0.2143 
3.2201 0.6001 2.0101 0.7886 0.2272 
3.2301 0.6001 1.9901 0.7303 0.1890 
3.2201 0.5940 1.9901 0.7517 0.2143 
3.2301 0.5940 2.0001 0.7788 0.1893 
3.2301 0.6001 1.9901 0.7303 0.1890 
3.2301 0.6001 1.9901 0.7303 0.1890 
3.2201 0.5940 1.9901 0.7517 0.2143 
3.2101 0.5997 1.9801 0.7050 0.2441 
3.2201 0.6001 2.0101 0.7886 0.2272 
3.2201 0.5940 1.9901 0.7517 0.2143 
3.2201 0.6001 2.0101 0.7886 0.2272 
3.1901 0.5918 1.9901 0.7639 0.3044 
3.2001 0.5947 2.0001 0.7815 0.2789 
3.2201 0.6001 2.0101 0.7886 0.2272 
3.2101 0.5997 1.9801 0.7050 0.2441 
3.1901 0.5918 1.9901 0.7639 0.3044 
3.2401 0.5881 1.9801 0.7377 0.1449 
3.2401 0.5988 1.9901 0.7328 0.1589 
3.2501 0.5973 1.9801 0.7063 0.1236 
3.2301 0.6001 1.9901 0.7303 0.1890 
3.2401 0.5881 1.9801 0.7377 0.1449 
3.2307 0.6001 1.9801 0.7005 0.1823 
3.2401 0.5988 1.9901 0.7328 0.1589 
3.2401 0.5881 1.9801 0.7377 0.1449 
3.2301 0.6001 1.9901 0.7303 0.1890 
3.2301 0.6001 1.9901 0.7303 0.1890 
3.2301 0.6008 1.9801 0.6983 0.1846 
3.2201 0.5940 1.9901 0.7517 0.2143 
3.2501 0.5973 1.9801 0.7063 0.1236 
3.2401 0.6074 1.9701 0.6457 0.1550 
3.2401 0.5881 1.9801 0.7377 0.1449 
3.2401 0.5881 1.9801 0.7377 0.1449 
3.2401 0.6074 1.9701 0.6457 0.1550 
3.2307 0.6001 1.9801 0.7005 0.1823 
3.2201 0.5940 1.9901 0.7517 0.2143 
3.2301 0.6008 1.9801 0.6983 0.1846 
3.2201 0.5907 1.9701 0.7018 0.2025 
3.2201 0.5907 1.9701 0.7018 0.2025 
3.2101 0.5997 1.9801 0.7050 0.2441 
3.2201 0.5940 1.9901 0.7517 0.2143 
3.2101 0.6041 1.9701 0.6607 0.2428 
3.2101 0.5997 1.9801 0.7050 0.2441 
3.2201 0.5907 1.9701 0.7018 0.2025 
3.2101 0.6041 1.9701 0.6607 0.2428 
3.2001 0.5998 1.9701 0.6759 0.2710 
3.2101 0.5997 1.9801 0.7050 0.2441 
3.2401 0.6074 1.9701 0.6457 0.1550 
3.2501 0.5973 1.9801 0.7063 0.1236 
3.2401 0.5984 1.9501 0.6091 0.1363 
3.2101 0.5850 1.9601 0.6909 0.2251 
3.2101 0.6041 1.9701 0.6607 0.2428 
3.2201 0.5907 1.9701 0.7018 0.2025 
3.2101 0.5850 1.9601 0.6909 0.2251 
3.2201 0.5907 1.9701 0.7018 0.2025 
3.2101 0.5950 1.9501 0.6249 0.2277 
3.2101 0.6041 1.9701 0.6607 0.2428 
3.2101 0.5850 1.9601 0.6909 0.2251 
3.2001 0.5998 1.9701 0.6759 0.2710 
3.2201 0.5907 1.9701 0.7018 0.2025 
3.2401 0.5984 1.9501 0.6091 0.1363 
3.2201 0.5914 1.9501 0.6349 0.1929 
3.2201 0.5907 1.9701 0.7018 0.2025 
3.2401 0.6074 1.9701 0.6457 0.1550 
3.2401 0.5984 1.9501 0.6091 0.1363 
3.2201 0.5914 1.9501 0.6349 0.1929 
3.2101 0.5950 1.9501 0.6249 0.2277 
3.2201 0.5907 1.9701 0.7018 0.2025 
3.2101 0.5850 1.9601 0.6909 0.2251 
3.2001 0.6032 1.9501 0.6008 0.2654 
3.2001 0.5998 1.9701 0.6759 0.2710 
3.2101 0.5950 1.9501 0.6249 0.2277 
3.2001 0.6032 1.9501 0.6008 0.2654 
3.2101 0.5850 1.9601 0.6909 0.2251 
3.2701 0.5878 1.9401 0.6041 0.0532 
3.2701 0.6021 1.9501 0.5928 0.0617 
3.2701 0.6001 1.9620 0.6379 0.0657 
3.2701 0.5878 1.9401 0.6041 0.0532 
3.2601 0.6064 1.9401 0.5476 0.0810 
3.2601 0.5879 1.9601 0.6726 0.0774 
3.2701 0.6021 1.9501 0.5928 0.0617 
3.2701 0.5878 1.9401 0.6041 0.0532 
3.2601 0.5879 1.9601 0.6726 0.0774 
3.2601 0.6064 1.9401 0.5476 0.0810 
3.2501 0.5980 1.9401 0.5751 0.1005 
3.2601 0.5879 1.9601 0.6726 0.0774 
3.2601 0.5973 1.9301 0.5407 0.0685 
3.2601 0.6064 1.9401 0.5476 0.0810 
3.2701 0.5878 1.9401 0.6041 0.0532 
3.2501 0.5980 1.9401 0.5751 0.1005 
3.2601 0.5973 1.9301 0.5407 0.0685 
3.2501 0.5974 1.9201 0.5055 0.0877 
3.2701 0.5964 1.9201 0.5057 0.0527 
3.2501 0.5974 1.9201 0.5055 0.0877 
3.2601 0.5973 1.9301 0.5407 0.0685 
3.2401 0.5984 1.9501 0.6091 0.1363 
3.2301 0.6008 1.9401 0.5694 0.1634 
3.2201 0.5914 1.9501 0.6349 0.1929 
3.2201 0.5914 1.9501 0.6349 0.1929 
3.2301 0.6008 1.9401 0.5694 0.1634 
3.2101 0.5950 1.9501 0.6249 0.2277 
3.2301 0.5975 1.9201 0.5087 0.1487 
3.2501 0.5980 1.9401 0.5751 0.1005 
3.2501 0.5974 1.9201 0.5055 0.0877 
3.2301 0.5975 1.9201 0.5087 0.1487 
3.2301 0.6001 1.9338 0.5498 0.1591 
3.2501 0.5980 1.9401 0.5751 0.1005 
3.2501 0.5930 1.9101 0.4818 0.0777 
3.2301 0.5975 1.9201 0.5087 0.1487 
3.2501 0.5974 1.9201 0.5055 0.0877 
3.2501 0.5930 1.9101 0.4818 0.0777 
3.2301 0.5957 1.9001 0.4379 0.1345 
3.2301 0.5975 1.9201 0.5087 0.1487 
3.2201 0.5936 1.9101 0.4847 0.1724 
3.2301 0.5975 1.9201 0.5087 0.1487 
3.2301 0.5957 1.9001 0.4379 0.1345 
3.2201 0.5936 1.9101 0.4847 0.1724 
3.2101 0.5824 1.9101 0.5226 0.1971 
3.2201 0.6101 1.9197 0.4705 0.1917 
3.2201 0.6101 1.9197 0.4705 0.1917 
3.2101 0.5824 1.9101 0.5226 0.1971 
3.1901 0.6006 1.9201 0.5055 0.2849 
3.2601 0.5952 1.9001 0.4346 0.0550 
3.2301 0.5957 1.9001 0.4379 0.1345 
3.2501 0.5930 1.9101 0.4818 0.0777 
3.2201 0.5936 1.9101 0.4847 0.1724 
3.2301 0.5957 1.9001 0.4379 0.1345 
3.2101 0.5943 1.8901 0.4049 0.1960 
3.2201 0.5936 1.9101 0.4847 0.1724 
3.2101 0.5943 1.8901 0.4049 0.1960 
3.2101 0.5824 1.9101 0.5226 0.1971 
3.2101 0.5824 1.9101 0.5226 0.1971 
3.2101 0.5943 1.8901 0.4049 0.1960 
3.1901 0.5877 1.9001 0.4693 0.2678 
3.1901 0.5918 1.9901 0.7639 0.3044 
3.1801 0.5946 2.0001 0.7851 0.3393 
3.2001 0.5947 2.0001 0.7815 0.2789 
3.1801 0.5946 2.0001 0.7851 0.3393 
3.1701 0.5943 1.9901 0.7590 0.3674 
3.1601 0.5988 2.0001 0.7750 0.4017 
3.1601 0.5988 2.0001 0.7750 0.4017 
3.1501 0.6024 1.9901 0.7361 0.4320 
3.1501 0.5963 2.0001 0.7847 0.4313 
3.2101 0.5997 1.9801 0.7050 0.2441 
3.1801 0.6130 1.9801 0.6685 0.3427 
3.1901 0.5918 1.9901 0.7639 0.3044 
3.1501 0.6024 1.9901 0.7361 0.4320 
3.1701 0.5975 1.9801 0.7189 0.3666 
3.1601 0.5933 1.9701 0.7035 0.3946 
3.1601 0.5933 1.9701 0.7035 0.3946 
3.1501 0.5778 1.9701 0.7580 0.4217 
3.1501 0.6024 1.9901 0.7361 0.4320 
3.1701 0.5975 1.9801 0.7189 0.3666 
3.1801 0.5977 1.9601 0.6543 0.3298 
3.1701 0.5962 1.9601 0.6607 0.3614 
3.1701 0.5962 1.9601 0.6607 0.3614 
3.1601 0.5933 1.9701 0.7035 0.3946 
3.1701 0.5975 1.9801 0.7189 0.3666 
3.1701 0.5962 1.9601 0.6607 0.3614 
3.1501 0.5997 1.9601 0.6527 0.4276 
3.1601 0.5933 1.9701 0.7035 0.3946 
3.1501 0.5997 1.9601 0.6527 0.4276 
3.1501 0.5778 1.9701 0.7580 0.4217 
3.1601 0.5933 1.9701 0.7035 0.3946 
3.1501 0.5997 1.9601 0.6527 0.4276 
3.1701 0.5962 1.9601 0.6607 0.3614 
3.1601 0.5920 1.9501 0.6431 0.3903 
3.1501 0.5963 2.0001 0.7847 0.4313 
3.1301 0.6137 1.9901 0.7039 0.4955 
3.1201 0.5898 1.9901 0.7829 0.5229 
3.1201 0.5898 1.9901 0.7829 0.5229 
3.1101 0.5830 1.9901 0.8077 0.5542 
3.1001 0.5978 2.0001 0.7883 0.5852 
3.1101 0.5830 1.9901 0.8077 0.5542 
3.1001 0.6038 1.9801 0.7102 0.5879 
3.1001 0.5978 2.0001 0.7883 0.5852 
3.1401 0.5965 1.9801 0.7272 0.4606 
3.1201 0.5805 1.9801 0.7850 0.5221 
3.1301 0.6137 1.9901 0.7039 0.4955 
3.1201 0.5805 1.9801 0.7850 0.5221 
3.1201 0.5898 1.9901 0.7829 0.5229 
3.1301 0.6137 1.9901 0.7039 0.4955 
3.1101 0.5932 1.9801 0.7434 0.5558 
3.1001 0.6038 1.9801 0.7102 0.5879 
3.1101 0.5830 1.9901 0.8077 0.5542 
3.1201 0.5805 1.9801 0.7850 0.5221 
3.1101 0.5830 1.9901 0.8077 0.5542 
3.1201 0.5898 1.9901 0.7829 0.5229 
3.1101 0.5932 1.9801 0.7434 0.5558 
3.1101 0.5830 1.9901 0.8077 0.5542 
3.1201 0.5805 1.9801 0.7850 0.5221 
3.1401 0.5965 1.9801 0.7272 0.4606 
3.1501 0.6024 1.9901 0.7361 0.4320 
3.1501 0.5778 1.9701 0.7580 0.4217 
3.1301 0.5956 1.9701 0.7010 0.4920 
3.1001 0.5953 1.9501 0.6427 0.5924 
3.1101 0.5932 1.9801 0.7434 0.5558 
3.1401 0.5965 1.9801 0.7272 0.4606 
3.1301 0.5956 1.9701 0.7010 0.4920 
3.1201 0.5805 1.9801 0.7850 0.5221 
3.1301 0.5956 1.9701 0.7010 0.4920 
3.1101 0.5932 1.9801 0.7434 0.5558 
3.1201 0.5805 1.9801 0.7850 0.5221 
3.1501 0.5997 1.9601 0.6527 0.4276 
3.1401 0.5965 1.9801 0.7272 0.4606 
3.1501 0.5778 1.9701 0.7580 0.4217 
3.1201 0.6000 1.9601 0.6568 0.5253 
3.1001 0.5953 1.9501 0.6427 0.5924 
3.1301 0.5956 1.9701 0.7010 0.4920 
3.1501 0.5997 1.9601 0.6527 0.4276 
3.1301 0.5962 1.9501 0.6347 0.4917 
3.1301 0.5956 1.9701 0.7010 0.4920 
3.1301 0.5962 1.9501 0.6347 0.4917 
3.1201 0.6000 1.9601 0.6568 0.5253 
3.1301 0.5956 1.9701 0.7010 0.4920 
3.1101 0.5993 1.9501 0.6280 0.5589 
3.1001 0.5953 1.9501 0.6427 0.5924 
3.1201 0.6000 1.9601 0.6568 0.5253 
3.1601 0.5920 1.9501 0.6431 0.3903 
3.1701 0.5985 1.9401 0.5865 0.3576 
3.1601 0.5728 1.9401 0.6747 0.3800 
3.1801 0.5977 1.9601 0.6543 0.3298 
3.2001 0.6032 1.9501 0.6008 0.2654 
3.1901 0.6006 1.9201 0.5055 0.2849 
3.1901 0.6006 1.9201 0.5055 0.2849 
3.1801 0.6027 1.9501 0.6055 0.3295 
3.1801 0.5977 1.9601 0.6543 0.3298 
3.1601 0.5728 1.9401 0.6747 0.3800 
3.1701 0.5985 1.9401 0.5865 0.3576 
3.1701 0.6001 1.9341 0.5606 0.3568 
3.1701 0.6001 1.9341 0.5606 0.3568 
3.1401 0.6039 1.9301 0.5396 0.4589 
3.1601 0.5728 1.9401 0.6747 0.3800 
3.2101 0.5824 1.9101 0.5226 0.1971 
3.1901 0.5805 1.9101 0.5323 0.2671 
3.1901 0.6006 1.9201 0.5055 0.2849 
3.1901 0.5805 1.9101 0.5323 0.2671 
3.1801 0.5933 1.9101 0.4922 0.3113 
3.1901 0.6006 1.9201 0.5055 0.2849 
3.1501 0.6001 1.9198 0.5122 0.4222 
3.1701 0.5995 1.9201 0.5119 0.3528 
3.1501 0.5867 1.9101 0.5184 0.4158 
3.1501 0.5867 1.9101 0.5184 0.4158 
3.1701 0.5995 1.9201 0.5119 0.3528 
3.1801 0.5933 1.9101 0.4922 0.3113 
3.1801 0.5933 1.9101 0.4922 0.3113 
3.1901 0.5877 1.9001 0.4693 0.2678 
3.1701 0.5893 1.9001 0.4675 0.3417 
3.1901 0.5877 1.9001 0.4693 0.2678 
3.1901 0.5805 1.9101 0.5323 0.2671 
3.2101 0.5824 1.9101 0.5226 0.1971 
3.1901 0.5877 1.9001 0.4693 0.2678 
3.1801 0.5933 1.9101 0.4922 0.3113 
3.1901 0.5805 1.9101 0.5323 0.2671 
3.1701 0.5893 1.9001 0.4675 0.3417 
3.1501 0.5867 1.9101 0.5184 0.4158 
3.1801 0.5933 1.9101 0.4922 0.3113 
3.1601 0.5909 1.9001 0.4639 0.3791 
3.1501 0.5867 1.9101 0.5184 0.4158 
3.1701 0.5893 1.9001 0.4675 0.3417 
3.1601 0.5728 1.9401 0.6747 0.3800 
3.1401 0.5972 1.9401 0.5958 0.4578 
3.1601 0.5920 1.9501 0.6431 0.3903 
3.1101 0.5993 1.9501 0.6280 0.5589 
3.1201 0.6010 1.9401 0.5868 0.5262 
3.1111 0.5801 1.9401 0.6580 0.5552 
3.1111 0.5801 1.9401 0.6580 0.5552 
3.1001 0.5953 1.9501 0.6427 0.5924 
3.1101 0.5993 1.9501 0.6280 0.5589 
3.1111 0.5801 1.9401 0.6580 0.5552 
3.1001 0.5901 1.9348 0.6073 0.5949 
3.1001 0.5953 1.9501 0.6427 0.5924 
3.1001 0.5967 1.9301 0.5688 0.5956 
3.1001 0.5901 1.9348 0.6073 0.5949 
3.1101 0.5901 1.9301 0.5887 0.5604 
3.1601 0.5728 1.9401 0.6747 0.3800 
3.1401 0.6039 1.9301 0.5396 0.4589 
3.1401 0.5972 1.9401 0.5958 0.4578 
3.1101 0.5901 1.9301 0.5887 0.5604 
3.1111 0.5801 1.9401 0.6580 0.5552 
3.1201 0.6010 1.9401 0.5868 0.5262 
3.1101 0.5901 1.9301 0.5887 0.5604 
3.1111 0.5801 1.9401 0.6580 0.5552 
3.1101 0.5901 1.9301 0.5887 0.5604 
3.1101 0.5901 1.9301 0.5887 0.5604 
3.1101 0.5901 1.9301 0.5887 0.5604 
3.1001 0.5901 1.9348 0.6073 0.5949 
3.1101 0.5901 1.9301 0.5887 0.5604 
3.1001 0.5901 1.9348 0.6073 0.5949 
3.1111 0.5801 1.9401 0.6580 0.5552 
3.1201 0.6010 1.9401 0.5868 0.5262 
3.1301 0.5952 1.9201 0.5321 0.4909 
3.1101 0.5926 1.9201 0.5439 0.5616 
3.1101 0.5901 1.9301 0.5887 0.5604 
3.1201 0.6010 1.9401 0.5868 0.5262 
3.1101 0.5926 1.9201 0.5439 0.5616 
3.1101 0.5901 1.9301 0.5887 0.5604 
3.1101 0.5926 1.9201 0.5439 0.5616 
3.1101 0.5901 1.9301 0.5887 0.5604 
3.1101 0.5926 1.9201 0.5439 0.5616 
3.0901 0.6063 1.9201 0.5039 0.6319 
3.1001 0.5967 1.9301 0.5688 0.5956 
3.1101 0.5926 1.9201 0.5439 0.5616 
3.1001 0.5967 1.9301 0.5688 0.5956 
3.1101 0.5901 1.9301 0.5887 0.5604 
3.1101 0.5901 1.9301 0.5887 0.5604 
3.1001 0.5967 1.9301 0.5688 0.5956 
3.1101 0.5901 1.9301 0.5887 0.5604 
3.1101 0.5901 1.9301 0.5887 0.5604 
3.1101 0.5901 1.9301 0.5887 0.5604 
3.1101 0.5901 1.9301 0.5887 0.5604 
3.1101 0.5901 1.9301 0.5887 0.5604 
3.1101 0.5901 1.9301 0.5887 0.5604 
3.1101 0.5901 1.9301 0.5887 0.5604 
3.1501 0.6001 1.9198 0.5122 0.4222 
3.1501 0.5867 1.9101 0.5184 0.4158 
3.1201 0.5886 1.9101 0.5174 0.5258 
3.1301 0.5952 1.9201 0.5321 0.4909 
3.1501 0.6001 1.9198 0.5122 0.4222 
3.1201 0.5886 1.9101 0.5174 0.5258 
3.1101 0.5926 1.9201 0.5439 0.5616 
3.1301 0.5952 1.9201 0.5321 0.4909 
3.1201 0.5886 1.9101 0.5174 0.5258 
3.1101 0.5926 1.9201 0.5439 0.5616 
3.0901 0.5823 1.9101 0.5437 0.6368 
3.0901 0.6063 1.9201 0.5039 0.6319 
3.1101 0.5926 1.9201 0.5439 0.5616 
3.1201 0.5886 1.9101 0.5174 0.5258 
3.0901 0.5823 1.9101 0.5437 0.6368 
3.1601 0.5909 1.9001 0.4639 0.3791 
3.1401 0.5883 1.9001 0.4758 0.4518 
3.1501 0.5867 1.9101 0.5184 0.4158 
3.1501 0.5867 1.9101 0.5184 0.4158 
3.1401 0.5883 1.9001 0.4758 0.4518 
3.1201 0.5886 1.9101 0.5174 0.5258 
3.1401 0.5883 1.9001 0.4758 0.4518 
3.1201 0.5898 1.8901 0.4333 0.5269 
3.1201 0.5886 1.9101 0.5174 0.5258 
3.1201 0.5898 1.8901 0.4333 0.5269 
3.0901 0.5844 1.8901 0.4559 0.6419 
3.1201 0.5886 1.9101 0.5174 0.5258 
3.0901 0.5844 1.8901 0.4559 0.6419 
3.0901 0.5823 1.9101 0.5437 0.6368 
3.1201 0.5886 1.9101 0.5174 0.5258 
3.2601 0.5971 1.8901 0.3885 0.0535 
3.2301 0.5957 1.9001 0.4379 0.1345 
3.2601 0.5952 1.9001 0.4346 0.0550 
3.2601 0.5971 1.8901 0.3885 0.0535 
3.2101 0.5943 1.8901 0.4049 0.1960 
3.2301 0.5957 1.9001 0.4379 0.1345 
3.2401 0.5914 1.8701 0.3236 0.0784 
3.2101 0.5943 1.8901 0.4049 0.1960 
3.2601 0.5971 1.8901 0.3885 0.0535 
3.2101 0.5884 1.8601 0.2924 0.1720 
3.2101 0.5943 1.8901 0.4049 0.1960 
3.2401 0.5914 1.8701 0.3236 0.0784 
3.2001 0.5868 1.8701 0.3439 0.2147 
3.2101 0.5943 1.8901 0.4049 0.1960 
3.2101 0.5884 1.8601 0.2924 0.1720 
3.2101 0.5884 1.8601 0.2924 0.1720 
3.2401 0.5914 1.8701 0.3236 0.0784 
3.2201 0.5964 1.8501 0.2220 0.1360 
3.2501 0.5929 1.8501 0.2273 0.0528 
3.2401 0.5890 1.8401 0.1924 0.0589 
3.2401 0.5914 1.8701 0.3236 0.0784 
3.2401 0.5914 1.8701 0.3236 0.0784 
3.2401 0.5890 1.8401 0.1924 0.0589 
3.2301 0.5946 1.8401 0.1788 0.0915 
3.2301 0.5946 1.8401 0.1788 0.0915 
3.2201 0.5964 1.8501 0.2220 0.1360 
3.2401 0.5914 1.8701 0.3236 0.0784 
3.2001 0.5859 1.8401 0.2065 0.1954 
3.2001 0.5868 1.8701 0.3439 0.2147 
3.2101 0.5884 1.8601 0.2924 0.1720 
3.2201 0.5901 1.8359 0.1721 0.1187 
3.2201 0.5964 1.8501 0.2220 0.1360 
3.2301 0.5946 1.8401 0.1788 0.0915 
3.2201 0.5901 1.8359 0.1721 0.1187 
3.2101 0.5884 1.8601 0.2924 0.1720 
3.2201 0.5964 1.8501 0.2220 0.1360 
3.2201 0.5901 1.8359 0.1721 0.1187 
3.2001 0.5859 1.8401 0.2065 0.1954 
3.2101 0.5884 1.8601 0.2924 0.1720 
3.2401 0.5890 1.8401 0.1924 0.0589 
3.2301 0.5901 1.8301 0.1437 0.0794 
3.2301 0.5946 1.8401 0.1788 0.0915 
3.2301 0.5946 1.8401 0.1788 0.0915 
3.2301 0.5901 1.8301 0.1437 0.0794 
3.2301 0.5901 1.8301 0.1437 0.0794 
3.2201 0.5901 1.8359 0.1721 0.1187 
3.2301 0.5946 1.8401 0.1788 0.0915 
3.2301 0.5901 1.8301 0.1437 0.0794 
3.2201 0.5901 1.8359 0.1721 0.1187 
3.2301 0.5901 1.8301 0.1437 0.0794 
3.2301 0.5901 1.8301 0.1437 0.0794 
3.2001 0.5859 1.8401 0.2065 0.1954 
3.2201 0.5901 1.8359 0.1721 0.1187 
3.2001 0.5960 1.8201 0.0930 0.1923 
3.2363 0.5901 1.8201 0.0999 0.0576 
3.2301 0.5901 1.8301 0.1437 0.0794 
3.2401 0.5890 1.8401 0.1924 0.0589 
3.2301 0.5901 1.8301 0.1437 0.0794 
3.2363 0.5901 1.8201 0.0999 0.0576 
3.2301 0.5901 1.8301 0.1437 0.0794 
3.2301 0.5901 1.8301 0.1437 0.0794 
3.2301 0.5901 1.8301 0.1437 0.0794 
3.2201 0.5945 1.8201 0.0937 0.1114 
3.2201 0.5945 1.8201 0.0937 0.1114 
3.2001 0.5960 1.8201 0.0930 0.1923 
3.2201 0.5901 1.8359 0.1721 0.1187 
3.2301 0.5901 1.8301 0.1437 0.0794 
3.2201 0.5945 1.8201 0.0937 0.1114 
3.2201 0.5901 1.8359 0.1721 0.1187 
3.1901 0.5910 1.8101 0.0748 0.2227 
3.2001 0.5960 1.8201 0.0930 0.1923 
3.2201 0.5945 1.8201 0.0937 0.1114 
3.1701 0.5893 1.9001 0.4675 0.3417 
3.1901 0.5899 1.8801 0.3796 0.2602 
3.1601 0.5901 1.8901 0.4259 0.3763 
3.1601 0.5901 1.8901 0.4259 0.3763 
3.1501 0.5901 1.8863 0.4116 0.4131 
3.1601 0.5909 1.9001 0.4639 0.3791 
3.1601 0.5901 1.8901 0.4259 0.3763 
3.1601 0.5909 1.9001 0.4639 0.3791 
3.1601 0.5901 1.8901 0.4259 0.3763 
3.1701 0.5893 1.9001 0.4675 0.3417 
3.1901 0.5877 1.9001 0.4693 0.2678 
3.1801 0.5844 1.8901 0.4410 0.2981 
3.1901 0.5899 1.8801 0.3796 0.2602 
3.1701 0.5893 1.9001 0.4675 0.3417 
3.1801 0.5844 1.8901 0.4410 0.2981 
3.1601 0.5901 1.8901 0.4259 0.3763 
3.1701 0.5893 1.9001 0.4675 0.3417 
3.1601 0.5901 1.8901 0.4259 0.3763 
3.1601 0.5901 1.8901 0.4259 0.3763 
3.1601 0.5909 1.9001 0.4639 0.3791 
3.1701 0.5893 1.9001 0.4675 0.3417 
3.1601 0.5901 1.8901 0.4259 0.3763 
3.1601 0.5901 1.8901 0.4259 0.3763 
3.1601 0.5901 1.8901 0.4259 0.3763 
3.1901 0.5877 1.9001 0.4693 0.2678 
3.2101 0.5943 1.8901 0.4049 0.1960 
3.2001 0.5868 1.8701 0.3439 0.2147 
3.1901 0.5877 1.9001 0.4693 0.2678 
3.2001 0.5868 1.8701 0.3439 0.2147 
3.1901 0.5899 1.8801 0.3796 0.2602 
3.1701 0.5915 1.8701 0.3343 0.3332 
3.1601 0.5901 1.8901 0.4259 0.3763 
3.1901 0.5899 1.8801 0.3796 0.2602 
3.1901 0.5877 1.9001 0.4693 0.2678 
3.1901 0.5899 1.8801 0.3796 0.2602 
3.1801 0.5844 1.8901 0.4410 0.2981 
3.1601 0.5901 1.8901 0.4259 0.3763 
3.1701 0.5915 1.8701 0.3343 0.3332 
3.1601 0.5852 1.8701 0.3551 0.3686 
3.1501 0.5901 1.8863 0.4116 0.4131 
3.1601 0.5901 1.8901 0.4259 0.3763 
3.1601 0.5852 1.8701 0.3551 0.3686 
3.1501 0.5901 1.8863 0.4116 0.4131 
3.1601 0.5901 1.8901 0.4259 0.3763 
3.1601 0.5901 1.8901 0.4259 0.3763 
3.2001 0.5868 1.8701 0.3439 0.2147 
3.1901 0.5782 1.8701 0.3726 0.2458 
3.1901 0.5899 1.8801 0.3796 0.2602 
3.1701 0.5915 1.8701 0.3343 0.3332 
3.1901 0.5899 1.8801 0.3796 0.2602 
3.1901 0.5782 1.8701 0.3726 0.2458 
3.1501 0.5901 1.8863 0.4116 0.4131 
3.1601 0.5852 1.8701 0.3551 0.3686 
3.1501 0.5689 1.8701 0.4102 0.4006 
3.1901 0.5782 1.8701 0.3726 0.2458 
3.2001 0.5868 1.8701 0.3439 0.2147 
3.1901 0.5893 1.8601 0.2926 0.2498 
3.1901 0.5893 1.8601 0.2926 0.2498 
3.1701 0.5915 1.8701 0.3343 0.3332 
3.1901 0.5782 1.8701 0.3726 0.2458 
3.1901 0.5893 1.8601 0.2926 0.2498 
3.1701 0.5808 1.8601 0.3217 0.3229 
3.1701 0.5915 1.8701 0.3343 0.3332 
3.1601 0.5852 1.8701 0.3551 0.3686 
3.1701 0.5808 1.8601 0.3217 0.3229 
3.1601 0.5884 1.8501 0.2532 0.3647 
3.1601 0.5852 1.8701 0.3551 0.3686 
3.1701 0.5915 1.8701 0.3343 0.3332 
3.1701 0.5808 1.8601 0.3217 0.3229 
3.1601 0.5852 1.8701 0.3551 0.3686 
3.1601 0.5884 1.8501 0.2532 0.3647 
3.1501 0.5862 1.8501 0.2613 0.4044 
3.1501 0.5689 1.8701 0.4102 0.4006 
3.1601 0.5852 1.8701 0.3551 0.3686 
3.1501 0.5862 1.8501 0.2613 0.4044 
3.2001 0.5859 1.8401 0.2065 0.1954 
3.1901 0.5893 1.8601 0.2926 0.2498 
3.2001 0.5868 1.8701 0.3439 0.2147 
3.1901 0.5910 1.8501 0.2413 0.2460 
3.1901 0.5893 1.8601 0.2926 0.2498 
3.2001 0.5859 1.8401 0.2065 0.1954 
3.1901 0.5910 1.8501 0.2413 0.2460 
3.1801 0.5848 1.8501 0.2608 0.2810 
3.1901 0.5893 1.8601 0.2926 0.2498 
3.1701 0.5808 1.8601 0.3217 0.3229 
3.1801 0.5848 1.8501 0.2608 0.2810 
3.1601 0.5868 1.8401 0.2097 0.3608 
3.1701 0.5808 1.8601 0.3217 0.3229 
3.1901 0.5893 1.8601 0.2926 0.2498 
3.1801 0.5848 1.8501 0.2608 0.2810 
3.1601 0.5868 1.8401 0.2097 0.3608 
3.1601 0.5884 1.8501 0.2532 0.3647 
3.1701 0.5808 1.8601 0.3217 0.3229 
3.1501 0.5901 1.8863 0.4116 0.4131 
3.1401 0.5883 1.9001 0.4758 0.4518 
3.1601 0.5909 1.9001 0.4639 0.3791 
3.1201 0.5898 1.8901 0.4333 0.5269 
3.1101 0.5832 1.8801 0.4139 0.5658 
3.0901 0.5844 1.8901 0.4559 0.6419 
3.1501 0.5901 1.8863 0.4116 0.4131 
3.1101 0.5832 1.8801 0.4139 0.5658 
3.1401 0.5883 1.9001 0.4758 0.4518 
3.1101 0.5832 1.8801 0.4139 0.5658 
3.1201 0.5898 1.8901 0.4333 0.5269 
3.1401 0.5883 1.9001 0.4758 0.4518 
3.1301 0.5881 1.8701 0.3510 0.4880 
3.1101 0.5832 1.8801 0.4139 0.5658 
3.1501 0.5901 1.8863 0.4116 0.4131 
3.1301 0.5881 1.8701 0.3510 0.4880 
3.1001 0.5866 1.8601 0.3150 0.6095 
3.1101 0.5832 1.8801 0.4139 0.5658 
3.1001 0.5866 1.8601 0.3150 0.6095 
3.1001 0.5805 1.8701 0.3802 0.6076 
3.1101 0.5832 1.8801 0.4139 0.5658 
3.1301 0.5881 1.8701 0.3510 0.4880 
3.1501 0.5901 1.8863 0.4116 0.4131 
3.1501 0.5689 1.8701 0.4102 0.4006 
3.1401 0.5864 1.8601 0.3093 0.4468 
3.1001 0.5866 1.8601 0.3150 0.6095 
3.1301 0.5881 1.8701 0.3510 0.4880 
3.1401 0.5864 1.8601 0.3093 0.4468 
3.1501 0.5689 1.8701 0.4102 0.4006 
3.1501 0.5862 1.8501 0.2613 0.4044 
3.1401 0.5864 1.8601 0.3093 0.4468 
3.1301 0.5881 1.8701 0.3510 0.4880 
3.1501 0.5689 1.8701 0.4102 0.4006 
3.1401 0.5684 1.8501 0.3186 0.4388 
3.1301 0.5853 1.8501 0.2669 0.4867 
3.1401 0.5864 1.8601 0.3093 0.4468 
3.1101 0.5818 1.8501 0.2806 0.5698 
3.1001 0.5866 1.8601 0.3150 0.6095 
3.1401 0.5864 1.8601 0.3093 0.4468 
3.1301 0.5853 1.8501 0.2669 0.4867 
3.1101 0.5818 1.8501 0.2806 0.5698 
3.1401 0.5864 1.8601 0.3093 0.4468 
3.1401 0.5864 1.8601 0.3093 0.4468 
3.1501 0.5862 1.8501 0.2613 0.4044 
3.1401 0.5684 1.8501 0.3186 0.4388 
3.1101 0.5818 1.8501 0.2806 0.5698 
3.1001 0.5704 1.8501 0.3189 0.6128 
3.1001 0.5866 1.8601 0.3150 0.6095 
3.1701 0.5900 1.8301 0.1518 0.3173 
3.1601 0.5868 1.8401 0.2097 0.3608 
3.1801 0.5848 1.8501 0.2608 0.2810 
3.1401 0.5918 1.8301 0.1510 0.4451 
3.1601 0.5884 1.8501 0.2532 0.3647 
3.1601 0.5868 1.8401 0.2097 0.3608 
3.2001 0.5859 1.8401 0.2065 0.1954 
3.1864 0.5801 1.8201 0.1269 0.2344 
3.1901 0.5910 1.8501 0.2413 0.2460 
3.2001 0.5859 1.8401 0.2065 0.1954 
3.2001 0.5960 1.8201 0.0930 0.1923 
3.1864 0.5801 1.8201 0.1269 0.2344 
3.1864 0.5801 1.8201 0.1269 0.2344 
3.1801 0.5848 1.8501 0.2608 0.2810 
3.1901 0.5910 1.8501 0.2413 0.2460 
3.1864 0.5801 1.8201 0.1269 0.2344 
3.1801 0.5918 1.8301 0.1459 0.2769 
3.1801 0.5848 1.8501 0.2608 0.2810 
3.1801 0.5918 1.8301 0.1459 0.2769 
3.1701 0.5900 1.8301 0.1518 0.3173 
3.1801 0.5848 1.8501 0.2608 0.2810 
3.1864 0.5801 1.8201 0.1269 0.2344 
3.2001 0.5960 1.8201 0.0930 0.1923 
3.1901 0.5910 1.8101 0.0748 0.2227 
3.1801 0.5918 1.8301 0.1459 0.2769 
3.1748 0.5801 1.8201 0.1283 0.2853 
3.1701 0.5900 1.8301 0.1518 0.3173 
3.1501 0.5901 1.8126 0.0823 0.3979 
3.1601 0.5868 1.8401 0.2097 0.3608 
3.1701 0.5900 1.8301 0.1518 0.3173 
3.1401 0.5918 1.8301 0.1510 0.4451 
3.1601 0.5868 1.8401 0.2097 0.3608 
3.1501 0.5901 1.8126 0.0823 0.3979 
3.1748 0.5801 1.8201 0.1283 0.2853 
3.1901 0.5910 1.8101 0.0748 0.2227 
3.1701 0.5900 1.8101 0.0761 0.3088 
3.1864 0.5801 1.8201 0.1269 0.2344 
3.1901 0.5910 1.8101 0.0748 0.2227 
3.1748 0.5801 1.8201 0.1283 0.2853 
3.1701 0.5900 1.8301 0.1518 0.3173 
3.1748 0.5801 1.8201 0.1283 0.2853 
3.1701 0.5900 1.8101 0.0761 0.3088 
3.1701 0.5900 1.8301 0.1518 0.3173 
3.1701 0.5900 1.8101 0.0761 0.3088 
3.1501 0.5901 1.8126 0.0823 0.3979 
3.1864 0.5801 1.8201 0.1269 0.2344 
3.1748 0.5801 1.8201 0.1283 0.2853 
3.1801 0.5918 1.8301 0.1459 0.2769 
3.1501 0.5862 1.8501 0.2613 0.4044 
3.1601 0.5884 1.8501 0.2532 0.3647 
3.1401 0.5918 1.8301 0.1510 0.4451 
3.1401 0.5918 1.8301 0.1510 0.4451 
3.1301 0.5853 1.8501 0.2669 0.4867 
3.1401 0.5684 1.8501 0.3186 0.4388 
3.1401 0.5684 1.8501 0.3186 0.4388 
3.1501 0.5862 1.8501 0.2613 0.4044 
3.1401 0.5918 1.8301 0.1510 0.4451 
3.1401 0.5918 1.8301 0.1510 0.4451 
3.1301 0.5860 1.8301 0.1673 0.4862 
3.1301 0.5853 1.8501 0.2669 0.4867 
3.1201 0.5801 1.8369 0.2193 0.5282 
3.1301 0.5853 1.8501 0.2669 0.4867 
3.1301 0.5860 1.8301 0.1673 0.4862 
3.1201 0.5801 1.8369 0.2193 0.5282 
3.1301 0.5860 1.8301 0.1673 0.4862 
3.1264 0.5801 1.8301 0.1840 0.5009 
3.1001 0.5842 1.8301 0.1764 0.6169 
3.1101 0.5818 1.8501 0.2806 0.5698 
3.1301 0.5853 1.8501 0.2669 0.4867 
3.1139 0.5801 1.8301 0.1859 0.5561 
3.1001 0.5842 1.8301 0.1764 0.6169 
3.1301 0.5853 1.8501 0.2669 0.4867 
3.1139 0.5801 1.8301 0.1859 0.5561 
3.1301 0.5853 1.8501 0.2669 0.4867 
3.1201 0.5801 1.8369 0.2193 0.5282 
3.1201 0.5801 1.8369 0.2193 0.5282 
3.1264 0.5801 1.8301 0.1840 0.5009 
3.1201 0.5701 1.8301 0.2143 0.5270 
3.1264 0.5801 1.8301 0.1840 0.5009 
3.1201 0.5701 1.8301 0.2143 0.5270 
3.1201 0.5701 1.8301 0.2143 0.5270 
3.1139 0.5801 1.8301 0.1859 0.5561 
3.1201 0.5801 1.8369 0.2193 0.5282 
3.1201 0.5701 1.8301 0.2143 0.5270 
3.1201 0.5801 1.8369 0.2193 0.5282 
3.1201 0.5701 1.8301 0.2143 0.5270 
3.1201 0.5701 1.8301 0.2143 0.5270 
3.1001 0.5704 1.8501 0.3189 0.6128 
3.1101 0.5818 1.8501 0.2806 0.5698 
3.1001 0.5842 1.8301 0.1764 0.6169 
3.1201 0.5701 1.8301 0.2143 0.5270 
3.1201 0.5701 1.8301 0.2143 0.5270 
3.1201 0.5701 1.8301 0.2143 0.5270 
3.1201 0.5701 1.8301 0.2143 0.5270 
3.1201 0.5701 1.8301 0.2143 0.5270 
3.1201 0.5701 1.8301 0.2143 0.5270 
3.1501 0.5901 1.8126 0.0823 0.3979 
3.1301 0.5860 1.8301 0.1673 0.4862 
3.1401 0.5918 1.8301 0.1510 0.4451 
3.1264 0.5801 1.8301 0.1840 0.5009 
3.1301 0.5860 1.8301 0.1673 0.4862 
3.1201 0.5868 1.8201 0.1194 0.5303 
3.1264 0.5801 1.8301 0.1840 0.5009 
3.1201 0.5868 1.8201 0.1194 0.5303 
3.1201 0.5801 1.8241 0.1548 0.5290 
3.1201 0.5801 1.8241 0.1548 0.5290 
3.1201 0.5868 1.8201 0.1194 0.5303 
3.1001 0.5842 1.8301 0.1764 0.6169 
3.1201 0.5801 1.8241 0.1548 0.5290 
3.1001 0.5842 1.8301 0.1764 0.6169 
3.1139 0.5801 1.8301 0.1859 0.5561 
3.1201 0.5701 1.8301 0.2143 0.5270 
3.1201 0.5701 1.8301 0.2143 0.5270 
3.1201 0.5801 1.8241 0.1548 0.5290 
3.1201 0.5701 1.8301 0.2143 0.5270 
3.1264 0.5801 1.8301 0.1840 0.5009 
3.1201 0.5801 1.8241 0.1548 0.5290 
3.1201 0.5701 1.8301 0.2143 0.5270 
3.1201 0.5701 1.8301 0.2143 0.5270 
3.1139 0.5801 1.8301 0.1859 0.5561 
3.1201 0.5701 1.8301 0.2143 0.5270 
3.1201 0.5801 1.8241 0.1548 0.5290 
3.1139 0.5801 1.8301 0.1859 0.5561 
3.1001 0.5842 1.8301 0.1764 0.6169 
3.1201 0.5868 1.8201 0.1194 0.5303 
3.1001 0.5677 1.8201 0.1717 0.6211 
3.1201 0.5701 1.8301 0.2143 0.5270 
3.1201 0.5701 1.8301 0.2143 0.5270 
3.1201 0.5701 1.8301 0.2143 0.5270 
3.1201 0.5701 1.8301 0.2143 0.5270 
3.1201 0.5701 1.8301 0.2143 0.5270 
3.1201 0.5701 1.8301 0.2143 0.5270 
3.1401 0.5901 1.8101 0.0772 0.4418 
3.1501 0.5901 1.8126 0.0823 0.3979 
3.1401 0.5901 1.8101 0.0772 0.4418 
3.1401 0.5901 1.8101 0.0772 0.4418 
3.1401 0.5901 1.8101 0.0772 0.4418 
3.1401 0.5901 1.8101 0.0772 0.4418 
3.1501 0.5901 1.8126 0.0823 0.3979 
3.1401 0.5901 1.8101 0.0772 0.4418 
3.1301 0.5860 1.8301 0.1673 0.4862 
3.1401 0.5901 1.8101 0.0772 0.4418 
3.1301 0.5877 1.8101 0.0800 0.4859 
3.1301 0.5860 1.8301 0.1673 0.4862 
3.1401 0.5901 1.8101 0.0772 0.4418 
3.1401 0.5901 1.8101 0.0772 0.4418 
3.1301 0.5877 1.8101 0.0800 0.4859 
3.1301 0.5877 1.8101 0.0800 0.4859 
3.1201 0.5868 1.8201 0.1194 0.5303 
3.1301 0.5860 1.8301 0.1673 0.4862 
3.1401 0.5901 1.8101 0.0772 0.4418 
3.1401 0.5901 1.8101 0.0772 0.4418 
3.1401 0.5901 1.8101 0.0772 0.4418 
