NUMPOLLIES 157.000000 

5.3701 -0.2999 2.1122 0.7765 0.8808 
5.3901 -0.2999 2.1070 0.7824 0.9779 
5.3701 -0.2899 2.1061 0.8395 0.8891 
5.3701 -0.2999 2.1122 0.7765 0.8808 
5.3701 -0.2899 2.1061 0.8395 0.8891 
5.3701 -0.3099 2.1071 0.7133 0.8875 
5.3301 -0.2799 2.1048 0.8909 0.7075 
5.2901 -0.2699 2.1077 0.9414 0.5224 
5.3101 -0.2799 2.1084 0.8832 0.6146 
5.3701 -0.3099 2.1071 0.7133 0.8875 
5.3701 -0.2899 2.1061 0.8395 0.8891 
5.3301 -0.2799 2.1048 0.8909 0.7075 
5.3501 -0.3299 2.1092 0.5859 0.7969 
5.3101 -0.2799 2.1084 0.8832 0.6146 
5.3101 -0.3099 2.1096 0.6950 0.6189 
5.3301 -0.2799 2.1048 0.8909 0.7075 
5.3101 -0.2799 2.1084 0.8832 0.6146 
5.3501 -0.3299 2.1092 0.5859 0.7969 
5.3101 -0.3099 2.1096 0.6950 0.6189 
5.3101 -0.2799 2.1084 0.8832 0.6146 
5.2901 -0.2899 2.1052 0.8129 0.5270 
5.2701 -0.2699 2.1086 0.9342 0.4320 
5.2801 -0.2799 2.1139 0.8720 0.4800 
5.2901 -0.2699 2.1077 0.9414 0.5224 
5.2801 -0.2889 2.1101 0.8159 0.4819 
5.2801 -0.2799 2.1139 0.8720 0.4800 
5.2701 -0.2899 2.1101 0.8064 0.4379 
5.2801 -0.2889 2.1101 0.8159 0.4819 
5.2701 -0.2899 2.1101 0.8064 0.4379 
5.2701 -0.2899 2.1101 0.8064 0.4379 
5.2601 -0.2999 2.1107 0.7410 0.3968 
5.2701 -0.2899 2.1101 0.8064 0.4379 
5.2801 -0.2799 2.1139 0.8720 0.4800 
5.2601 -0.2999 2.1107 0.7410 0.3968 
5.2801 -0.2799 2.1139 0.8720 0.4800 
5.2701 -0.2699 2.1086 0.9342 0.4320 
5.2501 -0.2899 2.1142 0.8000 0.3517 
5.2601 -0.2999 2.1107 0.7410 0.3968 
5.2401 -0.2799 2.1099 0.8597 0.3019 
5.2701 -0.2899 2.1101 0.8064 0.4379 
5.2701 -0.2899 2.1101 0.8064 0.4379 
5.2701 -0.2899 2.1101 0.8064 0.4379 
5.2701 -0.2899 2.1101 0.8064 0.4379 
5.2701 -0.2899 2.1101 0.8064 0.4379 
5.2601 -0.2999 2.1107 0.7410 0.3968 
5.2601 -0.2999 2.1107 0.7410 0.3968 
5.2501 -0.2899 2.1142 0.8000 0.3517 
5.2401 -0.2999 2.1101 0.7344 0.3091 
5.3101 -0.2799 2.1084 0.8832 0.6146 
5.2901 -0.2699 2.1077 0.9414 0.5224 
5.2801 -0.2799 2.1139 0.8720 0.4800 
5.2801 -0.2799 2.1139 0.8720 0.4800 
5.2901 -0.2899 2.1052 0.8129 0.5270 
5.3101 -0.2799 2.1084 0.8832 0.6146 
5.2801 -0.2889 2.1101 0.8159 0.4819 
5.2801 -0.2899 2.1097 0.8096 0.4821 
5.2801 -0.2799 2.1139 0.8720 0.4800 
5.2801 -0.2899 2.1097 0.8096 0.4821 
5.2901 -0.2899 2.1052 0.8129 0.5270 
5.2801 -0.2799 2.1139 0.8720 0.4800 
5.2801 -0.2899 2.1097 0.8096 0.4821 
5.2801 -0.2889 2.1101 0.8159 0.4819 
5.2701 -0.2899 2.1101 0.8064 0.4379 
5.2601 -0.2999 2.1107 0.7410 0.3968 
5.2701 -0.2699 2.1086 0.9342 0.4320 
5.2401 -0.2799 2.1099 0.8597 0.3019 
5.2701 -0.2899 2.1101 0.8064 0.4379 
5.2701 -0.2899 2.1101 0.8064 0.4379 
5.2801 -0.2899 2.1097 0.8096 0.4821 
5.2401 -0.2899 2.1101 0.7966 0.3056 
5.2501 -0.2899 2.1142 0.8000 0.3517 
5.2401 -0.2899 2.1101 0.7966 0.3056 
5.2401 -0.2899 2.1101 0.7966 0.3056 
5.2501 -0.2899 2.1142 0.8000 0.3517 
5.2401 -0.2799 2.1099 0.8597 0.3019 
5.2401 -0.2899 2.1101 0.7966 0.3056 
5.2401 -0.2899 2.1101 0.7966 0.3056 
5.2401 -0.2899 2.1101 0.7966 0.3056 
5.2501 -0.2899 2.1142 0.8000 0.3517 
5.2401 -0.2899 2.1101 0.7966 0.3056 
5.2401 -0.2999 2.1101 0.7344 0.3091 
5.2401 -0.2899 2.1101 0.7966 0.3056 
5.2401 -0.2999 2.1101 0.7344 0.3091 
5.2401 -0.2899 2.1101 0.7966 0.3056 
5.2401 -0.2899 2.1101 0.7966 0.3056 
5.2401 -0.2899 2.1101 0.7966 0.3056 
5.2401 -0.2799 2.1099 0.8597 0.3019 
5.2401 -0.2999 2.1101 0.7344 0.3091 
5.2401 -0.2899 2.1101 0.7966 0.3056 
5.2201 -0.2999 2.1088 0.7276 0.2212 
5.2401 -0.2899 2.1101 0.7966 0.3056 
5.2001 -0.2799 2.1095 0.8466 0.1290 
5.2201 -0.2999 2.1088 0.7276 0.2212 
5.1801 -0.2999 2.1088 0.7147 0.0647 
5.2001 -0.2799 2.1095 0.8466 0.1290 
5.1801 -0.2799 2.1097 0.8400 0.0600 
5.1801 -0.2799 2.1097 0.8400 0.0600 
5.1801 -0.2899 2.1141 0.7776 0.0668 
5.1801 -0.2999 2.1088 0.7147 0.0647 
5.3901 -0.2999 2.1070 0.7824 0.9779 
5.3701 -0.2999 2.1122 0.7765 0.8808 
5.3701 -0.3099 2.1071 0.7133 0.8875 
5.3701 -0.3099 2.1071 0.7133 0.8875 
5.3501 -0.3299 2.1092 0.5859 0.7969 
5.3601 -0.3199 2.1059 0.6476 0.8445 
5.3601 -0.3199 2.1059 0.6476 0.8445 
5.3801 -0.3399 2.1087 0.5350 0.9289 
5.3701 -0.3099 2.1071 0.7133 0.8875 
5.3601 -0.3499 2.1157 0.4779 0.8338 
5.3801 -0.3399 2.1087 0.5350 0.9289 
5.3601 -0.3199 2.1059 0.6476 0.8445 
5.3601 -0.3499 2.1157 0.4779 0.8338 
5.3601 -0.3199 2.1059 0.6476 0.8445 
5.3501 -0.3299 2.1092 0.5859 0.7969 
5.2901 -0.2899 2.1052 0.8129 0.5270 
5.2801 -0.3099 2.1098 0.6855 0.4869 
5.3101 -0.3099 2.1096 0.6950 0.6189 
5.3101 -0.3199 2.1101 0.6343 0.6203 
5.3101 -0.3199 2.1101 0.6343 0.6203 
5.3101 -0.3199 2.1101 0.6343 0.6203 
5.3101 -0.3199 2.1101 0.6343 0.6203 
5.3101 -0.3199 2.1101 0.6343 0.6203 
5.3101 -0.3199 2.1101 0.6343 0.6203 
5.3101 -0.3099 2.1096 0.6950 0.6189 
5.2801 -0.3099 2.1098 0.6855 0.4869 
5.3001 -0.3245 2.1101 0.6034 0.5774 
5.3101 -0.3199 2.1101 0.6343 0.6203 
5.3001 -0.3245 2.1101 0.6034 0.5774 
5.3201 -0.3299 2.1104 0.5775 0.6652 
5.3101 -0.3199 2.1101 0.6343 0.6203 
5.3101 -0.3199 2.1101 0.6343 0.6203 
5.3201 -0.3299 2.1104 0.5775 0.6652 
5.3001 -0.3245 2.1101 0.6034 0.5774 
5.3101 -0.3199 2.1101 0.6343 0.6203 
5.3101 -0.3199 2.1101 0.6343 0.6203 
5.3201 -0.3399 2.1190 0.5266 0.6617 
5.3601 -0.3499 2.1157 0.4779 0.8338 
5.3201 -0.3299 2.1104 0.5775 0.6652 
5.3201 -0.3299 2.1104 0.5775 0.6652 
5.3601 -0.3499 2.1157 0.4779 0.8338 
5.3501 -0.3299 2.1092 0.5859 0.7969 
5.3201 -0.3299 2.1104 0.5775 0.6652 
5.3001 -0.3245 2.1101 0.6034 0.5774 
5.3201 -0.3399 2.1190 0.5266 0.6617 
5.3201 -0.3399 2.1190 0.5266 0.6617 
5.3001 -0.3245 2.1101 0.6034 0.5774 
5.2801 -0.3399 2.1198 0.5155 0.4942 
5.3601 -0.3499 2.1157 0.4779 0.8338 
5.3201 -0.3399 2.1190 0.5266 0.6617 
5.3401 -0.3599 2.1091 0.4065 0.7555 
5.3401 -0.3599 2.1091 0.4065 0.7555 
5.3201 -0.3399 2.1190 0.5266 0.6617 
5.3201 -0.3599 2.1122 0.4047 0.6679 
5.3201 -0.3599 2.1122 0.4047 0.6679 
5.3201 -0.3399 2.1190 0.5266 0.6617 
5.3101 -0.3499 2.1110 0.4575 0.6245 
5.3201 -0.3399 2.1190 0.5266 0.6617 
5.2801 -0.3399 2.1198 0.5155 0.4942 
5.3101 -0.3499 2.1110 0.4575 0.6245 
5.3701 -0.3099 2.1071 0.7133 0.8875 
5.3301 -0.2799 2.1048 0.8909 0.7075 
5.3501 -0.3299 2.1092 0.5859 0.7969 
5.3501 -0.3299 2.1092 0.5859 0.7969 
5.3101 -0.3099 2.1096 0.6950 0.6189 
5.3201 -0.3199 2.1096 0.6371 0.6643 
5.3101 -0.3199 2.1101 0.6343 0.6203 
5.3201 -0.3199 2.1096 0.6371 0.6643 
5.3101 -0.3099 2.1096 0.6950 0.6189 
5.3101 -0.3199 2.1101 0.6343 0.6203 
5.3101 -0.3199 2.1101 0.6343 0.6203 
5.3201 -0.3199 2.1096 0.6371 0.6643 
5.3101 -0.3199 2.1101 0.6343 0.6203 
5.3101 -0.3099 2.1096 0.6950 0.6189 
5.3001 -0.3245 2.1101 0.6034 0.5774 
5.3101 -0.3199 2.1101 0.6343 0.6203 
5.3101 -0.3199 2.1101 0.6343 0.6203 
5.3101 -0.3099 2.1096 0.6950 0.6189 
5.3501 -0.3299 2.1092 0.5859 0.7969 
5.3201 -0.3199 2.1096 0.6371 0.6643 
5.3201 -0.3299 2.1104 0.5775 0.6652 
5.3201 -0.3199 2.1096 0.6371 0.6643 
5.3101 -0.3199 2.1101 0.6343 0.6203 
5.3201 -0.3299 2.1104 0.5775 0.6652 
5.3801 -0.3399 2.1087 0.5350 0.9289 
5.3901 -0.3599 2.1095 0.4220 0.9701 
5.3901 -0.3499 2.1059 0.4759 0.9766 
5.3801 -0.3399 2.1087 0.5350 0.9289 
5.3601 -0.3499 2.1157 0.4779 0.8338 
5.3901 -0.3599 2.1095 0.4220 0.9701 
5.3901 -0.3599 2.1095 0.4220 0.9701 
5.3601 -0.3499 2.1157 0.4779 0.8338 
5.3401 -0.3599 2.1091 0.4065 0.7555 
5.3701 -0.3699 2.1113 0.3617 0.8817 
5.3901 -0.3599 2.1095 0.4220 0.9701 
5.3401 -0.3599 2.1091 0.4065 0.7555 
5.3701 -0.3699 2.1113 0.3617 0.8817 
5.3901 -0.3899 2.1114 0.2575 0.9656 
5.3901 -0.3599 2.1095 0.4220 0.9701 
5.3901 -0.3899 2.1114 0.2575 0.9656 
5.3701 -0.3699 2.1113 0.3617 0.8817 
5.3801 -0.3999 2.1108 0.2008 0.9241 
5.3801 -0.3999 2.1108 0.2008 0.9241 
5.3701 -0.3699 2.1113 0.3617 0.8817 
5.3401 -0.3799 2.1116 0.2980 0.7548 
5.3801 -0.3999 2.1108 0.2008 0.9241 
5.3401 -0.3799 2.1116 0.2980 0.7548 
5.3701 -0.4199 2.1082 0.1001 0.8854 
5.3701 -0.4199 2.1082 0.1001 0.8854 
5.3401 -0.3799 2.1116 0.2980 0.7548 
5.3501 -0.4199 2.1132 0.1046 0.7972 
5.3701 -0.3699 2.1113 0.3617 0.8817 
5.3401 -0.3599 2.1091 0.4065 0.7555 
5.3401 -0.3799 2.1116 0.2980 0.7548 
5.3201 -0.3599 2.1122 0.4047 0.6679 
5.3101 -0.3499 2.1110 0.4575 0.6245 
5.2801 -0.3699 2.1127 0.3377 0.5007 
5.2801 -0.3699 2.1127 0.3377 0.5007 
5.3101 -0.3499 2.1110 0.4575 0.6245 
5.2701 -0.3499 2.1115 0.4462 0.4537 
5.3201 -0.3599 2.1122 0.4047 0.6679 
5.3401 -0.3799 2.1116 0.2980 0.7548 
5.3401 -0.3599 2.1091 0.4065 0.7555 
5.3201 -0.3599 2.1122 0.4047 0.6679 
5.2801 -0.3699 2.1127 0.3377 0.5007 
5.3401 -0.3799 2.1116 0.2980 0.7548 
5.3401 -0.3799 2.1116 0.2980 0.7548 
5.2801 -0.3699 2.1127 0.3377 0.5007 
5.3301 -0.3799 2.1173 0.3046 0.7088 
5.3301 -0.3799 2.1173 0.3046 0.7088 
5.2801 -0.3699 2.1127 0.3377 0.5007 
5.2801 -0.3799 2.1208 0.2963 0.5029 
5.3401 -0.3799 2.1116 0.2980 0.7548 
5.3301 -0.3799 2.1173 0.3046 0.7088 
5.3101 -0.3899 2.1126 0.2375 0.6296 
5.3301 -0.3799 2.1173 0.3046 0.7088 
5.2801 -0.3799 2.1208 0.2963 0.5029 
5.3101 -0.3899 2.1126 0.2375 0.6296 
5.3401 -0.3799 2.1116 0.2980 0.7548 
5.3101 -0.3899 2.1126 0.2375 0.6296 
5.3201 -0.4099 2.1118 0.1381 0.6740 
5.3701 -0.4199 2.1082 0.1001 0.8854 
5.3501 -0.4199 2.1132 0.1046 0.7972 
5.3601 -0.4299 2.1119 0.0762 0.8398 
5.3601 -0.4299 2.1119 0.0762 0.8398 
5.3501 -0.4199 2.1132 0.1046 0.7972 
5.3501 -0.4299 2.1201 0.0827 0.7912 
5.3901 -0.4199 2.1096 0.1064 0.9668 
5.3901 -0.3899 2.1114 0.2575 0.9656 
5.3801 -0.3999 2.1108 0.2008 0.9241 
5.3901 -0.4199 2.1096 0.1064 0.9668 
5.3801 -0.3999 2.1108 0.2008 0.9241 
5.3701 -0.4199 2.1082 0.1001 0.8854 
5.3901 -0.4199 2.1096 0.1064 0.9668 
5.3701 -0.4199 2.1082 0.1001 0.8854 
5.3601 -0.4299 2.1119 0.0762 0.8398 
5.3401 -0.3799 2.1116 0.2980 0.7548 
5.3201 -0.4099 2.1118 0.1381 0.6740 
5.3501 -0.4199 2.1132 0.1046 0.7972 
5.3501 -0.4199 2.1132 0.1046 0.7972 
5.3201 -0.4099 2.1118 0.1381 0.6740 
5.3201 -0.4299 2.1196 0.0789 0.6720 
5.3201 -0.4299 2.1196 0.0789 0.6720 
5.2901 -0.4099 2.1128 0.1329 0.5502 
5.3001 -0.4299 2.1156 0.0746 0.5936 
5.3201 -0.4099 2.1118 0.1381 0.6740 
5.2901 -0.4099 2.1128 0.1329 0.5502 
5.3201 -0.4299 2.1196 0.0789 0.6720 
5.3501 -0.4299 2.1201 0.0827 0.7912 
5.3501 -0.4199 2.1132 0.1046 0.7972 
5.3201 -0.4299 2.1196 0.0789 0.6720 
5.2901 -0.2899 2.1052 0.8129 0.5270 
5.2801 -0.2899 2.1097 0.8096 0.4821 
5.2801 -0.3099 2.1098 0.6855 0.4869 
5.2801 -0.3099 2.1098 0.6855 0.4869 
5.2801 -0.2899 2.1097 0.8096 0.4821 
5.2701 -0.2899 2.1101 0.8064 0.4379 
5.2701 -0.2899 2.1101 0.8064 0.4379 
5.2601 -0.2999 2.1107 0.7410 0.3968 
5.2801 -0.3099 2.1098 0.6855 0.4869 
5.2601 -0.2999 2.1107 0.7410 0.3968 
5.2401 -0.2999 2.1101 0.7344 0.3091 
5.2801 -0.3099 2.1098 0.6855 0.4869 
5.2801 -0.3099 2.1098 0.6855 0.4869 
5.2501 -0.3299 2.1182 0.5625 0.3660 
5.2801 -0.3199 2.1189 0.6303 0.4897 
5.2801 -0.3199 2.1189 0.6303 0.4897 
5.2801 -0.3399 2.1198 0.5155 0.4942 
5.3001 -0.3245 2.1101 0.6034 0.5774 
5.2801 -0.3399 2.1198 0.5155 0.4942 
5.2801 -0.3199 2.1189 0.6303 0.4897 
5.2701 -0.3299 2.1175 0.5680 0.4497 
5.2801 -0.3199 2.1189 0.6303 0.4897 
5.2501 -0.3299 2.1182 0.5625 0.3660 
5.2701 -0.3299 2.1175 0.5680 0.4497 
5.3101 -0.3499 2.1110 0.4575 0.6245 
5.2801 -0.3399 2.1198 0.5155 0.4942 
5.2701 -0.3499 2.1115 0.4462 0.4537 
5.2801 -0.3399 2.1198 0.5155 0.4942 
5.2701 -0.3299 2.1175 0.5680 0.4497 
5.2701 -0.3499 2.1115 0.4462 0.4537 
5.2701 -0.3499 2.1115 0.4462 0.4537 
5.2701 -0.3299 2.1175 0.5680 0.4497 
5.2401 -0.3399 2.1109 0.4944 0.3230 
5.2801 -0.3099 2.1098 0.6855 0.4869 
5.2801 -0.3199 2.1189 0.6303 0.4897 
5.3001 -0.3245 2.1101 0.6034 0.5774 
5.2201 -0.2999 2.1088 0.7276 0.2212 
5.2801 -0.3099 2.1098 0.6855 0.4869 
5.2401 -0.2999 2.1101 0.7344 0.3091 
5.2501 -0.3299 2.1182 0.5625 0.3660 
5.2201 -0.2999 2.1088 0.7276 0.2212 
5.2301 -0.3299 2.1143 0.5532 0.2797 
5.2801 -0.3099 2.1098 0.6855 0.4869 
5.2201 -0.2999 2.1088 0.7276 0.2212 
5.2501 -0.3299 2.1182 0.5625 0.3660 
5.2301 -0.3299 2.1143 0.5532 0.2797 
5.2201 -0.2999 2.1088 0.7276 0.2212 
5.1901 -0.3199 2.1099 0.5966 0.1069 
5.2301 -0.3299 2.1143 0.5532 0.2797 
5.1901 -0.3199 2.1099 0.5966 0.1069 
5.2101 -0.3299 2.1168 0.5493 0.1989 
5.2701 -0.3299 2.1175 0.5680 0.4497 
5.2501 -0.3299 2.1182 0.5625 0.3660 
5.2401 -0.3399 2.1109 0.4944 0.3230 
5.2501 -0.3299 2.1182 0.5625 0.3660 
5.2301 -0.3299 2.1143 0.5532 0.2797 
5.2401 -0.3399 2.1109 0.4944 0.3230 
5.2301 -0.3299 2.1143 0.5532 0.2797 
5.2101 -0.3299 2.1168 0.5493 0.1989 
5.2401 -0.3399 2.1109 0.4944 0.3230 
5.2401 -0.3399 2.1109 0.4944 0.3230 
5.2101 -0.3299 2.1168 0.5493 0.1989 
5.2101 -0.3499 2.1131 0.4304 0.2030 
5.2801 -0.3699 2.1127 0.3377 0.5007 
5.2401 -0.3399 2.1109 0.4944 0.3230 
5.2101 -0.3499 2.1131 0.4304 0.2030 
5.2201 -0.2999 2.1088 0.7276 0.2212 
5.2001 -0.2799 2.1095 0.8466 0.1290 
5.1901 -0.3199 2.1099 0.5966 0.1069 
5.2701 -0.3499 2.1115 0.4462 0.4537 
5.2401 -0.3399 2.1109 0.4944 0.3230 
5.2801 -0.3699 2.1127 0.3377 0.5007 
5.2701 -0.3799 2.1124 0.2795 0.4612 
5.2801 -0.3699 2.1127 0.3377 0.5007 
5.2401 -0.3699 2.1112 0.3238 0.3328 
5.2801 -0.3799 2.1208 0.2963 0.5029 
5.2801 -0.3699 2.1127 0.3377 0.5007 
5.2701 -0.3799 2.1124 0.2795 0.4612 
5.2701 -0.3799 2.1124 0.2795 0.4612 
5.2401 -0.3699 2.1112 0.3238 0.3328 
5.2401 -0.3999 2.1179 0.1777 0.3456 
5.3101 -0.3899 2.1126 0.2375 0.6296 
5.2801 -0.3799 2.1208 0.2963 0.5029 
5.2801 -0.3899 2.1122 0.2285 0.5050 
5.2801 -0.3899 2.1122 0.2285 0.5050 
5.2701 -0.3799 2.1124 0.2795 0.4612 
5.2801 -0.3999 2.1186 0.1892 0.5071 
5.2801 -0.3799 2.1208 0.2963 0.5029 
5.2701 -0.3799 2.1124 0.2795 0.4612 
5.2801 -0.3899 2.1122 0.2285 0.5050 
5.3101 -0.3899 2.1126 0.2375 0.6296 
5.2801 -0.3899 2.1122 0.2285 0.5050 
5.3201 -0.4099 2.1118 0.1381 0.6740 
5.2801 -0.3999 2.1186 0.1892 0.5071 
5.2701 -0.3799 2.1124 0.2795 0.4612 
5.2401 -0.3999 2.1179 0.1777 0.3456 
5.2801 -0.3699 2.1127 0.3377 0.5007 
5.2101 -0.3499 2.1131 0.4304 0.2030 
5.2401 -0.3699 2.1112 0.3238 0.3328 
5.2401 -0.3699 2.1112 0.3238 0.3328 
5.2101 -0.3499 2.1131 0.4304 0.2030 
5.2301 -0.3799 2.1101 0.2643 0.2938 
5.2301 -0.3799 2.1101 0.2643 0.2938 
5.2101 -0.3499 2.1131 0.4304 0.2030 
5.2101 -0.3599 2.1183 0.3813 0.2117 
5.2101 -0.3599 2.1183 0.3813 0.2117 
5.2101 -0.3499 2.1131 0.4304 0.2030 
5.2001 -0.3799 2.1121 0.2594 0.1732 
5.2101 -0.3599 2.1183 0.3813 0.2117 
5.2001 -0.3799 2.1121 0.2594 0.1732 
5.2301 -0.3799 2.1101 0.2643 0.2938 
5.2401 -0.3699 2.1112 0.3238 0.3328 
5.2301 -0.3799 2.1101 0.2643 0.2938 
5.2401 -0.3999 2.1179 0.1777 0.3456 
5.2301 -0.3799 2.1101 0.2643 0.2938 
5.2001 -0.3799 2.1121 0.2594 0.1732 
5.2101 -0.3799 2.1138 0.2653 0.2150 
5.2401 -0.3999 2.1179 0.1777 0.3456 
5.2301 -0.3799 2.1101 0.2643 0.2938 
5.2101 -0.3799 2.1138 0.2653 0.2150 
5.2401 -0.3999 2.1179 0.1777 0.3456 
5.2101 -0.3799 2.1138 0.2653 0.2150 
5.2201 -0.4099 2.1143 0.1197 0.2663 
5.2201 -0.4099 2.1143 0.1197 0.2663 
5.2101 -0.3799 2.1138 0.2653 0.2150 
5.2001 -0.3999 2.1167 0.1653 0.1856 
5.2101 -0.3799 2.1138 0.2653 0.2150 
5.2001 -0.3799 2.1121 0.2594 0.1732 
5.2001 -0.3999 2.1167 0.1653 0.1856 
5.1801 -0.2999 2.1088 0.7147 0.0647 
5.1901 -0.3199 2.1099 0.5966 0.1069 
5.2001 -0.2799 2.1095 0.8466 0.1290 
5.2101 -0.3499 2.1131 0.4304 0.2030 
5.1901 -0.3199 2.1099 0.5966 0.1069 
5.1801 -0.3399 2.1127 0.4784 0.0826 
5.2101 -0.3299 2.1168 0.5493 0.1989 
5.1901 -0.3199 2.1099 0.5966 0.1069 
5.2101 -0.3499 2.1131 0.4304 0.2030 
5.1901 -0.3199 2.1099 0.5966 0.1069 
5.1801 -0.3299 2.1151 0.5387 0.0815 
5.1801 -0.3399 2.1127 0.4784 0.0826 
5.2101 -0.3499 2.1131 0.4304 0.2030 
5.1801 -0.3399 2.1127 0.4784 0.0826 
5.1901 -0.3599 2.1186 0.3759 0.1334 
5.1901 -0.3599 2.1186 0.3759 0.1334 
5.1801 -0.3399 2.1127 0.4784 0.0826 
5.1901 -0.3699 2.1156 0.3167 0.1340 
5.2101 -0.3499 2.1131 0.4304 0.2030 
5.1901 -0.3599 2.1186 0.3759 0.1334 
5.2001 -0.3799 2.1121 0.2594 0.1732 
5.2001 -0.3799 2.1121 0.2594 0.1732 
5.1901 -0.3599 2.1186 0.3759 0.1334 
5.1901 -0.3699 2.1156 0.3167 0.1340 
5.2001 -0.3799 2.1121 0.2594 0.1732 
5.1901 -0.3699 2.1156 0.3167 0.1340 
5.1801 -0.3799 2.1122 0.2542 0.0972 
5.2001 -0.3799 2.1121 0.2594 0.1732 
5.1801 -0.3799 2.1122 0.2542 0.0972 
5.2001 -0.3999 2.1167 0.1653 0.1856 
5.2001 -0.3999 2.1167 0.1653 0.1856 
5.1801 -0.3799 2.1122 0.2542 0.0972 
5.1801 -0.4099 2.1185 0.1185 0.1159 
5.3201 -0.4099 2.1118 0.1381 0.6740 
5.2801 -0.3899 2.1122 0.2285 0.5050 
5.2901 -0.4099 2.1128 0.1329 0.5502 
5.2801 -0.3899 2.1122 0.2285 0.5050 
5.2801 -0.3999 2.1186 0.1892 0.5071 
5.2901 -0.4099 2.1128 0.1329 0.5502 
5.2901 -0.4099 2.1128 0.1329 0.5502 
5.2801 -0.3999 2.1186 0.1892 0.5071 
5.2601 -0.4099 2.1138 0.1277 0.4277 
5.2801 -0.3999 2.1186 0.1892 0.5071 
5.2401 -0.3999 2.1179 0.1777 0.3456 
5.2601 -0.4099 2.1138 0.1277 0.4277 
5.3001 -0.4299 2.1156 0.0746 0.5936 
5.2901 -0.4099 2.1128 0.1329 0.5502 
5.2701 -0.4199 2.1175 0.0964 0.4711 
5.2901 -0.4099 2.1128 0.1329 0.5502 
5.2601 -0.4099 2.1138 0.1277 0.4277 
5.2701 -0.4199 2.1175 0.0964 0.4711 
5.2701 -0.4199 2.1175 0.0964 0.4711 
5.2601 -0.4099 2.1138 0.1277 0.4277 
5.2601 -0.4299 2.1213 0.0753 0.4344 
5.2601 -0.4299 2.1213 0.0753 0.4344 
5.2601 -0.4099 2.1138 0.1277 0.4277 
5.2501 -0.4299 2.1182 0.0737 0.3940 
5.2401 -0.3999 2.1179 0.1777 0.3456 
5.2201 -0.4099 2.1143 0.1197 0.2663 
5.2601 -0.4099 2.1138 0.1277 0.4277 
5.2201 -0.4099 2.1143 0.1197 0.2663 
5.2001 -0.3999 2.1167 0.1653 0.1856 
5.1901 -0.4199 2.1126 0.0788 0.1504 
5.2601 -0.4099 2.1138 0.1277 0.4277 
5.2201 -0.4099 2.1143 0.1197 0.2663 
5.2501 -0.4299 2.1182 0.0737 0.3940 
5.2001 -0.3999 2.1167 0.1653 0.1856 
5.1801 -0.4099 2.1185 0.1185 0.1159 
5.1901 -0.4199 2.1126 0.0788 0.1504 
5.1801 -0.3799 2.1122 0.2542 0.0972 
5.1601 -0.4099 2.1149 0.1080 0.0555 
5.1801 -0.4099 2.1185 0.1185 0.1159 
