NUMPOLLIES 333.000000 

3.3301 0.5702 1.9001 0.1464 0.9623 
3.3001 0.5693 1.8901 0.1749 0.8936 
3.3201 0.5671 1.9201 0.0938 0.9438 
3.3001 0.5646 1.9001 0.1438 0.8983 
3.2901 0.5704 1.9101 0.1182 0.8709 
3.3201 0.5671 1.9201 0.0938 0.9438 
3.3001 0.5693 1.8901 0.1749 0.8936 
3.3001 0.5646 1.9001 0.1438 0.8983 
3.3201 0.5671 1.9201 0.0938 0.9438 
3.2901 0.5704 1.9101 0.1182 0.8709 
3.2701 0.5674 1.9101 0.1167 0.8269 
3.2801 0.5662 1.9301 0.0769 0.8523 
3.2601 0.5655 1.9001 0.1433 0.8044 
3.2801 0.5662 1.9301 0.0769 0.8523 
3.2701 0.5674 1.9101 0.1167 0.8269 
3.2701 0.5674 1.9101 0.1167 0.8269 
3.3001 0.5646 1.9001 0.1438 0.8983 
3.2601 0.5655 1.9001 0.1433 0.8044 
3.2901 0.5704 1.9101 0.1182 0.8709 
3.3001 0.5646 1.9001 0.1438 0.8983 
3.2701 0.5674 1.9101 0.1167 0.8269 
3.2801 0.5662 1.9301 0.0769 0.8523 
3.2301 0.5680 1.9201 0.0925 0.7335 
3.2401 0.5642 1.9301 0.0762 0.7597 
3.2301 0.5679 1.8801 0.2039 0.7320 
3.2301 0.5680 1.9201 0.0925 0.7335 
3.2801 0.5662 1.9301 0.0769 0.8523 
3.2601 0.5655 1.9001 0.1433 0.8044 
3.2301 0.5679 1.8801 0.2039 0.7320 
3.2801 0.5662 1.9301 0.0769 0.8523 
3.2301 0.5679 1.8801 0.2039 0.7320 
3.2001 0.5659 1.8901 0.1721 0.6630 
3.2301 0.5680 1.9201 0.0925 0.7335 
3.2001 0.5659 1.8901 0.1721 0.6630 
3.2001 0.5677 1.9101 0.1154 0.6628 
3.2301 0.5680 1.9201 0.0925 0.7335 
3.3201 0.5662 1.8901 0.1742 0.9424 
3.3301 0.5702 1.9001 0.1464 0.9623 
3.3401 0.5685 1.8701 0.2366 0.9845 
3.3201 0.5662 1.8901 0.1742 0.9424 
3.3001 0.5693 1.8901 0.1749 0.8936 
3.3301 0.5702 1.9001 0.1464 0.9623 
3.3401 0.5685 1.8701 0.2366 0.9845 
3.3101 0.5668 1.8801 0.2048 0.9182 
3.3201 0.5662 1.8901 0.1742 0.9424 
3.3201 0.5662 1.8901 0.1742 0.9424 
3.3101 0.5668 1.8801 0.2048 0.9182 
3.3001 0.5693 1.8901 0.1749 0.8936 
3.3101 0.5668 1.8801 0.2048 0.9182 
3.2801 0.5646 1.8801 0.2037 0.8506 
3.3001 0.5693 1.8901 0.1749 0.8936 
3.3101 0.5668 1.8801 0.2048 0.9182 
3.3401 0.5685 1.8701 0.2366 0.9845 
3.3201 0.5657 1.8701 0.2358 0.9415 
3.3401 0.5685 1.8701 0.2366 0.9845 
3.3401 0.5673 1.8501 0.2993 0.9841 
3.3301 0.5697 1.8601 0.2680 0.9598 
3.3301 0.5697 1.8601 0.2680 0.9598 
3.3201 0.5657 1.8701 0.2358 0.9415 
3.3401 0.5685 1.8701 0.2366 0.9845 
3.3201 0.5657 1.8701 0.2358 0.9415 
3.2901 0.5664 1.8601 0.2671 0.8712 
3.3101 0.5668 1.8801 0.2048 0.9182 
3.3301 0.5697 1.8601 0.2680 0.9598 
3.2901 0.5664 1.8601 0.2671 0.8712 
3.3201 0.5657 1.8701 0.2358 0.9415 
3.2901 0.5664 1.8601 0.2671 0.8712 
3.3301 0.5697 1.8601 0.2680 0.9598 
3.3001 0.5672 1.8501 0.2991 0.8928 
3.3401 0.5673 1.8501 0.2993 0.9841 
3.3101 0.5695 1.8301 0.3627 0.9124 
3.3301 0.5697 1.8601 0.2680 0.9598 
3.3401 0.5732 1.8201 0.3940 0.9759 
3.3101 0.5695 1.8301 0.3627 0.9124 
3.3401 0.5673 1.8501 0.2993 0.9841 
3.3301 0.5697 1.8601 0.2680 0.9598 
3.2901 0.5707 1.8301 0.3627 0.8659 
3.3001 0.5672 1.8501 0.2991 0.8928 
3.3101 0.5695 1.8301 0.3627 0.9124 
3.2901 0.5707 1.8301 0.3627 0.8659 
3.3301 0.5697 1.8601 0.2680 0.9598 
3.3201 0.5727 1.8001 0.4571 0.9302 
3.3101 0.5695 1.8301 0.3627 0.9124 
3.3401 0.5732 1.8201 0.3940 0.9759 
3.3101 0.5695 1.8301 0.3627 0.9124 
3.3201 0.5727 1.8001 0.4571 0.9302 
3.3001 0.5745 1.7901 0.4883 0.8830 
3.3001 0.5745 1.7901 0.4883 0.8830 
3.2901 0.5707 1.8301 0.3627 0.8659 
3.3101 0.5695 1.8301 0.3627 0.9124 
3.3401 0.5744 1.8001 0.4566 0.9733 
3.3201 0.5727 1.8001 0.4571 0.9302 
3.3401 0.5732 1.8201 0.3940 0.9759 
3.2701 0.5692 1.8901 0.1743 0.8245 
3.2601 0.5655 1.9001 0.1433 0.8044 
3.3001 0.5646 1.9001 0.1438 0.8983 
3.3001 0.5693 1.8901 0.1749 0.8936 
3.2701 0.5692 1.8901 0.1743 0.8245 
3.3001 0.5646 1.9001 0.1438 0.8983 
3.2801 0.5646 1.8801 0.2037 0.8506 
3.2701 0.5692 1.8901 0.1743 0.8245 
3.3001 0.5693 1.8901 0.1749 0.8936 
3.3101 0.5668 1.8801 0.2048 0.9182 
3.2601 0.5667 1.8701 0.2353 0.8021 
3.2801 0.5646 1.8801 0.2037 0.8506 
3.2601 0.5667 1.8701 0.2353 0.8021 
3.2701 0.5692 1.8901 0.1743 0.8245 
3.2801 0.5646 1.8801 0.2037 0.8506 
3.2901 0.5664 1.8601 0.2671 0.8712 
3.2601 0.5667 1.8701 0.2353 0.8021 
3.3101 0.5668 1.8801 0.2048 0.9182 
3.2901 0.5664 1.8601 0.2671 0.8712 
3.2601 0.5671 1.8601 0.2670 0.8013 
3.2601 0.5667 1.8701 0.2353 0.8021 
3.3001 0.5672 1.8501 0.2991 0.8928 
3.2701 0.5703 1.8501 0.2992 0.8217 
3.2901 0.5664 1.8601 0.2671 0.8712 
3.2701 0.5703 1.8501 0.2992 0.8217 
3.2601 0.5671 1.8601 0.2670 0.8013 
3.2901 0.5664 1.8601 0.2671 0.8712 
3.2701 0.5692 1.8901 0.1743 0.8245 
3.2301 0.5679 1.8801 0.2039 0.7320 
3.2601 0.5655 1.9001 0.1433 0.8044 
3.2001 0.5710 1.8701 0.2356 0.6603 
3.2001 0.5659 1.8901 0.1721 0.6630 
3.2301 0.5679 1.8801 0.2039 0.7320 
3.2601 0.5667 1.8701 0.2353 0.8021 
3.2301 0.5679 1.8801 0.2039 0.7320 
3.2701 0.5692 1.8901 0.1743 0.8245 
3.2201 0.5646 1.8601 0.2662 0.7097 
3.2001 0.5710 1.8701 0.2356 0.6603 
3.2301 0.5679 1.8801 0.2039 0.7320 
3.2201 0.5646 1.8601 0.2662 0.7097 
3.2301 0.5679 1.8801 0.2039 0.7320 
3.2601 0.5667 1.8701 0.2353 0.8021 
3.2301 0.5696 1.8501 0.2989 0.7299 
3.2201 0.5646 1.8601 0.2662 0.7097 
3.2601 0.5667 1.8701 0.2353 0.8021 
3.2001 0.5666 1.8501 0.2984 0.6617 
3.2001 0.5710 1.8701 0.2356 0.6603 
3.2201 0.5646 1.8601 0.2662 0.7097 
3.1901 0.5673 1.8601 0.2664 0.6382 
3.2001 0.5710 1.8701 0.2356 0.6603 
3.2001 0.5666 1.8501 0.2984 0.6617 
3.2601 0.5671 1.8601 0.2670 0.8013 
3.2301 0.5696 1.8501 0.2989 0.7299 
3.2601 0.5667 1.8701 0.2353 0.8021 
3.2301 0.5696 1.8501 0.2989 0.7299 
3.2001 0.5666 1.8501 0.2984 0.6617 
3.2201 0.5646 1.8601 0.2662 0.7097 
3.2301 0.5696 1.8501 0.2989 0.7299 
3.2601 0.5671 1.8601 0.2670 0.8013 
3.2701 0.5703 1.8501 0.2992 0.8217 
3.3001 0.5672 1.8501 0.2991 0.8928 
3.2901 0.5707 1.8301 0.3627 0.8659 
3.2701 0.5703 1.8501 0.2992 0.8217 
3.2901 0.5707 1.8301 0.3627 0.8659 
3.2501 0.5688 1.8201 0.3947 0.7753 
3.2701 0.5703 1.8501 0.2992 0.8217 
3.2501 0.5688 1.8201 0.3947 0.7753 
3.2301 0.5696 1.8501 0.2989 0.7299 
3.2701 0.5703 1.8501 0.2992 0.8217 
3.2901 0.5697 1.8101 0.4262 0.8655 
3.2501 0.5688 1.8201 0.3947 0.7753 
3.2901 0.5707 1.8301 0.3627 0.8659 
3.2901 0.5697 1.8101 0.4262 0.8655 
3.2901 0.5707 1.8301 0.3627 0.8659 
3.3001 0.5745 1.7901 0.4883 0.8830 
3.2901 0.5697 1.8101 0.4262 0.8655 
3.2601 0.5694 1.8101 0.4265 0.7974 
3.2501 0.5688 1.8201 0.3947 0.7753 
3.2201 0.5700 1.8301 0.3628 0.7060 
3.2301 0.5696 1.8501 0.2989 0.7299 
3.2501 0.5688 1.8201 0.3947 0.7753 
3.2201 0.5700 1.8301 0.3628 0.7060 
3.2001 0.5666 1.8501 0.2984 0.6617 
3.2301 0.5696 1.8501 0.2989 0.7299 
3.2001 0.5666 1.8501 0.2984 0.6617 
3.2201 0.5700 1.8301 0.3628 0.7060 
3.1901 0.5689 1.8401 0.3307 0.6372 
3.2201 0.5700 1.8301 0.3628 0.7060 
3.2501 0.5688 1.8201 0.3947 0.7753 
3.2401 0.5725 1.8101 0.4262 0.7498 
3.2201 0.5700 1.8301 0.3628 0.7060 
3.2401 0.5725 1.8101 0.4262 0.7498 
3.2001 0.5698 1.8101 0.4268 0.6593 
3.2001 0.5698 1.8101 0.4268 0.6593 
3.1901 0.5689 1.8401 0.3307 0.6372 
3.2201 0.5700 1.8301 0.3628 0.7060 
3.2601 0.5694 1.8101 0.4265 0.7974 
3.2401 0.5725 1.8101 0.4262 0.7498 
3.2501 0.5688 1.8201 0.3947 0.7753 
3.2001 0.5698 1.8101 0.4268 0.6593 
3.2401 0.5725 1.8101 0.4262 0.7498 
3.2201 0.5737 1.8001 0.4579 0.7031 
3.2101 0.5652 1.9301 0.0761 0.6881 
3.1901 0.5642 1.9101 0.1139 0.6405 
3.1701 0.5659 1.9301 0.0759 0.5927 
3.2001 0.5677 1.9101 0.1154 0.6628 
3.1901 0.5642 1.9101 0.1139 0.6405 
3.2101 0.5652 1.9301 0.0761 0.6881 
3.1801 0.5696 1.8801 0.2037 0.6144 
3.1901 0.5642 1.9101 0.1139 0.6405 
3.2001 0.5677 1.9101 0.1154 0.6628 
3.1501 0.5712 1.9001 0.1433 0.5437 
3.1701 0.5659 1.9301 0.0759 0.5927 
3.1901 0.5642 1.9101 0.1139 0.6405 
3.1501 0.5712 1.9001 0.1433 0.5437 
3.1501 0.5663 1.9101 0.1139 0.5448 
3.1701 0.5659 1.9301 0.0759 0.5927 
3.0901 0.5697 1.9301 0.0758 0.4011 
3.1101 0.5680 1.9201 0.0905 0.4491 
3.1001 0.5636 1.9101 0.1119 0.4251 
3.1201 0.5683 1.9001 0.1417 0.4730 
3.1301 0.5675 1.9301 0.0758 0.4969 
3.1501 0.5663 1.9101 0.1139 0.5448 
3.1201 0.5683 1.9001 0.1417 0.4730 
3.1101 0.5708 1.9101 0.1148 0.4491 
3.1301 0.5675 1.9301 0.0758 0.4969 
3.1101 0.5708 1.9101 0.1148 0.4491 
3.1101 0.5680 1.9201 0.0905 0.4491 
3.1301 0.5675 1.9301 0.0758 0.4969 
3.1101 0.5708 1.9101 0.1148 0.4491 
3.1001 0.5636 1.9101 0.1119 0.4251 
3.1101 0.5680 1.9201 0.0905 0.4491 
3.1101 0.5708 1.9101 0.1148 0.4491 
3.1201 0.5683 1.9001 0.1417 0.4730 
3.1001 0.5636 1.9101 0.1119 0.4251 
3.0901 0.5697 1.9301 0.0758 0.4011 
3.1001 0.5636 1.9101 0.1119 0.4251 
3.0801 0.5674 1.9101 0.1129 0.3773 
3.0801 0.5674 1.9101 0.1129 0.3773 
3.0501 0.5624 1.9101 0.1104 0.3040 
3.0501 0.5590 1.9301 0.0742 0.3025 
3.0901 0.5691 1.9001 0.1414 0.4016 
3.0801 0.5674 1.9101 0.1129 0.3773 
3.1001 0.5636 1.9101 0.1119 0.4251 
3.0901 0.5691 1.9001 0.1414 0.4016 
3.0701 0.5674 1.8901 0.1703 0.3538 
3.0801 0.5674 1.9101 0.1129 0.3773 
3.0701 0.5674 1.8901 0.1703 0.3538 
3.0501 0.5624 1.9101 0.1104 0.3040 
3.0801 0.5674 1.9101 0.1129 0.3773 
3.0301 0.5637 1.9201 0.0877 0.2557 
3.0501 0.5590 1.9301 0.0742 0.3025 
3.0501 0.5624 1.9101 0.1104 0.3040 
3.0301 0.5637 1.9201 0.0877 0.2557 
2.9989 0.5601 1.9101 0.1085 0.1796 
3.0101 0.5605 1.9201 0.0864 0.2061 
3.0101 0.5612 1.8901 0.1672 0.2079 
3.0301 0.5637 1.9201 0.0877 0.2557 
3.0501 0.5624 1.9101 0.1104 0.3040 
3.0101 0.5612 1.8901 0.1672 0.2079 
3.0001 0.5601 1.9001 0.1363 0.1830 
2.9989 0.5601 1.9101 0.1085 0.1796 
3.0301 0.5637 1.9201 0.0877 0.2557 
3.0101 0.5612 1.8901 0.1672 0.2079 
2.9989 0.5601 1.9101 0.1085 0.1796 
3.1501 0.5694 1.8701 0.2346 0.5438 
3.1501 0.5712 1.9001 0.1433 0.5437 
3.1701 0.5681 1.8901 0.1723 0.5915 
3.2001 0.5659 1.8901 0.1721 0.6630 
3.1801 0.5696 1.8801 0.2037 0.6144 
3.2001 0.5677 1.9101 0.1154 0.6628 
3.1801 0.5696 1.8801 0.2037 0.6144 
3.1701 0.5681 1.8901 0.1723 0.5915 
3.1901 0.5642 1.9101 0.1139 0.6405 
3.1901 0.5642 1.9101 0.1139 0.6405 
3.1701 0.5681 1.8901 0.1723 0.5915 
3.1501 0.5712 1.9001 0.1433 0.5437 
3.2001 0.5659 1.8901 0.1721 0.6630 
3.2001 0.5710 1.8701 0.2356 0.6603 
3.1801 0.5696 1.8801 0.2037 0.6144 
3.1701 0.5681 1.8901 0.1723 0.5915 
3.1801 0.5696 1.8801 0.2037 0.6144 
3.1601 0.5687 1.8701 0.2346 0.5675 
3.1601 0.5687 1.8701 0.2346 0.5675 
3.1501 0.5694 1.8701 0.2346 0.5438 
3.1701 0.5681 1.8901 0.1723 0.5915 
3.1601 0.5687 1.8701 0.2346 0.5675 
3.1801 0.5696 1.8801 0.2037 0.6144 
3.2001 0.5710 1.8701 0.2356 0.6603 
3.1801 0.5694 1.8501 0.2986 0.6139 
3.1601 0.5687 1.8701 0.2346 0.5675 
3.2001 0.5710 1.8701 0.2356 0.6603 
3.1801 0.5694 1.8501 0.2986 0.6139 
3.2001 0.5710 1.8701 0.2356 0.6603 
3.1901 0.5673 1.8601 0.2664 0.6382 
3.1901 0.5701 1.8501 0.2988 0.6369 
3.1901 0.5701 1.8501 0.2988 0.6369 
3.1901 0.5701 1.8501 0.2988 0.6369 
3.1901 0.5701 1.8501 0.2988 0.6369 
3.1901 0.5701 1.8501 0.2988 0.6369 
3.1901 0.5701 1.8501 0.2988 0.6369 
3.1901 0.5701 1.8501 0.2988 0.6369 
3.1901 0.5673 1.8601 0.2664 0.6382 
3.2001 0.5666 1.8501 0.2984 0.6617 
3.1901 0.5701 1.8501 0.2988 0.6369 
3.1901 0.5701 1.8501 0.2988 0.6369 
3.1901 0.5673 1.8601 0.2664 0.6382 
3.1901 0.5701 1.8501 0.2988 0.6369 
3.1801 0.5694 1.8501 0.2986 0.6139 
3.1901 0.5673 1.8601 0.2664 0.6382 
3.1901 0.5701 1.8501 0.2988 0.6369 
3.1901 0.5701 1.8501 0.2988 0.6369 
3.1801 0.5694 1.8501 0.2986 0.6139 
3.1601 0.5687 1.8701 0.2346 0.5675 
3.1801 0.5694 1.8501 0.2986 0.6139 
3.1501 0.5701 1.8408 0.3285 0.5435 
3.1601 0.5687 1.8701 0.2346 0.5675 
3.1501 0.5701 1.8408 0.3285 0.5435 
3.1501 0.5694 1.8701 0.2346 0.5438 
3.1501 0.5663 1.9101 0.1139 0.5448 
3.1501 0.5712 1.9001 0.1433 0.5437 
3.1501 0.5694 1.8701 0.2346 0.5438 
3.1101 0.5712 1.8901 0.1723 0.4493 
3.1201 0.5683 1.9001 0.1417 0.4730 
3.1501 0.5663 1.9101 0.1139 0.5448 
3.1201 0.5683 1.9001 0.1417 0.4730 
3.1101 0.5712 1.8901 0.1723 0.4493 
3.1001 0.5636 1.9101 0.1119 0.4251 
3.1101 0.5712 1.8901 0.1723 0.4493 
3.1501 0.5694 1.8701 0.2346 0.5438 
3.1401 0.5716 1.8701 0.2350 0.5200 
3.1501 0.5694 1.8701 0.2346 0.5438 
3.1101 0.5712 1.8901 0.1723 0.4493 
3.1501 0.5663 1.9101 0.1139 0.5448 
3.1401 0.5716 1.8701 0.2350 0.5200 
3.1501 0.5694 1.8701 0.2346 0.5438 
3.1401 0.5701 1.8601 0.2665 0.5202 
3.1401 0.5701 1.8601 0.2665 0.5202 
3.1201 0.5716 1.8501 0.2985 0.4731 
3.1401 0.5716 1.8701 0.2350 0.5200 
3.1401 0.5701 1.8601 0.2665 0.5202 
3.1401 0.5716 1.8701 0.2350 0.5200 
3.1401 0.5701 1.8601 0.2665 0.5202 
3.1401 0.5716 1.8701 0.2350 0.5200 
3.1047 0.5701 1.8601 0.2662 0.4368 
3.1101 0.5712 1.8901 0.1723 0.4493 
3.1401 0.5701 1.8601 0.2665 0.5202 
3.1501 0.5694 1.8701 0.2346 0.5438 
3.1401 0.5701 1.8601 0.2665 0.5202 
3.1401 0.5701 1.8601 0.2665 0.5202 
3.1401 0.5701 1.8601 0.2665 0.5202 
3.1401 0.5701 1.8601 0.2665 0.5202 
3.1401 0.5701 1.8601 0.2665 0.5202 
3.1327 0.5701 1.8501 0.2984 0.5029 
3.1201 0.5716 1.8501 0.2985 0.4731 
3.1047 0.5701 1.8601 0.2662 0.4368 
3.1401 0.5716 1.8701 0.2350 0.5200 
3.1201 0.5716 1.8501 0.2985 0.4731 
3.1101 0.5701 1.8501 0.2983 0.4496 
3.1047 0.5701 1.8601 0.2662 0.4368 
3.1201 0.5716 1.8501 0.2985 0.4731 
3.1101 0.5701 1.8501 0.2983 0.4496 
3.1201 0.5716 1.8501 0.2985 0.4731 
3.1101 0.5701 1.8501 0.2983 0.4496 
3.1101 0.5701 1.8501 0.2983 0.4496 
3.1010 0.5701 1.8401 0.3305 0.4282 
3.1047 0.5701 1.8601 0.2662 0.4368 
3.1401 0.5686 1.8501 0.2983 0.5204 
3.1401 0.5701 1.8601 0.2665 0.5202 
3.1501 0.5694 1.8701 0.2346 0.5438 
3.1501 0.5701 1.8408 0.3285 0.5435 
3.1401 0.5686 1.8501 0.2983 0.5204 
3.1501 0.5694 1.8701 0.2346 0.5438 
3.1401 0.5686 1.8501 0.2983 0.5204 
3.1327 0.5701 1.8501 0.2984 0.5029 
3.1401 0.5701 1.8601 0.2665 0.5202 
3.1327 0.5701 1.8501 0.2984 0.5029 
3.1401 0.5701 1.8601 0.2665 0.5202 
3.1401 0.5701 1.8601 0.2665 0.5202 
3.1101 0.5701 1.8501 0.2983 0.4496 
3.1101 0.5701 1.8501 0.2983 0.4496 
3.1101 0.5701 1.8501 0.2983 0.4496 
3.1047 0.5701 1.8601 0.2662 0.4368 
3.1101 0.5701 1.8501 0.2983 0.4496 
3.1101 0.5701 1.8501 0.2983 0.4496 
3.1901 0.5701 1.8501 0.2988 0.6369 
3.1901 0.5701 1.8501 0.2988 0.6369 
3.1901 0.5701 1.8501 0.2988 0.6369 
3.1901 0.5701 1.8501 0.2988 0.6369 
3.1901 0.5701 1.8501 0.2988 0.6369 
3.1901 0.5701 1.8501 0.2988 0.6369 
3.1901 0.5701 1.8501 0.2988 0.6369 
3.2001 0.5666 1.8501 0.2984 0.6617 
3.1901 0.5689 1.8401 0.3307 0.6372 
3.1901 0.5701 1.8501 0.2988 0.6369 
3.1901 0.5701 1.8501 0.2988 0.6369 
3.2001 0.5666 1.8501 0.2984 0.6617 
3.1901 0.5701 1.8501 0.2988 0.6369 
3.1901 0.5689 1.8401 0.3307 0.6372 
3.1801 0.5694 1.8501 0.2986 0.6139 
3.1901 0.5701 1.8501 0.2988 0.6369 
3.1901 0.5701 1.8501 0.2988 0.6369 
3.1901 0.5689 1.8401 0.3307 0.6372 
3.1901 0.5689 1.8401 0.3307 0.6372 
3.1501 0.5701 1.8408 0.3285 0.5435 
3.1801 0.5694 1.8501 0.2986 0.6139 
3.2001 0.5698 1.8101 0.4268 0.6593 
3.1901 0.5705 1.8101 0.4268 0.6359 
3.1901 0.5689 1.8401 0.3307 0.6372 
3.1901 0.5705 1.8101 0.4268 0.6359 
3.1801 0.5749 1.8201 0.3945 0.6116 
3.1901 0.5689 1.8401 0.3307 0.6372 
3.1601 0.5692 1.8201 0.3950 0.5669 
3.1501 0.5701 1.8408 0.3285 0.5435 
3.1901 0.5689 1.8401 0.3307 0.6372 
3.1801 0.5749 1.8201 0.3945 0.6116 
3.1601 0.5692 1.8201 0.3950 0.5669 
3.1901 0.5689 1.8401 0.3307 0.6372 
3.1501 0.5712 1.8301 0.3628 0.5432 
3.1501 0.5701 1.8408 0.3285 0.5435 
3.1601 0.5692 1.8201 0.3950 0.5669 
3.1601 0.5731 1.8001 0.4586 0.5657 
3.1601 0.5692 1.8201 0.3950 0.5669 
3.1801 0.5749 1.8201 0.3945 0.6116 
3.1901 0.5705 1.8101 0.4268 0.6359 
3.1601 0.5731 1.8001 0.4586 0.5657 
3.1801 0.5749 1.8201 0.3945 0.6116 
3.1501 0.5701 1.8179 0.4020 0.5434 
3.1601 0.5692 1.8201 0.3950 0.5669 
3.1601 0.5731 1.8001 0.4586 0.5657 
3.1501 0.5701 1.8179 0.4020 0.5434 
3.1601 0.5731 1.8001 0.4586 0.5657 
3.1501 0.5721 1.7901 0.4909 0.5428 
3.1327 0.5701 1.8501 0.2984 0.5029 
3.1401 0.5701 1.8401 0.3306 0.5201 
3.1301 0.5710 1.8401 0.3306 0.4966 
3.1301 0.5710 1.8401 0.3306 0.4966 
3.1201 0.5716 1.8501 0.2985 0.4731 
3.1327 0.5701 1.8501 0.2984 0.5029 
3.1101 0.5701 1.8501 0.2983 0.4496 
3.1201 0.5716 1.8501 0.2985 0.4731 
3.1101 0.5720 1.8401 0.3306 0.4497 
3.1101 0.5701 1.8501 0.2983 0.4496 
3.1101 0.5720 1.8401 0.3306 0.4497 
3.1101 0.5701 1.8501 0.2983 0.4496 
3.1101 0.5701 1.8501 0.2983 0.4496 
3.1101 0.5720 1.8401 0.3306 0.4497 
3.1010 0.5701 1.8401 0.3305 0.4282 
3.1501 0.5701 1.8408 0.3285 0.5435 
3.1401 0.5701 1.8401 0.3306 0.5201 
3.1401 0.5686 1.8501 0.2983 0.5204 
3.1501 0.5701 1.8408 0.3285 0.5435 
3.1401 0.5701 1.8401 0.3306 0.5201 
3.1401 0.5701 1.8401 0.3306 0.5201 
3.1401 0.5701 1.8401 0.3306 0.5201 
3.1401 0.5701 1.8401 0.3306 0.5201 
3.1401 0.5686 1.8501 0.2983 0.5204 
3.1401 0.5701 1.8401 0.3306 0.5201 
3.1327 0.5701 1.8501 0.2984 0.5029 
3.1401 0.5686 1.8501 0.2983 0.5204 
3.1101 0.5701 1.8501 0.2983 0.4496 
3.1101 0.5701 1.8501 0.2983 0.4496 
3.1101 0.5701 1.8501 0.2983 0.4496 
3.1101 0.5701 1.8501 0.2983 0.4496 
3.1010 0.5701 1.8401 0.3305 0.4282 
3.1101 0.5701 1.8501 0.2983 0.4496 
3.1501 0.5701 1.8408 0.3285 0.5435 
3.1501 0.5712 1.8301 0.3628 0.5432 
3.1401 0.5716 1.8301 0.3628 0.5199 
3.1401 0.5701 1.8401 0.3306 0.5201 
3.1501 0.5701 1.8408 0.3285 0.5435 
3.1401 0.5716 1.8301 0.3628 0.5199 
3.1401 0.5701 1.8401 0.3306 0.5201 
3.1401 0.5716 1.8301 0.3628 0.5199 
3.1401 0.5701 1.8401 0.3306 0.5201 
3.1401 0.5701 1.8401 0.3306 0.5201 
3.1401 0.5716 1.8301 0.3628 0.5199 
3.1301 0.5710 1.8401 0.3306 0.4966 
3.1401 0.5701 1.8401 0.3306 0.5201 
3.1301 0.5710 1.8401 0.3306 0.4966 
3.1401 0.5701 1.8401 0.3306 0.5201 
3.1401 0.5716 1.8301 0.3628 0.5199 
3.1201 0.5716 1.8501 0.2985 0.4731 
3.1301 0.5710 1.8401 0.3306 0.4966 
3.1001 0.5736 1.8201 0.3949 0.4265 
3.1101 0.5720 1.8401 0.3306 0.4497 
3.1201 0.5716 1.8501 0.2985 0.4731 
3.1010 0.5701 1.8401 0.3305 0.4282 
3.1101 0.5720 1.8401 0.3306 0.4497 
3.1001 0.5736 1.8201 0.3949 0.4265 
3.1401 0.5701 1.8401 0.3306 0.5201 
3.1401 0.5701 1.8401 0.3306 0.5201 
3.1401 0.5701 1.8401 0.3306 0.5201 
3.1401 0.5701 1.8401 0.3306 0.5201 
3.1401 0.5701 1.8401 0.3306 0.5201 
3.1401 0.5701 1.8401 0.3306 0.5201 
3.1401 0.5701 1.8201 0.3950 0.5201 
3.1401 0.5716 1.8301 0.3628 0.5199 
3.1501 0.5712 1.8301 0.3628 0.5432 
3.1401 0.5701 1.8201 0.3950 0.5201 
3.1401 0.5701 1.8201 0.3950 0.5201 
3.1501 0.5712 1.8301 0.3628 0.5432 
3.1401 0.5701 1.8201 0.3950 0.5201 
3.1501 0.5712 1.8301 0.3628 0.5432 
3.1601 0.5692 1.8201 0.3950 0.5669 
3.1401 0.5701 1.8201 0.3950 0.5201 
3.1201 0.5757 1.8001 0.4585 0.4730 
3.1401 0.5716 1.8301 0.3628 0.5199 
3.1201 0.5757 1.8001 0.4585 0.4730 
3.1201 0.5716 1.8501 0.2985 0.4731 
3.1401 0.5716 1.8301 0.3628 0.5199 
3.1201 0.5757 1.8001 0.4585 0.4730 
3.1001 0.5736 1.8201 0.3949 0.4265 
3.1201 0.5716 1.8501 0.2985 0.4731 
3.1501 0.5701 1.8179 0.4020 0.5434 
3.1401 0.5701 1.8201 0.3950 0.5201 
3.1401 0.5701 1.8201 0.3950 0.5201 
3.1501 0.5701 1.8179 0.4020 0.5434 
3.1201 0.5757 1.8001 0.4585 0.4730 
3.1401 0.5701 1.8201 0.3950 0.5201 
3.1101 0.5682 1.8101 0.4277 0.4500 
3.1001 0.5736 1.8201 0.3949 0.4265 
3.1201 0.5757 1.8001 0.4585 0.4730 
3.1501 0.5701 1.8179 0.4020 0.5434 
3.1401 0.5701 1.8201 0.3950 0.5201 
3.1601 0.5692 1.8201 0.3950 0.5669 
3.1501 0.5721 1.7901 0.4909 0.5428 
3.1301 0.5730 1.7901 0.4909 0.4964 
3.1501 0.5701 1.8179 0.4020 0.5434 
3.1301 0.5730 1.7901 0.4909 0.4964 
3.1201 0.5757 1.8001 0.4585 0.4730 
3.1501 0.5701 1.8179 0.4020 0.5434 
3.1101 0.5682 1.8101 0.4277 0.4500 
3.1201 0.5757 1.8001 0.4585 0.4730 
3.1001 0.5759 1.8001 0.4587 0.4268 
3.1101 0.5712 1.8901 0.1723 0.4493 
3.0901 0.5691 1.9001 0.1414 0.4016 
3.1001 0.5636 1.9101 0.1119 0.4251 
3.0801 0.5674 1.8801 0.2016 0.3779 
3.0701 0.5674 1.8901 0.1703 0.3538 
3.0901 0.5691 1.9001 0.1414 0.4016 
3.0801 0.5674 1.8801 0.2016 0.3779 
3.0901 0.5691 1.9001 0.1414 0.4016 
3.1101 0.5712 1.8901 0.1723 0.4493 
3.1047 0.5701 1.8601 0.2662 0.4368 
3.0801 0.5674 1.8801 0.2016 0.3779 
3.1101 0.5712 1.8901 0.1723 0.4493 
3.1047 0.5701 1.8601 0.2662 0.4368 
3.0701 0.5670 1.8601 0.2653 0.3545 
3.0801 0.5674 1.8801 0.2016 0.3779 
3.0701 0.5670 1.8601 0.2653 0.3545 
3.0701 0.5674 1.8901 0.1703 0.3538 
3.0801 0.5674 1.8801 0.2016 0.3779 
3.0401 0.5658 1.8701 0.2325 0.2823 
3.0501 0.5624 1.9101 0.1104 0.3040 
3.0701 0.5674 1.8901 0.1703 0.3538 
3.0701 0.5670 1.8601 0.2653 0.3545 
3.0401 0.5658 1.8701 0.2325 0.2823 
3.0701 0.5674 1.8901 0.1703 0.3538 
3.0601 0.5670 1.8401 0.3303 0.3313 
3.0701 0.5670 1.8601 0.2653 0.3545 
3.1047 0.5701 1.8601 0.2662 0.4368 
3.0601 0.5670 1.8401 0.3303 0.3313 
3.0401 0.5658 1.8701 0.2325 0.2823 
3.0701 0.5670 1.8601 0.2653 0.3545 
3.0301 0.5621 1.8801 0.1993 0.2568 
3.0101 0.5612 1.8901 0.1672 0.2079 
3.0501 0.5624 1.9101 0.1104 0.3040 
3.0001 0.5601 1.9001 0.1363 0.1830 
3.0001 0.5601 1.9001 0.1363 0.1830 
3.0101 0.5612 1.8901 0.1672 0.2079 
3.0001 0.5601 1.9001 0.1363 0.1830 
3.0101 0.5612 1.8901 0.1672 0.2079 
3.0001 0.5594 1.8901 0.1664 0.1832 
3.0101 0.5612 1.8901 0.1672 0.2079 
3.0301 0.5621 1.8801 0.1993 0.2568 
3.0001 0.5594 1.8901 0.1664 0.1832 
3.0401 0.5658 1.8701 0.2325 0.2823 
3.0301 0.5621 1.8801 0.1993 0.2568 
3.0501 0.5624 1.9101 0.1104 0.3040 
3.0101 0.5644 1.8701 0.2318 0.2103 
3.0001 0.5594 1.8901 0.1664 0.1832 
3.0301 0.5621 1.8801 0.1993 0.2568 
3.0301 0.5621 1.8801 0.1993 0.2568 
2.9701 0.5610 1.8401 0.3298 0.1174 
3.0101 0.5644 1.8701 0.2318 0.2103 
3.0001 0.5638 1.8301 0.3630 0.1884 
3.0301 0.5621 1.8801 0.1993 0.2568 
3.0401 0.5658 1.8701 0.2325 0.2823 
3.1001 0.5736 1.8201 0.3949 0.4265 
3.0813 0.5701 1.8201 0.3952 0.3822 
3.1010 0.5701 1.8401 0.3305 0.4282 
3.1010 0.5701 1.8401 0.3305 0.4282 
3.0813 0.5701 1.8201 0.3952 0.3822 
3.1047 0.5701 1.8601 0.2662 0.4368 
3.0813 0.5701 1.8201 0.3952 0.3822 
3.0601 0.5675 1.8301 0.3629 0.3316 
3.1047 0.5701 1.8601 0.2662 0.4368 
3.0601 0.5675 1.8301 0.3629 0.3316 
3.0601 0.5670 1.8401 0.3303 0.3313 
3.1047 0.5701 1.8601 0.2662 0.4368 
3.0601 0.5675 1.8301 0.3629 0.3316 
3.0401 0.5687 1.8201 0.3955 0.2850 
3.0601 0.5670 1.8401 0.3303 0.3313 
3.0801 0.5701 1.8101 0.4276 0.3797 
3.0813 0.5701 1.8201 0.3952 0.3822 
3.1001 0.5736 1.8201 0.3949 0.4265 
3.0801 0.5701 1.8101 0.4276 0.3797 
3.1001 0.5736 1.8201 0.3949 0.4265 
3.1101 0.5682 1.8101 0.4277 0.4500 
3.0813 0.5701 1.8201 0.3952 0.3822 
3.0801 0.5701 1.8101 0.4276 0.3797 
3.0801 0.5701 1.8101 0.4276 0.3797 
3.0801 0.5701 1.8101 0.4276 0.3797 
3.0701 0.5695 1.8001 0.4602 0.3564 
3.0813 0.5701 1.8201 0.3952 0.3822 
3.0601 0.5675 1.8301 0.3629 0.3316 
3.0813 0.5701 1.8201 0.3952 0.3822 
3.0701 0.5695 1.8001 0.4602 0.3564 
3.0601 0.5675 1.8301 0.3629 0.3316 
3.0701 0.5695 1.8001 0.4602 0.3564 
3.0501 0.5676 1.8001 0.4608 0.3090 
3.1101 0.5682 1.8101 0.4277 0.4500 
3.1001 0.5759 1.8001 0.4587 0.4268 
3.0801 0.5701 1.8101 0.4276 0.3797 
3.0801 0.5701 1.8101 0.4276 0.3797 
3.1001 0.5759 1.8001 0.4587 0.4268 
3.0801 0.5707 1.8001 0.4599 0.3799 
3.0801 0.5701 1.8101 0.4276 0.3797 
3.0801 0.5707 1.8001 0.4599 0.3799 
3.0801 0.5701 1.8101 0.4276 0.3797 
3.0801 0.5701 1.8101 0.4276 0.3797 
3.0801 0.5701 1.8101 0.4276 0.3797 
3.0801 0.5701 1.8101 0.4276 0.3797 
3.0801 0.5701 1.8101 0.4276 0.3797 
3.0701 0.5695 1.8001 0.4602 0.3564 
3.0801 0.5701 1.8101 0.4276 0.3797 
3.0801 0.5701 1.8101 0.4276 0.3797 
3.0801 0.5707 1.8001 0.4599 0.3799 
3.0701 0.5695 1.8001 0.4602 0.3564 
3.0201 0.5618 1.8401 0.3299 0.2344 
3.0401 0.5658 1.8701 0.2325 0.2823 
3.0601 0.5670 1.8401 0.3303 0.3313 
3.0201 0.5618 1.8401 0.3299 0.2344 
3.0001 0.5638 1.8301 0.3630 0.1884 
3.0401 0.5658 1.8701 0.2325 0.2823 
3.0401 0.5687 1.8201 0.3955 0.2850 
3.0201 0.5618 1.8401 0.3299 0.2344 
3.0601 0.5670 1.8401 0.3303 0.3313 
3.0401 0.5687 1.8201 0.3955 0.2850 
3.0301 0.5670 1.8301 0.3629 0.2605 
3.0201 0.5618 1.8401 0.3299 0.2344 
3.0301 0.5670 1.8301 0.3629 0.2605 
3.0001 0.5638 1.8301 0.3630 0.1884 
3.0201 0.5618 1.8401 0.3299 0.2344 
3.0301 0.5630 1.8101 0.4290 0.2599 
3.0401 0.5687 1.8201 0.3955 0.2850 
3.0601 0.5675 1.8301 0.3629 0.3316 
3.0501 0.5676 1.8001 0.4608 0.3090 
3.0301 0.5630 1.8101 0.4290 0.2599 
3.0601 0.5675 1.8301 0.3629 0.3316 
3.0301 0.5630 1.8101 0.4290 0.2599 
3.0301 0.5670 1.8301 0.3629 0.2605 
3.0401 0.5687 1.8201 0.3955 0.2850 
3.0301 0.5630 1.8101 0.4290 0.2599 
3.0201 0.5650 1.8001 0.4616 0.2374 
3.0301 0.5670 1.8301 0.3629 0.2605 
2.9901 0.5651 1.8101 0.4290 0.1668 
3.0001 0.5638 1.8301 0.3630 0.1884 
3.0301 0.5670 1.8301 0.3629 0.2605 
3.0201 0.5650 1.8001 0.4616 0.2374 
2.9901 0.5651 1.8101 0.4290 0.1668 
3.0301 0.5670 1.8301 0.3629 0.2605 
3.0501 0.5676 1.8001 0.4608 0.3090 
3.0201 0.5650 1.8001 0.4616 0.2374 
3.0301 0.5630 1.8101 0.4290 0.2599 
2.9701 0.5640 1.7801 0.5284 0.1227 
2.9501 0.5675 1.7801 0.5276 0.0832 
2.9701 0.5633 1.8001 0.4625 0.1211 
2.9501 0.5675 1.7801 0.5276 0.0832 
2.9401 0.5620 1.8001 0.4631 0.0629 
2.9701 0.5633 1.8001 0.4625 0.1211 
2.9701 0.5640 1.7801 0.5284 0.1227 
2.9701 0.5633 1.8001 0.4625 0.1211 
2.9901 0.5651 1.8101 0.4290 0.1668 
3.3301 0.5704 1.7801 0.5204 0.9533 
3.3201 0.5727 1.8001 0.4571 0.9302 
3.3401 0.5744 1.8001 0.4566 0.9733 
3.2901 0.5719 1.7801 0.5206 0.8620 
3.3001 0.5745 1.7901 0.4883 0.8830 
3.3201 0.5727 1.8001 0.4571 0.9302 
3.3301 0.5704 1.7801 0.5204 0.9533 
3.2901 0.5719 1.7801 0.5206 0.8620 
3.3201 0.5727 1.8001 0.4571 0.9302 
3.2901 0.5719 1.7801 0.5206 0.8620 
3.2901 0.5697 1.8101 0.4262 0.8655 
3.3001 0.5745 1.7901 0.4883 0.8830 
3.2901 0.5719 1.7801 0.5206 0.8620 
3.2501 0.5712 1.7801 0.5214 0.7720 
3.2601 0.5694 1.8101 0.4265 0.7974 
3.2501 0.5712 1.7801 0.5214 0.7720 
3.2301 0.5732 1.7901 0.4895 0.7258 
3.2601 0.5694 1.8101 0.4265 0.7974 
3.2901 0.5719 1.7801 0.5206 0.8620 
3.2601 0.5694 1.8101 0.4265 0.7974 
3.2901 0.5697 1.8101 0.4262 0.8655 
3.2301 0.5732 1.7901 0.4895 0.7258 
3.2401 0.5725 1.8101 0.4262 0.7498 
3.2601 0.5694 1.8101 0.4265 0.7974 
3.2301 0.5732 1.7901 0.4895 0.7258 
3.2201 0.5737 1.8001 0.4579 0.7031 
3.2401 0.5725 1.8101 0.4262 0.7498 
3.2001 0.5719 1.7901 0.4903 0.6579 
3.2201 0.5737 1.8001 0.4579 0.7031 
3.2301 0.5732 1.7901 0.4895 0.7258 
3.2001 0.5719 1.7901 0.4903 0.6579 
3.2001 0.5698 1.8101 0.4268 0.6593 
3.2201 0.5737 1.8001 0.4579 0.7031 
3.2501 0.5712 1.7801 0.5214 0.7720 
3.2101 0.5714 1.7801 0.5220 0.6808 
3.2301 0.5732 1.7901 0.4895 0.7258 
3.2301 0.5732 1.7901 0.4895 0.7258 
3.2101 0.5714 1.7801 0.5220 0.6808 
3.2001 0.5719 1.7901 0.4903 0.6579 
3.2001 0.5719 1.7901 0.4903 0.6579 
3.1901 0.5705 1.8101 0.4268 0.6359 
3.2001 0.5698 1.8101 0.4268 0.6593 
3.2001 0.5719 1.7901 0.4903 0.6579 
3.1701 0.5738 1.7801 0.5219 0.5883 
3.1901 0.5705 1.8101 0.4268 0.6359 
3.1701 0.5738 1.7801 0.5219 0.5883 
3.1601 0.5731 1.8001 0.4586 0.5657 
3.1901 0.5705 1.8101 0.4268 0.6359 
3.1701 0.5738 1.7801 0.5219 0.5883 
3.1501 0.5721 1.7901 0.4909 0.5428 
3.1601 0.5731 1.8001 0.4586 0.5657 
3.2101 0.5714 1.7801 0.5220 0.6808 
3.1701 0.5738 1.7801 0.5219 0.5883 
3.2001 0.5719 1.7901 0.4903 0.6579 
3.1101 0.5738 1.7801 0.5229 0.4502 
3.1301 0.5730 1.7901 0.4909 0.4964 
3.1501 0.5721 1.7901 0.4909 0.5428 
3.1701 0.5738 1.7801 0.5219 0.5883 
3.1101 0.5738 1.7801 0.5229 0.4502 
3.1501 0.5721 1.7901 0.4909 0.5428 
3.1101 0.5738 1.7801 0.5229 0.4502 
3.1201 0.5757 1.8001 0.4585 0.4730 
3.1301 0.5730 1.7901 0.4909 0.4964 
3.0601 0.5699 1.7801 0.5250 0.3335 
3.1001 0.5759 1.8001 0.4587 0.4268 
3.1201 0.5757 1.8001 0.4585 0.4730 
3.1101 0.5738 1.7801 0.5229 0.4502 
3.0601 0.5699 1.7801 0.5250 0.3335 
3.1201 0.5757 1.8001 0.4585 0.4730 
3.0601 0.5699 1.7801 0.5250 0.3335 
3.0801 0.5707 1.8001 0.4599 0.3799 
3.1001 0.5759 1.8001 0.4587 0.4268 
3.0801 0.5707 1.8001 0.4599 0.3799 
3.0601 0.5699 1.7801 0.5250 0.3335 
3.0701 0.5695 1.8001 0.4602 0.3564 
2.9701 0.5640 1.7801 0.5284 0.1227 
2.9901 0.5651 1.8101 0.4290 0.1668 
3.0201 0.5650 1.8001 0.4616 0.2374 
3.0201 0.5638 1.7801 0.5276 0.2378 
3.0501 0.5676 1.8001 0.4608 0.3090 
3.0701 0.5695 1.8001 0.4602 0.3564 
3.0601 0.5699 1.7801 0.5250 0.3335 
3.0201 0.5638 1.7801 0.5276 0.2378 
3.0701 0.5695 1.8001 0.4602 0.3564 
3.0201 0.5638 1.7801 0.5276 0.2378 
3.0201 0.5650 1.8001 0.4616 0.2374 
3.0501 0.5676 1.8001 0.4608 0.3090 
3.0201 0.5638 1.7801 0.5276 0.2378 
2.9701 0.5640 1.7801 0.5284 0.1227 
3.0201 0.5650 1.8001 0.4616 0.2374 
2.9801 0.5615 1.9301 0.0741 0.1349 
2.9989 0.5601 1.9101 0.1085 0.1796 
2.9901 0.5579 1.9101 0.1075 0.1575 
2.9501 0.5618 1.9101 0.1082 0.0730 
2.9601 0.5586 1.9301 0.0738 0.0891 
2.9801 0.5615 1.9301 0.0741 0.1349 
2.9901 0.5579 1.9101 0.1075 0.1575 
2.9501 0.5618 1.9101 0.1082 0.0730 
2.9801 0.5615 1.9301 0.0741 0.1349 
2.9501 0.5618 1.9101 0.1082 0.0730 
2.9501 0.5601 1.9273 0.0756 0.0712 
2.9601 0.5586 1.9301 0.0738 0.0891 
3.0001 0.5601 1.9001 0.1363 0.1830 
2.9989 0.5601 1.9101 0.1085 0.1796 
3.0001 0.5601 1.9001 0.1363 0.1830 
2.9601 0.5592 1.8901 0.1655 0.0918 
2.9501 0.5618 1.9101 0.1082 0.0730 
2.9901 0.5579 1.9101 0.1075 0.1575 
2.9601 0.5592 1.8901 0.1655 0.0918 
2.9501 0.5601 1.9001 0.1353 0.0726 
2.9501 0.5618 1.9101 0.1082 0.0730 
2.9989 0.5601 1.9101 0.1085 0.1796 
3.0001 0.5601 1.9001 0.1363 0.1830 
2.9901 0.5579 1.9101 0.1075 0.1575 
2.9401 0.5601 1.9201 0.0851 0.0576 
2.9501 0.5601 1.9273 0.0756 0.0712 
2.9401 0.5601 1.9201 0.0851 0.0576 
2.9401 0.5601 1.9201 0.0851 0.0576 
2.9401 0.5601 1.9201 0.0851 0.0576 
2.9401 0.5601 1.9201 0.0851 0.0576 
2.9401 0.5601 1.9201 0.0851 0.0576 
2.9501 0.5601 1.9273 0.0756 0.0712 
2.9501 0.5618 1.9101 0.1082 0.0730 
2.9401 0.5601 1.9201 0.0851 0.0576 
2.9401 0.5601 1.9201 0.0851 0.0576 
2.9501 0.5618 1.9101 0.1082 0.0730 
2.9401 0.5601 1.9201 0.0851 0.0576 
2.9501 0.5618 1.9101 0.1082 0.0730 
2.9401 0.5600 1.9101 0.1073 0.0578 
2.9401 0.5601 1.9201 0.0851 0.0576 
2.9401 0.5601 1.9201 0.0851 0.0576 
2.9401 0.5601 1.9201 0.0851 0.0576 
2.9401 0.5601 1.9201 0.0851 0.0576 
2.9401 0.5601 1.9201 0.0851 0.0576 
2.9401 0.5600 1.9101 0.1073 0.0578 
2.9501 0.5601 1.9001 0.1353 0.0726 
2.9401 0.5600 1.9101 0.1073 0.0578 
2.9501 0.5618 1.9101 0.1082 0.0730 
2.9501 0.5601 1.9001 0.1353 0.0726 
2.9301 0.5597 1.8901 0.1652 0.0527 
2.9401 0.5600 1.9101 0.1073 0.0578 
3.0001 0.5601 1.9001 0.1363 0.1830 
3.0001 0.5601 1.9001 0.1363 0.1830 
3.0001 0.5601 1.9001 0.1363 0.1830 
2.9501 0.5566 1.8801 0.1964 0.0718 
2.9501 0.5601 1.9001 0.1353 0.0726 
2.9601 0.5592 1.8901 0.1655 0.0918 
2.9701 0.5619 1.8801 0.1983 0.1155 
2.9901 0.5579 1.9101 0.1075 0.1575 
3.0001 0.5594 1.8901 0.1664 0.1832 
3.0001 0.5601 1.9001 0.1363 0.1830 
3.0001 0.5594 1.8901 0.1664 0.1832 
2.9901 0.5579 1.9101 0.1075 0.1575 
3.0001 0.5601 1.9001 0.1363 0.1830 
3.0001 0.5601 1.9001 0.1363 0.1830 
3.0001 0.5594 1.8901 0.1664 0.1832 
2.9701 0.5619 1.8801 0.1983 0.1155 
2.9701 0.5601 1.8894 0.1682 0.1139 
2.9901 0.5579 1.9101 0.1075 0.1575 
2.9601 0.5592 1.8901 0.1655 0.0918 
2.9901 0.5579 1.9101 0.1075 0.1575 
2.9701 0.5601 1.8894 0.1682 0.1139 
2.9601 0.5601 1.8801 0.1977 0.0930 
2.9701 0.5601 1.8894 0.1682 0.1139 
2.9601 0.5601 1.8801 0.1977 0.0930 
2.9601 0.5601 1.8801 0.1977 0.0930 
2.9701 0.5601 1.8894 0.1682 0.1139 
2.9701 0.5619 1.8801 0.1983 0.1155 
2.9601 0.5601 1.8801 0.1977 0.0930 
2.9601 0.5601 1.8801 0.1977 0.0930 
2.9601 0.5601 1.8801 0.1977 0.0930 
2.9701 0.5601 1.8894 0.1682 0.1139 
2.9601 0.5601 1.8801 0.1977 0.0930 
2.9601 0.5592 1.8901 0.1655 0.0918 
2.9601 0.5601 1.8801 0.1977 0.0930 
2.9501 0.5566 1.8801 0.1964 0.0718 
2.9601 0.5592 1.8901 0.1655 0.0918 
2.9601 0.5601 1.8801 0.1977 0.0930 
2.9601 0.5601 1.8801 0.1977 0.0930 
2.9601 0.5592 1.8901 0.1655 0.0918 
3.0001 0.5594 1.8901 0.1664 0.1832 
2.9701 0.5601 1.8665 0.2422 0.1153 
2.9701 0.5619 1.8801 0.1983 0.1155 
2.9601 0.5601 1.8801 0.1977 0.0930 
2.9701 0.5619 1.8801 0.1983 0.1155 
2.9601 0.5601 1.8801 0.1977 0.0930 
2.9601 0.5601 1.8801 0.1977 0.0930 
2.9601 0.5601 1.8801 0.1977 0.0930 
2.9601 0.5601 1.8801 0.1977 0.0930 
2.9701 0.5619 1.8801 0.1983 0.1155 
2.9701 0.5601 1.8665 0.2422 0.1153 
2.9601 0.5601 1.8801 0.1977 0.0930 
2.9701 0.5601 1.8665 0.2422 0.1153 
2.9601 0.5589 1.8701 0.2299 0.0929 
2.9601 0.5601 1.8801 0.1977 0.0930 
2.9601 0.5601 1.8801 0.1977 0.0930 
2.9601 0.5589 1.8701 0.2299 0.0929 
2.9501 0.5566 1.8801 0.1964 0.0718 
2.9601 0.5601 1.8801 0.1977 0.0930 
2.9601 0.5601 1.8801 0.1977 0.0930 
2.9601 0.5589 1.8701 0.2299 0.0929 
2.9701 0.5610 1.8401 0.3298 0.1174 
3.0001 0.5594 1.8901 0.1664 0.1832 
3.0101 0.5644 1.8701 0.2318 0.2103 
2.9701 0.5610 1.8401 0.3298 0.1174 
2.9701 0.5601 1.8665 0.2422 0.1153 
3.0001 0.5594 1.8901 0.1664 0.1832 
2.9601 0.5601 1.8601 0.2631 0.0942 
2.9701 0.5601 1.8665 0.2422 0.1153 
2.9601 0.5601 1.8601 0.2631 0.0942 
2.9601 0.5601 1.8601 0.2631 0.0942 
2.9601 0.5601 1.8601 0.2631 0.0942 
2.9601 0.5601 1.8601 0.2631 0.0942 
2.9701 0.5601 1.8665 0.2422 0.1153 
2.9601 0.5601 1.8601 0.2631 0.0942 
2.9601 0.5589 1.8701 0.2299 0.0929 
2.9601 0.5601 1.8601 0.2631 0.0942 
2.9501 0.5587 1.8601 0.2628 0.0740 
2.9601 0.5589 1.8701 0.2299 0.0929 
2.9601 0.5601 1.8601 0.2631 0.0942 
2.9601 0.5601 1.8601 0.2631 0.0942 
2.9501 0.5587 1.8601 0.2628 0.0740 
2.9501 0.5610 1.8501 0.2964 0.0758 
2.9701 0.5601 1.8665 0.2422 0.1153 
2.9701 0.5610 1.8401 0.3298 0.1174 
2.9501 0.5610 1.8501 0.2964 0.0758 
2.9601 0.5601 1.8601 0.2631 0.0942 
2.9701 0.5601 1.8665 0.2422 0.1153 
2.9601 0.5601 1.8601 0.2631 0.0942 
2.9601 0.5601 1.8601 0.2631 0.0942 
2.9501 0.5610 1.8501 0.2964 0.0758 
2.9601 0.5601 1.8601 0.2631 0.0942 
2.9501 0.5610 1.8501 0.2964 0.0758 
2.9501 0.5587 1.8601 0.2628 0.0740 
2.9501 0.5601 1.9001 0.1353 0.0726 
2.9501 0.5566 1.8801 0.1964 0.0718 
2.9301 0.5597 1.8901 0.1652 0.0527 
2.9301 0.5578 1.8501 0.2959 0.0528 
2.9501 0.5566 1.8801 0.1964 0.0718 
2.9601 0.5589 1.8701 0.2299 0.0929 
2.9501 0.5587 1.8601 0.2628 0.0740 
2.9301 0.5578 1.8501 0.2959 0.0528 
2.9601 0.5589 1.8701 0.2299 0.0929 
2.9501 0.5610 1.8501 0.2964 0.0758 
2.9301 0.5578 1.8501 0.2959 0.0528 
2.9501 0.5587 1.8601 0.2628 0.0740 
3.0001 0.5638 1.8301 0.3630 0.1884 
2.9701 0.5610 1.8401 0.3298 0.1174 
3.0301 0.5621 1.8801 0.1993 0.2568 
3.0001 0.5638 1.8301 0.3630 0.1884 
2.9601 0.5615 1.8301 0.3631 0.0967 
2.9701 0.5610 1.8401 0.3298 0.1174 
2.9601 0.5601 1.8401 0.3297 0.0953 
2.9501 0.5610 1.8501 0.2964 0.0758 
2.9701 0.5610 1.8401 0.3298 0.1174 
2.9601 0.5601 1.8401 0.3297 0.0953 
2.9701 0.5610 1.8401 0.3298 0.1174 
2.9601 0.5601 1.8401 0.3297 0.0953 
2.9501 0.5601 1.8458 0.3107 0.0756 
2.9501 0.5610 1.8501 0.2964 0.0758 
2.9601 0.5601 1.8401 0.3297 0.0953 
2.9601 0.5601 1.8401 0.3297 0.0953 
2.9601 0.5601 1.8401 0.3297 0.0953 
2.9601 0.5601 1.8401 0.3297 0.0953 
2.9601 0.5601 1.8401 0.3297 0.0953 
2.9601 0.5601 1.8401 0.3297 0.0953 
2.9501 0.5601 1.8458 0.3107 0.0756 
2.9601 0.5601 1.8401 0.3297 0.0953 
2.9501 0.5589 1.8401 0.3296 0.0753 
2.9501 0.5601 1.8458 0.3107 0.0756 
2.9601 0.5601 1.8401 0.3297 0.0953 
2.9701 0.5610 1.8401 0.3298 0.1174 
2.9601 0.5615 1.8301 0.3631 0.0967 
2.9601 0.5601 1.8401 0.3297 0.0953 
2.9601 0.5615 1.8301 0.3631 0.0967 
2.9601 0.5601 1.8401 0.3297 0.0953 
2.9501 0.5589 1.8401 0.3296 0.0753 
2.9601 0.5601 1.8401 0.3297 0.0953 
2.9601 0.5615 1.8301 0.3631 0.0967 
2.9601 0.5601 1.8401 0.3297 0.0953 
2.9601 0.5601 1.8401 0.3297 0.0953 
2.9601 0.5601 1.8401 0.3297 0.0953 
2.9601 0.5601 1.8401 0.3297 0.0953 
2.9601 0.5601 1.8401 0.3297 0.0953 
2.9501 0.5589 1.8401 0.3296 0.0753 
2.9701 0.5633 1.8001 0.4625 0.1211 
2.9601 0.5615 1.8301 0.3631 0.0967 
3.0001 0.5638 1.8301 0.3630 0.1884 
2.9901 0.5651 1.8101 0.4290 0.1668 
2.9701 0.5633 1.8001 0.4625 0.1211 
3.0001 0.5638 1.8301 0.3630 0.1884 
2.9701 0.5633 1.8001 0.4625 0.1211 
2.9401 0.5620 1.8001 0.4631 0.0629 
2.9601 0.5615 1.8301 0.3631 0.0967 
2.9501 0.5601 1.8458 0.3107 0.0756 
2.9301 0.5578 1.8501 0.2959 0.0528 
2.9501 0.5610 1.8501 0.2964 0.0758 
2.9301 0.5578 1.8501 0.2959 0.0528 
2.9501 0.5589 1.8401 0.3296 0.0753 
2.9401 0.5601 1.8340 0.3501 0.0607 
2.9301 0.5578 1.8501 0.2959 0.0528 
2.9501 0.5601 1.8458 0.3107 0.0756 
2.9501 0.5589 1.8401 0.3296 0.0753 
2.9401 0.5601 1.8340 0.3501 0.0607 
2.9301 0.5601 1.8401 0.3296 0.0529 
2.9301 0.5578 1.8501 0.2959 0.0528 
2.9301 0.5601 1.8401 0.3296 0.0529 
2.9301 0.5601 1.8401 0.3296 0.0529 
2.9301 0.5578 1.8501 0.2959 0.0528 
2.9401 0.5601 1.8340 0.3501 0.0607 
2.9501 0.5589 1.8401 0.3296 0.0753 
2.9601 0.5615 1.8301 0.3631 0.0967 
2.9401 0.5601 1.8340 0.3501 0.0607 
2.9301 0.5601 1.8401 0.3296 0.0529 
2.9301 0.5601 1.8401 0.3296 0.0529 
2.9301 0.5601 1.8401 0.3296 0.0529 
2.9301 0.5601 1.8401 0.3296 0.0529 
2.9301 0.5601 1.8401 0.3296 0.0529 
2.9401 0.5620 1.8001 0.4631 0.0629 
2.9401 0.5601 1.8340 0.3501 0.0607 
2.9601 0.5615 1.8301 0.3631 0.0967 
