NUMPOLLIES 423.000000 

2.9301 -0.5955 2.0601 0.0907 0.0739 
2.9201 -0.5874 2.0501 0.0871 0.0528 
2.9401 -0.5905 2.0401 0.0737 0.0799 
2.9401 -0.5905 2.0401 0.0737 0.0799 
2.9301 -0.5912 2.0701 0.1224 0.0787 
2.9301 -0.5955 2.0601 0.0907 0.0739 
2.9401 -0.5905 2.0401 0.0737 0.0799 
2.9501 -0.5910 2.0501 0.0834 0.1154 
2.9301 -0.5912 2.0701 0.1224 0.0787 
2.9201 -0.5874 2.0501 0.0871 0.0528 
2.9301 -0.5912 2.0701 0.1224 0.0787 
2.9101 -0.5938 2.0801 0.1369 0.0536 
2.9301 -0.5955 2.0601 0.0907 0.0739 
2.9301 -0.5912 2.0701 0.1224 0.0787 
2.9201 -0.5874 2.0501 0.0871 0.0528 
2.9701 -0.5891 2.0701 0.1338 0.1881 
2.9301 -0.5912 2.0701 0.1224 0.0787 
2.9501 -0.5910 2.0501 0.0834 0.1154 
2.9601 -0.5915 2.0901 0.1753 0.1737 
2.9301 -0.5912 2.0701 0.1224 0.0787 
2.9701 -0.5891 2.0701 0.1338 0.1881 
2.9301 -0.5912 2.0701 0.1224 0.0787 
2.9401 -0.5948 2.0901 0.1628 0.1206 
2.9101 -0.5938 2.0801 0.1369 0.0536 
2.9301 -0.5912 2.0701 0.1224 0.0787 
2.9601 -0.5915 2.0901 0.1753 0.1737 
2.9401 -0.5948 2.0901 0.1628 0.1206 
2.9601 -0.5915 2.0901 0.1753 0.1737 
2.9401 -0.5921 2.1001 0.1953 0.1263 
2.9401 -0.5948 2.0901 0.1628 0.1206 
2.9501 -0.5910 2.0501 0.0834 0.1154 
2.9701 -0.5976 2.0601 0.0908 0.1859 
2.9701 -0.5891 2.0701 0.1338 0.1881 
2.9901 -0.5908 2.0701 0.1319 0.2490 
3.0101 -0.5916 2.0401 0.0750 0.2969 
3.0001 -0.5881 2.0601 0.1162 0.2733 
2.9901 -0.5908 2.0701 0.1319 0.2490 
2.9801 -0.5950 2.0501 0.0799 0.2084 
3.0101 -0.5916 2.0401 0.0750 0.2969 
2.9701 -0.5891 2.0701 0.1338 0.1881 
2.9701 -0.5976 2.0601 0.0908 0.1859 
2.9901 -0.5908 2.0701 0.1319 0.2490 
2.9701 -0.5976 2.0601 0.0908 0.1859 
2.9801 -0.5950 2.0501 0.0799 0.2084 
2.9901 -0.5908 2.0701 0.1319 0.2490 
3.0001 -0.5881 2.0601 0.1162 0.2733 
3.0001 -0.5899 2.0701 0.1358 0.2790 
3.0001 -0.5899 2.0701 0.1358 0.2790 
2.9901 -0.5908 2.0701 0.1319 0.2490 
3.0001 -0.5881 2.0601 0.1162 0.2733 
3.0001 -0.5899 2.0701 0.1358 0.2790 
2.9701 -0.5891 2.0701 0.1338 0.1881 
2.9901 -0.5908 2.0701 0.1319 0.2490 
3.0001 -0.5912 2.0801 0.1573 0.2843 
3.0001 -0.5899 2.0701 0.1358 0.2790 
2.9901 -0.5908 2.0701 0.1319 0.2490 
3.0001 -0.5899 2.0701 0.1358 0.2790 
3.0001 -0.5899 2.0701 0.1358 0.2790 
3.0001 -0.5912 2.0801 0.1573 0.2843 
2.9901 -0.5908 2.0701 0.1319 0.2490 
3.0001 -0.5899 2.0701 0.1358 0.2790 
3.0001 -0.5899 2.0701 0.1358 0.2790 
3.0001 -0.5899 2.0701 0.1358 0.2790 
2.9701 -0.5891 2.0701 0.1338 0.1881 
3.0001 -0.5912 2.0801 0.1573 0.2843 
2.9601 -0.5915 2.0901 0.1753 0.1737 
3.0001 -0.5912 2.0801 0.1573 0.2843 
3.0101 -0.5963 2.0901 0.1691 0.3200 
2.9601 -0.5915 2.0901 0.1753 0.1737 
3.0101 -0.5963 2.0901 0.1691 0.3200 
3.0001 -0.5929 2.1101 0.2260 0.2980 
2.9601 -0.5915 2.0901 0.1753 0.1737 
2.9001 -0.5915 2.1401 0.2834 0.0643 
2.8901 -0.5949 2.1401 0.2719 0.0542 
2.9001 -0.5937 2.1201 0.2318 0.0565 
2.9401 -0.5921 2.1001 0.1953 0.1263 
2.9601 -0.5906 2.1301 0.2732 0.1979 
2.9101 -0.5922 2.1101 0.2143 0.0649 
2.9101 -0.5922 2.1101 0.2143 0.0649 
2.9201 -0.5956 2.1401 0.2743 0.1064 
2.9001 -0.5937 2.1201 0.2318 0.0565 
2.9101 -0.5922 2.1101 0.2143 0.0649 
2.9401 -0.5944 2.1401 0.2810 0.1543 
2.9201 -0.5956 2.1401 0.2743 0.1064 
2.9601 -0.5906 2.1301 0.2732 0.1979 
2.9601 -0.5948 2.1401 0.2828 0.2054 
2.9101 -0.5922 2.1101 0.2143 0.0649 
2.9101 -0.5922 2.1101 0.2143 0.0649 
2.9601 -0.5948 2.1401 0.2828 0.2054 
2.9401 -0.5944 2.1401 0.2810 0.1543 
2.9001 -0.5937 2.1201 0.2318 0.0565 
2.9201 -0.5956 2.1401 0.2743 0.1064 
2.9001 -0.5915 2.1401 0.2834 0.0643 
2.9601 -0.5915 2.0901 0.1753 0.1737 
2.9601 -0.5906 2.1301 0.2732 0.1979 
2.9401 -0.5921 2.1001 0.1953 0.1263 
2.9601 -0.5915 2.0901 0.1753 0.1737 
3.0001 -0.5929 2.1101 0.2260 0.2980 
2.9901 -0.5905 2.1201 0.2551 0.2736 
2.9901 -0.5905 2.1201 0.2551 0.2736 
2.9901 -0.5932 2.1401 0.2919 0.2832 
2.9601 -0.5915 2.0901 0.1753 0.1737 
2.9601 -0.5915 2.0901 0.1753 0.1737 
2.9901 -0.5932 2.1401 0.2919 0.2832 
2.9601 -0.5906 2.1301 0.2732 0.1979 
3.0001 -0.5929 2.1101 0.2260 0.2980 
2.9901 -0.5932 2.1401 0.2919 0.2832 
2.9901 -0.5905 2.1201 0.2551 0.2736 
2.9901 -0.5932 2.1401 0.2919 0.2832 
2.9601 -0.5948 2.1401 0.2828 0.2054 
2.9601 -0.5906 2.1301 0.2732 0.1979 
3.0001 -0.5152 2.1501 0.5669 0.2852 
2.9601 -0.5948 2.1401 0.2828 0.2054 
2.9901 -0.5932 2.1401 0.2919 0.2832 
2.9601 -0.5948 2.1401 0.2828 0.2054 
2.9301 -0.5161 2.1501 0.5509 0.0966 
2.9401 -0.5944 2.1401 0.2810 0.1543 
2.9401 -0.5944 2.1401 0.2810 0.1543 
2.9301 -0.5161 2.1501 0.5509 0.0966 
2.9201 -0.5956 2.1401 0.2743 0.1064 
2.9415 -0.5299 2.1501 0.5054 0.1323 
2.9401 -0.5299 2.1505 0.5059 0.1289 
2.9396 -0.5299 2.1501 0.5051 0.1273 
2.9401 -0.5277 2.1501 0.5127 0.1275 
2.9396 -0.5299 2.1501 0.5051 0.1273 
2.9401 -0.5299 2.1505 0.5059 0.1289 
2.9415 -0.5299 2.1501 0.5054 0.1323 
2.9401 -0.5277 2.1501 0.5127 0.1275 
2.9401 -0.5299 2.1505 0.5059 0.1289 
2.9301 -0.5191 2.1501 0.5403 0.0982 
2.9401 -0.5099 2.1652 0.6011 0.1286 
2.9101 -0.5099 2.1655 0.5962 0.0629 
2.9301 -0.5191 2.1501 0.5403 0.0982 
2.9701 -0.5193 2.1501 0.5472 0.2033 
2.9401 -0.5099 2.1652 0.6011 0.1286 
2.9701 -0.5328 2.1501 0.5006 0.2096 
2.9801 -0.5308 2.1501 0.5090 0.2360 
2.9801 -0.5251 2.1501 0.5287 0.2335 
2.9701 -0.5193 2.1501 0.5472 0.2033 
3.0101 -0.5099 2.1632 0.6105 0.3164 
2.9801 -0.5099 2.1619 0.6027 0.2330 
2.9801 -0.5099 2.1619 0.6027 0.2330 
2.9401 -0.5099 2.1652 0.6011 0.1286 
2.9701 -0.5193 2.1501 0.5472 0.2033 
2.9601 -0.4599 2.1691 0.7953 0.1583 
2.9401 -0.4699 2.1700 0.7541 0.1110 
2.9501 -0.4799 2.1630 0.7078 0.1374 
2.9401 -0.4399 2.1665 0.8674 0.0923 
2.9401 -0.4699 2.1700 0.7541 0.1110 
2.9601 -0.4599 2.1691 0.7953 0.1583 
2.9801 -0.5099 2.1619 0.6027 0.2330 
2.9501 -0.4799 2.1630 0.7078 0.1374 
2.9401 -0.5099 2.1652 0.6011 0.1286 
2.9801 -0.4699 2.1676 0.7586 0.2182 
2.9501 -0.4799 2.1630 0.7078 0.1374 
2.9801 -0.5099 2.1619 0.6027 0.2330 
3.0101 -0.5099 2.1632 0.6105 0.3164 
2.9801 -0.4699 2.1676 0.7586 0.2182 
2.9801 -0.5099 2.1619 0.6027 0.2330 
2.9801 -0.4699 2.1676 0.7586 0.2182 
2.9601 -0.4599 2.1691 0.7953 0.1583 
2.9501 -0.4799 2.1630 0.7078 0.1374 
3.0101 -0.4799 2.1630 0.7196 0.3055 
2.9801 -0.4599 2.1679 0.7976 0.2136 
2.9801 -0.4699 2.1676 0.7586 0.2182 
2.9701 -0.4599 2.1641 0.7903 0.1829 
2.9601 -0.4599 2.1691 0.7953 0.1583 
2.9801 -0.4699 2.1676 0.7586 0.2182 
2.9801 -0.4599 2.1679 0.7976 0.2136 
2.9701 -0.4599 2.1641 0.7903 0.1829 
2.9801 -0.4699 2.1676 0.7586 0.2182 
2.9701 -0.4599 2.1641 0.7903 0.1829 
2.9401 -0.4399 2.1665 0.8674 0.0923 
2.9601 -0.4599 2.1691 0.7953 0.1583 
2.9801 -0.4599 2.1679 0.7976 0.2136 
2.9801 -0.4424 2.1701 0.8704 0.2064 
2.9701 -0.4599 2.1641 0.7903 0.1829 
2.9901 -0.4499 2.1633 0.8332 0.2352 
2.9801 -0.4424 2.1701 0.8704 0.2064 
2.9801 -0.4599 2.1679 0.7976 0.2136 
2.9401 -0.4199 2.1692 0.9543 0.0835 
2.9401 -0.4399 2.1665 0.8674 0.0923 
2.9601 -0.4299 2.1640 0.9101 0.1383 
2.9601 -0.4399 2.1693 0.8753 0.1477 
2.9401 -0.4399 2.1665 0.8674 0.0923 
2.9701 -0.4599 2.1641 0.7903 0.1829 
2.9701 -0.4399 2.1701 0.8784 0.1765 
2.9701 -0.4399 2.1701 0.8784 0.1765 
2.9601 -0.4399 2.1693 0.8753 0.1477 
2.9701 -0.4399 2.1701 0.8784 0.1765 
2.9601 -0.4399 2.1693 0.8753 0.1477 
2.9801 -0.4424 2.1701 0.8704 0.2064 
2.9801 -0.4424 2.1701 0.8704 0.2064 
2.9601 -0.4399 2.1693 0.8753 0.1477 
2.9701 -0.4599 2.1641 0.7903 0.1829 
3.0001 -0.4399 2.1624 0.8751 0.2597 
2.9801 -0.4424 2.1701 0.8704 0.2064 
2.9901 -0.4499 2.1633 0.8332 0.2352 
2.9601 -0.4399 2.1693 0.8753 0.1477 
2.9601 -0.4299 2.1640 0.9101 0.1383 
2.9401 -0.4399 2.1665 0.8674 0.0923 
2.9701 -0.4399 2.1701 0.8784 0.1765 
2.9701 -0.4399 2.1701 0.8784 0.1765 
2.9701 -0.4299 2.1653 0.9139 0.1679 
2.9701 -0.4399 2.1701 0.8784 0.1765 
2.9701 -0.4299 2.1653 0.9139 0.1679 
2.9601 -0.4399 2.1693 0.8753 0.1477 
2.9601 -0.4399 2.1693 0.8753 0.1477 
2.9701 -0.4299 2.1653 0.9139 0.1679 
2.9601 -0.4299 2.1640 0.9101 0.1383 
2.9701 -0.4299 2.1653 0.9139 0.1679 
3.0001 -0.4399 2.1624 0.8751 0.2597 
2.9801 -0.4099 2.1647 1.0021 0.1863 
3.0001 -0.4199 2.1677 0.9660 0.2535 
2.9801 -0.4099 2.1647 1.0021 0.1863 
3.0001 -0.4399 2.1624 0.8751 0.2597 
2.9801 -0.4099 2.1647 1.0021 0.1863 
2.9601 -0.4099 2.1696 1.0026 0.1312 
2.9701 -0.4299 2.1653 0.9139 0.1679 
2.9701 -0.4399 2.1701 0.8784 0.1765 
2.9701 -0.4399 2.1701 0.8784 0.1765 
2.9701 -0.4399 2.1701 0.8784 0.1765 
2.9801 -0.4424 2.1701 0.8704 0.2064 
2.9701 -0.4399 2.1701 0.8784 0.1765 
2.9701 -0.4399 2.1701 0.8784 0.1765 
2.9801 -0.4399 2.1711 0.8817 0.2058 
2.9701 -0.4399 2.1701 0.8784 0.1765 
2.9801 -0.4424 2.1701 0.8704 0.2064 
3.0001 -0.4399 2.1624 0.8751 0.2597 
2.9801 -0.4399 2.1711 0.8817 0.2058 
2.9801 -0.4424 2.1701 0.8704 0.2064 
2.9701 -0.4399 2.1701 0.8784 0.1765 
2.9701 -0.4399 2.1701 0.8784 0.1765 
2.9701 -0.4399 2.1701 0.8784 0.1765 
2.9701 -0.4399 2.1701 0.8784 0.1765 
2.9801 -0.4399 2.1711 0.8817 0.2058 
2.9701 -0.4299 2.1653 0.9139 0.1679 
2.9701 -0.4399 2.1701 0.8784 0.1765 
2.9801 -0.4399 2.1711 0.8817 0.2058 
2.9701 -0.4399 2.1701 0.8784 0.1765 
2.9701 -0.4299 2.1653 0.9139 0.1679 
2.9801 -0.4399 2.1711 0.8817 0.2058 
3.0001 -0.4399 2.1624 0.8751 0.2597 
3.1601 -0.6016 2.0701 0.1266 0.7758 
3.1701 -0.5988 2.0401 0.0758 0.8289 
3.1701 -0.5997 2.0701 0.1331 0.8074 
3.0501 -0.5925 2.0401 0.0758 0.4288 
3.0501 -0.5911 2.0601 0.1152 0.4317 
3.0101 -0.5916 2.0401 0.0750 0.2969 
3.0101 -0.5916 2.0401 0.0750 0.2969 
3.0501 -0.5911 2.0601 0.1152 0.4317 
3.0101 -0.5899 2.0601 0.1128 0.3053 
3.0801 -0.5901 2.0401 0.0804 0.5281 
3.1001 -0.5879 2.0501 0.1063 0.5928 
3.0701 -0.5909 2.0501 0.0956 0.4950 
3.0001 -0.5881 2.0601 0.1162 0.2733 
3.0101 -0.5916 2.0401 0.0750 0.2969 
3.0101 -0.5899 2.0601 0.1128 0.3053 
3.0501 -0.5911 2.0601 0.1152 0.4317 
3.0301 -0.5904 2.0701 0.1389 0.3713 
3.0101 -0.5899 2.0601 0.1128 0.3053 
3.0301 -0.5904 2.0701 0.1389 0.3713 
3.0201 -0.5919 2.0801 0.1583 0.3444 
3.0101 -0.5899 2.0601 0.1128 0.3053 
3.0501 -0.5911 2.0601 0.1152 0.4317 
3.0701 -0.5913 2.0801 0.1675 0.4956 
3.0301 -0.5904 2.0701 0.1389 0.3713 
3.0001 -0.5899 2.0701 0.1358 0.2790 
3.0001 -0.5881 2.0601 0.1162 0.2733 
3.0101 -0.5899 2.0601 0.1128 0.3053 
3.0001 -0.5899 2.0701 0.1358 0.2790 
3.0001 -0.5899 2.0701 0.1358 0.2790 
3.0101 -0.5899 2.0601 0.1128 0.3053 
3.0001 -0.5899 2.0701 0.1358 0.2790 
3.0001 -0.5912 2.0801 0.1573 0.2843 
3.0001 -0.5899 2.0701 0.1358 0.2790 
3.0001 -0.5899 2.0701 0.1358 0.2790 
3.0101 -0.5899 2.0601 0.1128 0.3053 
3.0001 -0.5912 2.0801 0.1573 0.2843 
3.0101 -0.5899 2.0601 0.1128 0.3053 
3.0201 -0.5919 2.0801 0.1583 0.3444 
3.0001 -0.5912 2.0801 0.1573 0.2843 
3.0301 -0.5904 2.0701 0.1389 0.3713 
3.0401 -0.5950 2.0901 0.1772 0.4076 
3.0201 -0.5919 2.0801 0.1583 0.3444 
3.0001 -0.5899 2.0701 0.1358 0.2790 
3.0001 -0.5899 2.0701 0.1358 0.2790 
3.0001 -0.5899 2.0701 0.1358 0.2790 
3.0201 -0.5919 2.0801 0.1583 0.3444 
3.0101 -0.5963 2.0901 0.1691 0.3200 
3.0001 -0.5912 2.0801 0.1573 0.2843 
3.0301 -0.5904 2.0701 0.1389 0.3713 
3.0501 -0.5922 2.1001 0.2119 0.4378 
3.0401 -0.5950 2.0901 0.1772 0.4076 
3.0201 -0.5919 2.0801 0.1583 0.3444 
3.0401 -0.5909 2.1101 0.2383 0.4104 
3.0101 -0.5963 2.0901 0.1691 0.3200 
3.0101 -0.5963 2.0901 0.1691 0.3200 
3.0401 -0.5909 2.1101 0.2383 0.4104 
3.0001 -0.5929 2.1101 0.2260 0.2980 
3.0401 -0.5950 2.0901 0.1772 0.4076 
3.0501 -0.5922 2.1001 0.2119 0.4378 
3.0201 -0.5919 2.0801 0.1583 0.3444 
3.0501 -0.5911 2.0601 0.1152 0.4317 
3.0701 -0.5909 2.0501 0.0956 0.4950 
3.0701 -0.5913 2.0801 0.1675 0.4956 
3.0701 -0.5909 2.0501 0.0956 0.4950 
3.1001 -0.5879 2.0501 0.1063 0.5928 
3.0701 -0.5913 2.0801 0.1675 0.4956 
3.1001 -0.5879 2.0501 0.1063 0.5928 
3.1001 -0.5928 2.0801 0.1676 0.5872 
3.0701 -0.5913 2.0801 0.1675 0.4956 
3.0701 -0.5913 2.0801 0.1675 0.4956 
3.0601 -0.5963 2.1101 0.2251 0.4684 
3.0301 -0.5904 2.0701 0.1389 0.3713 
3.0301 -0.5904 2.0701 0.1389 0.3713 
3.0601 -0.5963 2.1101 0.2251 0.4684 
3.0501 -0.5922 2.1001 0.2119 0.4378 
3.0701 -0.5913 2.0801 0.1675 0.4956 
3.0801 -0.5916 2.1001 0.2183 0.5251 
3.0601 -0.5963 2.1101 0.2251 0.4684 
3.1001 -0.5928 2.0801 0.1676 0.5872 
3.0901 -0.5962 2.1101 0.2301 0.5538 
3.0701 -0.5913 2.0801 0.1675 0.4956 
3.0701 -0.5913 2.0801 0.1675 0.4956 
3.0901 -0.5962 2.1101 0.2301 0.5538 
3.0801 -0.5916 2.1001 0.2183 0.5251 
3.1001 -0.5928 2.0801 0.1676 0.5872 
3.1101 -0.5917 2.0901 0.1979 0.6154 
3.0901 -0.5962 2.1101 0.2301 0.5538 
3.0801 -0.5916 2.1001 0.2183 0.5251 
3.0901 -0.5962 2.1101 0.2301 0.5538 
3.0601 -0.5963 2.1101 0.2251 0.4684 
3.1101 -0.5917 2.0901 0.1979 0.6154 
3.1001 -0.5955 2.1101 0.2339 0.5823 
3.0901 -0.5962 2.1101 0.2301 0.5538 
3.1301 -0.5899 2.0401 0.0848 0.6959 
3.1301 -0.5917 2.0301 0.0734 0.7004 
3.1301 -0.5899 2.0401 0.0848 0.6959 
3.1301 -0.5899 2.0401 0.0848 0.6959 
3.1201 -0.5926 2.0401 0.0798 0.6621 
3.1301 -0.5917 2.0301 0.0734 0.7004 
3.1301 -0.5899 2.0401 0.0848 0.6959 
3.1401 -0.5932 2.0401 0.0804 0.7292 
3.1301 -0.5899 2.0401 0.0848 0.6959 
3.1301 -0.5899 2.0401 0.0848 0.6959 
3.1301 -0.5917 2.0301 0.0734 0.7004 
3.1401 -0.5932 2.0401 0.0804 0.7292 
3.1301 -0.5899 2.0401 0.0848 0.6959 
3.1301 -0.5899 2.0401 0.0848 0.6959 
3.1301 -0.5899 2.0401 0.0848 0.6959 
3.1301 -0.5899 2.0401 0.0848 0.6959 
3.1301 -0.5899 2.0401 0.0848 0.6959 
3.1301 -0.5899 2.0401 0.0848 0.6959 
3.1201 -0.5926 2.0401 0.0798 0.6621 
3.1301 -0.5946 2.0501 0.0944 0.6911 
3.1101 -0.5889 2.0501 0.1051 0.6257 
3.1301 -0.5899 2.0401 0.0848 0.6959 
3.1201 -0.5926 2.0401 0.0798 0.6621 
3.1301 -0.5899 2.0401 0.0848 0.6959 
3.1301 -0.5899 2.0401 0.0848 0.6959 
3.1301 -0.5946 2.0501 0.0944 0.6911 
3.1201 -0.5926 2.0401 0.0798 0.6621 
3.1301 -0.5899 2.0401 0.0848 0.6959 
3.1301 -0.5946 2.0501 0.0944 0.6911 
3.1301 -0.5899 2.0401 0.0848 0.6959 
3.1301 -0.5899 2.0401 0.0848 0.6959 
3.1401 -0.5932 2.0401 0.0804 0.7292 
3.1301 -0.5946 2.0501 0.0944 0.6911 
3.1401 -0.5932 2.0401 0.0804 0.7292 
3.1401 -0.5902 2.0501 0.1058 0.7244 
3.1301 -0.5946 2.0501 0.0944 0.6911 
3.1301 -0.5899 2.0401 0.0848 0.6959 
3.1301 -0.5899 2.0401 0.0848 0.6959 
3.1301 -0.5899 2.0401 0.0848 0.6959 
3.1301 -0.5899 2.0401 0.0848 0.6959 
3.1301 -0.5899 2.0401 0.0848 0.6959 
3.1301 -0.5899 2.0401 0.0848 0.6959 
3.1401 -0.5932 2.0401 0.0804 0.7292 
3.1601 -0.6016 2.0701 0.1266 0.7758 
3.1401 -0.5902 2.0501 0.1058 0.7244 
3.1401 -0.5902 2.0501 0.1058 0.7244 
3.1601 -0.6016 2.0701 0.1266 0.7758 
3.1301 -0.5946 2.0501 0.0944 0.6911 
3.1001 -0.5879 2.0501 0.1063 0.5928 
3.1101 -0.5889 2.0501 0.1051 0.6257 
3.1001 -0.5928 2.0801 0.1676 0.5872 
3.1101 -0.5889 2.0501 0.1051 0.6257 
3.1201 -0.5924 2.0701 0.1464 0.6516 
3.1001 -0.5928 2.0801 0.1676 0.5872 
3.1101 -0.5889 2.0501 0.1051 0.6257 
3.1301 -0.5946 2.0501 0.0944 0.6911 
3.1201 -0.5924 2.0701 0.1464 0.6516 
3.1301 -0.5946 2.0501 0.0944 0.6911 
3.1401 -0.5924 2.0701 0.1495 0.7144 
3.1201 -0.5924 2.0701 0.1464 0.6516 
3.1301 -0.5946 2.0501 0.0944 0.6911 
3.1601 -0.6016 2.0701 0.1266 0.7758 
3.1401 -0.5924 2.0701 0.1495 0.7144 
3.1201 -0.5924 2.0701 0.1464 0.6516 
3.1401 -0.5924 2.0701 0.1495 0.7144 
3.1001 -0.5928 2.0801 0.1676 0.5872 
3.1401 -0.5924 2.0701 0.1495 0.7144 
3.1301 -0.5935 2.1101 0.2446 0.6684 
3.1001 -0.5928 2.0801 0.1676 0.5872 
3.1001 -0.5928 2.0801 0.1676 0.5872 
3.1301 -0.5935 2.1101 0.2446 0.6684 
3.1101 -0.5917 2.0901 0.1979 0.6154 
3.1401 -0.5924 2.0701 0.1495 0.7144 
3.1601 -0.5887 2.1101 0.2643 0.7557 
3.1301 -0.5935 2.1101 0.2446 0.6684 
3.1401 -0.5924 2.0701 0.1495 0.7144 
3.1701 -0.5931 2.1101 0.2521 0.7840 
3.1601 -0.5887 2.1101 0.2643 0.7557 
3.1101 -0.5917 2.0901 0.1979 0.6154 
3.1301 -0.5935 2.1101 0.2446 0.6684 
3.1201 -0.5987 2.1101 0.2273 0.6396 
3.1601 -0.6016 2.0701 0.1266 0.7758 
3.1401 -0.5932 2.0401 0.0804 0.7292 
3.1701 -0.5988 2.0401 0.0758 0.8289 
3.1801 -0.6013 2.0401 0.0744 0.8618 
3.1801 -0.5901 2.0701 0.1623 0.8411 
3.1701 -0.5988 2.0401 0.0758 0.8289 
3.1701 -0.5988 2.0401 0.0758 0.8289 
3.1801 -0.5901 2.0701 0.1623 0.8411 
3.1701 -0.5997 2.0701 0.1331 0.8074 
3.2001 -0.5946 2.0501 0.1026 0.9215 
3.2101 -0.5902 2.0701 0.1669 0.9364 
3.1801 -0.6013 2.0401 0.0744 0.8618 
3.1801 -0.6013 2.0401 0.0744 0.8618 
3.2101 -0.5902 2.0701 0.1669 0.9364 
3.1801 -0.5901 2.0701 0.1623 0.8411 
3.1801 -0.5901 2.0701 0.1623 0.8411 
3.1801 -0.5927 2.0801 0.1805 0.8332 
3.1701 -0.5997 2.0701 0.1331 0.8074 
3.1701 -0.5997 2.0701 0.1331 0.8074 
3.1801 -0.5927 2.0801 0.1805 0.8332 
3.1601 -0.6016 2.0701 0.1266 0.7758 
3.2101 -0.5902 2.0701 0.1669 0.9364 
3.1801 -0.5927 2.0801 0.1805 0.8332 
3.1801 -0.5901 2.0701 0.1623 0.8411 
3.1601 -0.6016 2.0701 0.1266 0.7758 
3.1701 -0.5900 2.1001 0.2376 0.7904 
3.1401 -0.5924 2.0701 0.1495 0.7144 
3.1401 -0.5924 2.0701 0.1495 0.7144 
3.1701 -0.5900 2.1001 0.2376 0.7904 
3.1701 -0.5931 2.1101 0.2521 0.7840 
3.1701 -0.5900 2.1001 0.2376 0.7904 
3.1601 -0.6016 2.0701 0.1266 0.7758 
3.1801 -0.5927 2.0801 0.1805 0.8332 
3.1701 -0.5900 2.1001 0.2376 0.7904 
3.1801 -0.5927 2.0801 0.1805 0.8332 
3.2001 -0.5909 2.0901 0.2148 0.8873 
3.1901 -0.6009 2.1401 0.2999 0.8211 
3.1701 -0.5326 2.1501 0.5369 0.7716 
3.1501 -0.5992 2.1401 0.2989 0.7129 
3.0501 -0.5922 2.1001 0.2119 0.4378 
3.0401 -0.5909 2.1101 0.2383 0.4104 
3.0201 -0.5919 2.0801 0.1583 0.3444 
3.0401 -0.5909 2.1101 0.2383 0.4104 
3.0401 -0.5997 2.1301 0.2586 0.4160 
3.0301 -0.5927 2.1301 0.2777 0.3871 
3.0401 -0.5909 2.1101 0.2383 0.4104 
3.0501 -0.5947 2.1201 0.2521 0.4409 
3.0401 -0.5997 2.1301 0.2586 0.4160 
3.0401 -0.5909 2.1101 0.2383 0.4104 
3.0301 -0.5927 2.1301 0.2777 0.3871 
3.0001 -0.5929 2.1101 0.2260 0.2980 
3.0301 -0.5927 2.1301 0.2777 0.3871 
3.0201 -0.5945 2.1401 0.2929 0.3631 
3.0001 -0.5929 2.1101 0.2260 0.2980 
3.0001 -0.5929 2.1101 0.2260 0.2980 
3.0201 -0.5945 2.1401 0.2929 0.3631 
2.9901 -0.5932 2.1401 0.2919 0.2832 
3.0501 -0.5947 2.1201 0.2521 0.4409 
3.0501 -0.5967 2.1401 0.2908 0.4436 
3.0401 -0.5997 2.1301 0.2586 0.4160 
3.0301 -0.5927 2.1301 0.2777 0.3871 
3.0501 -0.5967 2.1401 0.2908 0.4436 
3.0201 -0.5945 2.1401 0.2929 0.3631 
3.0401 -0.5997 2.1301 0.2586 0.4160 
3.0501 -0.5967 2.1401 0.2908 0.4436 
3.0301 -0.5927 2.1301 0.2777 0.3871 
3.0201 -0.5945 2.1401 0.2929 0.3631 
3.0001 -0.5152 2.1501 0.5669 0.2852 
2.9901 -0.5932 2.1401 0.2919 0.2832 
3.0501 -0.5967 2.1401 0.2908 0.4436 
3.0001 -0.5152 2.1501 0.5669 0.2852 
3.0201 -0.5945 2.1401 0.2929 0.3631 
3.0501 -0.5922 2.1001 0.2119 0.4378 
3.0601 -0.5963 2.1101 0.2251 0.4684 
3.0401 -0.5909 2.1101 0.2383 0.4104 
3.0901 -0.5962 2.1101 0.2301 0.5538 
3.0801 -0.5939 2.1201 0.2590 0.5245 
3.0601 -0.5963 2.1101 0.2251 0.4684 
3.0601 -0.5963 2.1101 0.2251 0.4684 
3.0501 -0.5947 2.1201 0.2521 0.4409 
3.0401 -0.5909 2.1101 0.2383 0.4104 
3.1001 -0.5955 2.1101 0.2339 0.5823 
3.1001 -0.5902 2.1201 0.2734 0.5804 
3.0901 -0.5962 2.1101 0.2301 0.5538 
3.0501 -0.5947 2.1201 0.2521 0.4409 
3.0601 -0.5963 2.1101 0.2251 0.4684 
3.0701 -0.5928 2.1301 0.2834 0.4965 
3.0501 -0.5947 2.1201 0.2521 0.4409 
3.0701 -0.5928 2.1301 0.2834 0.4965 
3.0501 -0.5967 2.1401 0.2908 0.4436 
3.0601 -0.5963 2.1101 0.2251 0.4684 
3.0801 -0.5939 2.1201 0.2590 0.5245 
3.0701 -0.5928 2.1301 0.2834 0.4965 
3.1001 -0.5902 2.1201 0.2734 0.5804 
3.1001 -0.5964 2.1401 0.2994 0.5778 
3.0901 -0.5962 2.1101 0.2301 0.5538 
3.0901 -0.5962 2.1101 0.2301 0.5538 
3.1001 -0.5964 2.1401 0.2994 0.5778 
3.0801 -0.5939 2.1201 0.2590 0.5245 
3.0701 -0.5928 2.1301 0.2834 0.4965 
3.0801 -0.5994 2.1401 0.2876 0.5243 
3.0501 -0.5967 2.1401 0.2908 0.4436 
3.0801 -0.5939 2.1201 0.2590 0.5245 
3.0801 -0.5994 2.1401 0.2876 0.5243 
3.0701 -0.5928 2.1301 0.2834 0.4965 
3.0801 -0.5994 2.1401 0.2876 0.5243 
3.0801 -0.5939 2.1201 0.2590 0.5245 
3.1001 -0.5964 2.1401 0.2994 0.5778 
3.0001 -0.5152 2.1501 0.5669 0.2852 
3.0501 -0.5967 2.1401 0.2908 0.4436 
3.0801 -0.5994 2.1401 0.2876 0.5243 
3.1001 -0.5964 2.1401 0.2994 0.5778 
3.0001 -0.5152 2.1501 0.5669 0.2852 
3.0801 -0.5994 2.1401 0.2876 0.5243 
3.0037 -0.5499 2.1501 0.4496 0.3081 
3.0133 -0.5499 2.1501 0.4512 0.3340 
3.0101 -0.5499 2.1522 0.4548 0.3261 
3.0401 -0.5496 2.1501 0.4567 0.4075 
3.0401 -0.5503 2.1501 0.4545 0.4077 
3.0401 -0.5499 2.1503 0.4561 0.4076 
3.0415 -0.5499 2.1501 0.4560 0.4115 
3.0401 -0.5499 2.1503 0.4561 0.4076 
3.0401 -0.5503 2.1501 0.4545 0.4077 
3.0784 -0.5599 2.1501 0.4298 0.5146 
3.0801 -0.5626 2.1501 0.4215 0.5196 
3.0801 -0.5599 2.1514 0.4325 0.5192 
3.0822 -0.5599 2.1501 0.4304 0.5251 
3.0801 -0.5599 2.1514 0.4325 0.5192 
3.0801 -0.5626 2.1501 0.4215 0.5196 
3.0701 -0.5499 2.1501 0.4609 0.4903 
3.0701 -0.5499 2.1501 0.4609 0.4903 
3.0701 -0.5499 2.1501 0.4609 0.4903 
3.0701 -0.5499 2.1501 0.4609 0.4903 
3.0701 -0.5499 2.1501 0.4609 0.4903 
3.0701 -0.5499 2.1501 0.4609 0.4903 
3.0784 -0.5599 2.1501 0.4298 0.5146 
3.0801 -0.5599 2.1514 0.4325 0.5192 
3.0822 -0.5599 2.1501 0.4304 0.5251 
3.0101 -0.5425 2.1501 0.4751 0.3229 
3.0037 -0.5499 2.1501 0.4496 0.3081 
3.0101 -0.5499 2.1522 0.4548 0.3261 
3.0101 -0.5425 2.1501 0.4751 0.3229 
3.0101 -0.5499 2.1522 0.4548 0.3261 
3.0133 -0.5499 2.1501 0.4512 0.3340 
3.0401 -0.5496 2.1501 0.4567 0.4075 
3.0401 -0.5499 2.1503 0.4561 0.4076 
3.0415 -0.5499 2.1501 0.4560 0.4115 
3.0601 -0.5195 2.1501 0.5628 0.4568 
3.0401 -0.5199 2.1530 0.5628 0.4005 
2.9701 -0.5193 2.1501 0.5472 0.2033 
2.9701 -0.5193 2.1501 0.5472 0.2033 
3.0401 -0.5199 2.1530 0.5628 0.4005 
3.0101 -0.5099 2.1632 0.6105 0.3164 
3.0401 -0.5199 2.1530 0.5628 0.4005 
3.0601 -0.5195 2.1501 0.5628 0.4568 
3.0801 -0.5099 2.1614 0.6202 0.5124 
3.0101 -0.5099 2.1632 0.6105 0.3164 
3.0401 -0.5199 2.1530 0.5628 0.4005 
3.0801 -0.5099 2.1614 0.6202 0.5124 
3.0401 -0.4999 2.1601 0.6466 0.3967 
3.0301 -0.4999 2.1601 0.6447 0.3683 
3.0401 -0.4999 2.1601 0.6466 0.3967 
3.0401 -0.4999 2.1601 0.6466 0.3967 
3.0401 -0.4999 2.1601 0.6466 0.3967 
3.0401 -0.4999 2.1601 0.6466 0.3967 
3.0301 -0.4999 2.1601 0.6447 0.3683 
3.0101 -0.5099 2.1632 0.6105 0.3164 
3.0401 -0.4999 2.1601 0.6466 0.3967 
3.0401 -0.4999 2.1601 0.6466 0.3967 
3.0501 -0.4999 2.1608 0.6496 0.4253 
3.0401 -0.4999 2.1601 0.6466 0.3967 
3.0401 -0.4999 2.1601 0.6466 0.3967 
3.0101 -0.5099 2.1632 0.6105 0.3164 
3.0501 -0.4999 2.1608 0.6496 0.4253 
3.0101 -0.5099 2.1632 0.6105 0.3164 
3.0801 -0.5099 2.1614 0.6202 0.5124 
3.0501 -0.4999 2.1608 0.6496 0.4253 
3.0701 -0.5499 2.1501 0.4609 0.4903 
3.0701 -0.5499 2.1501 0.4609 0.4903 
3.0701 -0.5499 2.1501 0.4609 0.4903 
3.0701 -0.5499 2.1501 0.4609 0.4903 
3.0701 -0.5499 2.1501 0.4609 0.4903 
3.0701 -0.5499 2.1501 0.4609 0.4903 
3.0801 -0.5099 2.1614 0.6202 0.5124 
3.0601 -0.5195 2.1501 0.5628 0.4568 
3.1101 -0.5099 2.1623 0.6273 0.5974 
3.1101 -0.5099 2.1623 0.6273 0.5974 
3.0801 -0.4938 2.1601 0.6767 0.5102 
3.0801 -0.5099 2.1614 0.6202 0.5124 
3.0501 -0.4999 2.1608 0.6496 0.4253 
3.0801 -0.5099 2.1614 0.6202 0.5124 
3.0801 -0.4938 2.1601 0.6767 0.5102 
3.1101 -0.5917 2.0901 0.1979 0.6154 
3.1201 -0.5987 2.1101 0.2273 0.6396 
3.1001 -0.5955 2.1101 0.2339 0.5823 
3.1201 -0.5987 2.1101 0.2273 0.6396 
3.1301 -0.5942 2.1201 0.2660 0.6651 
3.1001 -0.5955 2.1101 0.2339 0.5823 
3.1001 -0.5955 2.1101 0.2339 0.5823 
3.1301 -0.5942 2.1201 0.2660 0.6651 
3.1001 -0.5902 2.1201 0.2734 0.5804 
3.1301 -0.5935 2.1101 0.2446 0.6684 
3.1301 -0.5942 2.1201 0.2660 0.6651 
3.1201 -0.5987 2.1101 0.2273 0.6396 
3.1301 -0.5935 2.1101 0.2446 0.6684 
3.1401 -0.5964 2.1301 0.2835 0.6895 
3.1301 -0.5942 2.1201 0.2660 0.6651 
3.1601 -0.5887 2.1101 0.2643 0.7557 
3.1501 -0.5920 2.1301 0.2984 0.7176 
3.1301 -0.5935 2.1101 0.2446 0.6684 
3.1301 -0.5935 2.1101 0.2446 0.6684 
3.1501 -0.5920 2.1301 0.2984 0.7176 
3.1401 -0.5964 2.1301 0.2835 0.6895 
3.1001 -0.5902 2.1201 0.2734 0.5804 
3.1101 -0.5997 2.1301 0.2691 0.6069 
3.1001 -0.5964 2.1401 0.2994 0.5778 
3.1301 -0.5942 2.1201 0.2660 0.6651 
3.1401 -0.5964 2.1301 0.2835 0.6895 
3.1001 -0.5902 2.1201 0.2734 0.5804 
3.1001 -0.5902 2.1201 0.2734 0.5804 
3.1401 -0.5964 2.1301 0.2835 0.6895 
3.1101 -0.5997 2.1301 0.2691 0.6069 
3.1401 -0.5964 2.1301 0.2835 0.6895 
3.1001 -0.5964 2.1401 0.2994 0.5778 
3.1101 -0.5997 2.1301 0.2691 0.6069 
3.1501 -0.5992 2.1401 0.2989 0.7129 
3.1001 -0.5964 2.1401 0.2994 0.5778 
3.1401 -0.5964 2.1301 0.2835 0.6895 
3.1501 -0.5920 2.1301 0.2984 0.7176 
3.1501 -0.5992 2.1401 0.2989 0.7129 
3.1401 -0.5964 2.1301 0.2835 0.6895 
3.1801 -0.5908 2.1201 0.2843 0.8073 
3.1701 -0.5931 2.1101 0.2521 0.7840 
3.1701 -0.5900 2.1001 0.2376 0.7904 
3.2001 -0.5909 2.0901 0.2148 0.8873 
3.1801 -0.5908 2.1201 0.2843 0.8073 
3.1701 -0.5900 2.1001 0.2376 0.7904 
3.2101 -0.5918 2.1201 0.2859 0.8927 
3.1801 -0.5908 2.1201 0.2843 0.8073 
3.2001 -0.5909 2.0901 0.2148 0.8873 
3.1701 -0.5931 2.1101 0.2521 0.7840 
3.1501 -0.5920 2.1301 0.2984 0.7176 
3.1601 -0.5887 2.1101 0.2643 0.7557 
3.1701 -0.5931 2.1101 0.2521 0.7840 
3.1801 -0.5908 2.1201 0.2843 0.8073 
3.1501 -0.5920 2.1301 0.2984 0.7176 
3.1501 -0.5920 2.1301 0.2984 0.7176 
3.1801 -0.5908 2.1201 0.2843 0.8073 
3.1901 -0.6009 2.1401 0.2999 0.8211 
3.1501 -0.5992 2.1401 0.2989 0.7129 
3.1501 -0.5920 2.1301 0.2984 0.7176 
3.1901 -0.6009 2.1401 0.2999 0.8211 
3.1901 -0.6009 2.1401 0.2999 0.8211 
3.1801 -0.5908 2.1201 0.2843 0.8073 
3.2001 -0.5926 2.1401 0.3265 0.8502 
3.2001 -0.5926 2.1401 0.3265 0.8502 
3.1801 -0.5908 2.1201 0.2843 0.8073 
3.2101 -0.5995 2.1301 0.2853 0.8830 
3.1701 -0.5326 2.1501 0.5369 0.7716 
3.1601 -0.5165 2.1501 0.5918 0.7450 
3.1501 -0.5992 2.1401 0.2989 0.7129 
3.1901 -0.5146 2.1501 0.6043 0.8329 
3.1901 -0.6009 2.1401 0.2999 0.8211 
3.2001 -0.5926 2.1401 0.3265 0.8502 
3.2201 -0.5586 2.1501 0.4579 0.9072 
3.1901 -0.5146 2.1501 0.6043 0.8329 
3.2001 -0.5926 2.1401 0.3265 0.8502 
3.1601 -0.5165 2.1501 0.5918 0.7450 
3.1001 -0.5964 2.1401 0.2994 0.5778 
3.1501 -0.5992 2.1401 0.2989 0.7129 
3.1601 -0.5165 2.1501 0.5918 0.7450 
3.0001 -0.5152 2.1501 0.5669 0.2852 
3.1001 -0.5964 2.1401 0.2994 0.5778 
3.1901 -0.5146 2.1501 0.6043 0.8329 
3.1701 -0.5326 2.1501 0.5369 0.7716 
3.1901 -0.6009 2.1401 0.2999 0.8211 
3.1411 -0.5899 2.1501 0.3465 0.6856 
3.1301 -0.5899 2.1501 0.3448 0.6561 
3.1401 -0.5899 2.1519 0.3501 0.6823 
3.1298 -0.5699 2.1501 0.4064 0.6556 
3.1301 -0.5711 2.1501 0.4027 0.6566 
3.1301 -0.5699 2.1503 0.4069 0.6565 
3.1307 -0.5699 2.1501 0.4065 0.6582 
3.1301 -0.5699 2.1503 0.4069 0.6565 
3.1301 -0.5711 2.1501 0.4027 0.6566 
3.1298 -0.5699 2.1501 0.4064 0.6556 
3.1301 -0.5699 2.1503 0.4069 0.6565 
3.1307 -0.5699 2.1501 0.4065 0.6582 
3.1601 -0.5170 2.1501 0.5900 0.7449 
3.1101 -0.5099 2.1623 0.6273 0.5974 
3.0601 -0.5195 2.1501 0.5628 0.4568 
3.1601 -0.5170 2.1501 0.5900 0.7449 
3.1601 -0.5099 2.1593 0.6315 0.7414 
3.1101 -0.5099 2.1623 0.6273 0.5974 
3.1101 -0.5099 2.1623 0.6273 0.5974 
3.1601 -0.5099 2.1593 0.6315 0.7414 
3.1501 -0.4899 2.1586 0.7022 0.7147 
3.1601 -0.5170 2.1501 0.5900 0.7449 
3.1901 -0.5099 2.1594 0.6374 0.8278 
3.1601 -0.5099 2.1593 0.6315 0.7414 
3.1901 -0.5099 2.1594 0.6374 0.8278 
3.2001 -0.4899 2.1579 0.7110 0.8629 
3.1601 -0.5099 2.1593 0.6315 0.7414 
3.2001 -0.4899 2.1579 0.7110 0.8629 
3.1901 -0.5099 2.1594 0.6374 0.8278 
3.2201 -0.4999 2.1575 0.6767 0.9193 
3.2001 -0.5946 2.0501 0.1026 0.9215 
3.2301 -0.5929 2.0701 0.1618 0.9989 
3.2101 -0.5978 2.0601 0.1193 0.9432 
3.2101 -0.5978 2.0601 0.1193 0.9432 
3.2101 -0.5902 2.0701 0.1669 0.9364 
3.2001 -0.5946 2.0501 0.1026 0.9215 
3.2101 -0.5978 2.0601 0.1193 0.9432 
3.2301 -0.5929 2.0701 0.1618 0.9989 
3.2101 -0.5902 2.0701 0.1669 0.9364 
3.2101 -0.5902 2.0701 0.1669 0.9364 
3.2301 -0.5929 2.0701 0.1618 0.9989 
3.2201 -0.5908 2.0901 0.2185 0.9483 
3.2001 -0.5909 2.0901 0.2148 0.8873 
3.1801 -0.5927 2.0801 0.1805 0.8332 
3.2101 -0.5902 2.0701 0.1669 0.9364 
3.2101 -0.5902 2.0701 0.1669 0.9364 
3.2201 -0.5908 2.0901 0.2185 0.9483 
3.2001 -0.5909 2.0901 0.2148 0.8873 
3.2401 -0.5860 2.1001 0.2617 1.0009 
3.2201 -0.5908 2.0901 0.2185 0.9483 
3.2301 -0.5929 2.0701 0.1618 0.9989 
3.2401 -0.5860 2.1001 0.2617 1.0009 
3.2301 -0.5961 2.1101 0.2527 0.9575 
3.2201 -0.5908 2.0901 0.2185 0.9483 
3.2201 -0.5908 2.0901 0.2185 0.9483 
3.2101 -0.5918 2.1201 0.2859 0.8927 
3.2001 -0.5909 2.0901 0.2148 0.8873 
3.2301 -0.5961 2.1101 0.2527 0.9575 
3.2301 -0.5963 2.1301 0.2981 0.9398 
3.2201 -0.5908 2.0901 0.2185 0.9483 
3.2201 -0.5908 2.0901 0.2185 0.9483 
3.2301 -0.5963 2.1301 0.2981 0.9398 
3.2101 -0.5918 2.1201 0.2859 0.8927 
3.2401 -0.5860 2.1001 0.2617 1.0009 
3.2301 -0.5963 2.1301 0.2981 0.9398 
3.2301 -0.5961 2.1101 0.2527 0.9575 
3.2101 -0.5918 2.1201 0.2859 0.8927 
3.2101 -0.5995 2.1301 0.2853 0.8830 
3.1801 -0.5908 2.1201 0.2843 0.8073 
3.2101 -0.5918 2.1201 0.2859 0.8927 
3.2201 -0.5993 2.1401 0.3095 0.9032 
3.2101 -0.5995 2.1301 0.2853 0.8830 
3.2101 -0.5918 2.1201 0.2859 0.8927 
3.2301 -0.5963 2.1301 0.2981 0.9398 
3.2201 -0.5993 2.1401 0.3095 0.9032 
3.2401 -0.5860 2.1001 0.2617 1.0009 
3.2401 -0.5899 2.1318 0.3232 0.9685 
3.2301 -0.5963 2.1301 0.2981 0.9398 
3.2001 -0.5926 2.1401 0.3265 0.8502 
3.2101 -0.5995 2.1301 0.2853 0.8830 
3.2201 -0.5993 2.1401 0.3095 0.9032 
3.2401 -0.5899 2.1318 0.3232 0.9685 
3.2501 -0.6028 2.1401 0.3035 0.9839 
3.2501 -0.5618 2.1501 0.4523 0.9901 
3.2201 -0.5993 2.1401 0.3095 0.9032 
3.2301 -0.5963 2.1301 0.2981 0.9398 
3.2301 -0.5169 2.1501 0.6035 0.9495 
3.2401 -0.5899 2.1318 0.3232 0.9685 
3.2301 -0.5169 2.1501 0.6035 0.9495 
3.2301 -0.5963 2.1301 0.2981 0.9398 
3.2401 -0.5146 2.1501 0.6136 0.9798 
3.2301 -0.5169 2.1501 0.6035 0.9495 
3.2401 -0.5899 2.1318 0.3232 0.9685 
3.2401 -0.5899 2.1318 0.3232 0.9685 
3.2501 -0.5618 2.1501 0.4523 0.9901 
3.2401 -0.5146 2.1501 0.6136 0.9798 
3.2201 -0.5586 2.1501 0.4579 0.9072 
3.2001 -0.5926 2.1401 0.3265 0.8502 
3.2201 -0.5993 2.1401 0.3095 0.9032 
3.2301 -0.5169 2.1501 0.6035 0.9495 
3.2201 -0.5586 2.1501 0.4579 0.9072 
3.2201 -0.5993 2.1401 0.3095 0.9032 
3.2001 -0.5910 2.1501 0.3523 0.8440 
3.2201 -0.5899 2.1528 0.3644 0.8963 
3.2289 -0.5899 2.1501 0.3603 0.9220 
3.2301 -0.5099 2.1582 0.6428 0.9447 
3.2201 -0.4999 2.1575 0.6767 0.9193 
3.1901 -0.5099 2.1594 0.6374 0.8278 
3.0101 -0.4799 2.1630 0.7196 0.3055 
3.0101 -0.5099 2.1632 0.6105 0.3164 
3.0301 -0.4999 2.1601 0.6447 0.3683 
3.0401 -0.4999 2.1601 0.6466 0.3967 
3.0401 -0.4999 2.1601 0.6466 0.3967 
3.0301 -0.4999 2.1601 0.6447 0.3683 
3.0401 -0.4999 2.1601 0.6466 0.3967 
3.0401 -0.4999 2.1601 0.6466 0.3967 
3.0401 -0.4999 2.1601 0.6466 0.3967 
3.0401 -0.4999 2.1601 0.6466 0.3967 
3.0401 -0.4899 2.1608 0.6845 0.3942 
3.0301 -0.4999 2.1601 0.6447 0.3683 
3.0401 -0.4999 2.1601 0.6466 0.3967 
3.0401 -0.4899 2.1608 0.6845 0.3942 
3.0401 -0.4999 2.1601 0.6466 0.3967 
3.0401 -0.4999 2.1601 0.6466 0.3967 
3.0501 -0.4999 2.1608 0.6496 0.4253 
3.0401 -0.4899 2.1608 0.6845 0.3942 
3.0101 -0.4799 2.1630 0.7196 0.3055 
2.9801 -0.4699 2.1676 0.7586 0.2182 
3.0101 -0.5099 2.1632 0.6105 0.3164 
3.0401 -0.4899 2.1608 0.6845 0.3942 
3.0101 -0.4799 2.1630 0.7196 0.3055 
3.0301 -0.4999 2.1601 0.6447 0.3683 
3.0101 -0.4699 2.1710 0.7694 0.3050 
3.0101 -0.4799 2.1630 0.7196 0.3055 
3.0201 -0.4699 2.1650 0.7627 0.3315 
3.0401 -0.4699 2.1615 0.7616 0.3888 
3.0201 -0.4699 2.1650 0.7627 0.3315 
3.0101 -0.4799 2.1630 0.7196 0.3055 
3.0401 -0.4899 2.1608 0.6845 0.3942 
3.0401 -0.4699 2.1615 0.7616 0.3888 
3.0101 -0.4799 2.1630 0.7196 0.3055 
3.0301 -0.4599 2.1608 0.7978 0.3560 
3.0201 -0.4699 2.1650 0.7627 0.3315 
3.0401 -0.4699 2.1615 0.7616 0.3888 
3.0501 -0.4599 2.1678 0.8117 0.4168 
3.0301 -0.4599 2.1608 0.7978 0.3560 
3.0401 -0.4699 2.1615 0.7616 0.3888 
3.0201 -0.4499 2.1681 0.8458 0.3255 
2.9901 -0.4499 2.1633 0.8332 0.2352 
2.9801 -0.4599 2.1679 0.7976 0.2136 
3.0201 -0.4499 2.1681 0.8458 0.3255 
3.0101 -0.4699 2.1710 0.7694 0.3050 
3.0201 -0.4699 2.1650 0.7627 0.3315 
3.0401 -0.4499 2.1683 0.8503 0.3847 
3.0201 -0.4499 2.1681 0.8458 0.3255 
3.0301 -0.4599 2.1608 0.7978 0.3560 
3.0301 -0.4599 2.1608 0.7978 0.3560 
3.0201 -0.4499 2.1681 0.8458 0.3255 
3.0201 -0.4699 2.1650 0.7627 0.3315 
3.0401 -0.4499 2.1683 0.8503 0.3847 
3.0301 -0.4599 2.1608 0.7978 0.3560 
3.0501 -0.4599 2.1678 0.8117 0.4168 
3.0101 -0.4699 2.1710 0.7694 0.3050 
2.9801 -0.4599 2.1679 0.7976 0.2136 
3.0101 -0.4799 2.1630 0.7196 0.3055 
2.9801 -0.4599 2.1679 0.7976 0.2136 
3.0101 -0.4699 2.1710 0.7694 0.3050 
3.0201 -0.4499 2.1681 0.8458 0.3255 
3.0901 -0.4899 2.1601 0.6930 0.5387 
3.0801 -0.4938 2.1601 0.6767 0.5102 
3.0901 -0.4899 2.1601 0.6930 0.5387 
3.0901 -0.4899 2.1601 0.6930 0.5387 
3.0901 -0.4899 2.1601 0.6930 0.5387 
3.0901 -0.4899 2.1601 0.6930 0.5387 
3.0901 -0.4899 2.1601 0.6930 0.5387 
3.0901 -0.4899 2.1601 0.6930 0.5387 
3.1001 -0.4866 2.1601 0.7073 0.5676 
3.0801 -0.4938 2.1601 0.6767 0.5102 
3.0401 -0.4899 2.1608 0.6845 0.3942 
3.0501 -0.4999 2.1608 0.6496 0.4253 
3.0901 -0.4899 2.1601 0.6930 0.5387 
3.0801 -0.4899 2.1604 0.6915 0.5097 
3.0801 -0.4938 2.1601 0.6767 0.5102 
3.0901 -0.4899 2.1601 0.6930 0.5387 
3.0801 -0.4938 2.1601 0.6767 0.5102 
3.1101 -0.5099 2.1623 0.6273 0.5974 
3.0701 -0.4799 2.1701 0.7420 0.4794 
3.0401 -0.4699 2.1615 0.7616 0.3888 
3.0801 -0.4938 2.1601 0.6767 0.5102 
3.0801 -0.4938 2.1601 0.6767 0.5102 
3.0401 -0.4699 2.1615 0.7616 0.3888 
3.0401 -0.4899 2.1608 0.6845 0.3942 
3.0801 -0.4899 2.1604 0.6915 0.5097 
3.0701 -0.4799 2.1701 0.7420 0.4794 
3.0801 -0.4938 2.1601 0.6767 0.5102 
3.0901 -0.4899 2.1601 0.6930 0.5387 
3.0801 -0.4899 2.1604 0.6915 0.5097 
3.0901 -0.4899 2.1601 0.6930 0.5387 
3.0901 -0.4899 2.1601 0.6930 0.5387 
3.0901 -0.4799 2.1692 0.7446 0.5370 
3.0801 -0.4899 2.1604 0.6915 0.5097 
3.1001 -0.4866 2.1601 0.7073 0.5676 
3.0901 -0.4799 2.1692 0.7446 0.5370 
3.0901 -0.4899 2.1601 0.6930 0.5387 
3.0501 -0.4599 2.1678 0.8117 0.4168 
3.0401 -0.4699 2.1615 0.7616 0.3888 
3.0701 -0.4799 2.1701 0.7420 0.4794 
3.0801 -0.4599 2.1610 0.8085 0.5052 
3.0701 -0.4799 2.1701 0.7420 0.4794 
3.0801 -0.4899 2.1604 0.6915 0.5097 
3.0901 -0.4799 2.1692 0.7446 0.5370 
3.0801 -0.4599 2.1610 0.8085 0.5052 
3.0801 -0.4899 2.1604 0.6915 0.5097 
3.1101 -0.4699 2.1627 0.7775 0.5956 
3.0901 -0.4799 2.1692 0.7446 0.5370 
3.1001 -0.4866 2.1601 0.7073 0.5676 
3.0701 -0.4799 2.1701 0.7420 0.4794 
3.0601 -0.4599 2.1614 0.8048 0.4454 
3.0501 -0.4599 2.1678 0.8117 0.4168 
3.0801 -0.4599 2.1610 0.8085 0.5052 
3.0601 -0.4599 2.1614 0.8048 0.4454 
3.0701 -0.4799 2.1701 0.7420 0.4794 
3.1101 -0.4699 2.1627 0.7775 0.5956 
3.0801 -0.4599 2.1610 0.8085 0.5052 
3.0901 -0.4799 2.1692 0.7446 0.5370 
3.0801 -0.4599 2.1610 0.8085 0.5052 
3.0801 -0.4499 2.1622 0.8507 0.5037 
3.0601 -0.4599 2.1614 0.8048 0.4454 
3.1001 -0.4499 2.1616 0.8540 0.5644 
3.0801 -0.4499 2.1622 0.8507 0.5037 
3.0801 -0.4599 2.1610 0.8085 0.5052 
3.0801 -0.4599 2.1610 0.8085 0.5052 
3.1101 -0.4699 2.1627 0.7775 0.5956 
3.1001 -0.4499 2.1616 0.8540 0.5644 
3.0201 -0.4499 2.1681 0.8458 0.3255 
3.0001 -0.4399 2.1624 0.8751 0.2597 
2.9901 -0.4499 2.1633 0.8332 0.2352 
3.0301 -0.4399 2.1654 0.8853 0.3509 
3.0001 -0.4399 2.1624 0.8751 0.2597 
3.0201 -0.4499 2.1681 0.8458 0.3255 
3.0201 -0.4499 2.1681 0.8458 0.3255 
3.0401 -0.4499 2.1683 0.8503 0.3847 
3.0301 -0.4399 2.1654 0.8853 0.3509 
3.0601 -0.4599 2.1614 0.8048 0.4454 
3.0401 -0.4499 2.1683 0.8503 0.3847 
3.0501 -0.4599 2.1678 0.8117 0.4168 
3.0301 -0.4399 2.1654 0.8853 0.3509 
3.0001 -0.4199 2.1677 0.9660 0.2535 
3.0001 -0.4399 2.1624 0.8751 0.2597 
3.0401 -0.4199 2.1630 0.9698 0.3741 
3.0401 -0.4499 2.1683 0.8503 0.3847 
3.0601 -0.4599 2.1614 0.8048 0.4454 
3.0201 -0.4199 2.1698 0.9728 0.3150 
3.0101 -0.4199 2.1633 0.9634 0.2816 
3.0301 -0.4399 2.1654 0.8853 0.3509 
3.0301 -0.4399 2.1654 0.8853 0.3509 
3.0101 -0.4199 2.1633 0.9634 0.2816 
3.0001 -0.4199 2.1677 0.9660 0.2535 
3.0801 -0.4499 2.1622 0.8507 0.5037 
3.0701 -0.4399 2.1644 0.8926 0.4717 
3.0601 -0.4599 2.1614 0.8048 0.4454 
3.0801 -0.4399 2.1701 0.9018 0.5021 
3.0801 -0.4399 2.1701 0.9018 0.5021 
3.0701 -0.4399 2.1644 0.8926 0.4717 
3.0801 -0.4399 2.1701 0.9018 0.5021 
3.0701 -0.4399 2.1644 0.8926 0.4717 
3.0801 -0.4499 2.1622 0.8507 0.5037 
3.0801 -0.4399 2.1701 0.9018 0.5021 
3.0801 -0.4399 2.1701 0.9018 0.5021 
3.0801 -0.4499 2.1622 0.8507 0.5037 
3.0901 -0.4399 2.1701 0.9040 0.5323 
3.0801 -0.4399 2.1701 0.9018 0.5021 
3.0801 -0.4499 2.1622 0.8507 0.5037 
3.0901 -0.4399 2.1701 0.9040 0.5323 
3.0801 -0.4499 2.1622 0.8507 0.5037 
3.1001 -0.4499 2.1616 0.8540 0.5644 
3.0601 -0.4199 2.1665 0.9783 0.4368 
3.0401 -0.4199 2.1630 0.9698 0.3741 
3.0701 -0.4399 2.1644 0.8926 0.4717 
3.0701 -0.4399 2.1644 0.8926 0.4717 
3.0401 -0.4199 2.1630 0.9698 0.3741 
3.0601 -0.4599 2.1614 0.8048 0.4454 
3.0801 -0.4299 2.1723 0.9462 0.5006 
3.0601 -0.4199 2.1665 0.9783 0.4368 
3.0701 -0.4399 2.1644 0.8926 0.4717 
3.0701 -0.4399 2.1644 0.8926 0.4717 
3.0801 -0.4399 2.1701 0.9018 0.5021 
3.0801 -0.4299 2.1723 0.9462 0.5006 
3.0901 -0.4399 2.1701 0.9040 0.5323 
3.0901 -0.4299 2.1608 0.9351 0.5316 
3.0820 -0.4299 2.1701 0.9441 0.5064 
3.0801 -0.4399 2.1701 0.9018 0.5021 
3.0901 -0.4399 2.1701 0.9040 0.5323 
3.0820 -0.4299 2.1701 0.9441 0.5064 
3.0801 -0.4199 2.1650 0.9811 0.4989 
3.0601 -0.4199 2.1665 0.9783 0.4368 
3.0801 -0.4299 2.1723 0.9462 0.5006 
3.0901 -0.4299 2.1608 0.9351 0.5316 
3.0801 -0.4199 2.1650 0.9811 0.4989 
3.0820 -0.4299 2.1701 0.9441 0.5064 
3.0801 -0.4399 2.1701 0.9018 0.5021 
3.0801 -0.4399 2.1701 0.9018 0.5021 
3.0801 -0.4399 2.1701 0.9018 0.5021 
3.0801 -0.4399 2.1701 0.9018 0.5021 
3.0801 -0.4399 2.1701 0.9018 0.5021 
3.0801 -0.4399 2.1701 0.9018 0.5021 
3.0801 -0.4299 2.1723 0.9462 0.5006 
3.0801 -0.4399 2.1701 0.9018 0.5021 
3.0801 -0.4399 2.1701 0.9018 0.5021 
3.0820 -0.4299 2.1701 0.9441 0.5064 
3.0801 -0.4399 2.1701 0.9018 0.5021 
3.0801 -0.4399 2.1701 0.9018 0.5021 
3.0801 -0.4299 2.1723 0.9462 0.5006 
3.0801 -0.4399 2.1701 0.9018 0.5021 
3.0820 -0.4299 2.1701 0.9441 0.5064 
3.0801 -0.4199 2.1650 0.9811 0.4989 
3.0801 -0.4299 2.1723 0.9462 0.5006 
3.0820 -0.4299 2.1701 0.9441 0.5064 
3.1201 -0.4899 2.1573 0.6944 0.6269 
3.0901 -0.4899 2.1601 0.6930 0.5387 
3.1101 -0.5099 2.1623 0.6273 0.5974 
3.1501 -0.4899 2.1586 0.7022 0.7147 
3.1201 -0.4899 2.1573 0.6944 0.6269 
3.1101 -0.5099 2.1623 0.6273 0.5974 
3.0901 -0.4899 2.1601 0.6930 0.5387 
3.1201 -0.4899 2.1573 0.6944 0.6269 
3.1001 -0.4866 2.1601 0.7073 0.5676 
3.1001 -0.4866 2.1601 0.7073 0.5676 
3.1201 -0.4899 2.1573 0.6944 0.6269 
3.1201 -0.4699 2.1685 0.7878 0.6238 
3.1401 -0.4699 2.1631 0.7841 0.6847 
3.1201 -0.4899 2.1573 0.6944 0.6269 
3.1501 -0.4899 2.1586 0.7022 0.7147 
3.1201 -0.4699 2.1685 0.7878 0.6238 
3.1201 -0.4899 2.1573 0.6944 0.6269 
3.1401 -0.4699 2.1631 0.7841 0.6847 
3.1401 -0.4699 2.1631 0.7841 0.6847 
3.1501 -0.4899 2.1586 0.7022 0.7147 
3.1501 -0.4799 2.1639 0.7486 0.7133 
3.1201 -0.4699 2.1685 0.7878 0.6238 
3.1101 -0.4699 2.1627 0.7775 0.5956 
3.1001 -0.4866 2.1601 0.7073 0.5676 
3.1501 -0.4799 2.1639 0.7486 0.7133 
3.1401 -0.4499 2.1607 0.8615 0.6868 
3.1401 -0.4699 2.1631 0.7841 0.6847 
3.1001 -0.4499 2.1616 0.8540 0.5644 
3.1201 -0.4699 2.1685 0.7878 0.6238 
3.1301 -0.4599 2.1642 0.8233 0.6548 
3.1001 -0.4499 2.1616 0.8540 0.5644 
3.1101 -0.4699 2.1627 0.7775 0.5956 
3.1201 -0.4699 2.1685 0.7878 0.6238 
3.1401 -0.4499 2.1607 0.8615 0.6868 
3.1301 -0.4599 2.1642 0.8233 0.6548 
3.1401 -0.4699 2.1631 0.7841 0.6847 
3.1401 -0.4699 2.1631 0.7841 0.6847 
3.1301 -0.4599 2.1642 0.8233 0.6548 
3.1201 -0.4699 2.1685 0.7878 0.6238 
3.2001 -0.4899 2.1579 0.7110 0.8629 
3.1501 -0.4899 2.1586 0.7022 0.7147 
3.1601 -0.5099 2.1593 0.6315 0.7414 
3.2001 -0.4499 2.1601 0.8736 0.8721 
3.2001 -0.4499 2.1601 0.8736 0.8721 
3.1901 -0.4542 2.1601 0.8535 0.8401 
3.2001 -0.4899 2.1579 0.7110 0.8629 
3.1501 -0.4799 2.1639 0.7486 0.7133 
3.1501 -0.4899 2.1586 0.7022 0.7147 
3.1801 -0.4799 2.1689 0.7618 0.7988 
3.1501 -0.4799 2.1639 0.7486 0.7133 
3.2001 -0.4899 2.1579 0.7110 0.8629 
3.1901 -0.4799 2.1654 0.7587 0.8304 
3.1801 -0.4799 2.1689 0.7618 0.7988 
3.2001 -0.4899 2.1579 0.7110 0.8629 
3.2001 -0.4799 2.1697 0.7669 0.8568 
3.1901 -0.4799 2.1654 0.7587 0.8304 
3.2001 -0.4899 2.1579 0.7110 0.8629 
3.1801 -0.4799 2.1689 0.7618 0.7988 
3.1401 -0.4499 2.1607 0.8615 0.6868 
3.1501 -0.4799 2.1639 0.7486 0.7133 
3.2001 -0.4699 2.1663 0.8009 0.8619 
3.1901 -0.4799 2.1654 0.7587 0.8304 
3.2001 -0.4799 2.1697 0.7669 0.8568 
3.1701 -0.4499 2.1625 0.8703 0.7780 
3.1401 -0.4499 2.1607 0.8615 0.6868 
3.1801 -0.4799 2.1689 0.7618 0.7988 
3.1801 -0.4599 2.1622 0.8310 0.8068 
3.1701 -0.4499 2.1625 0.8703 0.7780 
3.1801 -0.4799 2.1689 0.7618 0.7988 
3.1901 -0.4542 2.1601 0.8535 0.8401 
3.1801 -0.4599 2.1622 0.8310 0.8068 
3.1901 -0.4799 2.1654 0.7587 0.8304 
3.1901 -0.4799 2.1654 0.7587 0.8304 
3.1801 -0.4599 2.1622 0.8310 0.8068 
3.1801 -0.4799 2.1689 0.7618 0.7988 
3.2101 -0.4599 2.1618 0.8368 0.8985 
3.1901 -0.4542 2.1601 0.8535 0.8401 
3.2001 -0.4699 2.1663 0.8009 0.8619 
3.2001 -0.4699 2.1663 0.8009 0.8619 
3.1901 -0.4542 2.1601 0.8535 0.8401 
3.1901 -0.4799 2.1654 0.7587 0.8304 
3.1801 -0.4499 2.1782 0.8920 0.7987 
3.1701 -0.4499 2.1625 0.8703 0.7780 
3.1801 -0.4599 2.1622 0.8310 0.8068 
3.1901 -0.4542 2.1601 0.8535 0.8401 
3.1801 -0.4499 2.1782 0.8920 0.7987 
3.1801 -0.4599 2.1622 0.8310 0.8068 
3.1901 -0.4542 2.1601 0.8535 0.8401 
3.2101 -0.4599 2.1618 0.8368 0.8985 
3.2001 -0.4499 2.1601 0.8736 0.8721 
3.1401 -0.4399 2.1557 0.8971 0.6895 
3.1301 -0.4399 2.1604 0.9007 0.6566 
3.1401 -0.4499 2.1607 0.8615 0.6868 
3.1601 -0.4399 2.1596 0.9064 0.7502 
3.1401 -0.4399 2.1557 0.8971 0.6895 
3.1401 -0.4499 2.1607 0.8615 0.6868 
3.0901 -0.4399 2.1701 0.9040 0.5323 
3.1201 -0.4299 2.1563 0.9365 0.6266 
3.0901 -0.4299 2.1608 0.9351 0.5316 
3.0901 -0.4399 2.1701 0.9040 0.5323 
3.1301 -0.4399 2.1604 0.9007 0.6566 
3.1201 -0.4299 2.1563 0.9365 0.6266 
3.0901 -0.4299 2.1608 0.9351 0.5316 
3.1201 -0.4299 2.1563 0.9365 0.6266 
3.1101 -0.4199 2.1607 0.9833 0.5936 
3.1301 -0.4399 2.1604 0.9007 0.6566 
3.0901 -0.4399 2.1701 0.9040 0.5323 
3.1001 -0.4499 2.1616 0.8540 0.5644 
3.1301 -0.4399 2.1604 0.9007 0.6566 
3.1001 -0.4499 2.1616 0.8540 0.5644 
3.1301 -0.4599 2.1642 0.8233 0.6548 
3.1301 -0.4399 2.1604 0.9007 0.6566 
3.1301 -0.4599 2.1642 0.8233 0.6548 
3.1401 -0.4499 2.1607 0.8615 0.6868 
3.1201 -0.4299 2.1563 0.9365 0.6266 
3.1301 -0.4399 2.1604 0.9007 0.6566 
3.1301 -0.4199 2.1658 0.9934 0.6553 
3.1401 -0.4399 2.1557 0.8971 0.6895 
3.1301 -0.4199 2.1658 0.9934 0.6553 
3.1301 -0.4399 2.1604 0.9007 0.6566 
3.1501 -0.4199 2.1667 0.9989 0.7177 
3.1401 -0.4399 2.1557 0.8971 0.6895 
3.1601 -0.4399 2.1596 0.9064 0.7502 
3.1101 -0.4199 2.1607 0.9833 0.5936 
3.1201 -0.4199 2.1701 0.9956 0.6227 
3.1201 -0.4199 2.1701 0.9956 0.6227 
3.1101 -0.4199 2.1607 0.9833 0.5936 
3.1201 -0.4299 2.1563 0.9365 0.6266 
3.1201 -0.4199 2.1701 0.9956 0.6227 
3.1201 -0.4299 2.1563 0.9365 0.6266 
3.1301 -0.4199 2.1658 0.9934 0.6553 
3.1201 -0.4199 2.1701 0.9956 0.6227 
3.1201 -0.4199 2.1701 0.9956 0.6227 
3.1301 -0.4199 2.1658 0.9934 0.6553 
3.1201 -0.4199 2.1701 0.9956 0.6227 
3.1401 -0.4199 2.1619 0.9915 0.6883 
3.1301 -0.4199 2.1658 0.9934 0.6553 
3.1401 -0.4399 2.1557 0.8971 0.6895 
3.1501 -0.4199 2.1667 0.9989 0.7177 
3.1401 -0.4199 2.1619 0.9915 0.6883 
3.1401 -0.4399 2.1557 0.8971 0.6895 
3.1201 -0.4199 2.1701 0.9956 0.6227 
3.1101 -0.4156 2.1601 1.0019 0.5935 
3.1101 -0.4199 2.1607 0.9833 0.5936 
3.1201 -0.4199 2.1701 0.9956 0.6227 
3.1201 -0.4199 2.1701 0.9956 0.6227 
3.1101 -0.4156 2.1601 1.0019 0.5935 
3.1301 -0.4199 2.1658 0.9934 0.6553 
3.1201 -0.4199 2.1701 0.9956 0.6227 
3.1201 -0.4199 2.1701 0.9956 0.6227 
3.1201 -0.4199 2.1701 0.9956 0.6227 
3.1201 -0.4199 2.1701 0.9956 0.6227 
3.1201 -0.4199 2.1701 0.9956 0.6227 
3.1201 -0.4199 2.1701 0.9956 0.6227 
3.1201 -0.4199 2.1701 0.9956 0.6227 
3.1201 -0.4199 2.1701 0.9956 0.6227 
3.1201 -0.4199 2.1701 0.9956 0.6227 
3.1201 -0.4199 2.1701 0.9956 0.6227 
3.1201 -0.4199 2.1701 0.9956 0.6227 
3.1201 -0.4199 2.1701 0.9956 0.6227 
3.1201 -0.4199 2.1701 0.9956 0.6227 
3.1201 -0.4199 2.1701 0.9956 0.6227 
3.2001 -0.4499 2.1601 0.8736 0.8721 
3.1901 -0.4399 2.1581 0.9111 0.8452 
3.2001 -0.4499 2.1601 0.8736 0.8721 
3.2001 -0.4499 2.1601 0.8736 0.8721 
3.1901 -0.4399 2.1581 0.9111 0.8452 
3.1901 -0.4542 2.1601 0.8535 0.8401 
3.1901 -0.4299 2.1655 0.9629 0.8422 
3.1901 -0.4399 2.1581 0.9111 0.8452 
3.2101 -0.4199 2.1559 1.0014 0.9171 
3.1401 -0.4499 2.1607 0.8615 0.6868 
3.1701 -0.4499 2.1625 0.8703 0.7780 
3.1601 -0.4399 2.1596 0.9064 0.7502 
3.1601 -0.4399 2.1596 0.9064 0.7502 
3.1701 -0.4499 2.1625 0.8703 0.7780 
3.1801 -0.4399 2.1635 0.9155 0.8102 
3.1801 -0.4499 2.1782 0.8920 0.7987 
3.1801 -0.4399 2.1635 0.9155 0.8102 
3.1701 -0.4499 2.1625 0.8703 0.7780 
3.1801 -0.4399 2.1635 0.9155 0.8102 
3.1801 -0.4499 2.1782 0.8920 0.7987 
3.1901 -0.4399 2.1581 0.9111 0.8452 
3.1801 -0.4499 2.1782 0.8920 0.7987 
3.1901 -0.4542 2.1601 0.8535 0.8401 
3.1901 -0.4399 2.1581 0.9111 0.8452 
3.1901 -0.4399 2.1581 0.9111 0.8452 
3.1901 -0.4299 2.1655 0.9629 0.8422 
3.1801 -0.4399 2.1635 0.9155 0.8102 
3.2001 -0.4899 2.1579 0.7110 0.8629 
3.2201 -0.4999 2.1575 0.6767 0.9193 
3.2101 -0.4844 2.1601 0.7374 0.8924 
3.2301 -0.4799 2.1621 0.7619 0.9518 
3.2201 -0.4999 2.1575 0.6767 0.9193 
3.2401 -0.4699 2.1616 0.8025 0.9864 
3.2301 -0.4799 2.1621 0.7619 0.9518 
3.2401 -0.4699 2.1616 0.8025 0.9864 
3.2201 -0.4599 2.1580 0.8337 0.9326 
3.2001 -0.4499 2.1601 0.8736 0.8721 
3.2001 -0.4499 2.1601 0.8736 0.8721 
3.2001 -0.4499 2.1601 0.8736 0.8721 
3.2101 -0.4844 2.1601 0.7374 0.8924 
3.2001 -0.4799 2.1697 0.7669 0.8568 
3.2001 -0.4899 2.1579 0.7110 0.8629 
3.2301 -0.4799 2.1621 0.7619 0.9518 
3.2101 -0.4844 2.1601 0.7374 0.8924 
3.2201 -0.4999 2.1575 0.6767 0.9193 
3.2101 -0.4844 2.1601 0.7374 0.8924 
3.2001 -0.4699 2.1663 0.8009 0.8619 
3.2001 -0.4799 2.1697 0.7669 0.8568 
3.2301 -0.4799 2.1621 0.7619 0.9518 
3.2001 -0.4699 2.1663 0.8009 0.8619 
3.2101 -0.4844 2.1601 0.7374 0.8924 
3.2101 -0.4599 2.1618 0.8368 0.8985 
3.2301 -0.4799 2.1621 0.7619 0.9518 
3.2201 -0.4599 2.1580 0.8337 0.9326 
3.2101 -0.4599 2.1618 0.8368 0.8985 
3.2001 -0.4699 2.1663 0.8009 0.8619 
3.2301 -0.4799 2.1621 0.7619 0.9518 
3.2201 -0.4599 2.1580 0.8337 0.9326 
3.2401 -0.4699 2.1616 0.8025 0.9864 
3.2301 -0.4599 2.1634 0.8431 0.9581 
3.2401 -0.4699 2.1616 0.8025 0.9864 
3.2401 -0.4599 2.1691 0.8528 0.9828 
3.2301 -0.4599 2.1634 0.8431 0.9581 
3.2001 -0.4499 2.1601 0.8736 0.8721 
3.2101 -0.4499 2.1678 0.8855 0.8966 
3.2001 -0.4499 2.1601 0.8736 0.8721 
3.2001 -0.4499 2.1601 0.8736 0.8721 
3.2101 -0.4599 2.1618 0.8368 0.8985 
3.2101 -0.4499 2.1678 0.8855 0.8966 
3.2201 -0.4599 2.1580 0.8337 0.9326 
3.2101 -0.4499 2.1678 0.8855 0.8966 
3.2101 -0.4599 2.1618 0.8368 0.8985 
3.2201 -0.4599 2.1580 0.8337 0.9326 
3.2301 -0.4599 2.1634 0.8431 0.9581 
3.2101 -0.4499 2.1678 0.8855 0.8966 
3.2001 -0.4499 2.1601 0.8736 0.8721 
3.2101 -0.4399 2.1596 0.9174 0.9069 
3.2001 -0.4499 2.1601 0.8736 0.8721 
3.2001 -0.4499 2.1601 0.8736 0.8721 
3.2001 -0.4499 2.1601 0.8736 0.8721 
3.2101 -0.4399 2.1596 0.9174 0.9069 
3.2101 -0.4399 2.1596 0.9174 0.9069 
3.1901 -0.4399 2.1581 0.9111 0.8452 
3.2001 -0.4499 2.1601 0.8736 0.8721 
3.2101 -0.4399 2.1596 0.9174 0.9069 
3.2001 -0.4499 2.1601 0.8736 0.8721 
3.2101 -0.4499 2.1678 0.8855 0.8966 
3.2301 -0.4299 2.1614 0.9674 0.9721 
3.2101 -0.4499 2.1678 0.8855 0.8966 
3.2301 -0.4599 2.1634 0.8431 0.9581 
3.2101 -0.4199 2.1559 1.0014 0.9171 
3.1901 -0.4399 2.1581 0.9111 0.8452 
3.2101 -0.4399 2.1596 0.9174 0.9069 
3.2101 -0.4399 2.1596 0.9174 0.9069 
3.2101 -0.4499 2.1678 0.8855 0.8966 
3.2301 -0.4299 2.1614 0.9674 0.9721 
