NUMPOLLIES 199.000000 

3.0001 -0.2499 2.1677 0.0750 0.1108 
3.0001 -0.2199 2.1617 0.2186 0.1048 
2.9901 -0.2399 2.1663 0.1055 0.0735 
2.9801 -0.1999 2.1676 0.3287 0.0543 
2.9801 -0.2199 2.1812 0.2094 0.0621 
2.9901 -0.2099 2.1684 0.2727 0.0776 
2.9801 -0.1999 2.1676 0.3287 0.0543 
2.9901 -0.2099 2.1684 0.2727 0.0776 
2.9901 -0.1899 2.1605 0.3959 0.0703 
2.9901 -0.2499 2.1822 0.0758 0.0910 
3.0001 -0.2499 2.1677 0.0750 0.1108 
2.9901 -0.2399 2.1663 0.1055 0.0735 
2.9901 -0.2099 2.1684 0.2727 0.0776 
2.9801 -0.2199 2.1812 0.2094 0.0621 
2.9901 -0.2199 2.1824 0.2121 0.0929 
2.9901 -0.2199 2.1824 0.2121 0.0929 
3.0001 -0.2199 2.1617 0.2186 0.1048 
2.9901 -0.2099 2.1684 0.2727 0.0776 
2.9901 -0.1899 2.1605 0.3959 0.0703 
2.9801 -0.1904 2.1701 0.3826 0.0558 
2.9801 -0.1999 2.1676 0.3287 0.0543 
2.9801 -0.1904 2.1701 0.3826 0.0558 
2.9901 -0.1899 2.1605 0.3959 0.0703 
2.9901 -0.1799 2.1641 0.4517 0.0746 
3.0101 -0.0999 2.1610 0.9109 0.1472 
2.9801 -0.0999 2.1668 0.8887 0.0572 
3.0101 -0.1099 2.1601 0.8590 0.1460 
3.0201 -0.2499 2.1621 0.0760 0.1883 
3.0101 -0.2299 2.1616 0.1632 0.1449 
3.0001 -0.2499 2.1677 0.0750 0.1108 
3.0201 -0.2499 2.1621 0.0760 0.1883 
3.0301 -0.2199 2.1595 0.2284 0.2289 
3.0101 -0.2299 2.1616 0.1632 0.1449 
3.0201 -0.2499 2.1621 0.0760 0.1883 
3.0301 -0.2399 2.1606 0.1145 0.2307 
3.0301 -0.2199 2.1595 0.2284 0.2289 
3.0401 -0.2299 2.1608 0.1721 0.2747 
3.0301 -0.2199 2.1595 0.2284 0.2289 
3.0301 -0.2399 2.1606 0.1145 0.2307 
3.0201 -0.2499 2.1621 0.0760 0.1883 
3.0401 -0.2499 2.1641 0.0783 0.2787 
3.0301 -0.2399 2.1606 0.1145 0.2307 
3.0501 -0.2499 2.1713 0.0807 0.3277 
3.0501 -0.2399 2.1580 0.1193 0.3183 
3.0401 -0.2499 2.1641 0.0783 0.2787 
3.0501 -0.2399 2.1580 0.1193 0.3183 
3.0410 -0.2399 2.1801 0.1202 0.2936 
3.0401 -0.2499 2.1641 0.0783 0.2787 
3.0101 -0.2299 2.1616 0.1632 0.1449 
3.0001 -0.2199 2.1617 0.2186 0.1048 
3.0001 -0.2499 2.1677 0.0750 0.1108 
3.0501 -0.2399 2.1580 0.1193 0.3183 
3.0401 -0.2299 2.1608 0.1721 0.2747 
3.0410 -0.2399 2.1801 0.1202 0.2936 
3.0101 -0.2099 2.1637 0.2807 0.1478 
2.9901 -0.2099 2.1684 0.2727 0.0776 
3.0101 -0.2299 2.1616 0.1632 0.1449 
3.0101 -0.2299 2.1616 0.1632 0.1449 
2.9901 -0.2099 2.1684 0.2727 0.0776 
3.0001 -0.2199 2.1617 0.2186 0.1048 
3.0301 -0.2199 2.1595 0.2284 0.2289 
3.0201 -0.2099 2.1821 0.2765 0.2081 
3.0101 -0.2099 2.1637 0.2807 0.1478 
3.0301 -0.2199 2.1595 0.2284 0.2289 
3.0101 -0.2099 2.1637 0.2807 0.1478 
3.0101 -0.2299 2.1616 0.1632 0.1449 
3.0201 -0.1999 2.1649 0.3425 0.1910 
2.9901 -0.1899 2.1605 0.3959 0.0703 
3.0101 -0.2099 2.1637 0.2807 0.1478 
3.0101 -0.2099 2.1637 0.2807 0.1478 
2.9901 -0.1899 2.1605 0.3959 0.0703 
2.9901 -0.2099 2.1684 0.2727 0.0776 
3.0401 -0.1999 2.1570 0.3539 0.2697 
3.0201 -0.1999 2.1649 0.3425 0.1910 
3.0301 -0.2099 2.1834 0.2789 0.2495 
3.0401 -0.1999 2.1570 0.3539 0.2697 
3.0301 -0.2099 2.1834 0.2789 0.2495 
3.0401 -0.2099 2.1850 0.2812 0.2911 
3.0601 -0.1999 2.1677 0.3530 0.3631 
3.0401 -0.1999 2.1570 0.3539 0.2697 
3.0601 -0.2099 2.1629 0.2965 0.3621 
3.0601 -0.2099 2.1629 0.2965 0.3621 
3.0401 -0.1999 2.1570 0.3539 0.2697 
3.0401 -0.2099 2.1850 0.2812 0.2911 
3.0301 -0.2399 2.1606 0.1145 0.2307 
3.0401 -0.2499 2.1641 0.0783 0.2787 
3.0410 -0.2399 2.1801 0.1202 0.2936 
3.0301 -0.2399 2.1606 0.1145 0.2307 
3.0410 -0.2399 2.1801 0.1202 0.2936 
3.0401 -0.2299 2.1608 0.1721 0.2747 
3.0401 -0.2299 2.1608 0.1721 0.2747 
3.0301 -0.2099 2.1834 0.2789 0.2495 
3.0301 -0.2199 2.1595 0.2284 0.2289 
3.0401 -0.2299 2.1608 0.1721 0.2747 
3.0601 -0.2199 2.1845 0.2318 0.3731 
3.0301 -0.2099 2.1834 0.2789 0.2495 
3.0301 -0.2199 2.1595 0.2284 0.2289 
3.0301 -0.2099 2.1834 0.2789 0.2495 
3.0201 -0.2099 2.1821 0.2765 0.2081 
3.0601 -0.2099 2.1629 0.2965 0.3621 
3.0401 -0.2099 2.1850 0.2812 0.2911 
3.0601 -0.2199 2.1845 0.2318 0.3731 
3.0101 -0.2099 2.1637 0.2807 0.1478 
3.0201 -0.2099 2.1821 0.2765 0.2081 
3.0201 -0.1999 2.1649 0.3425 0.1910 
3.0201 -0.1999 2.1649 0.3425 0.1910 
3.0201 -0.2099 2.1821 0.2765 0.2081 
3.0301 -0.2099 2.1834 0.2789 0.2495 
3.0401 -0.2099 2.1850 0.2812 0.2911 
3.0301 -0.2099 2.1834 0.2789 0.2495 
3.0601 -0.2199 2.1845 0.2318 0.3731 
3.0501 -0.2399 2.1580 0.1193 0.3183 
3.0701 -0.2399 2.1657 0.1258 0.4116 
3.0601 -0.2299 2.1568 0.1783 0.3617 
3.0701 -0.2399 2.1657 0.1258 0.4116 
3.0701 -0.2199 2.1575 0.2414 0.4056 
3.0601 -0.2299 2.1568 0.1783 0.3617 
3.0801 -0.2199 2.1559 0.2450 0.4502 
3.0701 -0.2199 2.1575 0.2414 0.4056 
3.0701 -0.2399 2.1657 0.1258 0.4116 
3.1001 -0.2099 2.1556 0.3127 0.5381 
3.0801 -0.2199 2.1559 0.2450 0.4502 
3.1101 -0.2399 2.1552 0.1357 0.5921 
3.1101 -0.2399 2.1552 0.1357 0.5921 
3.0801 -0.2199 2.1559 0.2450 0.4502 
3.0901 -0.2399 2.1639 0.1310 0.5002 
3.1001 -0.2099 2.1556 0.3127 0.5381 
3.0801 -0.1999 2.1647 0.3610 0.4481 
3.0801 -0.2199 2.1559 0.2450 0.4502 
3.0501 -0.2399 2.1580 0.1193 0.3183 
3.0501 -0.2499 2.1713 0.0807 0.3277 
3.0701 -0.2399 2.1657 0.1258 0.4116 
3.0601 -0.2299 2.1568 0.1783 0.3617 
3.0401 -0.2299 2.1608 0.1721 0.2747 
3.0501 -0.2399 2.1580 0.1193 0.3183 
3.0801 -0.2199 2.1559 0.2450 0.4502 
3.0701 -0.2399 2.1657 0.1258 0.4116 
3.0801 -0.2399 2.1688 0.1289 0.4564 
3.0801 -0.2199 2.1559 0.2450 0.4502 
3.0801 -0.2399 2.1688 0.1289 0.4564 
3.0901 -0.2399 2.1639 0.1310 0.5002 
3.0401 -0.2299 2.1608 0.1721 0.2747 
3.0601 -0.2299 2.1568 0.1783 0.3617 
3.0601 -0.2199 2.1845 0.2318 0.3731 
3.0601 -0.2299 2.1568 0.1783 0.3617 
3.0701 -0.2199 2.1575 0.2414 0.4056 
3.0601 -0.2199 2.1845 0.2318 0.3731 
3.0801 -0.1999 2.1647 0.3610 0.4481 
3.0701 -0.2199 2.1575 0.2414 0.4056 
3.0801 -0.2199 2.1559 0.2450 0.4502 
3.0701 -0.1999 2.1594 0.3616 0.4031 
3.0601 -0.2099 2.1629 0.2965 0.3621 
3.0701 -0.2199 2.1575 0.2414 0.4056 
3.0601 -0.1999 2.1677 0.3530 0.3631 
3.0601 -0.2099 2.1629 0.2965 0.3621 
3.0701 -0.1999 2.1594 0.3616 0.4031 
3.0701 -0.1999 2.1594 0.3616 0.4031 
3.0701 -0.2199 2.1575 0.2414 0.4056 
3.0801 -0.1999 2.1647 0.3610 0.4481 
3.0601 -0.2199 2.1845 0.2318 0.3731 
3.0701 -0.2199 2.1575 0.2414 0.4056 
3.0601 -0.2099 2.1629 0.2965 0.3621 
3.1801 -0.2599 2.1602 0.0738 0.9169 
3.1901 -0.2599 2.1616 0.0743 0.9603 
3.1901 -0.2499 2.1780 0.1093 0.9297 
3.1701 -0.2499 2.1558 0.1005 0.8721 
3.1701 -0.2599 2.1818 0.0748 0.8446 
3.1801 -0.2599 2.1602 0.0738 0.9169 
3.1801 -0.2599 2.1602 0.0738 0.9169 
3.1901 -0.2499 2.1780 0.1093 0.9297 
3.1701 -0.2499 2.1558 0.1005 0.8721 
3.1101 -0.2399 2.1552 0.1357 0.5921 
3.0901 -0.2399 2.1639 0.1310 0.5002 
3.1101 -0.2499 2.1565 0.0878 0.5947 
3.1101 -0.2499 2.1565 0.0878 0.5947 
3.1401 -0.2499 2.1601 0.0946 0.7300 
3.1101 -0.2399 2.1552 0.1357 0.5921 
3.1101 -0.2399 2.1552 0.1357 0.5921 
3.1401 -0.2499 2.1601 0.0946 0.7300 
3.1501 -0.2399 2.1565 0.1474 0.7746 
3.1401 -0.2199 2.1547 0.2644 0.7224 
3.1201 -0.2299 2.1555 0.1970 0.6345 
3.1101 -0.2399 2.1552 0.1357 0.5921 
3.1501 -0.2399 2.1565 0.1474 0.7746 
3.1401 -0.2199 2.1547 0.2644 0.7224 
3.1101 -0.2399 2.1552 0.1357 0.5921 
3.1101 -0.2199 2.1559 0.2545 0.5859 
3.1001 -0.2099 2.1556 0.3127 0.5381 
3.1101 -0.2399 2.1552 0.1357 0.5921 
3.1201 -0.2299 2.1555 0.1970 0.6345 
3.1101 -0.2199 2.1559 0.2545 0.5859 
3.1101 -0.2399 2.1552 0.1357 0.5921 
3.1301 -0.2199 2.1599 0.2595 0.6738 
3.1201 -0.2299 2.1555 0.1970 0.6345 
3.1401 -0.2199 2.1547 0.2644 0.7224 
3.1401 -0.2199 2.1547 0.2644 0.7224 
3.1401 -0.1999 2.1678 0.3771 0.7052 
3.1201 -0.2099 2.1593 0.3170 0.6263 
3.1401 -0.2199 2.1547 0.2644 0.7224 
3.1201 -0.2099 2.1593 0.3170 0.6263 
3.1301 -0.2199 2.1599 0.2595 0.6738 
3.1401 -0.1999 2.1678 0.3771 0.7052 
3.1401 -0.2199 2.1547 0.2644 0.7224 
3.1601 -0.2099 2.1562 0.3314 0.8069 
3.1101 -0.1999 2.1579 0.3752 0.5795 
3.0801 -0.1899 2.1586 0.4254 0.4450 
3.1101 -0.2199 2.1559 0.2545 0.5859 
3.1101 -0.2199 2.1559 0.2545 0.5859 
3.0801 -0.1899 2.1586 0.4254 0.4450 
3.1001 -0.2099 2.1556 0.3127 0.5381 
3.1201 -0.2099 2.1593 0.3170 0.6263 
3.1101 -0.1999 2.1579 0.3752 0.5795 
3.1101 -0.2199 2.1559 0.2545 0.5859 
3.1101 -0.2199 2.1559 0.2545 0.5859 
3.1201 -0.2299 2.1555 0.1970 0.6345 
3.1201 -0.2199 2.1829 0.2494 0.6198 
3.1101 -0.2199 2.1559 0.2545 0.5859 
3.1201 -0.2199 2.1829 0.2494 0.6198 
3.1201 -0.2099 2.1593 0.3170 0.6263 
3.1201 -0.2199 2.1829 0.2494 0.6198 
3.1301 -0.2199 2.1599 0.2595 0.6738 
3.1201 -0.2099 2.1593 0.3170 0.6263 
3.1101 -0.1999 2.1579 0.3752 0.5795 
3.1201 -0.2099 2.1593 0.3170 0.6263 
3.1201 -0.1999 2.1655 0.3728 0.6207 
3.1401 -0.1999 2.1678 0.3771 0.7052 
3.1201 -0.1999 2.1655 0.3728 0.6207 
3.1201 -0.2099 2.1593 0.3170 0.6263 
3.1201 -0.2199 2.1829 0.2494 0.6198 
3.1201 -0.2299 2.1555 0.1970 0.6345 
3.1301 -0.2199 2.1599 0.2595 0.6738 
3.1701 -0.2499 2.1558 0.1005 0.8721 
3.1701 -0.2399 2.1596 0.1534 0.8621 
3.1501 -0.2399 2.1565 0.1474 0.7746 
3.1701 -0.2499 2.1558 0.1005 0.8721 
3.1801 -0.2399 2.1560 0.1563 0.9124 
3.1701 -0.2399 2.1596 0.1534 0.8621 
3.1701 -0.2399 2.1596 0.1534 0.8621 
3.1401 -0.2199 2.1547 0.2644 0.7224 
3.1501 -0.2399 2.1565 0.1474 0.7746 
3.1901 -0.2399 2.1560 0.1593 0.9582 
3.1701 -0.2399 2.1596 0.1534 0.8621 
3.1801 -0.2399 2.1560 0.1563 0.9124 
3.1601 -0.2099 2.1562 0.3314 0.8069 
3.1401 -0.2199 2.1547 0.2644 0.7224 
3.1701 -0.2399 2.1596 0.1534 0.8621 
3.1701 -0.2199 2.1525 0.2749 0.8612 
3.1601 -0.2099 2.1562 0.3314 0.8069 
3.1701 -0.2399 2.1596 0.1534 0.8621 
3.1801 -0.2099 2.1562 0.3377 0.8963 
3.1701 -0.2199 2.1525 0.2749 0.8612 
3.1901 -0.2399 2.1560 0.1593 0.9582 
3.1901 -0.2399 2.1560 0.1593 0.9582 
3.1701 -0.2199 2.1525 0.2749 0.8612 
3.1701 -0.2399 2.1596 0.1534 0.8621 
3.1901 -0.2199 2.1542 0.2806 0.9498 
3.1801 -0.2099 2.1562 0.3377 0.8963 
3.1901 -0.2399 2.1560 0.1593 0.9582 
3.1701 -0.1999 2.1667 0.3871 0.8347 
3.1601 -0.2099 2.1562 0.3314 0.8069 
3.1701 -0.2199 2.1525 0.2749 0.8612 
3.1701 -0.1999 2.1667 0.3871 0.8347 
3.1701 -0.2199 2.1525 0.2749 0.8612 
3.1801 -0.2099 2.1562 0.3377 0.8963 
3.2001 -0.2099 2.1593 0.3420 0.9805 
3.1801 -0.2099 2.1562 0.3377 0.8963 
3.1901 -0.2199 2.1542 0.2806 0.9498 
3.2001 -0.2099 2.1593 0.3420 0.9805 
3.1901 -0.1899 2.1557 0.4625 0.9312 
3.1801 -0.2099 2.1562 0.3377 0.8963 
3.1801 -0.2399 2.1560 0.1563 0.9124 
3.1701 -0.2499 2.1558 0.1005 0.8721 
3.1901 -0.2499 2.1780 0.1093 0.9297 
3.1801 -0.2399 2.1560 0.1563 0.9124 
3.1901 -0.2499 2.1780 0.1093 0.9297 
3.1901 -0.2399 2.1560 0.1593 0.9582 
3.0201 -0.1999 2.1649 0.3425 0.1910 
3.0101 -0.1799 2.1689 0.4530 0.1543 
2.9901 -0.1899 2.1605 0.3959 0.0703 
3.0101 -0.1799 2.1689 0.4530 0.1543 
3.0201 -0.1999 2.1649 0.3425 0.1910 
3.0301 -0.1899 2.1628 0.4063 0.2309 
3.0601 -0.1599 2.1563 0.5994 0.3526 
3.0201 -0.1599 2.1601 0.5818 0.1857 
3.0301 -0.1606 2.1601 0.5808 0.2275 
3.0401 -0.1699 2.1682 0.5197 0.2764 
3.0601 -0.1599 2.1563 0.5994 0.3526 
3.0301 -0.1606 2.1601 0.5808 0.2275 
3.0501 -0.1799 2.1657 0.4682 0.3174 
3.0601 -0.1599 2.1563 0.5994 0.3526 
3.0401 -0.1699 2.1682 0.5197 0.2764 
3.0101 -0.1601 2.1601 0.5776 0.1448 
3.0201 -0.1499 2.1588 0.6413 0.1844 
2.9801 -0.1599 2.1596 0.5705 0.0529 
3.0201 -0.1599 2.1601 0.5818 0.1857 
3.0201 -0.1599 2.1601 0.5818 0.1857 
3.0201 -0.1499 2.1588 0.6413 0.1844 
3.0201 -0.1599 2.1601 0.5818 0.1857 
3.0201 -0.1499 2.1588 0.6413 0.1844 
3.0101 -0.1601 2.1601 0.5776 0.1448 
3.0401 -0.1999 2.1570 0.3539 0.2697 
3.0301 -0.1899 2.1628 0.4063 0.2309 
3.0201 -0.1999 2.1649 0.3425 0.1910 
3.0101 -0.1799 2.1689 0.4530 0.1543 
2.9901 -0.1799 2.1641 0.4517 0.0746 
2.9901 -0.1899 2.1605 0.3959 0.0703 
3.0301 -0.1899 2.1628 0.4063 0.2309 
3.0301 -0.1699 2.1651 0.5205 0.2323 
3.0101 -0.1799 2.1689 0.4530 0.1543 
3.0359 -0.1799 2.1601 0.4698 0.2530 
3.0301 -0.1699 2.1651 0.5205 0.2323 
3.0301 -0.1899 2.1628 0.4063 0.2309 
3.0401 -0.1699 2.1682 0.5197 0.2764 
3.0301 -0.1699 2.1651 0.5205 0.2323 
3.0359 -0.1799 2.1601 0.4698 0.2530 
3.0359 -0.1799 2.1601 0.4698 0.2530 
3.0501 -0.1799 2.1657 0.4682 0.3174 
3.0401 -0.1699 2.1682 0.5197 0.2764 
2.9801 -0.1599 2.1596 0.5705 0.0529 
3.0001 -0.1699 2.1814 0.4933 0.1300 
3.0101 -0.1601 2.1601 0.5776 0.1448 
3.0201 -0.1599 2.1601 0.5818 0.1857 
3.0201 -0.1599 2.1601 0.5818 0.1857 
3.0101 -0.1601 2.1601 0.5776 0.1448 
3.0301 -0.1606 2.1601 0.5808 0.2275 
3.0201 -0.1599 2.1601 0.5818 0.1857 
3.0301 -0.1699 2.1651 0.5205 0.2323 
3.0301 -0.1606 2.1601 0.5808 0.2275 
3.0201 -0.1599 2.1601 0.5818 0.1857 
3.0201 -0.1599 2.1601 0.5818 0.1857 
3.0301 -0.1699 2.1651 0.5205 0.2323 
3.0401 -0.1699 2.1682 0.5197 0.2764 
3.0301 -0.1606 2.1601 0.5808 0.2275 
3.0201 -0.1599 2.1601 0.5818 0.1857 
3.0201 -0.1599 2.1601 0.5818 0.1857 
3.0201 -0.1599 2.1601 0.5818 0.1857 
3.0601 -0.1999 2.1677 0.3530 0.3631 
3.0401 -0.1899 2.1845 0.3921 0.2893 
3.0401 -0.1999 2.1570 0.3539 0.2697 
3.0359 -0.1799 2.1601 0.4698 0.2530 
3.0301 -0.1899 2.1628 0.4063 0.2309 
3.0401 -0.1899 2.1845 0.3921 0.2893 
3.0501 -0.1799 2.1657 0.4682 0.3174 
3.0359 -0.1799 2.1601 0.4698 0.2530 
3.0401 -0.1899 2.1845 0.3921 0.2893 
3.0101 -0.1799 2.1689 0.4530 0.1543 
3.0001 -0.1699 2.1814 0.4933 0.1300 
2.9901 -0.1799 2.1641 0.4517 0.0746 
3.0301 -0.1699 2.1651 0.5205 0.2323 
3.0201 -0.1699 2.1817 0.4986 0.2070 
3.0101 -0.1799 2.1689 0.4530 0.1543 
3.0101 -0.1799 2.1689 0.4530 0.1543 
3.0201 -0.1699 2.1817 0.4986 0.2070 
3.0001 -0.1699 2.1814 0.4933 0.1300 
3.0201 -0.1599 2.1601 0.5818 0.1857 
3.0101 -0.1601 2.1601 0.5776 0.1448 
3.0201 -0.1699 2.1817 0.4986 0.2070 
3.0101 -0.1601 2.1601 0.5776 0.1448 
3.0001 -0.1699 2.1814 0.4933 0.1300 
3.0201 -0.1699 2.1817 0.4986 0.2070 
3.0201 -0.1699 2.1817 0.4986 0.2070 
3.0301 -0.1699 2.1651 0.5205 0.2323 
3.0201 -0.1599 2.1601 0.5818 0.1857 
3.0301 -0.1899 2.1628 0.4063 0.2309 
3.0401 -0.1999 2.1570 0.3539 0.2697 
3.0401 -0.1899 2.1845 0.3921 0.2893 
3.0801 -0.1899 2.1586 0.4254 0.4450 
3.0801 -0.1999 2.1647 0.3610 0.4481 
3.1001 -0.2099 2.1556 0.3127 0.5381 
3.0701 -0.1799 2.1601 0.4802 0.4002 
3.0801 -0.1899 2.1586 0.4254 0.4450 
3.0801 -0.1799 2.1577 0.4860 0.4430 
3.1101 -0.1799 2.1579 0.4950 0.5739 
3.0801 -0.1899 2.1586 0.4254 0.4450 
3.1101 -0.1999 2.1579 0.3752 0.5795 
3.0701 -0.1699 2.1643 0.5335 0.4001 
3.0601 -0.1799 2.1563 0.4814 0.3550 
3.0701 -0.1799 2.1601 0.4802 0.4002 
3.0701 -0.1699 2.1643 0.5335 0.4001 
3.0601 -0.1599 2.1563 0.5994 0.3526 
3.0501 -0.1799 2.1657 0.4682 0.3174 
3.1001 -0.1499 2.1553 0.6712 0.5232 
3.0901 -0.1699 2.1571 0.5489 0.4844 
3.1101 -0.1599 2.1543 0.6178 0.5693 
3.0801 -0.1899 2.1586 0.4254 0.4450 
3.0701 -0.1999 2.1594 0.3616 0.4031 
3.0801 -0.1999 2.1647 0.3610 0.4481 
3.0701 -0.1699 2.1643 0.5335 0.4001 
3.0501 -0.1799 2.1657 0.4682 0.3174 
3.0601 -0.1799 2.1563 0.4814 0.3550 
3.0701 -0.1699 2.1643 0.5335 0.4001 
3.0701 -0.1799 2.1601 0.4802 0.4002 
3.0801 -0.1799 2.1577 0.4860 0.4430 
3.0901 -0.1699 2.1571 0.5489 0.4844 
3.0801 -0.1799 2.1577 0.4860 0.4430 
3.0801 -0.1899 2.1586 0.4254 0.4450 
3.0901 -0.1699 2.1571 0.5489 0.4844 
3.0801 -0.1899 2.1586 0.4254 0.4450 
3.1101 -0.1799 2.1579 0.4950 0.5739 
3.0701 -0.1999 2.1594 0.3616 0.4031 
3.0701 -0.1899 2.1824 0.4023 0.4089 
3.0601 -0.1999 2.1677 0.3530 0.3631 
3.0701 -0.1899 2.1824 0.4023 0.4089 
3.0701 -0.1999 2.1594 0.3616 0.4031 
3.0801 -0.1899 2.1586 0.4254 0.4450 
3.0501 -0.1799 2.1657 0.4682 0.3174 
3.0401 -0.1899 2.1845 0.3921 0.2893 
3.0601 -0.1799 2.1563 0.4814 0.3550 
3.0701 -0.1799 2.1601 0.4802 0.4002 
3.0601 -0.1799 2.1563 0.4814 0.3550 
3.0701 -0.1899 2.1824 0.4023 0.4089 
3.0701 -0.1899 2.1824 0.4023 0.4089 
3.0801 -0.1899 2.1586 0.4254 0.4450 
3.0701 -0.1799 2.1601 0.4802 0.4002 
3.0801 -0.1799 2.1577 0.4860 0.4430 
3.0801 -0.1699 2.1845 0.5124 0.4463 
3.0701 -0.1699 2.1643 0.5335 0.4001 
3.0801 -0.1699 2.1845 0.5124 0.4463 
3.0801 -0.1799 2.1577 0.4860 0.4430 
3.0901 -0.1699 2.1571 0.5489 0.4844 
3.0701 -0.1899 2.1824 0.4023 0.4089 
3.0401 -0.1899 2.1845 0.3921 0.2893 
3.0601 -0.1999 2.1677 0.3530 0.3631 
3.0401 -0.1899 2.1845 0.3921 0.2893 
3.0701 -0.1899 2.1824 0.4023 0.4089 
3.0601 -0.1799 2.1563 0.4814 0.3550 
3.0301 -0.0999 2.1646 0.9076 0.2295 
3.0101 -0.0999 2.1610 0.9109 0.1472 
3.0101 -0.1099 2.1601 0.8590 0.1460 
3.0401 -0.0999 2.1701 0.8972 0.2735 
3.0301 -0.0999 2.1646 0.9076 0.2295 
3.0101 -0.1099 2.1601 0.8590 0.1460 
3.1501 -0.1899 2.1601 0.4456 0.7505 
3.1501 -0.1899 2.1601 0.4456 0.7505 
3.1401 -0.1915 2.1601 0.4331 0.7075 
3.1201 -0.1899 2.1581 0.4383 0.6206 
3.1101 -0.1799 2.1579 0.4950 0.5739 
3.1101 -0.1999 2.1579 0.3752 0.5795 
3.1401 -0.1999 2.1678 0.3771 0.7052 
3.1301 -0.1799 2.1583 0.5006 0.6610 
3.1201 -0.1899 2.1581 0.4383 0.6206 
3.1601 -0.1799 2.1551 0.5137 0.7948 
3.1301 -0.1799 2.1583 0.5006 0.6610 
3.1501 -0.1899 2.1601 0.4456 0.7505 
3.1501 -0.1899 2.1601 0.4456 0.7505 
3.1301 -0.1799 2.1583 0.5006 0.6610 
3.1401 -0.1915 2.1601 0.4331 0.7075 
3.1501 -0.1499 2.1535 0.6893 0.7403 
3.1401 -0.1599 2.1550 0.6257 0.6995 
3.1501 -0.1599 2.1547 0.6292 0.7432 
3.1201 -0.1899 2.1581 0.4383 0.6206 
3.1101 -0.1999 2.1579 0.3752 0.5795 
3.1201 -0.1999 2.1655 0.3728 0.6207 
3.1201 -0.1899 2.1581 0.4383 0.6206 
3.1201 -0.1999 2.1655 0.3728 0.6207 
3.1401 -0.1999 2.1678 0.3771 0.7052 
3.1401 -0.1915 2.1601 0.4331 0.7075 
3.1401 -0.1999 2.1678 0.3771 0.7052 
3.1501 -0.1899 2.1601 0.4456 0.7505 
3.1201 -0.1899 2.1581 0.4383 0.6206 
3.1301 -0.1799 2.1583 0.5006 0.6610 
3.1101 -0.1799 2.1579 0.4950 0.5739 
3.1301 -0.1799 2.1583 0.5006 0.6610 
3.1401 -0.1999 2.1678 0.3771 0.7052 
3.1401 -0.1915 2.1601 0.4331 0.7075 
3.1101 -0.1599 2.1543 0.6178 0.5693 
3.0901 -0.1699 2.1571 0.5489 0.4844 
3.1101 -0.1799 2.1579 0.4950 0.5739 
3.1501 -0.1899 2.1601 0.4456 0.7505 
3.1501 -0.1899 2.1601 0.4456 0.7505 
3.1501 -0.1899 2.1601 0.4456 0.7505 
3.1801 -0.2099 2.1562 0.3377 0.8963 
3.1701 -0.1799 2.1577 0.5136 0.8358 
3.1701 -0.1999 2.1667 0.3871 0.8347 
3.1901 -0.1899 2.1557 0.4625 0.9312 
3.1701 -0.1799 2.1577 0.5136 0.8358 
3.1801 -0.2099 2.1562 0.3377 0.8963 
3.1501 -0.1899 2.1601 0.4456 0.7505 
3.1601 -0.1799 2.1551 0.5137 0.7948 
3.1501 -0.1899 2.1601 0.4456 0.7505 
3.1901 -0.1799 2.1675 0.5079 0.9092 
3.1701 -0.1799 2.1577 0.5136 0.8358 
3.1901 -0.1899 2.1557 0.4625 0.9312 
3.1901 -0.1799 2.1675 0.5079 0.9092 
3.1901 -0.1899 2.1557 0.4625 0.9312 
3.2001 -0.1799 2.1572 0.5235 0.9673 
3.1901 -0.1799 2.1675 0.5079 0.9092 
3.1901 -0.1699 2.1517 0.5872 0.9265 
3.1701 -0.1799 2.1577 0.5136 0.8358 
3.1701 -0.1799 2.1577 0.5136 0.8358 
3.1901 -0.1699 2.1517 0.5872 0.9265 
3.1801 -0.1699 2.1520 0.5837 0.8819 
3.1901 -0.1699 2.1517 0.5872 0.9265 
3.1901 -0.1799 2.1675 0.5079 0.9092 
3.2001 -0.1799 2.1572 0.5235 0.9673 
3.1501 -0.1899 2.1601 0.4456 0.7505 
3.1601 -0.1899 2.1657 0.4432 0.7885 
3.1501 -0.1899 2.1601 0.4456 0.7505 
3.1501 -0.1899 2.1601 0.4456 0.7505 
3.1401 -0.1999 2.1678 0.3771 0.7052 
3.1601 -0.1899 2.1657 0.4432 0.7885 
3.1401 -0.1999 2.1678 0.3771 0.7052 
3.1601 -0.2099 2.1562 0.3314 0.8069 
3.1601 -0.1899 2.1657 0.4432 0.7885 
3.1701 -0.1999 2.1667 0.3871 0.8347 
3.1601 -0.1899 2.1657 0.4432 0.7885 
3.1601 -0.2099 2.1562 0.3314 0.8069 
3.1601 -0.1799 2.1551 0.5137 0.7948 
3.1501 -0.1899 2.1601 0.4456 0.7505 
3.1601 -0.1899 2.1657 0.4432 0.7885 
3.1601 -0.1799 2.1551 0.5137 0.7948 
3.1701 -0.1999 2.1667 0.3871 0.8347 
3.1701 -0.1799 2.1577 0.5136 0.8358 
3.1601 -0.1899 2.1657 0.4432 0.7885 
3.1701 -0.1999 2.1667 0.3871 0.8347 
3.1601 -0.1799 2.1551 0.5137 0.7948 
3.1501 -0.0999 2.1797 0.9041 0.7040 
3.1401 -0.1099 2.1626 0.8895 0.6776 
3.1501 -0.1199 2.1554 0.8550 0.7274 
3.1501 -0.0999 2.1797 0.9041 0.7040 
3.1401 -0.0999 2.1594 0.9509 0.6762 
3.1401 -0.1099 2.1626 0.8895 0.6776 
3.2101 -0.1099 2.1613 0.9120 0.9658 
3.1701 -0.1099 2.1551 0.9163 0.8078 
3.1501 -0.1199 2.1554 0.8550 0.7274 
3.1701 -0.1099 2.1551 0.9163 0.8078 
3.1501 -0.0999 2.1797 0.9041 0.7040 
3.1501 -0.1199 2.1554 0.8550 0.7274 
3.2101 -0.1099 2.1613 0.9120 0.9658 
3.2101 -0.0999 2.1762 0.9279 0.9397 
3.1701 -0.1099 2.1551 0.9163 0.8078 
3.1501 -0.0999 2.1797 0.9041 0.7040 
3.1701 -0.1099 2.1551 0.9163 0.8078 
3.2101 -0.0999 2.1762 0.9279 0.9397 
3.2201 -0.0999 2.1655 0.9570 0.9948 
3.2101 -0.0999 2.1762 0.9279 0.9397 
3.2101 -0.1099 2.1613 0.9120 0.9658 
3.0901 -0.0899 2.1810 0.9356 0.4708 
3.1001 -0.0999 2.1612 0.9352 0.5116 
3.1101 -0.0899 2.1618 0.9891 0.5499 
3.1401 -0.0999 2.1594 0.9509 0.6762 
3.1101 -0.0899 2.1618 0.9891 0.5499 
3.1001 -0.0999 2.1612 0.9352 0.5116 
3.1001 -0.0999 2.1612 0.9352 0.5116 
3.0901 -0.0899 2.1810 0.9356 0.4708 
3.0901 -0.0999 2.1607 0.9338 0.4706 
3.0901 -0.0999 2.1607 0.9338 0.4706 
3.0901 -0.0899 2.1810 0.9356 0.4708 
3.0801 -0.0899 2.1624 0.9794 0.4285 
3.0801 -0.0899 2.1624 0.9794 0.4285 
3.0701 -0.0899 2.1603 0.9822 0.3873 
3.0801 -0.0999 2.1812 0.8825 0.4342 
3.0701 -0.0899 2.1603 0.9822 0.3873 
3.0601 -0.0999 2.1811 0.8775 0.3575 
3.0801 -0.0999 2.1812 0.8825 0.4342 
3.0701 -0.0899 2.1603 0.9822 0.3873 
3.0501 -0.0899 2.1807 0.9260 0.3181 
3.0601 -0.0999 2.1811 0.8775 0.3575 
3.0801 -0.0899 2.1624 0.9794 0.4285 
3.0801 -0.0999 2.1812 0.8825 0.4342 
3.0901 -0.0999 2.1607 0.9338 0.4706 
3.0601 -0.0999 2.1811 0.8775 0.3575 
3.0501 -0.0899 2.1807 0.9260 0.3181 
3.0401 -0.0910 2.1801 0.9191 0.2798 
3.0601 -0.0999 2.1811 0.8775 0.3575 
3.0401 -0.0910 2.1801 0.9191 0.2798 
3.0401 -0.0999 2.1701 0.8972 0.2735 
3.0401 -0.0910 2.1801 0.9191 0.2798 
3.0401 -0.0999 2.1701 0.8972 0.2735 
3.0401 -0.0999 2.1701 0.8972 0.2735 
3.0401 -0.0999 2.1701 0.8972 0.2735 
3.0401 -0.0910 2.1801 0.9191 0.2798 
3.0301 -0.0999 2.1646 0.9076 0.2295 
3.0001 -0.0899 2.1806 0.9132 0.1316 
3.0301 -0.0999 2.1646 0.9076 0.2295 
3.0401 -0.0910 2.1801 0.9191 0.2798 
3.0001 -0.0899 2.1806 0.9132 0.1316 
3.0101 -0.0999 2.1610 0.9109 0.1472 
3.0301 -0.0999 2.1646 0.9076 0.2295 
3.0401 -0.0999 2.1701 0.8972 0.2735 
3.0401 -0.0999 2.1701 0.8972 0.2735 
3.0401 -0.0999 2.1701 0.8972 0.2735 
3.0301 -0.0999 2.1646 0.9076 0.2295 
3.0401 -0.0999 2.1701 0.8972 0.2735 
3.0401 -0.0999 2.1701 0.8972 0.2735 
3.0001 -0.0799 2.1712 0.9864 0.1218 
2.9901 -0.0799 2.1674 0.9938 0.0837 
3.0001 -0.0899 2.1806 0.9132 0.1316 
2.9801 -0.0899 2.1783 0.9133 0.0661 
2.9801 -0.0999 2.1668 0.8887 0.0572 
3.0001 -0.0899 2.1806 0.9132 0.1316 
3.0101 -0.0999 2.1610 0.9109 0.1472 
3.0001 -0.0899 2.1806 0.9132 0.1316 
2.9801 -0.0999 2.1668 0.8887 0.0572 
3.0001 -0.0899 2.1806 0.9132 0.1316 
2.9901 -0.0799 2.1674 0.9938 0.0837 
2.9801 -0.0899 2.1783 0.9133 0.0661 
