NUMPOLLIES 278.000000 

2.9301 -0.5999 2.0001 0.7533 0.0876 
2.9301 -0.5999 2.0001 0.7533 0.0876 
2.9301 -0.5999 2.0001 0.7533 0.0876 
2.9301 -0.5999 2.0001 0.7533 0.0876 
2.9301 -0.5999 2.0001 0.7533 0.0876 
2.9301 -0.5999 2.0001 0.7533 0.0876 
3.0001 -0.5903 1.9401 0.6080 0.2566 
2.9701 -0.5892 1.9401 0.6068 0.1572 
2.9901 -0.5899 1.9301 0.5726 0.2181 
2.9801 -0.5879 1.9301 0.5774 0.1830 
2.9701 -0.5892 1.9401 0.6068 0.1572 
2.9401 -0.5832 1.9301 0.5861 0.0614 
2.9801 -0.5879 1.9301 0.5774 0.1830 
2.9901 -0.5899 1.9301 0.5726 0.2181 
2.9901 -0.5899 1.9301 0.5726 0.2181 
2.9701 -0.5892 1.9401 0.6068 0.1572 
2.9801 -0.5879 1.9301 0.5774 0.1830 
2.9901 -0.5899 1.9301 0.5726 0.2181 
2.9701 -0.5892 1.9401 0.6068 0.1572 
3.0001 -0.5903 1.9401 0.6080 0.2566 
2.9801 -0.5857 1.9501 0.6540 0.1921 
2.9801 -0.5857 1.9501 0.6540 0.1921 
3.0001 -0.5903 1.9401 0.6080 0.2566 
3.0101 -0.5869 1.9601 0.6880 0.2953 
2.9701 -0.5862 1.9601 0.6833 0.1662 
2.9601 -0.5910 1.9801 0.7283 0.1508 
2.9401 -0.5861 1.9701 0.7104 0.0846 
2.9401 -0.5861 1.9701 0.7104 0.0846 
2.9501 -0.5861 1.9801 0.7430 0.1176 
2.9301 -0.5933 1.9901 0.7455 0.0773 
2.9601 -0.5910 1.9801 0.7283 0.1508 
2.9501 -0.5861 1.9801 0.7430 0.1176 
2.9401 -0.5861 1.9701 0.7104 0.0846 
2.9301 -0.5999 2.0001 0.7533 0.0876 
2.9220 -0.5899 1.9901 0.7553 0.0596 
2.9301 -0.5933 1.9901 0.7455 0.0773 
2.9301 -0.5999 2.0001 0.7533 0.0876 
2.9301 -0.5999 2.0001 0.7533 0.0876 
2.9220 -0.5899 1.9901 0.7553 0.0596 
2.9301 -0.5999 2.0001 0.7533 0.0876 
2.9301 -0.5899 2.0093 0.8112 0.0849 
2.9220 -0.5899 1.9901 0.7553 0.0596 
2.9301 -0.5999 2.0001 0.7533 0.0876 
2.9301 -0.5999 2.0001 0.7533 0.0876 
2.9301 -0.5933 1.9901 0.7455 0.0773 
2.9301 -0.5999 2.0001 0.7533 0.0876 
2.9301 -0.5933 1.9901 0.7455 0.0773 
2.9401 -0.5979 2.0101 0.7891 0.1168 
2.9401 -0.5979 2.0101 0.7891 0.1168 
2.9301 -0.5933 1.9901 0.7455 0.0773 
2.9501 -0.5861 1.9801 0.7430 0.1176 
2.9601 -0.6008 1.9901 0.7266 0.1639 
2.9501 -0.5995 2.0001 0.7578 0.1398 
2.9501 -0.5861 1.9801 0.7430 0.1176 
2.9501 -0.5861 1.9801 0.7430 0.1176 
2.9501 -0.5995 2.0001 0.7578 0.1398 
2.9401 -0.5979 2.0101 0.7891 0.1168 
2.9701 -0.5892 1.9401 0.6068 0.1572 
2.9801 -0.5857 1.9501 0.6540 0.1921 
2.9701 -0.5862 1.9601 0.6833 0.1662 
2.9801 -0.5857 1.9501 0.6540 0.1921 
3.0001 -0.5881 1.9801 0.7449 0.2714 
2.9701 -0.5862 1.9601 0.6833 0.1662 
3.0101 -0.5869 1.9601 0.6880 0.2953 
3.0101 -0.5847 1.9701 0.7275 0.2975 
2.9801 -0.5857 1.9501 0.6540 0.1921 
2.9801 -0.5857 1.9501 0.6540 0.1921 
3.0101 -0.5847 1.9701 0.7275 0.2975 
3.0001 -0.5881 1.9801 0.7449 0.2714 
3.0001 -0.5881 1.9801 0.7449 0.2714 
2.9601 -0.5910 1.9801 0.7283 0.1508 
2.9701 -0.5862 1.9601 0.6833 0.1662 
2.9601 -0.5910 1.9801 0.7283 0.1508 
2.9601 -0.6008 1.9901 0.7266 0.1639 
2.9501 -0.5861 1.9801 0.7430 0.1176 
2.9601 -0.6008 1.9901 0.7266 0.1639 
2.9601 -0.5910 1.9801 0.7283 0.1508 
2.9701 -0.5939 1.9901 0.7505 0.1879 
3.0001 -0.5881 1.9801 0.7449 0.2714 
2.9701 -0.5939 1.9901 0.7505 0.1879 
2.9601 -0.5910 1.9801 0.7283 0.1508 
3.0101 -0.5973 1.9901 0.7461 0.3110 
2.9701 -0.5939 1.9901 0.7505 0.1879 
3.0001 -0.5881 1.9801 0.7449 0.2714 
2.9601 -0.6008 1.9901 0.7266 0.1639 
2.9601 -0.5930 2.0001 0.7804 0.1631 
2.9501 -0.5995 2.0001 0.7578 0.1398 
2.9601 -0.6008 1.9901 0.7266 0.1639 
2.9701 -0.5939 1.9901 0.7505 0.1879 
2.9601 -0.5930 2.0001 0.7804 0.1631 
2.9601 -0.5930 2.0001 0.7804 0.1631 
2.9701 -0.5939 1.9901 0.7505 0.1879 
2.9701 -0.5943 2.0101 0.8058 0.1978 
2.9701 -0.5939 1.9901 0.7505 0.1879 
2.9801 -0.5919 2.0101 0.8155 0.2253 
2.9701 -0.5943 2.0101 0.8058 0.1978 
3.0101 -0.5973 1.9901 0.7461 0.3110 
2.9801 -0.5919 2.0101 0.8155 0.2253 
2.9701 -0.5939 1.9901 0.7505 0.1879 
3.0101 -0.5973 1.9901 0.7461 0.3110 
3.0001 -0.5931 2.0001 0.7870 0.2816 
2.9801 -0.5919 2.0101 0.8155 0.2253 
2.9301 -0.5999 2.0001 0.7533 0.0876 
2.9301 -0.5999 2.0001 0.7533 0.0876 
2.9301 -0.5999 2.0001 0.7533 0.0876 
2.9301 -0.5999 2.0001 0.7533 0.0876 
2.9301 -0.5999 2.0001 0.7533 0.0876 
2.9301 -0.5999 2.0001 0.7533 0.0876 
2.8901 -0.5899 2.0901 1.0023 0.0535 
2.8901 -0.5899 2.0901 1.0023 0.0535 
2.8901 -0.5899 2.0901 1.0023 0.0535 
2.8901 -0.5899 2.0901 1.0023 0.0535 
2.8901 -0.5899 2.0901 1.0023 0.0535 
2.8901 -0.5893 2.0801 0.9821 0.0527 
2.9301 -0.5899 2.0093 0.8112 0.0849 
2.9301 -0.5999 2.0001 0.7533 0.0876 
2.9301 -0.5999 2.0001 0.7533 0.0876 
2.9301 -0.5999 2.0001 0.7533 0.0876 
2.9401 -0.5979 2.0101 0.7891 0.1168 
2.9301 -0.5899 2.0093 0.8112 0.0849 
2.9301 -0.5999 2.0001 0.7533 0.0876 
2.9301 -0.5899 2.0093 0.8112 0.0849 
2.9301 -0.5999 2.0001 0.7533 0.0876 
2.9311 -0.5899 2.0101 0.8136 0.0877 
2.9301 -0.5899 2.0093 0.8112 0.0849 
2.9401 -0.5979 2.0101 0.7891 0.1168 
2.9301 -0.5899 2.0201 0.8405 0.0906 
2.9301 -0.5899 2.0201 0.8405 0.0906 
2.9301 -0.5899 2.0201 0.8405 0.0906 
2.9311 -0.5899 2.0101 0.8136 0.0877 
2.9301 -0.5899 2.0201 0.8405 0.0906 
2.9301 -0.5899 2.0201 0.8405 0.0906 
2.9311 -0.5899 2.0101 0.8136 0.0877 
2.9401 -0.5979 2.0101 0.7891 0.1168 
2.9301 -0.5899 2.0201 0.8405 0.0906 
2.9501 -0.5995 2.0001 0.7578 0.1398 
2.9601 -0.5973 2.0301 0.8477 0.1811 
2.9401 -0.5979 2.0101 0.7891 0.1168 
2.9301 -0.5899 2.0201 0.8405 0.0906 
2.9301 -0.5899 2.0201 0.8405 0.0906 
2.9201 -0.5884 2.0201 0.8437 0.0679 
2.9301 -0.5899 2.0201 0.8405 0.0906 
2.9201 -0.5884 2.0201 0.8437 0.0679 
2.9311 -0.5899 2.0101 0.8136 0.0877 
2.9201 -0.5902 2.0301 0.8642 0.0736 
2.9101 -0.5908 2.0201 0.8342 0.0550 
2.9201 -0.5884 2.0201 0.8437 0.0679 
2.9301 -0.5899 2.0201 0.8405 0.0906 
2.9301 -0.5899 2.0201 0.8405 0.0906 
2.9201 -0.5902 2.0301 0.8642 0.0736 
2.9401 -0.5979 2.0101 0.7891 0.1168 
2.9601 -0.5973 2.0301 0.8477 0.1811 
2.9301 -0.5899 2.0201 0.8405 0.0906 
2.9201 -0.5884 2.0201 0.8437 0.0679 
2.9301 -0.5899 2.0201 0.8405 0.0906 
2.9201 -0.5902 2.0301 0.8642 0.0736 
2.9201 -0.5902 2.0301 0.8642 0.0736 
2.9201 -0.5919 2.0401 0.8841 0.0796 
2.9101 -0.5908 2.0201 0.8342 0.0550 
2.9201 -0.5919 2.0401 0.8841 0.0796 
2.9301 -0.5899 2.0201 0.8405 0.0906 
2.9201 -0.5874 2.0501 0.9236 0.0814 
2.9201 -0.5919 2.0401 0.8841 0.0796 
2.9201 -0.5902 2.0301 0.8642 0.0736 
2.9301 -0.5899 2.0201 0.8405 0.0906 
2.9201 -0.5874 2.0501 0.9236 0.0814 
2.9301 -0.5899 2.0201 0.8405 0.0906 
2.9401 -0.5905 2.0401 0.8921 0.1271 
2.9401 -0.5905 2.0401 0.8921 0.1271 
2.9301 -0.5899 2.0201 0.8405 0.0906 
2.9601 -0.5973 2.0301 0.8477 0.1811 
2.9601 -0.5973 2.0301 0.8477 0.1811 
2.9501 -0.5910 2.0501 0.9167 0.1590 
2.9401 -0.5905 2.0401 0.8921 0.1271 
3.0001 -0.5870 2.0101 0.8350 0.2817 
2.9801 -0.5919 2.0101 0.8155 0.2253 
3.0001 -0.5931 2.0001 0.7870 0.2816 
2.9601 -0.5930 2.0001 0.7804 0.1631 
2.9601 -0.5973 2.0301 0.8477 0.1811 
2.9501 -0.5995 2.0001 0.7578 0.1398 
2.9601 -0.5930 2.0001 0.7804 0.1631 
2.9701 -0.5943 2.0101 0.8058 0.1978 
2.9601 -0.5973 2.0301 0.8477 0.1811 
3.0101 -0.5920 2.0301 0.8734 0.3200 
2.9801 -0.5919 2.0101 0.8155 0.2253 
3.0001 -0.5870 2.0101 0.8350 0.2817 
2.9801 -0.5919 2.0101 0.8155 0.2253 
2.9901 -0.5955 2.0401 0.8840 0.2678 
2.9701 -0.5943 2.0101 0.8058 0.1978 
2.9701 -0.5943 2.0101 0.8058 0.1978 
2.9901 -0.5955 2.0401 0.8840 0.2678 
2.9601 -0.5973 2.0301 0.8477 0.1811 
2.9901 -0.5955 2.0401 0.8840 0.2678 
2.9801 -0.5919 2.0101 0.8155 0.2253 
3.0101 -0.5920 2.0301 0.8734 0.3200 
2.9901 -0.5955 2.0401 0.8840 0.2678 
2.9701 -0.5976 2.0601 0.9229 0.2215 
2.9601 -0.5973 2.0301 0.8477 0.1811 
2.9601 -0.5973 2.0301 0.8477 0.1811 
2.9701 -0.5976 2.0601 0.9229 0.2215 
2.9501 -0.5910 2.0501 0.9167 0.1590 
2.9901 -0.5955 2.0401 0.8840 0.2678 
2.9801 -0.5950 2.0501 0.9088 0.2433 
2.9701 -0.5976 2.0601 0.9229 0.2215 
3.0101 -0.5916 2.0401 0.9005 0.3225 
2.9801 -0.5950 2.0501 0.9088 0.2433 
2.9901 -0.5955 2.0401 0.8840 0.2678 
2.9301 -0.5955 2.0601 0.9228 0.1158 
2.9201 -0.5874 2.0501 0.9236 0.0814 
2.9401 -0.5905 2.0401 0.8921 0.1271 
2.9401 -0.5905 2.0401 0.8921 0.1271 
2.9301 -0.5912 2.0701 0.9600 0.1178 
2.9301 -0.5955 2.0601 0.9228 0.1158 
2.9401 -0.5905 2.0401 0.8921 0.1271 
2.9501 -0.5910 2.0501 0.9167 0.1590 
2.9301 -0.5912 2.0701 0.9600 0.1178 
2.9201 -0.5919 2.0401 0.8841 0.0796 
2.9201 -0.5874 2.0501 0.9236 0.0814 
2.9001 -0.5882 2.0501 0.9175 0.0531 
2.9201 -0.5874 2.0501 0.9236 0.0814 
2.9301 -0.5912 2.0701 0.9600 0.1178 
2.9101 -0.5938 2.0801 0.9712 0.0793 
2.9301 -0.5955 2.0601 0.9228 0.1158 
2.9301 -0.5912 2.0701 0.9600 0.1178 
2.9201 -0.5874 2.0501 0.9236 0.0814 
2.9701 -0.5891 2.0701 0.9738 0.2202 
2.9301 -0.5912 2.0701 0.9600 0.1178 
2.9501 -0.5910 2.0501 0.9167 0.1590 
2.9301 -0.5912 2.0701 0.9600 0.1178 
2.9401 -0.5948 2.0901 0.9949 0.1548 
2.9101 -0.5938 2.0801 0.9712 0.0793 
2.9501 -0.5910 2.0501 0.9167 0.1590 
2.9701 -0.5976 2.0601 0.9229 0.2215 
2.9701 -0.5891 2.0701 0.9738 0.2202 
2.9901 -0.5908 2.0701 0.9716 0.2753 
3.0101 -0.5916 2.0401 0.9005 0.3225 
3.0001 -0.5881 2.0601 0.9590 0.2983 
2.9901 -0.5908 2.0701 0.9716 0.2753 
2.9801 -0.5950 2.0501 0.9088 0.2433 
3.0101 -0.5916 2.0401 0.9005 0.3225 
2.9701 -0.5891 2.0701 0.9738 0.2202 
2.9701 -0.5976 2.0601 0.9229 0.2215 
2.9901 -0.5908 2.0701 0.9716 0.2753 
2.9701 -0.5976 2.0601 0.9229 0.2215 
2.9801 -0.5950 2.0501 0.9088 0.2433 
2.9901 -0.5908 2.0701 0.9716 0.2753 
3.0001 -0.5881 2.0601 0.9590 0.2983 
3.0001 -0.5899 2.0701 0.9762 0.3021 
3.0001 -0.5899 2.0701 0.9762 0.3021 
2.9901 -0.5908 2.0701 0.9716 0.2753 
3.0001 -0.5881 2.0601 0.9590 0.2983 
3.0001 -0.5899 2.0701 0.9762 0.3021 
2.9701 -0.5891 2.0701 0.9738 0.2202 
2.9901 -0.5908 2.0701 0.9716 0.2753 
3.0001 -0.5912 2.0801 0.9947 0.3055 
3.0001 -0.5899 2.0701 0.9762 0.3021 
2.9901 -0.5908 2.0701 0.9716 0.2753 
3.0001 -0.5899 2.0701 0.9762 0.3021 
3.0001 -0.5899 2.0701 0.9762 0.3021 
3.0001 -0.5912 2.0801 0.9947 0.3055 
2.9901 -0.5908 2.0701 0.9716 0.2753 
3.0001 -0.5899 2.0701 0.9762 0.3021 
3.0001 -0.5899 2.0701 0.9762 0.3021 
3.0001 -0.5899 2.0701 0.9762 0.3021 
3.0301 -0.5899 1.9501 0.6486 0.3600 
3.0301 -0.5913 1.9401 0.6098 0.3582 
3.0301 -0.5899 1.9501 0.6486 0.3600 
3.0301 -0.5899 1.9501 0.6486 0.3600 
3.0201 -0.5899 1.9529 0.6563 0.3275 
3.0301 -0.5913 1.9401 0.6098 0.3582 
3.0201 -0.5899 1.9529 0.6563 0.3275 
3.0001 -0.5903 1.9401 0.6080 0.2566 
3.0301 -0.5913 1.9401 0.6098 0.3582 
3.0401 -0.5889 1.9501 0.6536 0.3931 
3.0301 -0.5899 1.9501 0.6486 0.3600 
3.0301 -0.5913 1.9401 0.6098 0.3582 
3.0301 -0.5899 1.9501 0.6486 0.3600 
3.0301 -0.5899 1.9501 0.6486 0.3600 
3.0301 -0.5899 1.9501 0.6486 0.3600 
3.0301 -0.5899 1.9501 0.6486 0.3600 
3.0301 -0.5899 1.9501 0.6486 0.3600 
3.0401 -0.5889 1.9501 0.6536 0.3931 
3.0801 -0.5914 1.9301 0.5830 0.5296 
3.0901 -0.5926 1.9301 0.5806 0.5647 
3.0701 -0.5993 1.9401 0.5907 0.4962 
3.0401 -0.5889 1.9501 0.6536 0.3931 
3.0301 -0.5913 1.9401 0.6098 0.3582 
3.0501 -0.5899 1.9533 0.6626 0.4275 
3.0001 -0.5903 1.9401 0.6080 0.2566 
3.0201 -0.5899 1.9529 0.6563 0.3275 
3.0101 -0.5869 1.9601 0.6880 0.2953 
3.0201 -0.5899 1.9529 0.6563 0.3275 
3.0301 -0.5899 1.9501 0.6486 0.3600 
3.0301 -0.5899 1.9501 0.6486 0.3600 
3.0201 -0.5899 1.9529 0.6563 0.3275 
3.0301 -0.5899 1.9501 0.6486 0.3600 
3.0101 -0.5869 1.9601 0.6880 0.2953 
3.0401 -0.5889 1.9501 0.6536 0.3931 
3.0401 -0.5852 1.9601 0.6989 0.3935 
3.0301 -0.5899 1.9501 0.6486 0.3600 
3.0301 -0.5899 1.9501 0.6486 0.3600 
3.0401 -0.5852 1.9601 0.6989 0.3935 
3.0101 -0.5869 1.9601 0.6880 0.2953 
3.0401 -0.5889 1.9501 0.6536 0.3931 
3.0501 -0.5899 1.9533 0.6626 0.4275 
3.0601 -0.5899 1.9601 0.6867 0.4615 
3.0401 -0.5889 1.9501 0.6536 0.3931 
3.0601 -0.5899 1.9601 0.6867 0.4615 
3.0401 -0.5852 1.9601 0.6989 0.3935 
3.0401 -0.5852 1.9601 0.6989 0.3935 
3.0301 -0.5936 1.9801 0.7319 0.3687 
3.0201 -0.5930 1.9901 0.7620 0.3396 
3.0501 -0.5915 1.9801 0.7423 0.4313 
3.0301 -0.5936 1.9801 0.7319 0.3687 
3.0401 -0.5852 1.9601 0.6989 0.3935 
3.0101 -0.5869 1.9601 0.6880 0.2953 
3.0201 -0.5930 1.9901 0.7620 0.3396 
3.0101 -0.5847 1.9701 0.7275 0.2975 
3.0101 -0.5847 1.9701 0.7275 0.2975 
3.0201 -0.5930 1.9901 0.7620 0.3396 
3.0001 -0.5881 1.9801 0.7449 0.2714 
3.0401 -0.5852 1.9601 0.6989 0.3935 
3.0201 -0.5930 1.9901 0.7620 0.3396 
3.0101 -0.5869 1.9601 0.6880 0.2953 
3.0201 -0.5930 1.9901 0.7620 0.3396 
3.0101 -0.5973 1.9901 0.7461 0.3110 
3.0001 -0.5881 1.9801 0.7449 0.2714 
3.0101 -0.5973 1.9901 0.7461 0.3110 
3.0201 -0.5918 2.0001 0.7945 0.3417 
3.0001 -0.5931 2.0001 0.7870 0.2816 
3.0201 -0.5930 1.9901 0.7620 0.3396 
3.0201 -0.5918 2.0001 0.7945 0.3417 
3.0101 -0.5973 1.9901 0.7461 0.3110 
3.0301 -0.5936 1.9801 0.7319 0.3687 
3.0401 -0.5931 2.0101 0.8219 0.4049 
3.0201 -0.5930 1.9901 0.7620 0.3396 
3.0301 -0.5936 1.9801 0.7319 0.3687 
3.0501 -0.5915 1.9801 0.7423 0.4313 
3.0401 -0.5931 2.0101 0.8219 0.4049 
3.0501 -0.5899 1.9533 0.6626 0.4275 
3.0601 -0.5899 1.9601 0.6867 0.4615 
3.0601 -0.5899 1.9601 0.6867 0.4615 
3.0501 -0.5899 1.9533 0.6626 0.4275 
3.0301 -0.5913 1.9401 0.6098 0.3582 
3.0601 -0.5899 1.9601 0.6867 0.4615 
3.0301 -0.5913 1.9401 0.6098 0.3582 
3.0701 -0.5993 1.9401 0.5907 0.4962 
3.0601 -0.5899 1.9601 0.6867 0.4615 
3.0701 -0.5993 1.9401 0.5907 0.4962 
3.0701 -0.5899 1.9601 0.6885 0.4947 
3.0601 -0.5899 1.9601 0.6867 0.4615 
3.0701 -0.5993 1.9401 0.5907 0.4962 
3.1001 -0.5952 1.9501 0.6433 0.5964 
3.0701 -0.5899 1.9601 0.6885 0.4947 
3.0601 -0.5899 1.9601 0.6867 0.4615 
3.0601 -0.5899 1.9601 0.6867 0.4615 
3.0601 -0.5899 1.9601 0.6867 0.4615 
3.0701 -0.5899 1.9601 0.6885 0.4947 
3.0601 -0.5899 1.9601 0.6867 0.4615 
3.0601 -0.5899 1.9601 0.6867 0.4615 
3.0701 -0.5899 1.9601 0.6885 0.4947 
3.1001 -0.5952 1.9501 0.6433 0.5964 
3.1101 -0.5920 1.9701 0.7200 0.6262 
3.0601 -0.5899 1.9601 0.6867 0.4615 
3.0601 -0.5899 1.9601 0.6867 0.4615 
3.0601 -0.5894 1.9701 0.7203 0.4620 
3.0601 -0.5899 1.9601 0.6867 0.4615 
3.0601 -0.5894 1.9701 0.7203 0.4620 
3.0401 -0.5852 1.9601 0.6989 0.3935 
3.0601 -0.5899 1.9601 0.6867 0.4615 
3.0701 -0.5899 1.9601 0.6885 0.4947 
3.0601 -0.5894 1.9701 0.7203 0.4620 
3.0601 -0.5894 1.9701 0.7203 0.4620 
3.0701 -0.5899 1.9601 0.6885 0.4947 
3.1101 -0.5920 1.9701 0.7200 0.6262 
3.0701 -0.5900 1.9801 0.7507 0.4950 
3.0501 -0.5915 1.9801 0.7423 0.4313 
3.0601 -0.5894 1.9701 0.7203 0.4620 
3.1101 -0.5920 1.9701 0.7200 0.6262 
3.0701 -0.5900 1.9801 0.7507 0.4950 
3.0601 -0.5894 1.9701 0.7203 0.4620 
3.0501 -0.5915 1.9801 0.7423 0.4313 
3.0401 -0.5852 1.9601 0.6989 0.3935 
3.0601 -0.5894 1.9701 0.7203 0.4620 
3.1101 -0.5920 1.9701 0.7200 0.6262 
3.1101 -0.5911 2.0001 0.8127 0.6203 
3.0701 -0.5900 1.9801 0.7507 0.4950 
3.0701 -0.5900 1.9801 0.7507 0.4950 
3.0801 -0.5941 2.0101 0.8254 0.5265 
3.0501 -0.5915 1.9801 0.7423 0.4313 
3.0701 -0.5900 1.9801 0.7507 0.4950 
3.1001 -0.5914 2.0101 0.8379 0.5876 
3.0801 -0.5941 2.0101 0.8254 0.5265 
3.1101 -0.5911 2.0001 0.8127 0.6203 
3.1001 -0.5914 2.0101 0.8379 0.5876 
3.0701 -0.5900 1.9801 0.7507 0.4950 
3.1001 -0.5952 1.9501 0.6433 0.5964 
3.1001 -0.5913 1.9401 0.6219 0.5982 
3.1101 -0.5909 1.9401 0.6250 0.6329 
3.1101 -0.5909 1.9401 0.6250 0.6329 
3.1301 -0.5832 1.9501 0.6890 0.7009 
3.1301 -0.5903 1.9601 0.6975 0.6958 
3.1701 -0.5862 1.9301 0.6160 0.8520 
3.2101 -0.5863 1.9501 0.6927 0.9801 
3.1801 -0.5822 1.9501 0.7017 0.8771 
3.2101 -0.5827 1.9401 0.6710 0.9920 
3.2101 -0.5863 1.9501 0.6927 0.9801 
3.1701 -0.5862 1.9301 0.6160 0.8520 
3.1101 -0.5920 1.9701 0.7200 0.6262 
3.1001 -0.5952 1.9501 0.6433 0.5964 
3.1101 -0.5909 1.9401 0.6250 0.6329 
3.1101 -0.5909 1.9401 0.6250 0.6329 
3.1301 -0.5903 1.9601 0.6975 0.6958 
3.1101 -0.5920 1.9701 0.7200 0.6262 
3.1301 -0.5832 1.9501 0.6890 0.7009 
3.1401 -0.5908 1.9501 0.6646 0.7335 
3.1301 -0.5903 1.9601 0.6975 0.6958 
3.1201 -0.5914 1.9801 0.7547 0.6566 
3.1101 -0.5920 1.9701 0.7200 0.6262 
3.1301 -0.5903 1.9601 0.6975 0.6958 
3.1401 -0.5908 1.9501 0.6646 0.7335 
3.1601 -0.5914 1.9801 0.7619 0.7871 
3.1301 -0.5903 1.9601 0.6975 0.6958 
3.1301 -0.5903 1.9601 0.6975 0.6958 
3.1601 -0.5914 1.9801 0.7619 0.7871 
3.1201 -0.5914 1.9801 0.7547 0.6566 
3.1101 -0.5920 1.9701 0.7200 0.6262 
3.1201 -0.5914 1.9801 0.7547 0.6566 
3.1101 -0.5911 2.0001 0.8127 0.6203 
3.1601 -0.5914 1.9801 0.7619 0.7871 
3.1401 -0.5982 2.0001 0.7941 0.7130 
3.1201 -0.5914 1.9801 0.7547 0.6566 
3.1601 -0.5914 1.9801 0.7619 0.7871 
3.1601 -0.5967 2.0001 0.8026 0.7760 
3.1401 -0.5982 2.0001 0.7941 0.7130 
3.1201 -0.5914 1.9801 0.7547 0.6566 
3.1401 -0.5919 2.0201 0.8701 0.7078 
3.1101 -0.5911 2.0001 0.8127 0.6203 
3.1201 -0.5914 1.9801 0.7547 0.6566 
3.1401 -0.5982 2.0001 0.7941 0.7130 
3.1401 -0.5919 2.0201 0.8701 0.7078 
3.1401 -0.5908 1.9501 0.6646 0.7335 
3.1701 -0.5862 1.9301 0.6160 0.8520 
3.1801 -0.5822 1.9501 0.7017 0.8771 
3.1401 -0.5908 1.9501 0.6646 0.7335 
3.1801 -0.5822 1.9501 0.7017 0.8771 
3.1701 -0.5939 1.9801 0.7551 0.8188 
3.2101 -0.5863 1.9501 0.6927 0.9801 
3.1901 -0.5884 1.9701 0.7466 0.8942 
3.1801 -0.5822 1.9501 0.7017 0.8771 
3.1701 -0.5939 1.9801 0.7551 0.8188 
3.1601 -0.5914 1.9801 0.7619 0.7871 
3.1401 -0.5908 1.9501 0.6646 0.7335 
3.1801 -0.5822 1.9501 0.7017 0.8771 
3.1901 -0.5884 1.9701 0.7466 0.8942 
3.1701 -0.5939 1.9801 0.7551 0.8188 
3.2101 -0.5962 1.9701 0.7236 0.9560 
3.1901 -0.5977 1.9901 0.7757 0.8759 
3.1901 -0.5884 1.9701 0.7466 0.8942 
3.1901 -0.5977 1.9901 0.7757 0.8759 
3.1701 -0.5939 1.9801 0.7551 0.8188 
3.1901 -0.5884 1.9701 0.7466 0.8942 
3.1701 -0.5939 1.9801 0.7551 0.8188 
3.1901 -0.5977 1.9901 0.7757 0.8759 
3.1601 -0.5914 1.9801 0.7619 0.7871 
3.2101 -0.5999 1.9901 0.7717 0.9386 
3.1901 -0.5977 1.9901 0.7757 0.8759 
3.2101 -0.5962 1.9701 0.7236 0.9560 
3.1901 -0.5977 1.9901 0.7757 0.8759 
3.1752 -0.5999 2.0201 0.8495 0.8120 
3.1601 -0.5914 1.9801 0.7619 0.7871 
3.1601 -0.5914 1.9801 0.7619 0.7871 
3.1752 -0.5999 2.0201 0.8495 0.8120 
3.1601 -0.5967 2.0001 0.8026 0.7760 
3.1901 -0.5977 1.9901 0.7757 0.8759 
3.2101 -0.5999 1.9901 0.7717 0.9386 
3.2101 -0.5990 2.0101 0.8313 0.9254 
3.2201 -0.5920 1.9801 0.7703 0.9846 
3.2101 -0.5962 1.9701 0.7236 0.9560 
3.2101 -0.5863 1.9501 0.6927 0.9801 
3.2101 -0.5999 1.9901 0.7717 0.9386 
3.2101 -0.5962 1.9701 0.7236 0.9560 
3.2201 -0.5920 1.9801 0.7703 0.9846 
3.2101 -0.5990 2.0101 0.8313 0.9254 
3.2101 -0.5999 1.9901 0.7717 0.9386 
3.2201 -0.5886 2.0001 0.8410 0.9715 
3.1701 -0.5999 2.0301 0.8748 0.7921 
3.1701 -0.5999 2.0301 0.8748 0.7921 
3.1701 -0.5999 2.0301 0.8748 0.7921 
3.1752 -0.5999 2.0201 0.8495 0.8120 
3.1701 -0.5999 2.0301 0.8748 0.7921 
3.1701 -0.5999 2.0301 0.8748 0.7921 
3.1701 -0.5999 2.0301 0.8748 0.7921 
3.1701 -0.5999 2.0301 0.8748 0.7921 
3.1701 -0.5999 2.0301 0.8748 0.7921 
3.1701 -0.5999 2.0301 0.8748 0.7921 
3.1801 -0.6013 2.0401 0.8975 0.8166 
3.1701 -0.5988 2.0401 0.9040 0.7882 
3.1701 -0.5999 2.0301 0.8748 0.7921 
3.1701 -0.5999 2.0301 0.8748 0.7921 
3.1801 -0.6013 2.0401 0.8975 0.8166 
3.1701 -0.5999 2.0301 0.8748 0.7921 
3.1752 -0.5999 2.0201 0.8495 0.8120 
3.1801 -0.6013 2.0401 0.8975 0.8166 
3.1801 -0.6013 2.0401 0.8975 0.8166 
3.1752 -0.5999 2.0201 0.8495 0.8120 
3.2001 -0.5999 2.0201 0.8538 0.8877 
3.1601 -0.6016 2.0701 0.9652 0.7470 
3.1701 -0.5988 2.0401 0.9040 0.7882 
3.1701 -0.5997 2.0701 0.9730 0.7755 
3.0201 -0.5918 2.0001 0.7945 0.3417 
3.0201 -0.5934 2.0101 0.8172 0.3449 
3.0001 -0.5931 2.0001 0.7870 0.2816 
3.0201 -0.5930 1.9901 0.7620 0.3396 
3.0301 -0.5979 2.0101 0.8042 0.3767 
3.0201 -0.5918 2.0001 0.7945 0.3417 
3.0201 -0.5918 2.0001 0.7945 0.3417 
3.0301 -0.5979 2.0101 0.8042 0.3767 
3.0201 -0.5934 2.0101 0.8172 0.3449 
3.0201 -0.5930 1.9901 0.7620 0.3396 
3.0401 -0.5931 2.0101 0.8219 0.4049 
3.0301 -0.5979 2.0101 0.8042 0.3767 
3.0001 -0.5931 2.0001 0.7870 0.2816 
3.0101 -0.5920 2.0301 0.8734 0.3200 
3.0001 -0.5870 2.0101 0.8350 0.2817 
3.0001 -0.5931 2.0001 0.7870 0.2816 
3.0201 -0.5934 2.0101 0.8172 0.3449 
3.0101 -0.5920 2.0301 0.8734 0.3200 
3.0301 -0.5979 2.0101 0.8042 0.3767 
3.0401 -0.5899 2.0269 0.8773 0.4064 
3.0201 -0.5934 2.0101 0.8172 0.3449 
3.0401 -0.5931 2.0101 0.8219 0.4049 
3.0401 -0.5899 2.0269 0.8773 0.4064 
3.0301 -0.5979 2.0101 0.8042 0.3767 
3.0401 -0.5931 2.0101 0.8219 0.4049 
3.0601 -0.5901 2.0301 0.8884 0.4659 
3.0401 -0.5899 2.0269 0.8773 0.4064 
3.0101 -0.5920 2.0301 0.8734 0.3200 
3.0201 -0.5934 2.0101 0.8172 0.3449 
3.0401 -0.5892 2.0301 0.8880 0.4066 
3.0201 -0.5934 2.0101 0.8172 0.3449 
3.0401 -0.5899 2.0269 0.8773 0.4064 
3.0401 -0.5892 2.0301 0.8880 0.4066 
3.0501 -0.5899 2.0301 0.8874 0.4363 
3.0401 -0.5899 2.0269 0.8773 0.4064 
3.0601 -0.5901 2.0301 0.8884 0.4659 
3.0401 -0.5899 2.0269 0.8773 0.4064 
3.0501 -0.5899 2.0301 0.8874 0.4363 
3.0501 -0.5899 2.0301 0.8874 0.4363 
3.0401 -0.5892 2.0301 0.8880 0.4066 
3.0401 -0.5899 2.0269 0.8773 0.4064 
3.0501 -0.5899 2.0301 0.8874 0.4363 
2.9901 -0.5955 2.0401 0.8840 0.2678 
3.0101 -0.5920 2.0301 0.8734 0.3200 
3.0101 -0.5916 2.0401 0.9005 0.3225 
3.0401 -0.5892 2.0301 0.8880 0.4066 
3.0101 -0.5916 2.0401 0.9005 0.3225 
3.0101 -0.5920 2.0301 0.8734 0.3200 
3.0501 -0.5925 2.0401 0.9041 0.4380 
3.0101 -0.5916 2.0401 0.9005 0.3225 
3.0401 -0.5892 2.0301 0.8880 0.4066 
3.0501 -0.5899 2.0301 0.8874 0.4363 
3.0501 -0.5925 2.0401 0.9041 0.4380 
3.0401 -0.5892 2.0301 0.8880 0.4066 
3.0401 -0.5892 2.0301 0.8880 0.4066 
3.0501 -0.5899 2.0301 0.8874 0.4363 
3.0501 -0.5899 2.0301 0.8874 0.4363 
3.0501 -0.5925 2.0401 0.9041 0.4380 
3.0501 -0.5911 2.0601 0.9577 0.4395 
3.0101 -0.5916 2.0401 0.9005 0.3225 
3.0101 -0.5916 2.0401 0.9005 0.3225 
3.0501 -0.5911 2.0601 0.9577 0.4395 
3.0101 -0.5899 2.0601 0.9546 0.3270 
3.0501 -0.5915 1.9801 0.7423 0.4313 
3.0801 -0.5941 2.0101 0.8254 0.5265 
3.0401 -0.5931 2.0101 0.8219 0.4049 
3.0801 -0.5941 2.0101 0.8254 0.5265 
3.0601 -0.5901 2.0301 0.8884 0.4659 
3.0401 -0.5931 2.0101 0.8219 0.4049 
3.0801 -0.5941 2.0101 0.8254 0.5265 
3.0801 -0.5894 2.0201 0.8681 0.5256 
3.0601 -0.5901 2.0301 0.8884 0.4659 
3.0501 -0.5899 2.0301 0.8874 0.4363 
3.0601 -0.5901 2.0301 0.8884 0.4659 
3.0501 -0.5899 2.0301 0.8874 0.4363 
3.0801 -0.5901 2.0401 0.9174 0.5250 
3.0601 -0.5901 2.0301 0.8884 0.4659 
3.0801 -0.5894 2.0201 0.8681 0.5256 
3.0801 -0.5894 2.0201 0.8681 0.5256 
3.0801 -0.5941 2.0101 0.8254 0.5265 
3.1001 -0.5879 2.0501 0.9531 0.5825 
3.0501 -0.5899 2.0301 0.8874 0.4363 
3.0501 -0.5899 2.0301 0.8874 0.4363 
3.0501 -0.5899 2.0301 0.8874 0.4363 
3.0801 -0.5901 2.0401 0.9174 0.5250 
3.0801 -0.5894 2.0201 0.8681 0.5256 
3.1001 -0.5879 2.0501 0.9531 0.5825 
3.0501 -0.5899 2.0301 0.8874 0.4363 
3.0501 -0.5925 2.0401 0.9041 0.4380 
3.0501 -0.5899 2.0301 0.8874 0.4363 
3.0501 -0.5899 2.0301 0.8874 0.4363 
3.0601 -0.5901 2.0301 0.8884 0.4659 
3.0501 -0.5925 2.0401 0.9041 0.4380 
3.0601 -0.5901 2.0301 0.8884 0.4659 
3.0501 -0.5911 2.0601 0.9577 0.4395 
3.0501 -0.5925 2.0401 0.9041 0.4380 
3.0601 -0.5901 2.0301 0.8884 0.4659 
3.0701 -0.5909 2.0501 0.9376 0.4959 
3.0501 -0.5911 2.0601 0.9577 0.4395 
3.0601 -0.5901 2.0301 0.8884 0.4659 
3.0801 -0.5901 2.0401 0.9174 0.5250 
3.0701 -0.5909 2.0501 0.9376 0.4959 
3.0501 -0.5899 2.0301 0.8874 0.4363 
3.0501 -0.5899 2.0301 0.8874 0.4363 
3.0501 -0.5899 2.0301 0.8874 0.4363 
3.0801 -0.5901 2.0401 0.9174 0.5250 
3.1001 -0.5879 2.0501 0.9531 0.5825 
3.0701 -0.5909 2.0501 0.9376 0.4959 
3.0001 -0.5881 2.0601 0.9590 0.2983 
3.0101 -0.5916 2.0401 0.9005 0.3225 
3.0101 -0.5899 2.0601 0.9546 0.3270 
3.0501 -0.5911 2.0601 0.9577 0.4395 
3.0301 -0.5904 2.0701 0.9798 0.3848 
3.0101 -0.5899 2.0601 0.9546 0.3270 
3.0301 -0.5904 2.0701 0.9798 0.3848 
3.0201 -0.5919 2.0801 0.9958 0.3599 
3.0101 -0.5899 2.0601 0.9546 0.3270 
3.0001 -0.5899 2.0701 0.9762 0.3021 
3.0001 -0.5881 2.0601 0.9590 0.2983 
3.0101 -0.5899 2.0601 0.9546 0.3270 
3.0001 -0.5899 2.0701 0.9762 0.3021 
3.0001 -0.5899 2.0701 0.9762 0.3021 
3.0101 -0.5899 2.0601 0.9546 0.3270 
3.0001 -0.5899 2.0701 0.9762 0.3021 
3.0001 -0.5912 2.0801 0.9947 0.3055 
3.0001 -0.5899 2.0701 0.9762 0.3021 
3.0001 -0.5899 2.0701 0.9762 0.3021 
3.0101 -0.5899 2.0601 0.9546 0.3270 
3.0001 -0.5912 2.0801 0.9947 0.3055 
3.0101 -0.5899 2.0601 0.9546 0.3270 
3.0201 -0.5919 2.0801 0.9958 0.3599 
3.0001 -0.5912 2.0801 0.9947 0.3055 
3.0001 -0.5899 2.0701 0.9762 0.3021 
3.0001 -0.5899 2.0701 0.9762 0.3021 
3.0001 -0.5899 2.0701 0.9762 0.3021 
3.0201 -0.5919 2.0801 0.9958 0.3599 
3.0101 -0.5963 2.0901 1.0019 0.3370 
3.0001 -0.5912 2.0801 0.9947 0.3055 
3.1101 -0.5911 2.0001 0.8127 0.6203 
3.1101 -0.5956 2.0101 0.8253 0.6181 
3.1001 -0.5914 2.0101 0.8379 0.5876 
3.1101 -0.5911 2.0001 0.8127 0.6203 
3.1401 -0.5919 2.0201 0.8701 0.7078 
3.1101 -0.5956 2.0101 0.8253 0.6181 
3.1601 -0.5967 2.0001 0.8026 0.7760 
3.1501 -0.5889 2.0201 0.8823 0.7393 
3.1401 -0.5982 2.0001 0.7941 0.7130 
3.1401 -0.5919 2.0201 0.8701 0.7078 
3.1301 -0.5917 2.0301 0.8954 0.6747 
3.1101 -0.5956 2.0101 0.8253 0.6181 
3.1101 -0.5956 2.0101 0.8253 0.6181 
3.1301 -0.5917 2.0301 0.8954 0.6747 
3.1001 -0.5914 2.0101 0.8379 0.5876 
3.1401 -0.5919 2.0201 0.8701 0.7078 
3.1401 -0.5982 2.0001 0.7941 0.7130 
3.1501 -0.5889 2.0201 0.8823 0.7393 
3.1001 -0.5914 2.0101 0.8379 0.5876 
3.1101 -0.5889 2.0501 0.9514 0.6116 
3.0801 -0.5941 2.0101 0.8254 0.5265 
3.0801 -0.5941 2.0101 0.8254 0.5265 
3.1101 -0.5889 2.0501 0.9514 0.6116 
3.1001 -0.5879 2.0501 0.9531 0.5825 
3.1001 -0.5914 2.0101 0.8379 0.5876 
3.1201 -0.5926 2.0401 0.9161 0.6425 
3.1101 -0.5889 2.0501 0.9514 0.6116 
3.1001 -0.5914 2.0101 0.8379 0.5876 
3.1301 -0.5917 2.0301 0.8954 0.6747 
3.1201 -0.5926 2.0401 0.9161 0.6425 
3.1601 -0.5962 2.0301 0.8854 0.7635 
3.1401 -0.5919 2.0201 0.8701 0.7078 
3.1501 -0.5889 2.0201 0.8823 0.7393 
3.1301 -0.5899 2.0401 0.9269 0.6723 
3.1301 -0.5917 2.0301 0.8954 0.6747 
3.1301 -0.5899 2.0401 0.9269 0.6723 
3.1301 -0.5899 2.0401 0.9269 0.6723 
3.1201 -0.5926 2.0401 0.9161 0.6425 
3.1301 -0.5917 2.0301 0.8954 0.6747 
3.1301 -0.5899 2.0401 0.9269 0.6723 
3.1401 -0.5932 2.0401 0.9176 0.7013 
3.1301 -0.5899 2.0401 0.9269 0.6723 
3.1301 -0.5899 2.0401 0.9269 0.6723 
3.1301 -0.5917 2.0301 0.8954 0.6747 
3.1401 -0.5932 2.0401 0.9176 0.7013 
3.1301 -0.5917 2.0301 0.8954 0.6747 
3.1401 -0.5919 2.0201 0.8701 0.7078 
3.1401 -0.5932 2.0401 0.9176 0.7013 
3.1601 -0.5962 2.0301 0.8854 0.7635 
3.1401 -0.5932 2.0401 0.9176 0.7013 
3.1401 -0.5919 2.0201 0.8701 0.7078 
3.1301 -0.5899 2.0401 0.9269 0.6723 
3.1301 -0.5899 2.0401 0.9269 0.6723 
3.1301 -0.5899 2.0401 0.9269 0.6723 
3.1301 -0.5899 2.0401 0.9269 0.6723 
3.1301 -0.5899 2.0401 0.9269 0.6723 
3.1301 -0.5899 2.0401 0.9269 0.6723 
3.1201 -0.5926 2.0401 0.9161 0.6425 
3.1301 -0.5946 2.0501 0.9358 0.6691 
3.1101 -0.5889 2.0501 0.9514 0.6116 
3.1301 -0.5899 2.0401 0.9269 0.6723 
3.1201 -0.5926 2.0401 0.9161 0.6425 
3.1301 -0.5899 2.0401 0.9269 0.6723 
3.1301 -0.5899 2.0401 0.9269 0.6723 
3.1301 -0.5946 2.0501 0.9358 0.6691 
3.1201 -0.5926 2.0401 0.9161 0.6425 
3.1301 -0.5899 2.0401 0.9269 0.6723 
3.1301 -0.5946 2.0501 0.9358 0.6691 
3.1301 -0.5899 2.0401 0.9269 0.6723 
3.1301 -0.5899 2.0401 0.9269 0.6723 
3.1401 -0.5932 2.0401 0.9176 0.7013 
3.1301 -0.5946 2.0501 0.9358 0.6691 
3.1401 -0.5932 2.0401 0.9176 0.7013 
3.1401 -0.5902 2.0501 0.9524 0.6990 
3.1301 -0.5946 2.0501 0.9358 0.6691 
3.1301 -0.5899 2.0401 0.9269 0.6723 
3.1301 -0.5899 2.0401 0.9269 0.6723 
3.1301 -0.5899 2.0401 0.9269 0.6723 
3.1301 -0.5899 2.0401 0.9269 0.6723 
3.1301 -0.5899 2.0401 0.9269 0.6723 
3.1301 -0.5899 2.0401 0.9269 0.6723 
3.1601 -0.5967 2.0001 0.8026 0.7760 
3.1752 -0.5999 2.0201 0.8495 0.8120 
3.1501 -0.5889 2.0201 0.8823 0.7393 
3.1901 -0.5977 1.9901 0.7757 0.8759 
3.2001 -0.5999 2.0201 0.8538 0.8877 
3.1752 -0.5999 2.0201 0.8495 0.8120 
3.2101 -0.5990 2.0101 0.8313 0.9254 
3.2001 -0.5999 2.0201 0.8538 0.8877 
3.1901 -0.5977 1.9901 0.7757 0.8759 
3.1701 -0.5999 2.0301 0.8748 0.7921 
3.1701 -0.5999 2.0301 0.8748 0.7921 
3.1601 -0.5962 2.0301 0.8854 0.7635 
3.1701 -0.5999 2.0301 0.8748 0.7921 
3.1601 -0.5962 2.0301 0.8854 0.7635 
3.1752 -0.5999 2.0201 0.8495 0.8120 
3.1752 -0.5999 2.0201 0.8495 0.8120 
3.1601 -0.5962 2.0301 0.8854 0.7635 
3.1501 -0.5889 2.0201 0.8823 0.7393 
3.1701 -0.5999 2.0301 0.8748 0.7921 
3.1701 -0.5999 2.0301 0.8748 0.7921 
3.1701 -0.5988 2.0401 0.9040 0.7882 
3.1701 -0.5999 2.0301 0.8748 0.7921 
3.1701 -0.5988 2.0401 0.9040 0.7882 
3.1601 -0.5962 2.0301 0.8854 0.7635 
3.2001 -0.5999 2.0201 0.8538 0.8877 
3.2101 -0.5929 2.0301 0.9054 0.9161 
3.2001 -0.5946 2.0501 0.9480 0.8733 
3.1601 -0.5962 2.0301 0.8854 0.7635 
3.1701 -0.5988 2.0401 0.9040 0.7882 
3.1401 -0.5932 2.0401 0.9176 0.7013 
3.2001 -0.5999 2.0201 0.8538 0.8877 
3.2001 -0.5946 2.0501 0.9480 0.8733 
3.1801 -0.6013 2.0401 0.8975 0.8166 
3.1401 -0.5932 2.0401 0.9176 0.7013 
3.1601 -0.6016 2.0701 0.9652 0.7470 
3.1401 -0.5902 2.0501 0.9524 0.6990 
3.1401 -0.5902 2.0501 0.9524 0.6990 
3.1601 -0.6016 2.0701 0.9652 0.7470 
3.1301 -0.5946 2.0501 0.9358 0.6691 
3.1101 -0.5889 2.0501 0.9514 0.6116 
3.1301 -0.5946 2.0501 0.9358 0.6691 
3.1201 -0.5924 2.0701 0.9885 0.6364 
3.1301 -0.5946 2.0501 0.9358 0.6691 
3.1401 -0.5924 2.0701 0.9922 0.6928 
3.1201 -0.5924 2.0701 0.9885 0.6364 
3.1301 -0.5946 2.0501 0.9358 0.6691 
3.1601 -0.6016 2.0701 0.9652 0.7470 
3.1401 -0.5924 2.0701 0.9922 0.6928 
3.1601 -0.6016 2.0701 0.9652 0.7470 
3.1401 -0.5932 2.0401 0.9176 0.7013 
3.1701 -0.5988 2.0401 0.9040 0.7882 
3.2101 -0.5990 2.0101 0.8313 0.9254 
3.2201 -0.5886 2.0001 0.8410 0.9715 
3.2201 -0.5899 2.0101 0.8643 0.9629 
3.2201 -0.5886 2.0001 0.8410 0.9715 
3.2201 -0.5899 2.0101 0.8643 0.9629 
3.2201 -0.5899 2.0101 0.8643 0.9629 
3.2301 -0.5899 2.0080 0.8604 0.9963 
3.2201 -0.5899 2.0101 0.8643 0.9629 
3.2201 -0.5899 2.0101 0.8643 0.9629 
3.2301 -0.5899 2.0080 0.8604 0.9963 
3.2201 -0.5899 2.0101 0.8643 0.9629 
3.2201 -0.5886 2.0001 0.8410 0.9715 
3.2001 -0.5999 2.0201 0.8538 0.8877 
3.2101 -0.5990 2.0101 0.8313 0.9254 
3.2101 -0.5929 2.0301 0.9054 0.9161 
3.2201 -0.5899 2.0101 0.8643 0.9629 
3.2101 -0.5990 2.0101 0.8313 0.9254 
3.2201 -0.5899 2.0101 0.8643 0.9629 
3.2201 -0.5899 2.0101 0.8643 0.9629 
3.2201 -0.5931 2.0201 0.8804 0.9534 
3.2101 -0.5990 2.0101 0.8313 0.9254 
3.2201 -0.5931 2.0201 0.8804 0.9534 
3.2101 -0.5929 2.0301 0.9054 0.9161 
3.2101 -0.5990 2.0101 0.8313 0.9254 
3.2201 -0.5899 2.0101 0.8643 0.9629 
3.2201 -0.5931 2.0201 0.8804 0.9534 
3.2201 -0.5899 2.0101 0.8643 0.9629 
3.2201 -0.5899 2.0101 0.8643 0.9629 
3.2301 -0.5899 2.0080 0.8604 0.9963 
3.2201 -0.5931 2.0201 0.8804 0.9534 
3.2301 -0.5899 2.0080 0.8604 0.9963 
3.2301 -0.5963 2.0201 0.8712 0.9821 
3.2201 -0.5931 2.0201 0.8804 0.9534 
3.2201 -0.5899 2.0101 0.8643 0.9629 
3.2201 -0.5899 2.0101 0.8643 0.9629 
3.2201 -0.5899 2.0101 0.8643 0.9629 
3.2201 -0.5899 2.0101 0.8643 0.9629 
3.2201 -0.5899 2.0101 0.8643 0.9629 
3.2201 -0.5899 2.0101 0.8643 0.9629 
3.2201 -0.5931 2.0201 0.8804 0.9534 
3.2301 -0.5935 2.0401 0.9324 0.9694 
3.2101 -0.5929 2.0301 0.9054 0.9161 
3.2301 -0.5963 2.0201 0.8712 0.9821 
3.2301 -0.5935 2.0401 0.9324 0.9694 
3.2201 -0.5931 2.0201 0.8804 0.9534 
3.2301 -0.5935 2.0401 0.9324 0.9694 
3.2401 -0.5958 2.0501 0.9508 0.9903 
3.2101 -0.5929 2.0301 0.9054 0.9161 
3.2101 -0.5929 2.0301 0.9054 0.9161 
3.2401 -0.5958 2.0501 0.9508 0.9903 
3.2001 -0.5946 2.0501 0.9480 0.8733 
3.2401 -0.5958 2.0501 0.9508 0.9903 
3.2401 -0.5924 2.0601 0.9864 0.9855 
3.2001 -0.5946 2.0501 0.9480 0.8733 
