NUMPOLLIES 207.000000 

2.9901 -0.2499 2.1822 0.1176 0.0974 
2.9901 -0.2599 2.1609 0.0760 0.0726 
3.0001 -0.2499 2.1677 0.1162 0.1175 
3.0001 -0.2199 2.1617 0.2858 0.1105 
2.9801 -0.2399 2.1616 0.1624 0.0532 
2.9901 -0.2399 2.1663 0.1660 0.0793 
3.0001 -0.2499 2.1677 0.1162 0.1175 
3.0001 -0.2199 2.1617 0.2858 0.1105 
2.9901 -0.2399 2.1663 0.1660 0.0793 
2.9801 -0.1999 2.1676 0.3947 0.0564 
2.9801 -0.2199 2.1812 0.2750 0.0662 
2.9901 -0.2099 2.1684 0.3392 0.0826 
2.9801 -0.1999 2.1676 0.3947 0.0564 
2.9901 -0.2099 2.1684 0.3392 0.0826 
2.9901 -0.1899 2.1605 0.4617 0.0744 
2.9901 -0.2399 2.1663 0.1660 0.0793 
2.9801 -0.2399 2.1616 0.1624 0.0532 
2.9901 -0.2499 2.1822 0.1176 0.0974 
2.9901 -0.2499 2.1822 0.1176 0.0974 
3.0001 -0.2499 2.1677 0.1162 0.1175 
2.9901 -0.2399 2.1663 0.1660 0.0793 
2.9901 -0.2099 2.1684 0.3392 0.0826 
2.9801 -0.2199 2.1812 0.2750 0.0662 
2.9901 -0.2199 2.1824 0.2776 0.0983 
2.9901 -0.2199 2.1824 0.2776 0.0983 
3.0001 -0.2199 2.1617 0.2858 0.1105 
2.9901 -0.2099 2.1684 0.3392 0.0826 
2.9901 -0.1899 2.1605 0.4617 0.0744 
2.9801 -0.1904 2.1701 0.4479 0.0582 
2.9801 -0.1999 2.1676 0.3947 0.0564 
2.9801 -0.1904 2.1701 0.4479 0.0582 
2.9901 -0.1899 2.1605 0.4617 0.0744 
2.9901 -0.1799 2.1641 0.5166 0.0786 
3.0101 -0.0999 2.1610 0.9728 0.1490 
2.9801 -0.0999 2.1668 0.9503 0.0582 
3.0101 -0.1099 2.1601 0.9211 0.1481 
3.0201 -0.2499 2.1621 0.1198 0.1941 
3.0101 -0.2299 2.1616 0.2295 0.1508 
3.0001 -0.2499 2.1677 0.1162 0.1175 
3.1101 -0.2499 2.1565 0.1432 0.5930 
3.0901 -0.2399 2.1639 0.1953 0.5002 
3.0901 -0.2599 2.1549 0.0889 0.5048 
3.0201 -0.2499 2.1621 0.1198 0.1941 
3.0301 -0.2199 2.1595 0.2958 0.2332 
3.0101 -0.2299 2.1616 0.2295 0.1508 
3.0201 -0.2499 2.1621 0.1198 0.1941 
3.0301 -0.2399 2.1606 0.1771 0.2355 
3.0301 -0.2199 2.1595 0.2958 0.2332 
3.0401 -0.2299 2.1608 0.2388 0.2785 
3.0301 -0.2199 2.1595 0.2958 0.2332 
3.0301 -0.2399 2.1606 0.1771 0.2355 
3.0201 -0.2499 2.1621 0.1198 0.1941 
3.0401 -0.2499 2.1641 0.1256 0.2829 
3.0301 -0.2399 2.1606 0.1771 0.2355 
3.0501 -0.2499 2.1713 0.1301 0.3309 
3.0501 -0.2399 2.1580 0.1829 0.3216 
3.0401 -0.2499 2.1641 0.1256 0.2829 
3.0501 -0.2399 2.1580 0.1829 0.3216 
3.0410 -0.2399 2.1801 0.1820 0.2971 
3.0401 -0.2499 2.1641 0.1256 0.2829 
3.0101 -0.2299 2.1616 0.2295 0.1508 
3.0001 -0.2199 2.1617 0.2858 0.1105 
3.0001 -0.2499 2.1677 0.1162 0.1175 
3.0501 -0.2399 2.1580 0.1829 0.3216 
3.0401 -0.2299 2.1608 0.2388 0.2785 
3.0410 -0.2399 2.1801 0.1820 0.2971 
3.0101 -0.2099 2.1637 0.3475 0.1529 
2.9901 -0.2099 2.1684 0.3392 0.0826 
3.0101 -0.2299 2.1616 0.2295 0.1508 
3.0101 -0.2299 2.1616 0.2295 0.1508 
2.9901 -0.2099 2.1684 0.3392 0.0826 
3.0001 -0.2199 2.1617 0.2858 0.1105 
3.0301 -0.2199 2.1595 0.2958 0.2332 
3.0201 -0.2099 2.1821 0.3419 0.2123 
3.0101 -0.2099 2.1637 0.3475 0.1529 
3.0301 -0.2199 2.1595 0.2958 0.2332 
3.0101 -0.2099 2.1637 0.3475 0.1529 
3.0101 -0.2299 2.1616 0.2295 0.1508 
3.0201 -0.1999 2.1649 0.4086 0.1952 
2.9901 -0.1899 2.1605 0.4617 0.0744 
3.0101 -0.2099 2.1637 0.3475 0.1529 
3.0101 -0.2099 2.1637 0.3475 0.1529 
2.9901 -0.1899 2.1605 0.4617 0.0744 
2.9901 -0.2099 2.1684 0.3392 0.0826 
3.0401 -0.1999 2.1570 0.4205 0.2729 
3.0201 -0.1999 2.1649 0.4086 0.1952 
3.0301 -0.2099 2.1834 0.3442 0.2531 
3.0401 -0.1999 2.1570 0.4205 0.2729 
3.0301 -0.2099 2.1834 0.3442 0.2531 
3.0401 -0.2099 2.1850 0.3464 0.2941 
3.0601 -0.1999 2.1677 0.4188 0.3650 
3.0401 -0.1999 2.1570 0.4205 0.2729 
3.0601 -0.2099 2.1629 0.3633 0.3642 
3.0601 -0.2099 2.1629 0.3633 0.3642 
3.0401 -0.1999 2.1570 0.4205 0.2729 
3.0401 -0.2099 2.1850 0.3464 0.2941 
3.0301 -0.2399 2.1606 0.1771 0.2355 
3.0401 -0.2499 2.1641 0.1256 0.2829 
3.0410 -0.2399 2.1801 0.1820 0.2971 
3.0301 -0.2399 2.1606 0.1771 0.2355 
3.0410 -0.2399 2.1801 0.1820 0.2971 
3.0401 -0.2299 2.1608 0.2388 0.2785 
3.0401 -0.2299 2.1608 0.2388 0.2785 
3.0301 -0.2099 2.1834 0.3442 0.2531 
3.0301 -0.2199 2.1595 0.2958 0.2332 
3.0401 -0.2299 2.1608 0.2388 0.2785 
3.0601 -0.2199 2.1845 0.2971 0.3751 
3.0301 -0.2099 2.1834 0.3442 0.2531 
3.0301 -0.2199 2.1595 0.2958 0.2332 
3.0301 -0.2099 2.1834 0.3442 0.2531 
3.0201 -0.2099 2.1821 0.3419 0.2123 
3.0601 -0.2099 2.1629 0.3633 0.3642 
3.0401 -0.2099 2.1850 0.3464 0.2941 
3.0601 -0.2199 2.1845 0.2971 0.3751 
3.0101 -0.2099 2.1637 0.3475 0.1529 
3.0201 -0.2099 2.1821 0.3419 0.2123 
3.0201 -0.1999 2.1649 0.4086 0.1952 
3.0201 -0.1999 2.1649 0.4086 0.1952 
3.0201 -0.2099 2.1821 0.3419 0.2123 
3.0301 -0.2099 2.1834 0.3442 0.2531 
3.0401 -0.2099 2.1850 0.3464 0.2941 
3.0301 -0.2099 2.1834 0.3442 0.2531 
3.0601 -0.2199 2.1845 0.2971 0.3751 
3.0501 -0.2399 2.1580 0.1829 0.3216 
3.0701 -0.2399 2.1657 0.1894 0.4132 
3.0601 -0.2299 2.1568 0.2456 0.3641 
3.0701 -0.2399 2.1657 0.1894 0.4132 
3.0701 -0.2199 2.1575 0.3090 0.4072 
3.0601 -0.2299 2.1568 0.2456 0.3641 
3.0801 -0.2199 2.1559 0.3127 0.4511 
3.0701 -0.2199 2.1575 0.3090 0.4072 
3.0701 -0.2399 2.1657 0.1894 0.4132 
3.1001 -0.2099 2.1556 0.3799 0.5376 
3.0801 -0.2199 2.1559 0.3127 0.4511 
3.1101 -0.2399 2.1552 0.2011 0.5905 
3.1101 -0.2399 2.1552 0.2011 0.5905 
3.0801 -0.2199 2.1559 0.3127 0.4511 
3.0901 -0.2399 2.1639 0.1953 0.5002 
3.1001 -0.2099 2.1556 0.3799 0.5376 
3.0801 -0.1999 2.1647 0.4270 0.4488 
3.0801 -0.2199 2.1559 0.3127 0.4511 
3.0501 -0.2399 2.1580 0.1829 0.3216 
3.0501 -0.2499 2.1713 0.1301 0.3309 
3.0701 -0.2399 2.1657 0.1894 0.4132 
3.0501 -0.2499 2.1713 0.1301 0.3309 
3.0701 -0.2599 2.1552 0.0853 0.4134 
3.0701 -0.2399 2.1657 0.1894 0.4132 
3.0801 -0.2399 2.1688 0.1925 0.4572 
3.0701 -0.2399 2.1657 0.1894 0.4132 
3.0701 -0.2599 2.1552 0.0853 0.4134 
3.0601 -0.2299 2.1568 0.2456 0.3641 
3.0401 -0.2299 2.1608 0.2388 0.2785 
3.0501 -0.2399 2.1580 0.1829 0.3216 
3.0801 -0.2199 2.1559 0.3127 0.4511 
3.0701 -0.2399 2.1657 0.1894 0.4132 
3.0801 -0.2399 2.1688 0.1925 0.4572 
3.0801 -0.2199 2.1559 0.3127 0.4511 
3.0801 -0.2399 2.1688 0.1925 0.4572 
3.0901 -0.2399 2.1639 0.1953 0.5002 
3.0401 -0.2299 2.1608 0.2388 0.2785 
3.0601 -0.2299 2.1568 0.2456 0.3641 
3.0601 -0.2199 2.1845 0.2971 0.3751 
3.0601 -0.2299 2.1568 0.2456 0.3641 
3.0701 -0.2199 2.1575 0.3090 0.4072 
3.0601 -0.2199 2.1845 0.2971 0.3751 
3.0801 -0.1999 2.1647 0.4270 0.4488 
3.0701 -0.2199 2.1575 0.3090 0.4072 
3.0801 -0.2199 2.1559 0.3127 0.4511 
3.0701 -0.1999 2.1594 0.4279 0.4045 
3.0601 -0.2099 2.1629 0.3633 0.3642 
3.0701 -0.2199 2.1575 0.3090 0.4072 
3.0601 -0.1999 2.1677 0.4188 0.3650 
3.0601 -0.2099 2.1629 0.3633 0.3642 
3.0701 -0.1999 2.1594 0.4279 0.4045 
3.0701 -0.1999 2.1594 0.4279 0.4045 
3.0701 -0.2199 2.1575 0.3090 0.4072 
3.0801 -0.1999 2.1647 0.4270 0.4488 
3.0601 -0.2199 2.1845 0.2971 0.3751 
3.0701 -0.2199 2.1575 0.3090 0.4072 
3.0601 -0.2099 2.1629 0.3633 0.3642 
3.1601 -0.2599 2.1549 0.1043 0.8253 
3.1401 -0.2499 2.1601 0.1526 0.7258 
3.1601 -0.2699 2.1559 0.0739 0.8286 
3.1701 -0.2599 2.1818 0.1144 0.8383 
3.1601 -0.2599 2.1549 0.1043 0.8253 
3.1701 -0.2699 2.1568 0.0745 0.8733 
3.1701 -0.2699 2.1568 0.0745 0.8733 
3.1601 -0.2599 2.1549 0.1043 0.8253 
3.1601 -0.2699 2.1559 0.0739 0.8286 
3.1701 -0.2599 2.1818 0.1144 0.8383 
3.1701 -0.2699 2.1568 0.0745 0.8733 
3.1801 -0.2599 2.1602 0.1109 0.9089 
3.1501 -0.2399 2.1565 0.2135 0.7698 
3.1401 -0.2499 2.1601 0.1526 0.7258 
3.1601 -0.2599 2.1549 0.1043 0.8253 
3.1601 -0.2599 2.1549 0.1043 0.8253 
3.1701 -0.2499 2.1558 0.1607 0.8652 
3.1501 -0.2399 2.1565 0.2135 0.7698 
3.1901 -0.2699 2.1662 0.0776 0.9495 
3.1901 -0.2599 2.1616 0.1138 0.9516 
3.1801 -0.2599 2.1602 0.1109 0.9089 
3.1601 -0.2599 2.1549 0.1043 0.8253 
3.1701 -0.2599 2.1818 0.1144 0.8383 
3.1701 -0.2499 2.1558 0.1607 0.8652 
3.1801 -0.2599 2.1602 0.1109 0.9089 
3.1901 -0.2599 2.1616 0.1138 0.9516 
3.1901 -0.2499 2.1780 0.1696 0.9223 
3.1901 -0.2599 2.1616 0.1138 0.9516 
3.2001 -0.2499 2.1573 0.1699 0.9983 
3.1901 -0.2499 2.1780 0.1696 0.9223 
3.1701 -0.2499 2.1558 0.1607 0.8652 
3.1701 -0.2599 2.1818 0.1144 0.8383 
3.1801 -0.2599 2.1602 0.1109 0.9089 
3.1801 -0.2599 2.1602 0.1109 0.9089 
3.1901 -0.2499 2.1780 0.1696 0.9223 
3.1701 -0.2499 2.1558 0.1607 0.8652 
3.1101 -0.2399 2.1552 0.2011 0.5905 
3.0901 -0.2399 2.1639 0.1953 0.5002 
3.1101 -0.2499 2.1565 0.1432 0.5930 
3.1101 -0.2499 2.1565 0.1432 0.5930 
3.1401 -0.2499 2.1601 0.1526 0.7258 
3.1101 -0.2399 2.1552 0.2011 0.5905 
3.1101 -0.2399 2.1552 0.2011 0.5905 
3.1401 -0.2499 2.1601 0.1526 0.7258 
3.1501 -0.2399 2.1565 0.2135 0.7698 
3.1401 -0.2199 2.1547 0.3322 0.7189 
3.1201 -0.2299 2.1555 0.2646 0.6323 
3.1101 -0.2399 2.1552 0.2011 0.5905 
3.1501 -0.2399 2.1565 0.2135 0.7698 
3.1401 -0.2199 2.1547 0.3322 0.7189 
3.1101 -0.2399 2.1552 0.2011 0.5905 
3.1101 -0.2199 2.1559 0.3222 0.5846 
3.1001 -0.2099 2.1556 0.3799 0.5376 
3.1101 -0.2399 2.1552 0.2011 0.5905 
3.1201 -0.2299 2.1555 0.2646 0.6323 
3.1101 -0.2199 2.1559 0.3222 0.5846 
3.1101 -0.2399 2.1552 0.2011 0.5905 
3.1301 -0.2199 2.1599 0.3268 0.6711 
3.1201 -0.2299 2.1555 0.2646 0.6323 
3.1401 -0.2199 2.1547 0.3322 0.7189 
3.1401 -0.2199 2.1547 0.3322 0.7189 
3.1401 -0.1999 2.1678 0.4426 0.7025 
3.1201 -0.2099 2.1593 0.3839 0.6245 
3.1401 -0.2199 2.1547 0.3322 0.7189 
3.1201 -0.2099 2.1593 0.3839 0.6245 
3.1301 -0.2199 2.1599 0.3268 0.6711 
3.1401 -0.1999 2.1678 0.4426 0.7025 
3.1401 -0.2199 2.1547 0.3322 0.7189 
3.1601 -0.2099 2.1562 0.3984 0.8025 
3.1101 -0.1999 2.1579 0.4415 0.5784 
3.0801 -0.1899 2.1586 0.4910 0.4458 
3.1101 -0.2199 2.1559 0.3222 0.5846 
3.1101 -0.2199 2.1559 0.3222 0.5846 
3.0801 -0.1899 2.1586 0.4910 0.4458 
3.1001 -0.2099 2.1556 0.3799 0.5376 
3.1201 -0.2099 2.1593 0.3839 0.6245 
3.1101 -0.1999 2.1579 0.4415 0.5784 
3.1101 -0.2199 2.1559 0.3222 0.5846 
3.1101 -0.2199 2.1559 0.3222 0.5846 
3.1201 -0.2299 2.1555 0.2646 0.6323 
3.1201 -0.2199 2.1829 0.3149 0.6181 
3.1101 -0.2199 2.1559 0.3222 0.5846 
3.1201 -0.2199 2.1829 0.3149 0.6181 
3.1201 -0.2099 2.1593 0.3839 0.6245 
3.1201 -0.2199 2.1829 0.3149 0.6181 
3.1301 -0.2199 2.1599 0.3268 0.6711 
3.1201 -0.2099 2.1593 0.3839 0.6245 
3.1101 -0.1999 2.1579 0.4415 0.5784 
3.1201 -0.2099 2.1593 0.3839 0.6245 
3.1201 -0.1999 2.1655 0.4385 0.6191 
3.1401 -0.1999 2.1678 0.4426 0.7025 
3.1201 -0.1999 2.1655 0.4385 0.6191 
3.1201 -0.2099 2.1593 0.3839 0.6245 
3.1201 -0.2199 2.1829 0.3149 0.6181 
3.1201 -0.2299 2.1555 0.2646 0.6323 
3.1301 -0.2199 2.1599 0.3268 0.6711 
3.1701 -0.2499 2.1558 0.1607 0.8652 
3.1701 -0.2399 2.1596 0.2196 0.8558 
3.1501 -0.2399 2.1565 0.2135 0.7698 
3.1701 -0.2499 2.1558 0.1607 0.8652 
3.1801 -0.2399 2.1560 0.2229 0.9052 
3.1701 -0.2399 2.1596 0.2196 0.8558 
3.1701 -0.2399 2.1596 0.2196 0.8558 
3.1401 -0.2199 2.1547 0.3322 0.7189 
3.1501 -0.2399 2.1565 0.2135 0.7698 
3.1901 -0.2399 2.1560 0.2260 0.9502 
3.1701 -0.2399 2.1596 0.2196 0.8558 
3.1801 -0.2399 2.1560 0.2229 0.9052 
3.1601 -0.2099 2.1562 0.3984 0.8025 
3.1401 -0.2199 2.1547 0.3322 0.7189 
3.1701 -0.2399 2.1596 0.2196 0.8558 
3.1701 -0.2199 2.1525 0.3428 0.8556 
3.1601 -0.2099 2.1562 0.3984 0.8025 
3.1701 -0.2399 2.1596 0.2196 0.8558 
3.1801 -0.2099 2.1562 0.4046 0.8906 
3.1701 -0.2199 2.1525 0.3428 0.8556 
3.1901 -0.2399 2.1560 0.2260 0.9502 
3.1901 -0.2399 2.1560 0.2260 0.9502 
3.1701 -0.2199 2.1525 0.3428 0.8556 
3.1701 -0.2399 2.1596 0.2196 0.8558 
3.1901 -0.2199 2.1542 0.3483 0.9428 
3.1801 -0.2099 2.1562 0.4046 0.8906 
3.1901 -0.2399 2.1560 0.2260 0.9502 
3.1701 -0.1999 2.1667 0.4525 0.8303 
3.1601 -0.2099 2.1562 0.3984 0.8025 
3.1701 -0.2199 2.1525 0.3428 0.8556 
3.1701 -0.1999 2.1667 0.4525 0.8303 
3.1701 -0.2199 2.1525 0.3428 0.8556 
3.1801 -0.2099 2.1562 0.4046 0.8906 
3.2001 -0.2099 2.1593 0.4086 0.9736 
3.1801 -0.2099 2.1562 0.4046 0.8906 
3.1901 -0.2199 2.1542 0.3483 0.9428 
3.2001 -0.2099 2.1593 0.4086 0.9736 
3.1901 -0.1899 2.1557 0.5279 0.9258 
3.1801 -0.2099 2.1562 0.4046 0.8906 
3.2101 -0.1999 2.1675 0.4637 0.9979 
3.1901 -0.1899 2.1557 0.5279 0.9258 
3.2001 -0.2099 2.1593 0.4086 0.9736 
3.1801 -0.2399 2.1560 0.2229 0.9052 
3.1701 -0.2499 2.1558 0.1607 0.8652 
3.1901 -0.2499 2.1780 0.1696 0.9223 
3.1801 -0.2399 2.1560 0.2229 0.9052 
3.1901 -0.2499 2.1780 0.1696 0.9223 
3.1901 -0.2399 2.1560 0.2260 0.9502 
3.1901 -0.2499 2.1780 0.1696 0.9223 
3.2001 -0.2499 2.1573 0.1699 0.9983 
3.1901 -0.2399 2.1560 0.2260 0.9502 
3.0201 -0.1999 2.1649 0.4086 0.1952 
3.0101 -0.1799 2.1689 0.5175 0.1584 
2.9901 -0.1899 2.1605 0.4617 0.0744 
3.0101 -0.1799 2.1689 0.5175 0.1584 
3.0201 -0.1999 2.1649 0.4086 0.1952 
3.0301 -0.1899 2.1628 0.4718 0.2344 
3.0601 -0.1599 2.1563 0.6633 0.3542 
3.0201 -0.1599 2.1601 0.6455 0.1890 
3.0301 -0.1606 2.1601 0.6446 0.2304 
3.0401 -0.1699 2.1682 0.5835 0.2790 
3.0601 -0.1599 2.1563 0.6633 0.3542 
3.0301 -0.1606 2.1601 0.6446 0.2304 
3.0501 -0.1799 2.1657 0.5327 0.3196 
3.0601 -0.1599 2.1563 0.6633 0.3542 
3.0401 -0.1699 2.1682 0.5835 0.2790 
3.0101 -0.1601 2.1601 0.6413 0.1485 
3.0201 -0.1499 2.1588 0.7046 0.1874 
2.9801 -0.1599 2.1596 0.6343 0.0536 
3.0201 -0.1599 2.1601 0.6455 0.1890 
3.0201 -0.1599 2.1601 0.6455 0.1890 
3.0201 -0.1499 2.1588 0.7046 0.1874 
3.0201 -0.1599 2.1601 0.6455 0.1890 
3.0201 -0.1499 2.1588 0.7046 0.1874 
3.0101 -0.1601 2.1601 0.6413 0.1485 
3.0401 -0.1999 2.1570 0.4205 0.2729 
3.0301 -0.1899 2.1628 0.4718 0.2344 
3.0201 -0.1999 2.1649 0.4086 0.1952 
3.0101 -0.1799 2.1689 0.5175 0.1584 
2.9901 -0.1799 2.1641 0.5166 0.0786 
2.9901 -0.1899 2.1605 0.4617 0.0744 
3.0301 -0.1899 2.1628 0.4718 0.2344 
3.0301 -0.1699 2.1651 0.5845 0.2354 
3.0101 -0.1799 2.1689 0.5175 0.1584 
3.0359 -0.1799 2.1601 0.5347 0.2560 
3.0301 -0.1699 2.1651 0.5845 0.2354 
3.0301 -0.1899 2.1628 0.4718 0.2344 
3.0401 -0.1699 2.1682 0.5835 0.2790 
3.0301 -0.1699 2.1651 0.5845 0.2354 
3.0359 -0.1799 2.1601 0.5347 0.2560 
3.0359 -0.1799 2.1601 0.5347 0.2560 
3.0501 -0.1799 2.1657 0.5327 0.3196 
3.0401 -0.1699 2.1682 0.5835 0.2790 
2.9801 -0.1599 2.1596 0.6343 0.0536 
3.0001 -0.1699 2.1814 0.5564 0.1338 
3.0101 -0.1601 2.1601 0.6413 0.1485 
3.0201 -0.1599 2.1601 0.6455 0.1890 
3.0201 -0.1599 2.1601 0.6455 0.1890 
3.0101 -0.1601 2.1601 0.6413 0.1485 
3.0301 -0.1606 2.1601 0.6446 0.2304 
3.0201 -0.1599 2.1601 0.6455 0.1890 
3.0301 -0.1699 2.1651 0.5845 0.2354 
3.0301 -0.1606 2.1601 0.6446 0.2304 
3.0201 -0.1599 2.1601 0.6455 0.1890 
3.0201 -0.1599 2.1601 0.6455 0.1890 
3.0301 -0.1699 2.1651 0.5845 0.2354 
3.0401 -0.1699 2.1682 0.5835 0.2790 
3.0301 -0.1606 2.1601 0.6446 0.2304 
3.0201 -0.1599 2.1601 0.6455 0.1890 
3.0201 -0.1599 2.1601 0.6455 0.1890 
3.0201 -0.1599 2.1601 0.6455 0.1890 
3.0601 -0.1999 2.1677 0.4188 0.3650 
3.0401 -0.1899 2.1845 0.4561 0.2920 
3.0401 -0.1999 2.1570 0.4205 0.2729 
3.0359 -0.1799 2.1601 0.5347 0.2560 
3.0301 -0.1899 2.1628 0.4718 0.2344 
3.0401 -0.1899 2.1845 0.4561 0.2920 
3.0501 -0.1799 2.1657 0.5327 0.3196 
3.0359 -0.1799 2.1601 0.5347 0.2560 
3.0401 -0.1899 2.1845 0.4561 0.2920 
3.0101 -0.1799 2.1689 0.5175 0.1584 
3.0001 -0.1699 2.1814 0.5564 0.1338 
2.9901 -0.1799 2.1641 0.5166 0.0786 
3.0301 -0.1699 2.1651 0.5845 0.2354 
3.0201 -0.1699 2.1817 0.5617 0.2102 
3.0101 -0.1799 2.1689 0.5175 0.1584 
3.0101 -0.1799 2.1689 0.5175 0.1584 
3.0201 -0.1699 2.1817 0.5617 0.2102 
3.0001 -0.1699 2.1814 0.5564 0.1338 
3.0201 -0.1599 2.1601 0.6455 0.1890 
3.0101 -0.1601 2.1601 0.6413 0.1485 
3.0201 -0.1699 2.1817 0.5617 0.2102 
3.0101 -0.1601 2.1601 0.6413 0.1485 
3.0001 -0.1699 2.1814 0.5564 0.1338 
3.0201 -0.1699 2.1817 0.5617 0.2102 
3.0201 -0.1699 2.1817 0.5617 0.2102 
3.0301 -0.1699 2.1651 0.5845 0.2354 
3.0201 -0.1599 2.1601 0.6455 0.1890 
3.0301 -0.1899 2.1628 0.4718 0.2344 
3.0401 -0.1999 2.1570 0.4205 0.2729 
3.0401 -0.1899 2.1845 0.4561 0.2920 
3.0801 -0.1899 2.1586 0.4910 0.4458 
3.0801 -0.1999 2.1647 0.4270 0.4488 
3.1001 -0.2099 2.1556 0.3799 0.5376 
3.0701 -0.1799 2.1601 0.5450 0.4014 
3.0801 -0.1899 2.1586 0.4910 0.4458 
3.0801 -0.1799 2.1577 0.5510 0.4437 
3.1101 -0.1799 2.1579 0.5598 0.5731 
3.0801 -0.1899 2.1586 0.4910 0.4458 
3.1101 -0.1999 2.1579 0.4415 0.5784 
3.0701 -0.1699 2.1643 0.5974 0.4013 
3.0601 -0.1799 2.1563 0.5465 0.3568 
3.0701 -0.1799 2.1601 0.5450 0.4014 
3.0701 -0.1699 2.1643 0.5974 0.4013 
3.0601 -0.1599 2.1563 0.6633 0.3542 
3.0501 -0.1799 2.1657 0.5327 0.3196 
3.1001 -0.1499 2.1553 0.7345 0.5230 
3.0901 -0.1699 2.1571 0.6132 0.4846 
3.1101 -0.1599 2.1543 0.6816 0.5686 
3.0801 -0.1899 2.1586 0.4910 0.4458 
3.0701 -0.1999 2.1594 0.4279 0.4045 
3.0801 -0.1999 2.1647 0.4270 0.4488 
3.0701 -0.1699 2.1643 0.5974 0.4013 
3.0501 -0.1799 2.1657 0.5327 0.3196 
3.0601 -0.1799 2.1563 0.5465 0.3568 
3.0701 -0.1699 2.1643 0.5974 0.4013 
3.0701 -0.1799 2.1601 0.5450 0.4014 
3.0801 -0.1799 2.1577 0.5510 0.4437 
3.0901 -0.1699 2.1571 0.6132 0.4846 
3.0801 -0.1799 2.1577 0.5510 0.4437 
3.0801 -0.1899 2.1586 0.4910 0.4458 
3.0901 -0.1699 2.1571 0.6132 0.4846 
3.0801 -0.1899 2.1586 0.4910 0.4458 
3.1101 -0.1799 2.1579 0.5598 0.5731 
3.0701 -0.1999 2.1594 0.4279 0.4045 
3.0701 -0.1899 2.1824 0.4664 0.4101 
3.0601 -0.1999 2.1677 0.4188 0.3650 
3.0701 -0.1899 2.1824 0.4664 0.4101 
3.0701 -0.1999 2.1594 0.4279 0.4045 
3.0801 -0.1899 2.1586 0.4910 0.4458 
3.0501 -0.1799 2.1657 0.5327 0.3196 
3.0401 -0.1899 2.1845 0.4561 0.2920 
3.0601 -0.1799 2.1563 0.5465 0.3568 
3.0701 -0.1799 2.1601 0.5450 0.4014 
3.0601 -0.1799 2.1563 0.5465 0.3568 
3.0701 -0.1899 2.1824 0.4664 0.4101 
3.0701 -0.1899 2.1824 0.4664 0.4101 
3.0801 -0.1899 2.1586 0.4910 0.4458 
3.0701 -0.1799 2.1601 0.5450 0.4014 
3.0801 -0.1799 2.1577 0.5510 0.4437 
3.0801 -0.1699 2.1845 0.5752 0.4469 
3.0701 -0.1699 2.1643 0.5974 0.4013 
3.0801 -0.1699 2.1845 0.5752 0.4469 
3.0801 -0.1799 2.1577 0.5510 0.4437 
3.0901 -0.1699 2.1571 0.6132 0.4846 
3.0701 -0.1899 2.1824 0.4664 0.4101 
3.0401 -0.1899 2.1845 0.4561 0.2920 
3.0601 -0.1999 2.1677 0.4188 0.3650 
3.0401 -0.1899 2.1845 0.4561 0.2920 
3.0701 -0.1899 2.1824 0.4664 0.4101 
3.0601 -0.1799 2.1563 0.5465 0.3568 
3.0301 -0.0999 2.1646 0.9693 0.2309 
3.0101 -0.0999 2.1610 0.9728 0.1490 
3.0101 -0.1099 2.1601 0.9211 0.1481 
3.0401 -0.0999 2.1701 0.9586 0.2747 
3.0301 -0.0999 2.1646 0.9693 0.2309 
3.0101 -0.1099 2.1601 0.9211 0.1481 
3.1501 -0.1899 2.1601 0.5109 0.7474 
3.1501 -0.1899 2.1601 0.5109 0.7474 
3.1401 -0.1915 2.1601 0.4985 0.7049 
3.1201 -0.1899 2.1581 0.5038 0.6191 
3.1101 -0.1799 2.1579 0.5598 0.5731 
3.1101 -0.1999 2.1579 0.4415 0.5784 
3.1401 -0.1999 2.1678 0.4426 0.7025 
3.1301 -0.1799 2.1583 0.5654 0.6591 
3.1201 -0.1899 2.1581 0.5038 0.6191 
3.1601 -0.1799 2.1551 0.5785 0.7913 
3.1301 -0.1799 2.1583 0.5654 0.6591 
3.1501 -0.1899 2.1601 0.5109 0.7474 
3.1501 -0.1899 2.1601 0.5109 0.7474 
3.1301 -0.1799 2.1583 0.5654 0.6591 
3.1401 -0.1915 2.1601 0.4985 0.7049 
3.1501 -0.1499 2.1535 0.7526 0.7381 
3.1401 -0.1599 2.1550 0.6894 0.6975 
3.1501 -0.1599 2.1547 0.6929 0.7408 
3.1201 -0.1899 2.1581 0.5038 0.6191 
3.1101 -0.1999 2.1579 0.4415 0.5784 
3.1201 -0.1999 2.1655 0.4385 0.6191 
3.1201 -0.1899 2.1581 0.5038 0.6191 
3.1201 -0.1999 2.1655 0.4385 0.6191 
3.1401 -0.1999 2.1678 0.4426 0.7025 
3.1401 -0.1915 2.1601 0.4985 0.7049 
3.1401 -0.1999 2.1678 0.4426 0.7025 
3.1501 -0.1899 2.1601 0.5109 0.7474 
3.1201 -0.1899 2.1581 0.5038 0.6191 
3.1301 -0.1799 2.1583 0.5654 0.6591 
3.1101 -0.1799 2.1579 0.5598 0.5731 
3.1301 -0.1799 2.1583 0.5654 0.6591 
3.1401 -0.1999 2.1678 0.4426 0.7025 
3.1401 -0.1915 2.1601 0.4985 0.7049 
3.1101 -0.1599 2.1543 0.6816 0.5686 
3.0901 -0.1699 2.1571 0.6132 0.4846 
3.1101 -0.1799 2.1579 0.5598 0.5731 
3.1501 -0.1899 2.1601 0.5109 0.7474 
3.1501 -0.1899 2.1601 0.5109 0.7474 
3.1501 -0.1899 2.1601 0.5109 0.7474 
3.1801 -0.2099 2.1562 0.4046 0.8906 
3.1701 -0.1799 2.1577 0.5782 0.8319 
3.1701 -0.1999 2.1667 0.4525 0.8303 
3.1901 -0.1899 2.1557 0.5279 0.9258 
3.1701 -0.1799 2.1577 0.5782 0.8319 
3.1801 -0.2099 2.1562 0.4046 0.8906 
3.2101 -0.1999 2.1675 0.4637 0.9979 
3.2001 -0.1799 2.1572 0.5880 0.9619 
3.1901 -0.1899 2.1557 0.5279 0.9258 
3.1501 -0.1899 2.1601 0.5109 0.7474 
3.1601 -0.1799 2.1551 0.5785 0.7913 
3.1501 -0.1899 2.1601 0.5109 0.7474 
3.1901 -0.1799 2.1675 0.5719 0.9046 
3.1701 -0.1799 2.1577 0.5782 0.8319 
3.1901 -0.1899 2.1557 0.5279 0.9258 
3.1901 -0.1799 2.1675 0.5719 0.9046 
3.1901 -0.1899 2.1557 0.5279 0.9258 
3.2001 -0.1799 2.1572 0.5880 0.9619 
3.1901 -0.1799 2.1675 0.5719 0.9046 
3.1901 -0.1699 2.1517 0.6516 0.9219 
3.1701 -0.1799 2.1577 0.5782 0.8319 
3.1701 -0.1799 2.1577 0.5782 0.8319 
3.1901 -0.1699 2.1517 0.6516 0.9219 
3.1801 -0.1699 2.1520 0.6480 0.8778 
3.1901 -0.1699 2.1517 0.6516 0.9219 
3.1901 -0.1799 2.1675 0.5719 0.9046 
3.2001 -0.1799 2.1572 0.5880 0.9619 
3.1501 -0.1899 2.1601 0.5109 0.7474 
3.1601 -0.1899 2.1657 0.5080 0.7850 
3.1501 -0.1899 2.1601 0.5109 0.7474 
3.1501 -0.1899 2.1601 0.5109 0.7474 
3.1401 -0.1999 2.1678 0.4426 0.7025 
3.1601 -0.1899 2.1657 0.5080 0.7850 
3.1401 -0.1999 2.1678 0.4426 0.7025 
3.1601 -0.2099 2.1562 0.3984 0.8025 
3.1601 -0.1899 2.1657 0.5080 0.7850 
3.1701 -0.1999 2.1667 0.4525 0.8303 
3.1601 -0.1899 2.1657 0.5080 0.7850 
3.1601 -0.2099 2.1562 0.3984 0.8025 
3.1601 -0.1799 2.1551 0.5785 0.7913 
3.1501 -0.1899 2.1601 0.5109 0.7474 
3.1601 -0.1899 2.1657 0.5080 0.7850 
3.1601 -0.1799 2.1551 0.5785 0.7913 
3.1701 -0.1999 2.1667 0.4525 0.8303 
3.1701 -0.1799 2.1577 0.5782 0.8319 
3.1601 -0.1899 2.1657 0.5080 0.7850 
3.1701 -0.1999 2.1667 0.4525 0.8303 
3.1601 -0.1799 2.1551 0.5785 0.7913 
3.1501 -0.0999 2.1797 0.9650 0.7030 
3.1401 -0.1099 2.1626 0.9514 0.6766 
3.1501 -0.1199 2.1554 0.9173 0.7259 
3.2101 -0.1099 2.1613 0.9739 0.9634 
3.1701 -0.1099 2.1551 0.9785 0.8061 
3.1501 -0.1199 2.1554 0.9173 0.7259 
3.1701 -0.1099 2.1551 0.9785 0.8061 
3.1501 -0.0999 2.1797 0.9650 0.7030 
3.1501 -0.1199 2.1554 0.9173 0.7259 
3.2101 -0.1099 2.1613 0.9739 0.9634 
3.2101 -0.0999 2.1762 0.9890 0.9377 
3.1701 -0.1099 2.1551 0.9785 0.8061 
3.1501 -0.0999 2.1797 0.9650 0.7030 
3.1701 -0.1099 2.1551 0.9785 0.8061 
3.2101 -0.0999 2.1762 0.9890 0.9377 
3.1001 -0.0999 2.1612 0.9971 0.5115 
3.0901 -0.0899 2.1810 0.9964 0.4709 
3.0901 -0.0999 2.1607 0.9957 0.4708 
3.0601 -0.0999 2.1811 0.9384 0.3583 
3.0501 -0.0899 2.1807 0.9869 0.3189 
3.0401 -0.0910 2.1801 0.9800 0.2808 
3.0601 -0.0999 2.1811 0.9384 0.3583 
3.0401 -0.0910 2.1801 0.9800 0.2808 
3.0401 -0.0999 2.1701 0.9586 0.2747 
3.0401 -0.0910 2.1801 0.9800 0.2808 
3.0401 -0.0999 2.1701 0.9586 0.2747 
3.0401 -0.0999 2.1701 0.9586 0.2747 
3.0401 -0.0999 2.1701 0.9586 0.2747 
3.0401 -0.0910 2.1801 0.9800 0.2808 
3.0301 -0.0999 2.1646 0.9693 0.2309 
3.0001 -0.0899 2.1806 0.9740 0.1332 
3.0301 -0.0999 2.1646 0.9693 0.2309 
3.0401 -0.0910 2.1801 0.9800 0.2808 
3.0001 -0.0899 2.1806 0.9740 0.1332 
3.0101 -0.0999 2.1610 0.9728 0.1490 
3.0301 -0.0999 2.1646 0.9693 0.2309 
3.0401 -0.0999 2.1701 0.9586 0.2747 
3.0401 -0.0999 2.1701 0.9586 0.2747 
3.0401 -0.0999 2.1701 0.9586 0.2747 
3.0301 -0.0999 2.1646 0.9693 0.2309 
3.0401 -0.0999 2.1701 0.9586 0.2747 
3.0401 -0.0999 2.1701 0.9586 0.2747 
2.9801 -0.0999 2.1668 0.9503 0.0582 
2.9801 -0.0899 2.1783 0.9743 0.0674 
2.9701 -0.0999 2.1785 0.9207 0.0528 
2.9801 -0.0899 2.1783 0.9743 0.0674 
2.9801 -0.0999 2.1668 0.9503 0.0582 
3.0001 -0.0899 2.1806 0.9740 0.1332 
3.0101 -0.0999 2.1610 0.9728 0.1490 
3.0001 -0.0899 2.1806 0.9740 0.1332 
2.9801 -0.0999 2.1668 0.9503 0.0582 
