NUMPOLLIES 427.000000 

2.9901 -0.5955 2.0401 0.0813 0.2363 
2.9801 -0.5950 2.0501 0.1000 0.2108 
2.9701 -0.5976 2.0601 0.1154 0.1884 
3.0101 -0.5916 2.0401 0.0900 0.2986 
2.9801 -0.5950 2.0501 0.1000 0.2108 
2.9901 -0.5955 2.0401 0.0813 0.2363 
2.9301 -0.5955 2.0601 0.1154 0.0765 
2.9201 -0.5874 2.0501 0.1108 0.0532 
2.9401 -0.5905 2.0401 0.0853 0.0828 
2.9401 -0.5905 2.0401 0.0853 0.0828 
2.9301 -0.5912 2.0701 0.1519 0.0813 
2.9301 -0.5955 2.0601 0.1154 0.0765 
2.9401 -0.5905 2.0401 0.0853 0.0828 
2.9501 -0.5910 2.0501 0.1056 0.1183 
2.9301 -0.5912 2.0701 0.1519 0.0813 
2.9201 -0.5874 2.0501 0.1108 0.0532 
2.9301 -0.5912 2.0701 0.1519 0.0813 
2.9101 -0.5938 2.0801 0.1672 0.0544 
2.9301 -0.5955 2.0601 0.1154 0.0765 
2.9301 -0.5912 2.0701 0.1519 0.0813 
2.9201 -0.5874 2.0501 0.1108 0.0532 
2.9701 -0.5891 2.0701 0.1641 0.1904 
2.9301 -0.5912 2.0701 0.1519 0.0813 
2.9501 -0.5910 2.0501 0.1056 0.1183 
2.9601 -0.5915 2.0901 0.2067 0.1760 
2.9301 -0.5912 2.0701 0.1519 0.0813 
2.9701 -0.5891 2.0701 0.1641 0.1904 
2.9301 -0.5912 2.0701 0.1519 0.0813 
2.9401 -0.5948 2.0901 0.1938 0.1231 
2.9101 -0.5938 2.0801 0.1672 0.0544 
2.9301 -0.5912 2.0701 0.1519 0.0813 
2.9601 -0.5915 2.0901 0.2067 0.1760 
2.9401 -0.5948 2.0901 0.1938 0.1231 
2.9601 -0.5915 2.0901 0.2067 0.1760 
2.9401 -0.5921 2.1001 0.2268 0.1287 
2.9401 -0.5948 2.0901 0.1938 0.1231 
2.9501 -0.5910 2.0501 0.1056 0.1183 
2.9701 -0.5976 2.0601 0.1154 0.1884 
2.9701 -0.5891 2.0701 0.1641 0.1904 
2.9901 -0.5908 2.0701 0.1621 0.2509 
3.0101 -0.5916 2.0401 0.0900 0.2986 
3.0001 -0.5881 2.0601 0.1455 0.2751 
2.9901 -0.5908 2.0701 0.1621 0.2509 
2.9801 -0.5950 2.0501 0.1000 0.2108 
3.0101 -0.5916 2.0401 0.0900 0.2986 
2.9701 -0.5891 2.0701 0.1641 0.1904 
2.9701 -0.5976 2.0601 0.1154 0.1884 
2.9901 -0.5908 2.0701 0.1621 0.2509 
2.9701 -0.5976 2.0601 0.1154 0.1884 
2.9801 -0.5950 2.0501 0.1000 0.2108 
2.9901 -0.5908 2.0701 0.1621 0.2509 
3.0001 -0.5881 2.0601 0.1455 0.2751 
3.0001 -0.5899 2.0701 0.1663 0.2807 
3.0001 -0.5899 2.0701 0.1663 0.2807 
2.9901 -0.5908 2.0701 0.1621 0.2509 
3.0001 -0.5881 2.0601 0.1455 0.2751 
3.0001 -0.5899 2.0701 0.1663 0.2807 
2.9701 -0.5891 2.0701 0.1641 0.1904 
2.9901 -0.5908 2.0701 0.1621 0.2509 
3.0001 -0.5912 2.0801 0.1885 0.2859 
3.0001 -0.5899 2.0701 0.1663 0.2807 
2.9901 -0.5908 2.0701 0.1621 0.2509 
3.0001 -0.5899 2.0701 0.1663 0.2807 
3.0001 -0.5899 2.0701 0.1663 0.2807 
3.0001 -0.5912 2.0801 0.1885 0.2859 
2.9901 -0.5908 2.0701 0.1621 0.2509 
3.0001 -0.5899 2.0701 0.1663 0.2807 
3.0001 -0.5899 2.0701 0.1663 0.2807 
3.0001 -0.5899 2.0701 0.1663 0.2807 
2.9701 -0.5891 2.0701 0.1641 0.1904 
3.0001 -0.5912 2.0801 0.1885 0.2859 
2.9601 -0.5915 2.0901 0.2067 0.1760 
3.0001 -0.5912 2.0801 0.1885 0.2859 
3.0101 -0.5963 2.0901 0.2003 0.3212 
2.9601 -0.5915 2.0901 0.2067 0.1760 
3.0101 -0.5963 2.0901 0.2003 0.3212 
3.0001 -0.5929 2.1101 0.2576 0.2993 
2.9601 -0.5915 2.0901 0.2067 0.1760 
2.9001 -0.5915 2.1401 0.3145 0.0658 
2.8901 -0.5949 2.1401 0.3030 0.0549 
2.9001 -0.5937 2.1201 0.2632 0.0576 
2.9401 -0.5921 2.1001 0.2268 0.1287 
2.9601 -0.5906 2.1301 0.3045 0.1997 
2.9101 -0.5922 2.1101 0.2457 0.0667 
2.9101 -0.5922 2.1101 0.2457 0.0667 
2.9201 -0.5956 2.1401 0.3054 0.1085 
2.9001 -0.5937 2.1201 0.2632 0.0576 
2.9101 -0.5922 2.1101 0.2457 0.0667 
2.9401 -0.5944 2.1401 0.3121 0.1562 
2.9201 -0.5956 2.1401 0.3054 0.1085 
2.9601 -0.5906 2.1301 0.3045 0.1997 
2.9601 -0.5948 2.1401 0.3139 0.2071 
2.9101 -0.5922 2.1101 0.2457 0.0667 
2.9101 -0.5922 2.1101 0.2457 0.0667 
2.9601 -0.5948 2.1401 0.3139 0.2071 
2.9401 -0.5944 2.1401 0.3121 0.1562 
2.9001 -0.5937 2.1201 0.2632 0.0576 
2.9201 -0.5956 2.1401 0.3054 0.1085 
2.9001 -0.5915 2.1401 0.3145 0.0658 
2.9601 -0.5915 2.0901 0.2067 0.1760 
2.9601 -0.5906 2.1301 0.3045 0.1997 
2.9401 -0.5921 2.1001 0.2268 0.1287 
2.9601 -0.5915 2.0901 0.2067 0.1760 
3.0001 -0.5929 2.1101 0.2576 0.2993 
2.9901 -0.5905 2.1201 0.2866 0.2750 
2.9901 -0.5905 2.1201 0.2866 0.2750 
2.9901 -0.5932 2.1401 0.3231 0.2844 
2.9601 -0.5915 2.0901 0.2067 0.1760 
2.9601 -0.5915 2.0901 0.2067 0.1760 
2.9901 -0.5932 2.1401 0.3231 0.2844 
2.9601 -0.5906 2.1301 0.3045 0.1997 
3.0001 -0.5929 2.1101 0.2576 0.2993 
2.9901 -0.5932 2.1401 0.3231 0.2844 
2.9901 -0.5905 2.1201 0.2866 0.2750 
2.9901 -0.5932 2.1401 0.3231 0.2844 
2.9601 -0.5948 2.1401 0.3139 0.2071 
2.9601 -0.5906 2.1301 0.3045 0.1997 
3.0001 -0.5152 2.1501 0.5978 0.2860 
2.9601 -0.5948 2.1401 0.3139 0.2071 
2.9901 -0.5932 2.1401 0.3231 0.2844 
2.9601 -0.5948 2.1401 0.3139 0.2071 
2.9301 -0.5161 2.1501 0.5818 0.0980 
2.9401 -0.5944 2.1401 0.3121 0.1562 
2.9401 -0.5944 2.1401 0.3121 0.1562 
2.9301 -0.5161 2.1501 0.5818 0.0980 
2.9201 -0.5956 2.1401 0.3054 0.1085 
2.9415 -0.5299 2.1501 0.5363 0.1337 
2.9401 -0.5299 2.1505 0.5368 0.1304 
2.9396 -0.5299 2.1501 0.5360 0.1287 
2.9401 -0.5277 2.1501 0.5436 0.1289 
2.9396 -0.5299 2.1501 0.5360 0.1287 
2.9401 -0.5299 2.1505 0.5368 0.1304 
2.9415 -0.5299 2.1501 0.5363 0.1337 
2.9401 -0.5277 2.1501 0.5436 0.1289 
2.9401 -0.5299 2.1505 0.5368 0.1304 
2.9001 -0.5193 2.1501 0.5653 0.0527 
2.9301 -0.5191 2.1501 0.5713 0.0996 
2.9101 -0.5099 2.1655 0.6269 0.0638 
2.9301 -0.5191 2.1501 0.5713 0.0996 
2.9401 -0.5099 2.1652 0.6317 0.1298 
2.9101 -0.5099 2.1655 0.6269 0.0638 
2.9301 -0.5191 2.1501 0.5713 0.0996 
2.9701 -0.5193 2.1501 0.5781 0.2045 
2.9401 -0.5099 2.1652 0.6317 0.1298 
2.9701 -0.5328 2.1501 0.5315 0.2108 
2.9801 -0.5308 2.1501 0.5400 0.2371 
2.9801 -0.5251 2.1501 0.5597 0.2346 
2.9701 -0.5193 2.1501 0.5781 0.2045 
3.0101 -0.5099 2.1632 0.6412 0.3170 
2.9801 -0.5099 2.1619 0.6334 0.2340 
2.9801 -0.5099 2.1619 0.6334 0.2340 
2.9401 -0.5099 2.1652 0.6317 0.1298 
2.9701 -0.5193 2.1501 0.5781 0.2045 
2.9601 -0.4599 2.1691 0.8262 0.1590 
2.9401 -0.4699 2.1700 0.7848 0.1119 
2.9501 -0.4799 2.1630 0.7386 0.1384 
2.9401 -0.4399 2.1665 0.8986 0.0929 
2.9401 -0.4699 2.1700 0.7848 0.1119 
2.9601 -0.4599 2.1691 0.8262 0.1590 
2.9801 -0.5099 2.1619 0.6334 0.2340 
2.9501 -0.4799 2.1630 0.7386 0.1384 
2.9401 -0.5099 2.1652 0.6317 0.1298 
2.9801 -0.4699 2.1676 0.7894 0.2188 
2.9501 -0.4799 2.1630 0.7386 0.1384 
2.9801 -0.5099 2.1619 0.6334 0.2340 
3.0101 -0.5099 2.1632 0.6412 0.3170 
2.9801 -0.4699 2.1676 0.7894 0.2188 
2.9801 -0.5099 2.1619 0.6334 0.2340 
2.9801 -0.4699 2.1676 0.7894 0.2188 
2.9601 -0.4599 2.1691 0.8262 0.1590 
2.9501 -0.4799 2.1630 0.7386 0.1384 
3.0101 -0.4799 2.1630 0.7504 0.3060 
2.9801 -0.4599 2.1679 0.8285 0.2142 
2.9801 -0.4699 2.1676 0.7894 0.2188 
2.9701 -0.4599 2.1641 0.8212 0.1836 
2.9601 -0.4599 2.1691 0.8262 0.1590 
2.9801 -0.4699 2.1676 0.7894 0.2188 
2.9801 -0.4599 2.1679 0.8285 0.2142 
2.9701 -0.4599 2.1641 0.8212 0.1836 
2.9801 -0.4699 2.1676 0.7894 0.2188 
2.9701 -0.4599 2.1641 0.8212 0.1836 
2.9401 -0.4399 2.1665 0.8986 0.0929 
2.9601 -0.4599 2.1691 0.8262 0.1590 
2.9801 -0.4599 2.1679 0.8285 0.2142 
2.9801 -0.4424 2.1701 0.9015 0.2069 
2.9701 -0.4599 2.1641 0.8212 0.1836 
2.9901 -0.4499 2.1633 0.8642 0.2357 
2.9801 -0.4424 2.1701 0.9015 0.2069 
2.9801 -0.4599 2.1679 0.8285 0.2142 
2.9401 -0.4199 2.1692 0.9857 0.0839 
2.9401 -0.4399 2.1665 0.8986 0.0929 
2.9601 -0.4299 2.1640 0.9415 0.1388 
2.9601 -0.4399 2.1693 0.9064 0.1483 
2.9401 -0.4399 2.1665 0.8986 0.0929 
2.9701 -0.4599 2.1641 0.8212 0.1836 
2.9701 -0.4399 2.1701 0.9095 0.1770 
2.9701 -0.4399 2.1701 0.9095 0.1770 
2.9601 -0.4399 2.1693 0.9064 0.1483 
2.9701 -0.4399 2.1701 0.9095 0.1770 
2.9601 -0.4399 2.1693 0.9064 0.1483 
2.9801 -0.4424 2.1701 0.9015 0.2069 
2.9801 -0.4424 2.1701 0.9015 0.2069 
2.9601 -0.4399 2.1693 0.9064 0.1483 
2.9701 -0.4599 2.1641 0.8212 0.1836 
3.0001 -0.4399 2.1624 0.9063 0.2601 
2.9801 -0.4424 2.1701 0.9015 0.2069 
2.9901 -0.4499 2.1633 0.8642 0.2357 
2.9601 -0.4399 2.1693 0.9064 0.1483 
2.9601 -0.4299 2.1640 0.9415 0.1388 
2.9401 -0.4399 2.1665 0.8986 0.0929 
2.9701 -0.4399 2.1701 0.9095 0.1770 
2.9701 -0.4399 2.1701 0.9095 0.1770 
2.9701 -0.4299 2.1653 0.9452 0.1684 
2.9701 -0.4399 2.1701 0.9095 0.1770 
2.9701 -0.4299 2.1653 0.9452 0.1684 
2.9601 -0.4399 2.1693 0.9064 0.1483 
2.9601 -0.4399 2.1693 0.9064 0.1483 
2.9701 -0.4299 2.1653 0.9452 0.1684 
2.9601 -0.4299 2.1640 0.9415 0.1388 
2.9701 -0.4399 2.1701 0.9095 0.1770 
2.9701 -0.4399 2.1701 0.9095 0.1770 
2.9701 -0.4399 2.1701 0.9095 0.1770 
2.9801 -0.4424 2.1701 0.9015 0.2069 
2.9701 -0.4399 2.1701 0.9095 0.1770 
2.9701 -0.4399 2.1701 0.9095 0.1770 
2.9801 -0.4399 2.1711 0.9128 0.2063 
2.9701 -0.4399 2.1701 0.9095 0.1770 
2.9801 -0.4424 2.1701 0.9015 0.2069 
3.0001 -0.4399 2.1624 0.9063 0.2601 
2.9801 -0.4399 2.1711 0.9128 0.2063 
2.9801 -0.4424 2.1701 0.9015 0.2069 
2.9701 -0.4399 2.1701 0.9095 0.1770 
2.9701 -0.4399 2.1701 0.9095 0.1770 
2.9701 -0.4399 2.1701 0.9095 0.1770 
2.9701 -0.4399 2.1701 0.9095 0.1770 
2.9801 -0.4399 2.1711 0.9128 0.2063 
2.9701 -0.4299 2.1653 0.9452 0.1684 
2.9701 -0.4399 2.1701 0.9095 0.1770 
2.9801 -0.4399 2.1711 0.9128 0.2063 
2.9701 -0.4399 2.1701 0.9095 0.1770 
2.9701 -0.4299 2.1653 0.9452 0.1684 
2.9801 -0.4399 2.1711 0.9128 0.2063 
3.0001 -0.4399 2.1624 0.9063 0.2601 
3.1701 -0.5999 2.0301 0.0755 0.8334 
3.1701 -0.5999 2.0301 0.0755 0.8334 
3.1701 -0.5999 2.0301 0.0755 0.8334 
3.1701 -0.5999 2.0301 0.0755 0.8334 
3.1701 -0.5999 2.0301 0.0755 0.8334 
3.1701 -0.5999 2.0301 0.0755 0.8334 
3.1701 -0.5999 2.0301 0.0755 0.8334 
3.1801 -0.6013 2.0401 0.0883 0.8586 
3.1701 -0.5988 2.0401 0.0921 0.8261 
3.1701 -0.5999 2.0301 0.0755 0.8334 
3.1701 -0.5999 2.0301 0.0755 0.8334 
3.1801 -0.6013 2.0401 0.0883 0.8586 
3.1601 -0.6016 2.0701 0.1565 0.7737 
3.1701 -0.5988 2.0401 0.0921 0.8261 
3.1701 -0.5997 2.0701 0.1634 0.8050 
3.0501 -0.5899 2.0301 0.0796 0.4270 
3.0401 -0.5899 2.0269 0.0755 0.3925 
3.0601 -0.5901 2.0301 0.0800 0.4608 
3.0401 -0.5899 2.0269 0.0755 0.3925 
3.0501 -0.5899 2.0301 0.0796 0.4270 
3.0501 -0.5899 2.0301 0.0796 0.4270 
3.0401 -0.5892 2.0301 0.0798 0.3931 
3.0401 -0.5899 2.0269 0.0755 0.3925 
3.0501 -0.5899 2.0301 0.0796 0.4270 
2.9901 -0.5955 2.0401 0.0813 0.2363 
3.0101 -0.5920 2.0301 0.0752 0.2941 
3.0101 -0.5916 2.0401 0.0900 0.2986 
3.0401 -0.5892 2.0301 0.0798 0.3931 
3.0101 -0.5916 2.0401 0.0900 0.2986 
3.0101 -0.5920 2.0301 0.0752 0.2941 
3.0501 -0.5925 2.0401 0.0922 0.4295 
3.0101 -0.5916 2.0401 0.0900 0.2986 
3.0401 -0.5892 2.0301 0.0798 0.3931 
3.0501 -0.5899 2.0301 0.0796 0.4270 
3.0501 -0.5925 2.0401 0.0922 0.4295 
3.0401 -0.5892 2.0301 0.0798 0.3931 
3.0401 -0.5892 2.0301 0.0798 0.3931 
3.0501 -0.5899 2.0301 0.0796 0.4270 
3.0501 -0.5899 2.0301 0.0796 0.4270 
3.0501 -0.5925 2.0401 0.0922 0.4295 
3.0501 -0.5911 2.0601 0.1443 0.4323 
3.0101 -0.5916 2.0401 0.0900 0.2986 
3.0101 -0.5916 2.0401 0.0900 0.2986 
3.0501 -0.5911 2.0601 0.1443 0.4323 
3.0101 -0.5899 2.0601 0.1417 0.3069 
3.0501 -0.5899 2.0301 0.0796 0.4270 
3.0601 -0.5901 2.0301 0.0800 0.4608 
3.0501 -0.5899 2.0301 0.0796 0.4270 
3.0801 -0.5901 2.0401 0.1010 0.5278 
3.0601 -0.5901 2.0301 0.0800 0.4608 
3.0801 -0.5894 2.0201 0.0734 0.5290 
3.0501 -0.5899 2.0301 0.0796 0.4270 
3.0501 -0.5899 2.0301 0.0796 0.4270 
3.0501 -0.5899 2.0301 0.0796 0.4270 
3.0801 -0.5901 2.0401 0.1010 0.5278 
3.0801 -0.5894 2.0201 0.0734 0.5290 
3.1001 -0.5879 2.0501 0.1346 0.5920 
3.0501 -0.5899 2.0301 0.0796 0.4270 
3.0501 -0.5925 2.0401 0.0922 0.4295 
3.0501 -0.5899 2.0301 0.0796 0.4270 
3.0501 -0.5899 2.0301 0.0796 0.4270 
3.0601 -0.5901 2.0301 0.0800 0.4608 
3.0501 -0.5925 2.0401 0.0922 0.4295 
3.0601 -0.5901 2.0301 0.0800 0.4608 
3.0501 -0.5911 2.0601 0.1443 0.4323 
3.0501 -0.5925 2.0401 0.0922 0.4295 
3.0601 -0.5901 2.0301 0.0800 0.4608 
3.0701 -0.5909 2.0501 0.1218 0.4951 
3.0501 -0.5911 2.0601 0.1443 0.4323 
3.0601 -0.5901 2.0301 0.0800 0.4608 
3.0801 -0.5901 2.0401 0.1010 0.5278 
3.0701 -0.5909 2.0501 0.1218 0.4951 
3.0501 -0.5899 2.0301 0.0796 0.4270 
3.0501 -0.5899 2.0301 0.0796 0.4270 
3.0501 -0.5899 2.0301 0.0796 0.4270 
3.0801 -0.5901 2.0401 0.1010 0.5278 
3.1001 -0.5879 2.0501 0.1346 0.5920 
3.0701 -0.5909 2.0501 0.1218 0.4951 
3.0001 -0.5881 2.0601 0.1455 0.2751 
3.0101 -0.5916 2.0401 0.0900 0.2986 
3.0101 -0.5899 2.0601 0.1417 0.3069 
3.0501 -0.5911 2.0601 0.1443 0.4323 
3.0301 -0.5904 2.0701 0.1695 0.3723 
3.0101 -0.5899 2.0601 0.1417 0.3069 
3.0301 -0.5904 2.0701 0.1695 0.3723 
3.0201 -0.5919 2.0801 0.1895 0.3456 
3.0101 -0.5899 2.0601 0.1417 0.3069 
3.0501 -0.5911 2.0601 0.1443 0.4323 
3.0701 -0.5913 2.0801 0.1990 0.4956 
3.0301 -0.5904 2.0701 0.1695 0.3723 
3.0001 -0.5899 2.0701 0.1663 0.2807 
3.0001 -0.5881 2.0601 0.1455 0.2751 
3.0101 -0.5899 2.0601 0.1417 0.3069 
3.0001 -0.5899 2.0701 0.1663 0.2807 
3.0001 -0.5899 2.0701 0.1663 0.2807 
3.0101 -0.5899 2.0601 0.1417 0.3069 
3.0001 -0.5899 2.0701 0.1663 0.2807 
3.0001 -0.5912 2.0801 0.1885 0.2859 
3.0001 -0.5899 2.0701 0.1663 0.2807 
3.0001 -0.5899 2.0701 0.1663 0.2807 
3.0101 -0.5899 2.0601 0.1417 0.3069 
3.0001 -0.5912 2.0801 0.1885 0.2859 
3.0101 -0.5899 2.0601 0.1417 0.3069 
3.0201 -0.5919 2.0801 0.1895 0.3456 
3.0001 -0.5912 2.0801 0.1885 0.2859 
3.0301 -0.5904 2.0701 0.1695 0.3723 
3.0401 -0.5950 2.0901 0.2086 0.4083 
3.0201 -0.5919 2.0801 0.1895 0.3456 
3.0001 -0.5899 2.0701 0.1663 0.2807 
3.0001 -0.5899 2.0701 0.1663 0.2807 
3.0001 -0.5899 2.0701 0.1663 0.2807 
3.0201 -0.5919 2.0801 0.1895 0.3456 
3.0101 -0.5963 2.0901 0.2003 0.3212 
3.0001 -0.5912 2.0801 0.1885 0.2859 
3.0301 -0.5904 2.0701 0.1695 0.3723 
3.0501 -0.5922 2.1001 0.2436 0.4382 
3.0401 -0.5950 2.0901 0.2086 0.4083 
3.0201 -0.5919 2.0801 0.1895 0.3456 
3.0401 -0.5909 2.1101 0.2699 0.4110 
3.0101 -0.5963 2.0901 0.2003 0.3212 
3.0101 -0.5963 2.0901 0.2003 0.3212 
3.0401 -0.5909 2.1101 0.2699 0.4110 
3.0001 -0.5929 2.1101 0.2576 0.2993 
3.0401 -0.5950 2.0901 0.2086 0.4083 
3.0501 -0.5922 2.1001 0.2436 0.4382 
3.0201 -0.5919 2.0801 0.1895 0.3456 
3.0501 -0.5911 2.0601 0.1443 0.4323 
3.0701 -0.5909 2.0501 0.1218 0.4951 
3.0701 -0.5913 2.0801 0.1990 0.4956 
3.0701 -0.5909 2.0501 0.1218 0.4951 
3.1001 -0.5879 2.0501 0.1346 0.5920 
3.0701 -0.5913 2.0801 0.1990 0.4956 
3.1001 -0.5879 2.0501 0.1346 0.5920 
3.1001 -0.5928 2.0801 0.1991 0.5866 
3.0701 -0.5913 2.0801 0.1990 0.4956 
3.0701 -0.5913 2.0801 0.1990 0.4956 
3.0601 -0.5963 2.1101 0.2567 0.4686 
3.0301 -0.5904 2.0701 0.1695 0.3723 
3.0301 -0.5904 2.0701 0.1695 0.3723 
3.0601 -0.5963 2.1101 0.2567 0.4686 
3.0501 -0.5922 2.1001 0.2436 0.4382 
3.0701 -0.5913 2.0801 0.1990 0.4956 
3.0801 -0.5916 2.1001 0.2501 0.5250 
3.0601 -0.5963 2.1101 0.2567 0.4686 
3.1001 -0.5928 2.0801 0.1991 0.5866 
3.0901 -0.5962 2.1101 0.2617 0.5534 
3.0701 -0.5913 2.0801 0.1990 0.4956 
3.0701 -0.5913 2.0801 0.1990 0.4956 
3.0901 -0.5962 2.1101 0.2617 0.5534 
3.0801 -0.5916 2.1001 0.2501 0.5250 
3.1001 -0.5928 2.0801 0.1991 0.5866 
3.1101 -0.5917 2.0901 0.2297 0.6146 
3.0901 -0.5962 2.1101 0.2617 0.5534 
3.0801 -0.5916 2.1001 0.2501 0.5250 
3.0901 -0.5962 2.1101 0.2617 0.5534 
3.0601 -0.5963 2.1101 0.2567 0.4686 
3.1101 -0.5917 2.0901 0.2297 0.6146 
3.1001 -0.5955 2.1101 0.2655 0.5818 
3.0901 -0.5962 2.1101 0.2617 0.5534 
3.1601 -0.5962 2.0301 0.0788 0.8003 
3.1401 -0.5919 2.0201 0.0735 0.7384 
3.1501 -0.5889 2.0201 0.0753 0.7740 
3.1301 -0.5899 2.0401 0.1078 0.6943 
3.1301 -0.5917 2.0301 0.0831 0.6986 
3.1301 -0.5899 2.0401 0.1078 0.6943 
3.1301 -0.5899 2.0401 0.1078 0.6943 
3.1201 -0.5926 2.0401 0.1001 0.6607 
3.1301 -0.5917 2.0301 0.0831 0.6986 
3.1301 -0.5899 2.0401 0.1078 0.6943 
3.1401 -0.5932 2.0401 0.1011 0.7273 
3.1301 -0.5899 2.0401 0.1078 0.6943 
3.1301 -0.5899 2.0401 0.1078 0.6943 
3.1301 -0.5917 2.0301 0.0831 0.6986 
3.1401 -0.5932 2.0401 0.1011 0.7273 
3.1301 -0.5917 2.0301 0.0831 0.6986 
3.1401 -0.5919 2.0201 0.0735 0.7384 
3.1401 -0.5932 2.0401 0.1011 0.7273 
3.1601 -0.5962 2.0301 0.0788 0.8003 
3.1401 -0.5932 2.0401 0.1011 0.7273 
3.1401 -0.5919 2.0201 0.0735 0.7384 
3.1301 -0.5899 2.0401 0.1078 0.6943 
3.1301 -0.5899 2.0401 0.1078 0.6943 
3.1301 -0.5899 2.0401 0.1078 0.6943 
3.1301 -0.5899 2.0401 0.1078 0.6943 
3.1301 -0.5899 2.0401 0.1078 0.6943 
3.1301 -0.5899 2.0401 0.1078 0.6943 
3.1201 -0.5926 2.0401 0.1001 0.6607 
3.1301 -0.5946 2.0501 0.1203 0.6896 
3.1101 -0.5889 2.0501 0.1332 0.6247 
3.1301 -0.5899 2.0401 0.1078 0.6943 
3.1201 -0.5926 2.0401 0.1001 0.6607 
3.1301 -0.5899 2.0401 0.1078 0.6943 
3.1301 -0.5899 2.0401 0.1078 0.6943 
3.1301 -0.5946 2.0501 0.1203 0.6896 
3.1201 -0.5926 2.0401 0.1001 0.6607 
3.1301 -0.5899 2.0401 0.1078 0.6943 
3.1301 -0.5946 2.0501 0.1203 0.6896 
3.1301 -0.5899 2.0401 0.1078 0.6943 
3.1301 -0.5899 2.0401 0.1078 0.6943 
3.1401 -0.5932 2.0401 0.1011 0.7273 
3.1301 -0.5946 2.0501 0.1203 0.6896 
3.1401 -0.5932 2.0401 0.1011 0.7273 
3.1401 -0.5902 2.0501 0.1340 0.7226 
3.1301 -0.5946 2.0501 0.1203 0.6896 
3.1301 -0.5899 2.0401 0.1078 0.6943 
3.1301 -0.5899 2.0401 0.1078 0.6943 
3.1301 -0.5899 2.0401 0.1078 0.6943 
3.1301 -0.5899 2.0401 0.1078 0.6943 
3.1301 -0.5899 2.0401 0.1078 0.6943 
3.1301 -0.5899 2.0401 0.1078 0.6943 
3.1701 -0.5999 2.0301 0.0755 0.8334 
3.1701 -0.5999 2.0301 0.0755 0.8334 
3.1601 -0.5962 2.0301 0.0788 0.8003 
3.1701 -0.5999 2.0301 0.0755 0.8334 
3.1701 -0.5999 2.0301 0.0755 0.8334 
3.1701 -0.5988 2.0401 0.0921 0.8261 
3.1701 -0.5999 2.0301 0.0755 0.8334 
3.1701 -0.5988 2.0401 0.0921 0.8261 
3.1601 -0.5962 2.0301 0.0788 0.8003 
3.1601 -0.5962 2.0301 0.0788 0.8003 
3.1701 -0.5988 2.0401 0.0921 0.8261 
3.1401 -0.5932 2.0401 0.1011 0.7273 
3.1401 -0.5932 2.0401 0.1011 0.7273 
3.1601 -0.6016 2.0701 0.1565 0.7737 
3.1401 -0.5902 2.0501 0.1340 0.7226 
3.1401 -0.5902 2.0501 0.1340 0.7226 
3.1601 -0.6016 2.0701 0.1565 0.7737 
3.1301 -0.5946 2.0501 0.1203 0.6896 
3.1001 -0.5879 2.0501 0.1346 0.5920 
3.1101 -0.5889 2.0501 0.1332 0.6247 
3.1001 -0.5928 2.0801 0.1991 0.5866 
3.1101 -0.5889 2.0501 0.1332 0.6247 
3.1201 -0.5924 2.0701 0.1774 0.6505 
3.1001 -0.5928 2.0801 0.1991 0.5866 
3.1101 -0.5889 2.0501 0.1332 0.6247 
3.1301 -0.5946 2.0501 0.1203 0.6896 
3.1201 -0.5924 2.0701 0.1774 0.6505 
3.1301 -0.5946 2.0501 0.1203 0.6896 
3.1401 -0.5924 2.0701 0.1807 0.7128 
3.1201 -0.5924 2.0701 0.1774 0.6505 
3.1301 -0.5946 2.0501 0.1203 0.6896 
3.1601 -0.6016 2.0701 0.1565 0.7737 
3.1401 -0.5924 2.0701 0.1807 0.7128 
3.1201 -0.5924 2.0701 0.1774 0.6505 
3.1401 -0.5924 2.0701 0.1807 0.7128 
3.1001 -0.5928 2.0801 0.1991 0.5866 
3.1401 -0.5924 2.0701 0.1807 0.7128 
3.1301 -0.5935 2.1101 0.2763 0.6674 
3.1001 -0.5928 2.0801 0.1991 0.5866 
3.1001 -0.5928 2.0801 0.1991 0.5866 
3.1301 -0.5935 2.1101 0.2763 0.6674 
3.1101 -0.5917 2.0901 0.2297 0.6146 
3.1401 -0.5924 2.0701 0.1807 0.7128 
3.1601 -0.5887 2.1101 0.2961 0.7541 
3.1301 -0.5935 2.1101 0.2763 0.6674 
3.1401 -0.5924 2.0701 0.1807 0.7128 
3.1701 -0.5931 2.1101 0.2838 0.7822 
3.1601 -0.5887 2.1101 0.2961 0.7541 
3.1101 -0.5917 2.0901 0.2297 0.6146 
3.1301 -0.5935 2.1101 0.2763 0.6674 
3.1201 -0.5987 2.1101 0.2589 0.6387 
3.1601 -0.6016 2.0701 0.1565 0.7737 
3.1401 -0.5932 2.0401 0.1011 0.7273 
3.1701 -0.5988 2.0401 0.0921 0.8261 
3.1801 -0.6013 2.0401 0.0883 0.8586 
3.1801 -0.5901 2.0701 0.1940 0.8386 
3.1701 -0.5988 2.0401 0.0921 0.8261 
3.1701 -0.5988 2.0401 0.0921 0.8261 
3.1801 -0.5901 2.0701 0.1940 0.8386 
3.1701 -0.5997 2.0701 0.1634 0.8050 
3.2001 -0.5946 2.0501 0.1303 0.9181 
3.2101 -0.5902 2.0701 0.1986 0.9332 
3.1801 -0.6013 2.0401 0.0883 0.8586 
3.1801 -0.6013 2.0401 0.0883 0.8586 
3.2101 -0.5902 2.0701 0.1986 0.9332 
3.1801 -0.5901 2.0701 0.1940 0.8386 
3.1801 -0.5901 2.0701 0.1940 0.8386 
3.1801 -0.5927 2.0801 0.2123 0.8308 
3.1701 -0.5997 2.0701 0.1634 0.8050 
3.1701 -0.5997 2.0701 0.1634 0.8050 
3.1801 -0.5927 2.0801 0.2123 0.8308 
3.1601 -0.6016 2.0701 0.1565 0.7737 
3.2101 -0.5902 2.0701 0.1986 0.9332 
3.1801 -0.5927 2.0801 0.2123 0.8308 
3.1801 -0.5901 2.0701 0.1940 0.8386 
3.1601 -0.6016 2.0701 0.1565 0.7737 
3.1701 -0.5900 2.1001 0.2696 0.7885 
3.1401 -0.5924 2.0701 0.1807 0.7128 
3.1401 -0.5924 2.0701 0.1807 0.7128 
3.1701 -0.5900 2.1001 0.2696 0.7885 
3.1701 -0.5931 2.1101 0.2838 0.7822 
3.1701 -0.5900 2.1001 0.2696 0.7885 
3.1601 -0.6016 2.0701 0.1565 0.7737 
3.1801 -0.5927 2.0801 0.2123 0.8308 
3.1701 -0.5900 2.1001 0.2696 0.7885 
3.1801 -0.5927 2.0801 0.2123 0.8308 
3.2001 -0.5909 2.0901 0.2468 0.8847 
3.1901 -0.6009 2.1401 0.3311 0.8193 
3.1701 -0.5326 2.1501 0.5679 0.7705 
3.1501 -0.5992 2.1401 0.3301 0.7117 
3.0501 -0.5922 2.1001 0.2436 0.4382 
3.0401 -0.5909 2.1101 0.2699 0.4110 
3.0201 -0.5919 2.0801 0.1895 0.3456 
3.0401 -0.5909 2.1101 0.2699 0.4110 
3.0401 -0.5997 2.1301 0.2899 0.4165 
3.0301 -0.5927 2.1301 0.3091 0.3878 
3.0401 -0.5909 2.1101 0.2699 0.4110 
3.0501 -0.5947 2.1201 0.2836 0.4413 
3.0401 -0.5997 2.1301 0.2899 0.4165 
3.0401 -0.5909 2.1101 0.2699 0.4110 
3.0301 -0.5927 2.1301 0.3091 0.3878 
3.0001 -0.5929 2.1101 0.2576 0.2993 
3.0301 -0.5927 2.1301 0.3091 0.3878 
3.0201 -0.5945 2.1401 0.3240 0.3639 
3.0001 -0.5929 2.1101 0.2576 0.2993 
3.0001 -0.5929 2.1101 0.2576 0.2993 
3.0201 -0.5945 2.1401 0.3240 0.3639 
2.9901 -0.5932 2.1401 0.3231 0.2844 
3.0501 -0.5947 2.1201 0.2836 0.4413 
3.0501 -0.5967 2.1401 0.3219 0.4440 
3.0401 -0.5997 2.1301 0.2899 0.4165 
3.0301 -0.5927 2.1301 0.3091 0.3878 
3.0501 -0.5967 2.1401 0.3219 0.4440 
3.0201 -0.5945 2.1401 0.3240 0.3639 
3.0401 -0.5997 2.1301 0.2899 0.4165 
3.0501 -0.5967 2.1401 0.3219 0.4440 
3.0301 -0.5927 2.1301 0.3091 0.3878 
3.0201 -0.5945 2.1401 0.3240 0.3639 
3.0001 -0.5152 2.1501 0.5978 0.2860 
2.9901 -0.5932 2.1401 0.3231 0.2844 
3.0501 -0.5967 2.1401 0.3219 0.4440 
3.0001 -0.5152 2.1501 0.5978 0.2860 
3.0201 -0.5945 2.1401 0.3240 0.3639 
3.0501 -0.5922 2.1001 0.2436 0.4382 
3.0601 -0.5963 2.1101 0.2567 0.4686 
3.0401 -0.5909 2.1101 0.2699 0.4110 
3.0901 -0.5962 2.1101 0.2617 0.5534 
3.0801 -0.5939 2.1201 0.2906 0.5244 
3.0601 -0.5963 2.1101 0.2567 0.4686 
3.0601 -0.5963 2.1101 0.2567 0.4686 
3.0501 -0.5947 2.1201 0.2836 0.4413 
3.0401 -0.5909 2.1101 0.2699 0.4110 
3.1001 -0.5955 2.1101 0.2655 0.5818 
3.1001 -0.5902 2.1201 0.3050 0.5799 
3.0901 -0.5962 2.1101 0.2617 0.5534 
3.0501 -0.5947 2.1201 0.2836 0.4413 
3.0601 -0.5963 2.1101 0.2567 0.4686 
3.0701 -0.5928 2.1301 0.3148 0.4965 
3.0501 -0.5947 2.1201 0.2836 0.4413 
3.0701 -0.5928 2.1301 0.3148 0.4965 
3.0501 -0.5967 2.1401 0.3219 0.4440 
3.0601 -0.5963 2.1101 0.2567 0.4686 
3.0801 -0.5939 2.1201 0.2906 0.5244 
3.0701 -0.5928 2.1301 0.3148 0.4965 
3.1001 -0.5902 2.1201 0.3050 0.5799 
3.1001 -0.5964 2.1401 0.3306 0.5774 
3.0901 -0.5962 2.1101 0.2617 0.5534 
3.0901 -0.5962 2.1101 0.2617 0.5534 
3.1001 -0.5964 2.1401 0.3306 0.5774 
3.0801 -0.5939 2.1201 0.2906 0.5244 
3.0701 -0.5928 2.1301 0.3148 0.4965 
3.0801 -0.5994 2.1401 0.3187 0.5242 
3.0501 -0.5967 2.1401 0.3219 0.4440 
3.0801 -0.5939 2.1201 0.2906 0.5244 
3.0801 -0.5994 2.1401 0.3187 0.5242 
3.0701 -0.5928 2.1301 0.3148 0.4965 
3.0801 -0.5994 2.1401 0.3187 0.5242 
3.0801 -0.5939 2.1201 0.2906 0.5244 
3.1001 -0.5964 2.1401 0.3306 0.5774 
3.0001 -0.5152 2.1501 0.5978 0.2860 
3.0501 -0.5967 2.1401 0.3219 0.4440 
3.0801 -0.5994 2.1401 0.3187 0.5242 
3.1001 -0.5964 2.1401 0.3306 0.5774 
3.0001 -0.5152 2.1501 0.5978 0.2860 
3.0801 -0.5994 2.1401 0.3187 0.5242 
3.0037 -0.5499 2.1501 0.4806 0.3090 
3.0133 -0.5499 2.1501 0.4822 0.3348 
3.0101 -0.5499 2.1522 0.4857 0.3269 
3.0401 -0.5496 2.1501 0.4877 0.4079 
3.0401 -0.5503 2.1501 0.4854 0.4081 
3.0401 -0.5499 2.1503 0.4871 0.4080 
3.0415 -0.5499 2.1501 0.4870 0.4120 
3.0401 -0.5499 2.1503 0.4871 0.4080 
3.0401 -0.5503 2.1501 0.4854 0.4081 
3.0784 -0.5599 2.1501 0.4607 0.5145 
3.0801 -0.5626 2.1501 0.4524 0.5195 
3.0801 -0.5599 2.1514 0.4635 0.5191 
3.0822 -0.5599 2.1501 0.4614 0.5249 
3.0801 -0.5599 2.1514 0.4635 0.5191 
3.0801 -0.5626 2.1501 0.4524 0.5195 
3.0701 -0.5499 2.1501 0.4918 0.4904 
3.0701 -0.5499 2.1501 0.4918 0.4904 
3.0701 -0.5499 2.1501 0.4918 0.4904 
3.0701 -0.5499 2.1501 0.4918 0.4904 
3.0701 -0.5499 2.1501 0.4918 0.4904 
3.0701 -0.5499 2.1501 0.4918 0.4904 
3.0784 -0.5599 2.1501 0.4607 0.5145 
3.0801 -0.5599 2.1514 0.4635 0.5191 
3.0822 -0.5599 2.1501 0.4614 0.5249 
3.0101 -0.5425 2.1501 0.5061 0.3237 
3.0037 -0.5499 2.1501 0.4806 0.3090 
3.0101 -0.5499 2.1522 0.4857 0.3269 
3.0101 -0.5425 2.1501 0.5061 0.3237 
3.0101 -0.5499 2.1522 0.4857 0.3269 
3.0133 -0.5499 2.1501 0.4822 0.3348 
3.0401 -0.5496 2.1501 0.4877 0.4079 
3.0401 -0.5499 2.1503 0.4871 0.4080 
3.0415 -0.5499 2.1501 0.4870 0.4120 
3.0601 -0.5195 2.1501 0.5937 0.4570 
3.0401 -0.5199 2.1530 0.5937 0.4009 
2.9701 -0.5193 2.1501 0.5781 0.2045 
2.9701 -0.5193 2.1501 0.5781 0.2045 
3.0401 -0.5199 2.1530 0.5937 0.4009 
3.0101 -0.5099 2.1632 0.6412 0.3170 
3.0401 -0.5199 2.1530 0.5937 0.4009 
3.0601 -0.5195 2.1501 0.5937 0.4570 
3.0801 -0.5099 2.1614 0.6510 0.5124 
3.0101 -0.5099 2.1632 0.6412 0.3170 
3.0401 -0.5199 2.1530 0.5937 0.4009 
3.0801 -0.5099 2.1614 0.6510 0.5124 
3.0401 -0.4999 2.1601 0.6774 0.3971 
3.0301 -0.4999 2.1601 0.6755 0.3687 
3.0401 -0.4999 2.1601 0.6774 0.3971 
3.0401 -0.4999 2.1601 0.6774 0.3971 
3.0401 -0.4999 2.1601 0.6774 0.3971 
3.0401 -0.4999 2.1601 0.6774 0.3971 
3.0301 -0.4999 2.1601 0.6755 0.3687 
3.0101 -0.5099 2.1632 0.6412 0.3170 
3.0401 -0.4999 2.1601 0.6774 0.3971 
3.0401 -0.4999 2.1601 0.6774 0.3971 
3.0501 -0.4999 2.1608 0.6804 0.4256 
3.0401 -0.4999 2.1601 0.6774 0.3971 
3.0401 -0.4999 2.1601 0.6774 0.3971 
3.0101 -0.5099 2.1632 0.6412 0.3170 
3.0501 -0.4999 2.1608 0.6804 0.4256 
3.0101 -0.5099 2.1632 0.6412 0.3170 
3.0801 -0.5099 2.1614 0.6510 0.5124 
3.0501 -0.4999 2.1608 0.6804 0.4256 
3.0701 -0.5499 2.1501 0.4918 0.4904 
3.0701 -0.5499 2.1501 0.4918 0.4904 
3.0701 -0.5499 2.1501 0.4918 0.4904 
3.0701 -0.5499 2.1501 0.4918 0.4904 
3.0701 -0.5499 2.1501 0.4918 0.4904 
3.0701 -0.5499 2.1501 0.4918 0.4904 
3.0801 -0.5099 2.1614 0.6510 0.5124 
3.0601 -0.5195 2.1501 0.5937 0.4570 
3.1101 -0.5099 2.1623 0.6580 0.5971 
3.1101 -0.5099 2.1623 0.6580 0.5971 
3.0801 -0.4938 2.1601 0.7075 0.5102 
3.0801 -0.5099 2.1614 0.6510 0.5124 
3.0501 -0.4999 2.1608 0.6804 0.4256 
3.0801 -0.5099 2.1614 0.6510 0.5124 
3.0801 -0.4938 2.1601 0.7075 0.5102 
3.1101 -0.5917 2.0901 0.2297 0.6146 
3.1201 -0.5987 2.1101 0.2589 0.6387 
3.1001 -0.5955 2.1101 0.2655 0.5818 
3.1201 -0.5987 2.1101 0.2589 0.6387 
3.1301 -0.5942 2.1201 0.2976 0.6641 
3.1001 -0.5955 2.1101 0.2655 0.5818 
3.1001 -0.5955 2.1101 0.2655 0.5818 
3.1301 -0.5942 2.1201 0.2976 0.6641 
3.1001 -0.5902 2.1201 0.3050 0.5799 
3.1301 -0.5935 2.1101 0.2763 0.6674 
3.1301 -0.5942 2.1201 0.2976 0.6641 
3.1201 -0.5987 2.1101 0.2589 0.6387 
3.1301 -0.5935 2.1101 0.2763 0.6674 
3.1401 -0.5964 2.1301 0.3149 0.6884 
3.1301 -0.5942 2.1201 0.2976 0.6641 
3.1601 -0.5887 2.1101 0.2961 0.7541 
3.1501 -0.5920 2.1301 0.3298 0.7163 
3.1301 -0.5935 2.1101 0.2763 0.6674 
3.1301 -0.5935 2.1101 0.2763 0.6674 
3.1501 -0.5920 2.1301 0.3298 0.7163 
3.1401 -0.5964 2.1301 0.3149 0.6884 
3.1001 -0.5902 2.1201 0.3050 0.5799 
3.1101 -0.5997 2.1301 0.3004 0.6063 
3.1001 -0.5964 2.1401 0.3306 0.5774 
3.1301 -0.5942 2.1201 0.2976 0.6641 
3.1401 -0.5964 2.1301 0.3149 0.6884 
3.1001 -0.5902 2.1201 0.3050 0.5799 
3.1001 -0.5902 2.1201 0.3050 0.5799 
3.1401 -0.5964 2.1301 0.3149 0.6884 
3.1101 -0.5997 2.1301 0.3004 0.6063 
3.1401 -0.5964 2.1301 0.3149 0.6884 
3.1001 -0.5964 2.1401 0.3306 0.5774 
3.1101 -0.5997 2.1301 0.3004 0.6063 
3.1501 -0.5992 2.1401 0.3301 0.7117 
3.1001 -0.5964 2.1401 0.3306 0.5774 
3.1401 -0.5964 2.1301 0.3149 0.6884 
3.1501 -0.5920 2.1301 0.3298 0.7163 
3.1501 -0.5992 2.1401 0.3301 0.7117 
3.1401 -0.5964 2.1301 0.3149 0.6884 
3.1801 -0.5908 2.1201 0.3159 0.8055 
3.1701 -0.5931 2.1101 0.2838 0.7822 
3.1701 -0.5900 2.1001 0.2696 0.7885 
3.2001 -0.5909 2.0901 0.2468 0.8847 
3.1801 -0.5908 2.1201 0.3159 0.8055 
3.1701 -0.5900 2.1001 0.2696 0.7885 
3.2101 -0.5918 2.1201 0.3175 0.8904 
3.1801 -0.5908 2.1201 0.3159 0.8055 
3.2001 -0.5909 2.0901 0.2468 0.8847 
3.1701 -0.5931 2.1101 0.2838 0.7822 
3.1501 -0.5920 2.1301 0.3298 0.7163 
3.1601 -0.5887 2.1101 0.2961 0.7541 
3.1701 -0.5931 2.1101 0.2838 0.7822 
3.1801 -0.5908 2.1201 0.3159 0.8055 
3.1501 -0.5920 2.1301 0.3298 0.7163 
3.1501 -0.5920 2.1301 0.3298 0.7163 
3.1801 -0.5908 2.1201 0.3159 0.8055 
3.1901 -0.6009 2.1401 0.3311 0.8193 
3.1501 -0.5992 2.1401 0.3301 0.7117 
3.1501 -0.5920 2.1301 0.3298 0.7163 
3.1901 -0.6009 2.1401 0.3311 0.8193 
3.1901 -0.6009 2.1401 0.3311 0.8193 
3.1801 -0.5908 2.1201 0.3159 0.8055 
3.2001 -0.5926 2.1401 0.3577 0.8483 
3.2001 -0.5926 2.1401 0.3577 0.8483 
3.1801 -0.5908 2.1201 0.3159 0.8055 
3.2101 -0.5995 2.1301 0.3166 0.8808 
3.1701 -0.5326 2.1501 0.5679 0.7705 
3.1601 -0.5165 2.1501 0.6228 0.7441 
3.1501 -0.5992 2.1401 0.3301 0.7117 
3.1901 -0.5146 2.1501 0.6353 0.8317 
3.1901 -0.6009 2.1401 0.3311 0.8193 
3.2001 -0.5926 2.1401 0.3577 0.8483 
3.2201 -0.5586 2.1501 0.4888 0.9054 
3.1901 -0.5146 2.1501 0.6353 0.8317 
3.2001 -0.5926 2.1401 0.3577 0.8483 
3.1601 -0.5165 2.1501 0.6228 0.7441 
3.1001 -0.5964 2.1401 0.3306 0.5774 
3.1501 -0.5992 2.1401 0.3301 0.7117 
3.1601 -0.5165 2.1501 0.6228 0.7441 
3.0001 -0.5152 2.1501 0.5978 0.2860 
3.1001 -0.5964 2.1401 0.3306 0.5774 
3.1901 -0.5146 2.1501 0.6353 0.8317 
3.1701 -0.5326 2.1501 0.5679 0.7705 
3.1901 -0.6009 2.1401 0.3311 0.8193 
3.1411 -0.5899 2.1501 0.3775 0.6847 
3.1301 -0.5899 2.1501 0.3758 0.6553 
3.1401 -0.5899 2.1519 0.3811 0.6814 
3.1298 -0.5699 2.1501 0.4374 0.6549 
3.1301 -0.5711 2.1501 0.4337 0.6558 
3.1301 -0.5699 2.1503 0.4378 0.6558 
3.1307 -0.5699 2.1501 0.4375 0.6574 
3.1301 -0.5699 2.1503 0.4378 0.6558 
3.1301 -0.5711 2.1501 0.4337 0.6558 
3.1298 -0.5699 2.1501 0.4374 0.6549 
3.1301 -0.5699 2.1503 0.4378 0.6558 
3.1307 -0.5699 2.1501 0.4375 0.6574 
3.1601 -0.5170 2.1501 0.6210 0.7440 
3.1101 -0.5099 2.1623 0.6580 0.5971 
3.0601 -0.5195 2.1501 0.5937 0.4570 
3.1601 -0.5170 2.1501 0.6210 0.7440 
3.1601 -0.5099 2.1593 0.6623 0.7406 
3.1101 -0.5099 2.1623 0.6580 0.5971 
3.1101 -0.5099 2.1623 0.6580 0.5971 
3.1601 -0.5099 2.1593 0.6623 0.7406 
3.1501 -0.4899 2.1586 0.7331 0.7141 
3.1601 -0.5170 2.1501 0.6210 0.7440 
3.1901 -0.5099 2.1594 0.6682 0.8267 
3.1601 -0.5099 2.1593 0.6623 0.7406 
3.1901 -0.5099 2.1594 0.6682 0.8267 
3.2001 -0.4899 2.1579 0.7419 0.8619 
3.1601 -0.5099 2.1593 0.6623 0.7406 
3.2001 -0.4899 2.1579 0.7419 0.8619 
3.1901 -0.5099 2.1594 0.6682 0.8267 
3.2201 -0.4999 2.1575 0.7076 0.9181 
3.2001 -0.5946 2.0501 0.1303 0.9181 
3.2301 -0.5929 2.0701 0.1934 0.9952 
3.2101 -0.5978 2.0601 0.1489 0.9398 
3.2101 -0.5978 2.0601 0.1489 0.9398 
3.2101 -0.5902 2.0701 0.1986 0.9332 
3.2001 -0.5946 2.0501 0.1303 0.9181 
3.2101 -0.5978 2.0601 0.1489 0.9398 
3.2301 -0.5929 2.0701 0.1934 0.9952 
3.2101 -0.5902 2.0701 0.1986 0.9332 
3.2101 -0.5902 2.0701 0.1986 0.9332 
3.2301 -0.5929 2.0701 0.1934 0.9952 
3.2201 -0.5908 2.0901 0.2505 0.9453 
3.2001 -0.5909 2.0901 0.2468 0.8847 
3.1801 -0.5927 2.0801 0.2123 0.8308 
3.2101 -0.5902 2.0701 0.1986 0.9332 
3.2101 -0.5902 2.0701 0.1986 0.9332 
3.2201 -0.5908 2.0901 0.2505 0.9453 
3.2001 -0.5909 2.0901 0.2468 0.8847 
3.2401 -0.5860 2.1001 0.2937 0.9977 
3.2201 -0.5908 2.0901 0.2505 0.9453 
3.2301 -0.5929 2.0701 0.1934 0.9952 
3.2401 -0.5860 2.1001 0.2937 0.9977 
3.2301 -0.5961 2.1101 0.2844 0.9546 
3.2201 -0.5908 2.0901 0.2505 0.9453 
3.2201 -0.5908 2.0901 0.2505 0.9453 
3.2101 -0.5918 2.1201 0.3175 0.8904 
3.2001 -0.5909 2.0901 0.2468 0.8847 
3.2301 -0.5961 2.1101 0.2844 0.9546 
3.2301 -0.5963 2.1301 0.3295 0.9372 
3.2201 -0.5908 2.0901 0.2505 0.9453 
3.2201 -0.5908 2.0901 0.2505 0.9453 
3.2301 -0.5963 2.1301 0.3295 0.9372 
3.2101 -0.5918 2.1201 0.3175 0.8904 
3.2401 -0.5860 2.1001 0.2937 0.9977 
3.2301 -0.5963 2.1301 0.3295 0.9372 
3.2301 -0.5961 2.1101 0.2844 0.9546 
3.2101 -0.5918 2.1201 0.3175 0.8904 
3.2101 -0.5995 2.1301 0.3166 0.8808 
3.1801 -0.5908 2.1201 0.3159 0.8055 
3.2101 -0.5918 2.1201 0.3175 0.8904 
3.2201 -0.5993 2.1401 0.3407 0.9009 
3.2101 -0.5995 2.1301 0.3166 0.8808 
3.2101 -0.5918 2.1201 0.3175 0.8904 
3.2301 -0.5963 2.1301 0.3295 0.9372 
3.2201 -0.5993 2.1401 0.3407 0.9009 
3.2401 -0.5860 2.1001 0.2937 0.9977 
3.2401 -0.5899 2.1318 0.3545 0.9659 
3.2301 -0.5963 2.1301 0.3295 0.9372 
3.2001 -0.5926 2.1401 0.3577 0.8483 
3.2101 -0.5995 2.1301 0.3166 0.8808 
3.2201 -0.5993 2.1401 0.3407 0.9009 
3.2401 -0.5899 2.1318 0.3545 0.9659 
3.2501 -0.6028 2.1401 0.3347 0.9812 
3.2501 -0.5618 2.1501 0.4833 0.9879 
3.2201 -0.5993 2.1401 0.3407 0.9009 
3.2301 -0.5963 2.1301 0.3295 0.9372 
3.2301 -0.5169 2.1501 0.6344 0.9479 
3.2401 -0.5899 2.1318 0.3545 0.9659 
3.2301 -0.5169 2.1501 0.6344 0.9479 
3.2301 -0.5963 2.1301 0.3295 0.9372 
3.2401 -0.5146 2.1501 0.6445 0.9781 
3.2301 -0.5169 2.1501 0.6344 0.9479 
3.2401 -0.5899 2.1318 0.3545 0.9659 
3.2401 -0.5899 2.1318 0.3545 0.9659 
3.2501 -0.5618 2.1501 0.4833 0.9879 
3.2401 -0.5146 2.1501 0.6445 0.9781 
3.2201 -0.5586 2.1501 0.4888 0.9054 
3.2001 -0.5926 2.1401 0.3577 0.8483 
3.2201 -0.5993 2.1401 0.3407 0.9009 
3.2301 -0.5169 2.1501 0.6344 0.9479 
3.2201 -0.5586 2.1501 0.4888 0.9054 
3.2201 -0.5993 2.1401 0.3407 0.9009 
3.2001 -0.5910 2.1501 0.3833 0.8422 
3.2201 -0.5899 2.1528 0.3953 0.8943 
3.2289 -0.5899 2.1501 0.3913 0.9199 
3.2301 -0.5099 2.1582 0.6736 0.9432 
3.2201 -0.4999 2.1575 0.7076 0.9181 
3.1901 -0.5099 2.1594 0.6682 0.8267 
3.0101 -0.4799 2.1630 0.7504 0.3060 
3.0101 -0.5099 2.1632 0.6412 0.3170 
3.0301 -0.4999 2.1601 0.6755 0.3687 
3.0401 -0.4999 2.1601 0.6774 0.3971 
3.0401 -0.4999 2.1601 0.6774 0.3971 
3.0301 -0.4999 2.1601 0.6755 0.3687 
3.0401 -0.4999 2.1601 0.6774 0.3971 
3.0401 -0.4999 2.1601 0.6774 0.3971 
3.0401 -0.4999 2.1601 0.6774 0.3971 
3.0401 -0.4999 2.1601 0.6774 0.3971 
3.0401 -0.4899 2.1608 0.7153 0.3945 
3.0301 -0.4999 2.1601 0.6755 0.3687 
3.0401 -0.4999 2.1601 0.6774 0.3971 
3.0401 -0.4899 2.1608 0.7153 0.3945 
3.0401 -0.4999 2.1601 0.6774 0.3971 
3.0401 -0.4999 2.1601 0.6774 0.3971 
3.0501 -0.4999 2.1608 0.6804 0.4256 
3.0401 -0.4899 2.1608 0.7153 0.3945 
3.0101 -0.4799 2.1630 0.7504 0.3060 
2.9801 -0.4699 2.1676 0.7894 0.2188 
3.0101 -0.5099 2.1632 0.6412 0.3170 
3.0401 -0.4899 2.1608 0.7153 0.3945 
3.0101 -0.4799 2.1630 0.7504 0.3060 
3.0301 -0.4999 2.1601 0.6755 0.3687 
3.0101 -0.4699 2.1710 0.8001 0.3054 
3.0101 -0.4799 2.1630 0.7504 0.3060 
3.0201 -0.4699 2.1650 0.7936 0.3319 
3.0401 -0.4699 2.1615 0.7925 0.3891 
3.0201 -0.4699 2.1650 0.7936 0.3319 
3.0101 -0.4799 2.1630 0.7504 0.3060 
3.0401 -0.4899 2.1608 0.7153 0.3945 
3.0401 -0.4699 2.1615 0.7925 0.3891 
3.0101 -0.4799 2.1630 0.7504 0.3060 
3.0301 -0.4599 2.1608 0.8288 0.3564 
3.0201 -0.4699 2.1650 0.7936 0.3319 
3.0401 -0.4699 2.1615 0.7925 0.3891 
3.0501 -0.4599 2.1678 0.8427 0.4169 
3.0301 -0.4599 2.1608 0.8288 0.3564 
3.0401 -0.4699 2.1615 0.7925 0.3891 
3.0201 -0.4499 2.1681 0.8768 0.3258 
2.9901 -0.4499 2.1633 0.8642 0.2357 
2.9801 -0.4599 2.1679 0.8285 0.2142 
3.0201 -0.4499 2.1681 0.8768 0.3258 
3.0101 -0.4699 2.1710 0.8001 0.3054 
3.0201 -0.4699 2.1650 0.7936 0.3319 
3.0401 -0.4499 2.1683 0.8813 0.3849 
3.0201 -0.4499 2.1681 0.8768 0.3258 
3.0301 -0.4599 2.1608 0.8288 0.3564 
3.0301 -0.4599 2.1608 0.8288 0.3564 
3.0201 -0.4499 2.1681 0.8768 0.3258 
3.0201 -0.4699 2.1650 0.7936 0.3319 
3.0401 -0.4499 2.1683 0.8813 0.3849 
3.0301 -0.4599 2.1608 0.8288 0.3564 
3.0501 -0.4599 2.1678 0.8427 0.4169 
3.0101 -0.4699 2.1710 0.8001 0.3054 
2.9801 -0.4599 2.1679 0.8285 0.2142 
3.0101 -0.4799 2.1630 0.7504 0.3060 
2.9801 -0.4599 2.1679 0.8285 0.2142 
3.0101 -0.4699 2.1710 0.8001 0.3054 
3.0201 -0.4499 2.1681 0.8768 0.3258 
3.0901 -0.4899 2.1601 0.7238 0.5386 
3.0801 -0.4938 2.1601 0.7075 0.5102 
3.0901 -0.4899 2.1601 0.7238 0.5386 
3.0901 -0.4899 2.1601 0.7238 0.5386 
3.0901 -0.4899 2.1601 0.7238 0.5386 
3.0901 -0.4899 2.1601 0.7238 0.5386 
3.0901 -0.4899 2.1601 0.7238 0.5386 
3.0901 -0.4899 2.1601 0.7238 0.5386 
3.1001 -0.4866 2.1601 0.7381 0.5674 
3.0801 -0.4938 2.1601 0.7075 0.5102 
3.0401 -0.4899 2.1608 0.7153 0.3945 
3.0501 -0.4999 2.1608 0.6804 0.4256 
3.0901 -0.4899 2.1601 0.7238 0.5386 
3.0801 -0.4899 2.1604 0.7223 0.5097 
3.0801 -0.4938 2.1601 0.7075 0.5102 
3.0901 -0.4899 2.1601 0.7238 0.5386 
3.0801 -0.4938 2.1601 0.7075 0.5102 
3.1101 -0.5099 2.1623 0.6580 0.5971 
3.0701 -0.4799 2.1701 0.7727 0.4794 
3.0401 -0.4699 2.1615 0.7925 0.3891 
3.0801 -0.4938 2.1601 0.7075 0.5102 
3.0801 -0.4938 2.1601 0.7075 0.5102 
3.0401 -0.4699 2.1615 0.7925 0.3891 
3.0401 -0.4899 2.1608 0.7153 0.3945 
3.0801 -0.4899 2.1604 0.7223 0.5097 
3.0701 -0.4799 2.1701 0.7727 0.4794 
3.0801 -0.4938 2.1601 0.7075 0.5102 
3.0901 -0.4899 2.1601 0.7238 0.5386 
3.0801 -0.4899 2.1604 0.7223 0.5097 
3.0901 -0.4899 2.1601 0.7238 0.5386 
3.0901 -0.4899 2.1601 0.7238 0.5386 
3.0901 -0.4799 2.1692 0.7753 0.5369 
3.0801 -0.4899 2.1604 0.7223 0.5097 
3.1001 -0.4866 2.1601 0.7381 0.5674 
3.0901 -0.4799 2.1692 0.7753 0.5369 
3.0901 -0.4899 2.1601 0.7238 0.5386 
3.0501 -0.4599 2.1678 0.8427 0.4169 
3.0401 -0.4699 2.1615 0.7925 0.3891 
3.0701 -0.4799 2.1701 0.7727 0.4794 
3.0801 -0.4599 2.1610 0.8395 0.5052 
3.0701 -0.4799 2.1701 0.7727 0.4794 
3.0801 -0.4899 2.1604 0.7223 0.5097 
3.0901 -0.4799 2.1692 0.7753 0.5369 
3.0801 -0.4599 2.1610 0.8395 0.5052 
3.0801 -0.4899 2.1604 0.7223 0.5097 
3.1101 -0.4699 2.1627 0.8084 0.5954 
3.0901 -0.4799 2.1692 0.7753 0.5369 
3.1001 -0.4866 2.1601 0.7381 0.5674 
3.0701 -0.4799 2.1701 0.7727 0.4794 
3.0601 -0.4599 2.1614 0.8359 0.4455 
3.0501 -0.4599 2.1678 0.8427 0.4169 
3.0801 -0.4599 2.1610 0.8395 0.5052 
3.0601 -0.4599 2.1614 0.8359 0.4455 
3.0701 -0.4799 2.1701 0.7727 0.4794 
3.1101 -0.4699 2.1627 0.8084 0.5954 
3.0801 -0.4599 2.1610 0.8395 0.5052 
3.0901 -0.4799 2.1692 0.7753 0.5369 
3.0801 -0.4599 2.1610 0.8395 0.5052 
3.0801 -0.4499 2.1622 0.8818 0.5037 
3.0601 -0.4599 2.1614 0.8359 0.4455 
3.1001 -0.4499 2.1616 0.8852 0.5643 
3.0801 -0.4499 2.1622 0.8818 0.5037 
3.0801 -0.4599 2.1610 0.8395 0.5052 
3.0801 -0.4599 2.1610 0.8395 0.5052 
3.1101 -0.4699 2.1627 0.8084 0.5954 
3.1001 -0.4499 2.1616 0.8852 0.5643 
3.0201 -0.4499 2.1681 0.8768 0.3258 
3.0001 -0.4399 2.1624 0.9063 0.2601 
2.9901 -0.4499 2.1633 0.8642 0.2357 
3.0301 -0.4399 2.1654 0.9165 0.3511 
3.0001 -0.4399 2.1624 0.9063 0.2601 
3.0201 -0.4499 2.1681 0.8768 0.3258 
3.0201 -0.4499 2.1681 0.8768 0.3258 
3.0401 -0.4499 2.1683 0.8813 0.3849 
3.0301 -0.4399 2.1654 0.9165 0.3511 
3.0601 -0.4599 2.1614 0.8359 0.4455 
3.0401 -0.4499 2.1683 0.8813 0.3849 
3.0501 -0.4599 2.1678 0.8427 0.4169 
3.0301 -0.4399 2.1654 0.9165 0.3511 
3.0001 -0.4199 2.1677 0.9975 0.2537 
3.0001 -0.4399 2.1624 0.9063 0.2601 
3.0401 -0.4199 2.1630 1.0014 0.3742 
3.0401 -0.4499 2.1683 0.8813 0.3849 
3.0601 -0.4599 2.1614 0.8359 0.4455 
3.0301 -0.4399 2.1654 0.9165 0.3511 
3.0101 -0.4199 2.1633 0.9949 0.2819 
3.0001 -0.4199 2.1677 0.9975 0.2537 
3.0801 -0.4499 2.1622 0.8818 0.5037 
3.0701 -0.4399 2.1644 0.9239 0.4717 
3.0601 -0.4599 2.1614 0.8359 0.4455 
3.0801 -0.4399 2.1701 0.9330 0.5021 
3.0801 -0.4399 2.1701 0.9330 0.5021 
3.0701 -0.4399 2.1644 0.9239 0.4717 
3.0801 -0.4399 2.1701 0.9330 0.5021 
3.0701 -0.4399 2.1644 0.9239 0.4717 
3.0801 -0.4499 2.1622 0.8818 0.5037 
3.0801 -0.4399 2.1701 0.9330 0.5021 
3.0801 -0.4399 2.1701 0.9330 0.5021 
3.0801 -0.4499 2.1622 0.8818 0.5037 
3.0901 -0.4399 2.1701 0.9352 0.5322 
3.0801 -0.4399 2.1701 0.9330 0.5021 
3.0801 -0.4499 2.1622 0.8818 0.5037 
3.0901 -0.4399 2.1701 0.9352 0.5322 
3.0801 -0.4499 2.1622 0.8818 0.5037 
3.1001 -0.4499 2.1616 0.8852 0.5643 
3.0701 -0.4399 2.1644 0.9239 0.4717 
3.0401 -0.4199 2.1630 1.0014 0.3742 
3.0601 -0.4599 2.1614 0.8359 0.4455 
3.0701 -0.4399 2.1644 0.9239 0.4717 
3.0801 -0.4399 2.1701 0.9330 0.5021 
3.0801 -0.4299 2.1723 0.9775 0.5006 
3.0901 -0.4399 2.1701 0.9352 0.5322 
3.0901 -0.4299 2.1608 0.9666 0.5316 
3.0820 -0.4299 2.1701 0.9755 0.5064 
3.0801 -0.4399 2.1701 0.9330 0.5021 
3.0901 -0.4399 2.1701 0.9352 0.5322 
3.0820 -0.4299 2.1701 0.9755 0.5064 
3.0801 -0.4399 2.1701 0.9330 0.5021 
3.0801 -0.4399 2.1701 0.9330 0.5021 
3.0801 -0.4399 2.1701 0.9330 0.5021 
3.0801 -0.4399 2.1701 0.9330 0.5021 
3.0801 -0.4399 2.1701 0.9330 0.5021 
3.0801 -0.4399 2.1701 0.9330 0.5021 
3.0801 -0.4299 2.1723 0.9775 0.5006 
3.0801 -0.4399 2.1701 0.9330 0.5021 
3.0801 -0.4399 2.1701 0.9330 0.5021 
3.0820 -0.4299 2.1701 0.9755 0.5064 
3.0801 -0.4399 2.1701 0.9330 0.5021 
3.0801 -0.4399 2.1701 0.9330 0.5021 
3.0801 -0.4299 2.1723 0.9775 0.5006 
3.0801 -0.4399 2.1701 0.9330 0.5021 
3.0820 -0.4299 2.1701 0.9755 0.5064 
3.1201 -0.4899 2.1573 0.7252 0.6265 
3.0901 -0.4899 2.1601 0.7238 0.5386 
3.1101 -0.5099 2.1623 0.6580 0.5971 
3.1501 -0.4899 2.1586 0.7331 0.7141 
3.1201 -0.4899 2.1573 0.7252 0.6265 
3.1101 -0.5099 2.1623 0.6580 0.5971 
3.0901 -0.4899 2.1601 0.7238 0.5386 
3.1201 -0.4899 2.1573 0.7252 0.6265 
3.1001 -0.4866 2.1601 0.7381 0.5674 
3.1001 -0.4866 2.1601 0.7381 0.5674 
3.1201 -0.4899 2.1573 0.7252 0.6265 
3.1201 -0.4699 2.1685 0.8187 0.6236 
3.1401 -0.4699 2.1631 0.8150 0.6843 
3.1201 -0.4899 2.1573 0.7252 0.6265 
3.1501 -0.4899 2.1586 0.7331 0.7141 
3.1201 -0.4699 2.1685 0.8187 0.6236 
3.1201 -0.4899 2.1573 0.7252 0.6265 
3.1401 -0.4699 2.1631 0.8150 0.6843 
3.1401 -0.4699 2.1631 0.8150 0.6843 
3.1501 -0.4899 2.1586 0.7331 0.7141 
3.1501 -0.4799 2.1639 0.7794 0.7127 
3.1201 -0.4699 2.1685 0.8187 0.6236 
3.1101 -0.4699 2.1627 0.8084 0.5954 
3.1001 -0.4866 2.1601 0.7381 0.5674 
3.1501 -0.4799 2.1639 0.7794 0.7127 
3.1401 -0.4499 2.1607 0.8927 0.6865 
3.1401 -0.4699 2.1631 0.8150 0.6843 
3.1001 -0.4499 2.1616 0.8852 0.5643 
3.1201 -0.4699 2.1685 0.8187 0.6236 
3.1301 -0.4599 2.1642 0.8543 0.6545 
3.1001 -0.4499 2.1616 0.8852 0.5643 
3.1101 -0.4699 2.1627 0.8084 0.5954 
3.1201 -0.4699 2.1685 0.8187 0.6236 
3.1401 -0.4499 2.1607 0.8927 0.6865 
3.1301 -0.4599 2.1642 0.8543 0.6545 
3.1401 -0.4699 2.1631 0.8150 0.6843 
3.1401 -0.4699 2.1631 0.8150 0.6843 
3.1301 -0.4599 2.1642 0.8543 0.6545 
3.1201 -0.4699 2.1685 0.8187 0.6236 
3.2001 -0.4899 2.1579 0.7419 0.8619 
3.1501 -0.4899 2.1586 0.7331 0.7141 
3.1601 -0.5099 2.1593 0.6623 0.7406 
3.2001 -0.4499 2.1601 0.9048 0.8715 
3.2001 -0.4499 2.1601 0.9048 0.8715 
3.1901 -0.4542 2.1601 0.8847 0.8395 
3.2001 -0.4899 2.1579 0.7419 0.8619 
3.1501 -0.4799 2.1639 0.7794 0.7127 
3.1501 -0.4899 2.1586 0.7331 0.7141 
3.1801 -0.4799 2.1689 0.7926 0.7981 
3.1501 -0.4799 2.1639 0.7794 0.7127 
3.2001 -0.4899 2.1579 0.7419 0.8619 
3.1901 -0.4799 2.1654 0.7895 0.8296 
3.1801 -0.4799 2.1689 0.7926 0.7981 
3.2001 -0.4899 2.1579 0.7419 0.8619 
3.2001 -0.4799 2.1697 0.7977 0.8560 
3.1901 -0.4799 2.1654 0.7895 0.8296 
3.2001 -0.4899 2.1579 0.7419 0.8619 
3.1801 -0.4799 2.1689 0.7926 0.7981 
3.1401 -0.4499 2.1607 0.8927 0.6865 
3.1501 -0.4799 2.1639 0.7794 0.7127 
3.2001 -0.4699 2.1663 0.8318 0.8611 
3.1901 -0.4799 2.1654 0.7895 0.8296 
3.2001 -0.4799 2.1697 0.7977 0.8560 
3.1701 -0.4499 2.1625 0.9015 0.7775 
3.1401 -0.4499 2.1607 0.8927 0.6865 
3.1801 -0.4799 2.1689 0.7926 0.7981 
3.1801 -0.4599 2.1622 0.8621 0.8062 
3.1701 -0.4499 2.1625 0.9015 0.7775 
3.1801 -0.4799 2.1689 0.7926 0.7981 
3.1901 -0.4542 2.1601 0.8847 0.8395 
3.1801 -0.4599 2.1622 0.8621 0.8062 
3.1901 -0.4799 2.1654 0.7895 0.8296 
3.1901 -0.4799 2.1654 0.7895 0.8296 
3.1801 -0.4599 2.1622 0.8621 0.8062 
3.1801 -0.4799 2.1689 0.7926 0.7981 
3.2101 -0.4599 2.1618 0.8679 0.8978 
3.1901 -0.4542 2.1601 0.8847 0.8395 
3.2001 -0.4699 2.1663 0.8318 0.8611 
3.2001 -0.4699 2.1663 0.8318 0.8611 
3.1901 -0.4542 2.1601 0.8847 0.8395 
3.1901 -0.4799 2.1654 0.7895 0.8296 
3.1801 -0.4499 2.1782 0.9230 0.7983 
3.1701 -0.4499 2.1625 0.9015 0.7775 
3.1801 -0.4599 2.1622 0.8621 0.8062 
3.1901 -0.4542 2.1601 0.8847 0.8395 
3.1801 -0.4499 2.1782 0.9230 0.7983 
3.1801 -0.4599 2.1622 0.8621 0.8062 
3.1901 -0.4542 2.1601 0.8847 0.8395 
3.2101 -0.4599 2.1618 0.8679 0.8978 
3.2001 -0.4499 2.1601 0.9048 0.8715 
3.1401 -0.4399 2.1557 0.9285 0.6892 
3.1301 -0.4399 2.1604 0.9321 0.6563 
3.1401 -0.4499 2.1607 0.8927 0.6865 
3.1601 -0.4399 2.1596 0.9378 0.7499 
3.1401 -0.4399 2.1557 0.9285 0.6892 
3.1401 -0.4499 2.1607 0.8927 0.6865 
3.0901 -0.4399 2.1701 0.9352 0.5322 
3.1201 -0.4299 2.1563 0.9680 0.6264 
3.0901 -0.4299 2.1608 0.9666 0.5316 
3.0901 -0.4399 2.1701 0.9352 0.5322 
3.1301 -0.4399 2.1604 0.9321 0.6563 
3.1201 -0.4299 2.1563 0.9680 0.6264 
3.1301 -0.4399 2.1604 0.9321 0.6563 
3.0901 -0.4399 2.1701 0.9352 0.5322 
3.1001 -0.4499 2.1616 0.8852 0.5643 
3.1301 -0.4399 2.1604 0.9321 0.6563 
3.1001 -0.4499 2.1616 0.8852 0.5643 
3.1301 -0.4599 2.1642 0.8543 0.6545 
3.1301 -0.4399 2.1604 0.9321 0.6563 
3.1301 -0.4599 2.1642 0.8543 0.6545 
3.1401 -0.4499 2.1607 0.8927 0.6865 
3.2001 -0.4499 2.1601 0.9048 0.8715 
3.1901 -0.4399 2.1581 0.9425 0.8447 
3.2001 -0.4499 2.1601 0.9048 0.8715 
3.2001 -0.4499 2.1601 0.9048 0.8715 
3.1901 -0.4399 2.1581 0.9425 0.8447 
3.1901 -0.4542 2.1601 0.8847 0.8395 
3.1401 -0.4499 2.1607 0.8927 0.6865 
3.1701 -0.4499 2.1625 0.9015 0.7775 
3.1601 -0.4399 2.1596 0.9378 0.7499 
3.1601 -0.4399 2.1596 0.9378 0.7499 
3.1701 -0.4499 2.1625 0.9015 0.7775 
3.1801 -0.4399 2.1635 0.9469 0.8097 
3.1801 -0.4499 2.1782 0.9230 0.7983 
3.1801 -0.4399 2.1635 0.9469 0.8097 
3.1701 -0.4499 2.1625 0.9015 0.7775 
3.1801 -0.4399 2.1635 0.9469 0.8097 
3.1801 -0.4499 2.1782 0.9230 0.7983 
3.1901 -0.4399 2.1581 0.9425 0.8447 
3.1801 -0.4499 2.1782 0.9230 0.7983 
3.1901 -0.4542 2.1601 0.8847 0.8395 
3.1901 -0.4399 2.1581 0.9425 0.8447 
3.1901 -0.4399 2.1581 0.9425 0.8447 
3.1901 -0.4299 2.1655 0.9944 0.8419 
3.1801 -0.4399 2.1635 0.9469 0.8097 
3.2001 -0.4899 2.1579 0.7419 0.8619 
3.2201 -0.4999 2.1575 0.7076 0.9181 
3.2101 -0.4844 2.1601 0.7683 0.8914 
3.2301 -0.4799 2.1621 0.7928 0.9507 
3.2201 -0.4999 2.1575 0.7076 0.9181 
3.2401 -0.4699 2.1616 0.8335 0.9853 
3.2301 -0.4799 2.1621 0.7928 0.9507 
3.2401 -0.4699 2.1616 0.8335 0.9853 
3.2201 -0.4599 2.1580 0.8648 0.9317 
3.2001 -0.4499 2.1601 0.9048 0.8715 
3.2001 -0.4499 2.1601 0.9048 0.8715 
3.2001 -0.4499 2.1601 0.9048 0.8715 
3.2101 -0.4844 2.1601 0.7683 0.8914 
3.2001 -0.4799 2.1697 0.7977 0.8560 
3.2001 -0.4899 2.1579 0.7419 0.8619 
3.2301 -0.4799 2.1621 0.7928 0.9507 
3.2101 -0.4844 2.1601 0.7683 0.8914 
3.2201 -0.4999 2.1575 0.7076 0.9181 
3.2101 -0.4844 2.1601 0.7683 0.8914 
3.2001 -0.4699 2.1663 0.8318 0.8611 
3.2001 -0.4799 2.1697 0.7977 0.8560 
3.2301 -0.4799 2.1621 0.7928 0.9507 
3.2001 -0.4699 2.1663 0.8318 0.8611 
3.2101 -0.4844 2.1601 0.7683 0.8914 
3.2101 -0.4599 2.1618 0.8679 0.8978 
3.2301 -0.4799 2.1621 0.7928 0.9507 
3.2201 -0.4599 2.1580 0.8648 0.9317 
3.2101 -0.4599 2.1618 0.8679 0.8978 
3.2001 -0.4699 2.1663 0.8318 0.8611 
3.2301 -0.4799 2.1621 0.7928 0.9507 
3.2201 -0.4599 2.1580 0.8648 0.9317 
3.2401 -0.4699 2.1616 0.8335 0.9853 
3.2301 -0.4599 2.1634 0.8742 0.9573 
3.2401 -0.4699 2.1616 0.8335 0.9853 
3.2401 -0.4599 2.1691 0.8838 0.9820 
3.2301 -0.4599 2.1634 0.8742 0.9573 
3.2001 -0.4499 2.1601 0.9048 0.8715 
3.2101 -0.4499 2.1678 0.9167 0.8960 
3.2001 -0.4499 2.1601 0.9048 0.8715 
3.2001 -0.4499 2.1601 0.9048 0.8715 
3.2101 -0.4599 2.1618 0.8679 0.8978 
3.2101 -0.4499 2.1678 0.9167 0.8960 
3.2201 -0.4599 2.1580 0.8648 0.9317 
3.2101 -0.4499 2.1678 0.9167 0.8960 
3.2101 -0.4599 2.1618 0.8679 0.8978 
3.2201 -0.4599 2.1580 0.8648 0.9317 
3.2301 -0.4599 2.1634 0.8742 0.9573 
3.2101 -0.4499 2.1678 0.9167 0.8960 
3.2001 -0.4499 2.1601 0.9048 0.8715 
3.2101 -0.4399 2.1596 0.9489 0.9063 
3.2001 -0.4499 2.1601 0.9048 0.8715 
3.2001 -0.4499 2.1601 0.9048 0.8715 
3.2001 -0.4499 2.1601 0.9048 0.8715 
3.2101 -0.4399 2.1596 0.9489 0.9063 
3.2101 -0.4399 2.1596 0.9489 0.9063 
3.1901 -0.4399 2.1581 0.9425 0.8447 
3.2001 -0.4499 2.1601 0.9048 0.8715 
3.2101 -0.4399 2.1596 0.9489 0.9063 
3.2001 -0.4499 2.1601 0.9048 0.8715 
3.2101 -0.4499 2.1678 0.9167 0.8960 
3.2301 -0.4299 2.1614 0.9990 0.9716 
3.2101 -0.4499 2.1678 0.9167 0.8960 
3.2301 -0.4599 2.1634 0.8742 0.9573 
3.2101 -0.4399 2.1596 0.9489 0.9063 
3.2101 -0.4499 2.1678 0.9167 0.8960 
3.2301 -0.4299 2.1614 0.9990 0.9716 
