NUMPOLLIES 360.000000 

3.1501 -0.0999 2.1797 0.0843 0.7380 
3.1401 -0.0999 2.1594 0.1053 0.7060 
3.1401 -0.1099 2.1626 0.0734 0.7103 
3.2201 0.0701 2.1659 0.9222 0.9052 
3.2101 0.0801 2.1647 0.9606 0.8640 
3.2101 0.0601 2.1615 0.8981 0.8813 
3.2101 0.0601 2.1615 0.8981 0.8813 
3.2001 0.0501 2.1688 0.8323 0.8456 
3.2101 0.0501 2.1684 0.8358 0.8821 
3.2301 0.0101 2.1738 0.6584 0.9833 
3.2101 0.0201 2.1755 0.6913 0.8980 
3.2201 0.0001 2.1670 0.6326 0.9628 
3.2201 0.0301 2.1660 0.7655 0.9373 
3.2101 0.0501 2.1684 0.8358 0.8821 
3.2101 0.0401 2.1604 0.8234 0.8978 
3.2101 0.0601 2.1615 0.8981 0.8813 
3.2101 0.0501 2.1684 0.8358 0.8821 
3.2201 0.0301 2.1660 0.7655 0.9373 
3.2101 0.0501 2.1684 0.8358 0.8821 
3.2001 0.0501 2.1688 0.8323 0.8456 
3.2101 0.0401 2.1604 0.8234 0.8978 
3.2201 0.0301 2.1660 0.7655 0.9373 
3.2101 0.0401 2.1604 0.8234 0.8978 
3.2101 0.0201 2.1755 0.6913 0.8980 
3.2001 0.0201 2.1645 0.7241 0.8715 
3.2101 0.0401 2.1604 0.8234 0.8978 
3.2001 0.0501 2.1688 0.8323 0.8456 
3.2001 0.0201 2.1645 0.7241 0.8715 
3.2101 0.0201 2.1755 0.6913 0.8980 
3.2101 0.0401 2.1604 0.8234 0.8978 
3.2201 0.0001 2.1670 0.6326 0.9628 
3.2001 0.0201 2.1645 0.7241 0.8715 
3.2001 0.0001 2.1619 0.6437 0.8901 
3.2101 0.0201 2.1755 0.6913 0.8980 
3.2001 0.0201 2.1645 0.7241 0.8715 
3.2201 0.0001 2.1670 0.6326 0.9628 
3.2201 0.0001 2.1670 0.6326 0.9628 
3.2001 0.0001 2.1619 0.6437 0.8901 
3.2201 -0.0099 2.1634 0.5976 0.9770 
3.2201 -0.0199 2.1677 0.5373 0.9811 
3.2001 0.0001 2.1619 0.6437 0.8901 
3.2101 -0.0299 2.1621 0.5018 0.9576 
3.2201 -0.0099 2.1634 0.5976 0.9770 
3.2001 0.0001 2.1619 0.6437 0.8901 
3.2201 -0.0199 2.1677 0.5373 0.9811 
3.2101 -0.0299 2.1621 0.5018 0.9576 
3.2001 0.0001 2.1619 0.6437 0.8901 
3.2001 -0.0199 2.1646 0.5414 0.9042 
3.2101 -0.0299 2.1621 0.5018 0.9576 
3.2001 -0.0199 2.1646 0.5414 0.9042 
3.1901 -0.0399 2.1592 0.4536 0.8862 
3.2101 -0.0499 2.1608 0.4017 0.9798 
3.2101 -0.0299 2.1621 0.5018 0.9576 
3.1901 -0.0399 2.1592 0.4536 0.8862 
3.2101 -0.0499 2.1608 0.4017 0.9798 
3.2001 -0.0599 2.1573 0.3534 0.9514 
3.2101 -0.0699 2.1654 0.2807 0.9947 
3.2001 -0.0799 2.1627 0.2271 0.9649 
3.2101 -0.0699 2.1654 0.2807 0.9947 
3.2001 -0.0599 2.1573 0.3534 0.9514 
3.2001 -0.0599 2.1573 0.3534 0.9514 
3.2101 -0.0499 2.1608 0.4017 0.9798 
3.1901 -0.0399 2.1592 0.4536 0.8862 
3.2101 0.0801 2.1647 0.9606 0.8640 
3.1801 0.0601 2.1630 0.8867 0.7714 
3.2101 0.0601 2.1615 0.8981 0.8813 
3.1801 0.0601 2.1630 0.8867 0.7714 
3.1701 0.0901 2.1679 0.9775 0.7174 
3.1701 0.0601 2.1670 0.8709 0.7328 
3.1701 0.0901 2.1679 0.9775 0.7174 
3.1601 0.0701 2.1686 0.9011 0.6915 
3.1701 0.0601 2.1670 0.8709 0.7328 
3.2101 0.0601 2.1615 0.8981 0.8813 
3.1801 0.0601 2.1630 0.8867 0.7714 
3.2001 0.0501 2.1688 0.8323 0.8456 
3.1601 0.0701 2.1686 0.9011 0.6915 
3.1401 0.0901 2.1697 0.9657 0.6137 
3.1401 0.0701 2.1663 0.9052 0.6216 
3.2001 0.0501 2.1688 0.8323 0.8456 
3.1801 0.0601 2.1630 0.8867 0.7714 
3.1801 0.0501 2.1691 0.8271 0.7730 
3.1801 0.0601 2.1630 0.8867 0.7714 
3.1701 0.0601 2.1670 0.8709 0.7328 
3.1801 0.0501 2.1691 0.8271 0.7730 
3.1301 0.0701 2.1701 0.8902 0.5852 
3.1301 0.0701 2.1701 0.8902 0.5852 
3.1301 0.0701 2.1701 0.8902 0.5852 
3.1301 0.0701 2.1701 0.8902 0.5852 
3.1301 0.0701 2.1701 0.8902 0.5852 
3.1301 0.0701 2.1701 0.8902 0.5852 
3.1301 0.0701 2.1701 0.8902 0.5852 
3.1243 0.0601 2.1701 0.8514 0.5676 
3.1401 0.0601 2.1702 0.8541 0.6240 
3.1301 0.0701 2.1701 0.8902 0.5852 
3.1301 0.0701 2.1701 0.8902 0.5852 
3.1401 0.0601 2.1702 0.8541 0.6240 
3.1301 0.0701 2.1701 0.8902 0.5852 
3.1243 0.0601 2.1701 0.8514 0.5676 
3.1301 0.0701 2.1701 0.8902 0.5852 
3.1001 0.0801 2.1696 0.9229 0.4777 
3.1101 0.0601 2.1721 0.8418 0.5165 
3.1201 0.0601 2.1663 0.8636 0.5529 
3.1401 0.0601 2.1702 0.8541 0.6240 
3.1243 0.0601 2.1701 0.8514 0.5676 
3.1301 0.0401 2.1643 0.7931 0.5960 
3.1401 0.0901 2.1697 0.9657 0.6137 
3.1301 0.0801 2.1697 0.9283 0.5823 
3.1401 0.0701 2.1663 0.9052 0.6216 
3.1301 0.0701 2.1701 0.8902 0.5852 
3.1401 0.0701 2.1663 0.9052 0.6216 
3.1301 0.0801 2.1697 0.9283 0.5823 
3.1301 0.0701 2.1701 0.8902 0.5852 
3.1301 0.0701 2.1701 0.8902 0.5852 
3.1401 0.0701 2.1663 0.9052 0.6216 
3.1301 0.0701 2.1701 0.8902 0.5852 
3.1301 0.0801 2.1697 0.9283 0.5823 
3.1201 0.0601 2.1663 0.8636 0.5529 
3.1301 0.0701 2.1701 0.8902 0.5852 
3.1301 0.0701 2.1701 0.8902 0.5852 
3.1301 0.0801 2.1697 0.9283 0.5823 
3.1301 0.0801 2.1697 0.9283 0.5823 
3.1001 0.0801 2.1696 0.9229 0.4777 
3.1201 0.0601 2.1663 0.8636 0.5529 
3.1401 0.0701 2.1663 0.9052 0.6216 
3.1301 0.0701 2.1701 0.8902 0.5852 
3.1401 0.0601 2.1702 0.8541 0.6240 
3.1243 0.0601 2.1701 0.8514 0.5676 
3.1301 0.0701 2.1701 0.8902 0.5852 
3.1201 0.0601 2.1663 0.8636 0.5529 
3.1301 0.0401 2.1643 0.7931 0.5960 
3.1243 0.0601 2.1701 0.8514 0.5676 
3.1201 0.0601 2.1663 0.8636 0.5529 
3.1201 0.0601 2.1663 0.8636 0.5529 
3.1101 0.0601 2.1721 0.8418 0.5165 
3.1301 0.0401 2.1643 0.7931 0.5960 
3.1501 0.0101 2.1648 0.6679 0.6845 
3.1501 0.0001 2.1777 0.5844 0.6830 
3.1601 0.0001 2.1607 0.6379 0.7317 
3.2001 0.0501 2.1688 0.8323 0.8456 
3.1801 0.0501 2.1691 0.8271 0.7730 
3.1801 0.0301 2.1624 0.7687 0.7901 
3.1801 0.0501 2.1691 0.8271 0.7730 
3.1701 0.0601 2.1670 0.8709 0.7328 
3.1701 0.0401 2.1657 0.7966 0.7443 
3.1701 0.0601 2.1670 0.8709 0.7328 
3.1601 0.0701 2.1686 0.9011 0.6915 
3.1701 0.0401 2.1657 0.7966 0.7443 
3.1701 0.0401 2.1657 0.7966 0.7443 
3.1401 0.0701 2.1663 0.9052 0.6216 
3.1501 0.0301 2.1675 0.7455 0.6738 
3.1601 0.0701 2.1686 0.9011 0.6915 
3.1401 0.0701 2.1663 0.9052 0.6216 
3.1701 0.0401 2.1657 0.7966 0.7443 
3.1801 0.0301 2.1624 0.7687 0.7901 
3.1701 0.0401 2.1657 0.7966 0.7443 
3.1801 0.0201 2.1645 0.7193 0.7949 
3.1801 0.0501 2.1691 0.8271 0.7730 
3.1701 0.0401 2.1657 0.7966 0.7443 
3.1801 0.0301 2.1624 0.7687 0.7901 
3.1801 0.0201 2.1645 0.7193 0.7949 
3.1701 0.0401 2.1657 0.7966 0.7443 
3.1501 0.0301 2.1675 0.7455 0.6738 
3.2001 0.0501 2.1688 0.8323 0.8456 
3.1801 0.0301 2.1624 0.7687 0.7901 
3.2001 0.0201 2.1645 0.7241 0.8715 
3.2001 0.0201 2.1645 0.7241 0.8715 
3.1801 0.0301 2.1624 0.7687 0.7901 
3.1801 0.0201 2.1645 0.7193 0.7949 
3.1801 0.0201 2.1645 0.7193 0.7949 
3.1501 0.0301 2.1675 0.7455 0.6738 
3.1501 0.0101 2.1648 0.6679 0.6845 
3.2001 0.0001 2.1619 0.6437 0.8901 
3.2001 0.0201 2.1645 0.7241 0.8715 
3.1801 0.0201 2.1645 0.7193 0.7949 
3.1801 0.0001 2.1644 0.6310 0.8085 
3.1801 0.0201 2.1645 0.7193 0.7949 
3.1501 0.0101 2.1648 0.6679 0.6845 
3.2001 0.0001 2.1619 0.6437 0.8901 
3.1801 0.0201 2.1645 0.7193 0.7949 
3.1801 0.0001 2.1644 0.6310 0.8085 
3.1701 -0.0099 2.1687 0.5693 0.7721 
3.1501 0.0101 2.1648 0.6679 0.6845 
3.1601 0.0001 2.1607 0.6379 0.7317 
3.1801 0.0001 2.1644 0.6310 0.8085 
3.1501 0.0101 2.1648 0.6679 0.6845 
3.1701 -0.0099 2.1687 0.5693 0.7721 
3.1401 0.0401 2.1683 0.7818 0.6320 
3.1401 0.0201 2.1690 0.6961 0.6397 
3.1501 0.0301 2.1675 0.7455 0.6738 
3.1401 0.0401 2.1683 0.7818 0.6320 
3.1301 0.0301 2.1679 0.7399 0.5985 
3.1401 0.0201 2.1690 0.6961 0.6397 
3.1201 0.0301 2.1646 0.7485 0.5613 
3.1301 0.0201 2.1765 0.6708 0.5997 
3.1301 0.0301 2.1679 0.7399 0.5985 
3.1201 0.0301 2.1646 0.7485 0.5613 
3.1101 0.0201 2.1674 0.6946 0.5255 
3.1301 0.0201 2.1765 0.6708 0.5997 
3.1101 0.0201 2.1674 0.6946 0.5255 
3.1101 0.0301 2.1779 0.7039 0.5226 
3.0901 0.0201 2.1680 0.6881 0.4489 
3.1301 0.0201 2.1765 0.6708 0.5997 
3.1201 0.0101 2.1783 0.6200 0.5649 
3.1401 0.0201 2.1690 0.6961 0.6397 
3.1101 0.0201 2.1674 0.6946 0.5255 
3.1201 0.0101 2.1783 0.6200 0.5649 
3.1301 0.0201 2.1765 0.6708 0.5997 
3.0901 0.0101 2.1789 0.6113 0.4516 
3.1201 0.0101 2.1783 0.6200 0.5649 
3.0901 0.0201 2.1680 0.6881 0.4489 
3.0901 0.0201 2.1680 0.6881 0.4489 
3.1201 0.0101 2.1783 0.6200 0.5649 
3.1101 0.0201 2.1674 0.6946 0.5255 
3.1501 0.0101 2.1648 0.6679 0.6845 
3.1401 0.0001 2.1697 0.6055 0.6478 
3.1501 0.0001 2.1777 0.5844 0.6830 
3.1401 0.0201 2.1690 0.6961 0.6397 
3.1201 0.0101 2.1783 0.6200 0.5649 
3.1201 0.0001 2.1659 0.6122 0.5701 
3.1201 0.0001 2.1659 0.6122 0.5701 
3.1201 0.0101 2.1783 0.6200 0.5649 
3.1001 0.0001 2.1650 0.6101 0.4907 
3.1201 0.0101 2.1783 0.6200 0.5649 
3.0901 0.0101 2.1789 0.6113 0.4516 
3.1001 0.0001 2.1650 0.6101 0.4907 
3.1501 0.0301 2.1675 0.7455 0.6738 
3.1401 0.0601 2.1702 0.8541 0.6240 
3.1401 0.0401 2.1683 0.7818 0.6320 
3.1401 0.0701 2.1663 0.9052 0.6216 
3.1401 0.0601 2.1702 0.8541 0.6240 
3.1501 0.0301 2.1675 0.7455 0.6738 
3.1401 0.0601 2.1702 0.8541 0.6240 
3.1301 0.0401 2.1643 0.7931 0.5960 
3.1401 0.0401 2.1683 0.7818 0.6320 
3.1301 0.0301 2.1679 0.7399 0.5985 
3.1101 0.0601 2.1721 0.8418 0.5165 
3.1101 0.0401 2.1652 0.7858 0.5211 
3.1301 0.0401 2.1643 0.7931 0.5960 
3.1101 0.0601 2.1721 0.8418 0.5165 
3.1301 0.0301 2.1679 0.7399 0.5985 
3.1101 0.0601 2.1721 0.8418 0.5165 
3.0701 0.0701 2.1701 0.8786 0.3731 
3.1101 0.0401 2.1652 0.7858 0.5211 
3.1301 0.0301 2.1679 0.7399 0.5985 
3.1401 0.0401 2.1683 0.7818 0.6320 
3.1301 0.0401 2.1643 0.7931 0.5960 
3.1101 0.0401 2.1652 0.7858 0.5211 
3.1201 0.0301 2.1646 0.7485 0.5613 
3.1301 0.0301 2.1679 0.7399 0.5985 
3.1101 0.0301 2.1779 0.7039 0.5226 
3.1201 0.0301 2.1646 0.7485 0.5613 
3.1101 0.0401 2.1652 0.7858 0.5211 
3.1501 0.0301 2.1675 0.7455 0.6738 
3.1401 0.0201 2.1690 0.6961 0.6397 
3.1501 0.0101 2.1648 0.6679 0.6845 
3.1301 0.0301 2.1679 0.7399 0.5985 
3.1301 0.0201 2.1765 0.6708 0.5997 
3.1401 0.0201 2.1690 0.6961 0.6397 
3.1101 0.0301 2.1779 0.7039 0.5226 
3.1101 0.0201 2.1674 0.6946 0.5255 
3.1201 0.0301 2.1646 0.7485 0.5613 
3.1401 0.0001 2.1697 0.6055 0.6478 
3.1401 0.0201 2.1690 0.6961 0.6397 
3.1201 0.0001 2.1659 0.6122 0.5701 
3.1501 0.0101 2.1648 0.6679 0.6845 
3.1401 0.0201 2.1690 0.6961 0.6397 
3.1401 0.0001 2.1697 0.6055 0.6478 
3.0801 0.0901 2.1743 0.9388 0.4084 
3.0501 0.0901 2.1728 0.9386 0.3056 
3.0601 0.0801 2.1701 0.9136 0.3382 
3.1001 0.0801 2.1696 0.9229 0.4777 
3.0801 0.0901 2.1743 0.9388 0.4084 
3.0787 0.0801 2.1701 0.9172 0.4031 
3.0787 0.0801 2.1701 0.9172 0.4031 
3.0801 0.0901 2.1743 0.9388 0.4084 
3.0701 0.0701 2.1701 0.8786 0.3731 
3.0801 0.0901 2.1743 0.9388 0.4084 
3.0601 0.0801 2.1701 0.9136 0.3382 
3.0701 0.0701 2.1701 0.8786 0.3731 
3.0601 0.0801 2.1701 0.9136 0.3382 
3.0601 0.0801 2.1701 0.9136 0.3382 
3.0501 0.0901 2.1728 0.9386 0.3056 
3.1001 0.0801 2.1696 0.9229 0.4777 
3.0787 0.0801 2.1701 0.9172 0.4031 
3.1101 0.0601 2.1721 0.8418 0.5165 
3.0787 0.0801 2.1701 0.9172 0.4031 
3.0701 0.0701 2.1701 0.8786 0.3731 
3.0701 0.0701 2.1701 0.8786 0.3731 
3.0701 0.0701 2.1701 0.8786 0.3731 
3.0701 0.0701 2.1701 0.8786 0.3731 
3.0601 0.0801 2.1701 0.9136 0.3382 
3.0701 0.0701 2.1701 0.8786 0.3731 
3.0601 0.0801 2.1701 0.9136 0.3382 
3.0601 0.0801 2.1701 0.9136 0.3382 
3.0601 0.0801 2.1701 0.9136 0.3382 
3.0601 0.0801 2.1701 0.9136 0.3382 
3.0601 0.0801 2.1701 0.9136 0.3382 
3.0701 0.0701 2.1701 0.8786 0.3731 
3.1101 0.0601 2.1721 0.8418 0.5165 
3.0787 0.0801 2.1701 0.9172 0.4031 
3.0701 0.0701 2.1701 0.8786 0.3731 
3.0701 0.0601 2.1726 0.8321 0.3739 
3.0701 0.0701 2.1701 0.8786 0.3731 
3.0601 0.0601 2.1701 0.8386 0.3372 
3.0701 0.0601 2.1726 0.8321 0.3739 
3.0701 0.0701 2.1701 0.8786 0.3731 
3.0601 0.0601 2.1701 0.8386 0.3372 
3.0601 0.0601 2.1701 0.8386 0.3372 
3.0701 0.0701 2.1701 0.8786 0.3731 
3.0601 0.0601 2.1701 0.8386 0.3372 
3.0701 0.0701 2.1701 0.8786 0.3731 
3.0701 0.0701 2.1701 0.8786 0.3731 
3.0601 0.0601 2.1701 0.8386 0.3372 
3.0601 0.0601 2.1701 0.8386 0.3372 
3.0601 0.0601 2.1701 0.8386 0.3372 
3.0701 0.0601 2.1726 0.8321 0.3739 
3.0601 0.0601 2.1701 0.8386 0.3372 
3.0601 0.0501 2.1780 0.7738 0.3399 
3.0701 0.0601 2.1726 0.8321 0.3739 
3.0601 0.0501 2.1780 0.7738 0.3399 
3.0701 0.0501 2.1698 0.8026 0.3729 
3.0501 0.0581 2.1701 0.8287 0.3011 
3.0601 0.0501 2.1780 0.7738 0.3399 
3.0601 0.0601 2.1701 0.8386 0.3372 
3.0501 0.0581 2.1701 0.8287 0.3011 
3.0601 0.0601 2.1701 0.8386 0.3372 
3.0601 0.0601 2.1701 0.8386 0.3372 
3.0601 0.0801 2.1701 0.9136 0.3382 
3.0601 0.0701 2.1699 0.8772 0.3376 
3.0701 0.0701 2.1701 0.8786 0.3731 
3.0601 0.0801 2.1701 0.9136 0.3382 
3.0601 0.0801 2.1701 0.9136 0.3382 
3.0601 0.0701 2.1699 0.8772 0.3376 
3.0701 0.0701 2.1701 0.8786 0.3731 
3.0601 0.0701 2.1699 0.8772 0.3376 
3.0601 0.0601 2.1701 0.8386 0.3372 
3.0601 0.0601 2.1701 0.8386 0.3372 
3.0601 0.0701 2.1699 0.8772 0.3376 
3.0501 0.0581 2.1701 0.8287 0.3011 
3.0601 0.0601 2.1701 0.8386 0.3372 
3.0601 0.0601 2.1701 0.8386 0.3372 
3.0601 0.0701 2.1699 0.8772 0.3376 
3.0701 0.0701 2.1701 0.8786 0.3731 
3.0701 0.0501 2.1698 0.8026 0.3729 
3.0901 0.0401 2.1666 0.7771 0.4464 
3.0701 0.0701 2.1701 0.8786 0.3731 
3.0701 0.0601 2.1726 0.8321 0.3739 
3.0701 0.0501 2.1698 0.8026 0.3729 
3.0301 0.0901 2.1733 0.9330 0.2379 
3.0001 0.1101 2.1739 0.9949 0.1447 
3.0101 0.0901 2.1704 0.9393 0.1687 
3.0301 0.0901 2.1733 0.9330 0.2379 
3.0101 0.0901 2.1704 0.9393 0.1687 
3.0101 0.0701 2.1729 0.8575 0.1649 
3.0301 0.0901 2.1733 0.9330 0.2379 
3.0101 0.0701 2.1729 0.8575 0.1649 
3.0501 0.0581 2.1701 0.8287 0.3011 
3.0601 0.0701 2.1699 0.8772 0.3376 
3.0301 0.0901 2.1733 0.9330 0.2379 
3.0501 0.0581 2.1701 0.8287 0.3011 
3.0101 0.0701 2.1729 0.8575 0.1649 
3.0301 0.0501 2.1778 0.7684 0.2331 
3.0501 0.0581 2.1701 0.8287 0.3011 
3.0301 0.0501 2.1778 0.7684 0.2331 
3.0101 0.0701 2.1729 0.8575 0.1649 
3.0001 0.0601 2.1719 0.8207 0.1273 
3.0301 0.0501 2.1778 0.7684 0.2331 
3.0601 0.0501 2.1780 0.7738 0.3399 
3.0501 0.0581 2.1701 0.8287 0.3011 
3.0301 0.0501 2.1778 0.7684 0.2331 
3.0001 0.0601 2.1719 0.8207 0.1273 
3.0101 0.0501 2.1769 0.7672 0.1623 
3.0601 0.0801 2.1701 0.9136 0.3382 
3.0501 0.0901 2.1728 0.9386 0.3056 
3.0301 0.0901 2.1733 0.9330 0.2379 
3.0601 0.0801 2.1701 0.9136 0.3382 
3.0301 0.0901 2.1733 0.9330 0.2379 
3.0601 0.0701 2.1699 0.8772 0.3376 
3.0901 0.0301 2.1786 0.6976 0.4492 
3.1101 0.0301 2.1779 0.7039 0.5226 
3.0901 0.0401 2.1666 0.7771 0.4464 
3.0901 0.0401 2.1666 0.7771 0.4464 
3.1101 0.0301 2.1779 0.7039 0.5226 
3.1101 0.0401 2.1652 0.7858 0.5211 
3.0901 0.0401 2.1666 0.7771 0.4464 
3.0801 0.0301 2.1663 0.7343 0.4096 
3.0901 0.0301 2.1786 0.6976 0.4492 
3.0601 0.0501 2.1780 0.7738 0.3399 
3.0601 0.0301 2.1704 0.7167 0.3356 
3.0701 0.0501 2.1698 0.8026 0.3729 
3.0601 0.0301 2.1704 0.7167 0.3356 
3.0601 0.0501 2.1780 0.7738 0.3399 
3.0501 0.0401 2.1782 0.7312 0.3033 
3.0601 0.0301 2.1704 0.7167 0.3356 
3.0501 0.0401 2.1782 0.7312 0.3033 
3.0501 0.0301 2.1686 0.7201 0.2972 
3.1101 0.0301 2.1779 0.7039 0.5226 
3.0901 0.0301 2.1786 0.6976 0.4492 
3.0901 0.0201 2.1680 0.6881 0.4489 
3.0801 0.0201 2.1701 0.6793 0.4111 
3.0801 0.0201 2.1701 0.6793 0.4111 
3.0801 0.0201 2.1701 0.6793 0.4111 
3.0901 0.0201 2.1680 0.6881 0.4489 
3.0901 0.0301 2.1786 0.6976 0.4492 
3.0801 0.0301 2.1663 0.7343 0.4096 
3.0801 0.0201 2.1701 0.6793 0.4111 
3.0801 0.0201 2.1701 0.6793 0.4111 
3.0801 0.0201 2.1701 0.6793 0.4111 
3.0801 0.0201 2.1701 0.6793 0.4111 
3.0801 0.0201 2.1701 0.6793 0.4111 
3.0901 0.0101 2.1789 0.6113 0.4516 
3.0801 0.0201 2.1701 0.6793 0.4111 
3.0901 0.0101 2.1789 0.6113 0.4516 
3.0901 0.0201 2.1680 0.6881 0.4489 
3.0701 0.0118 2.1701 0.6404 0.3730 
3.0901 0.0101 2.1789 0.6113 0.4516 
3.0801 0.0201 2.1701 0.6793 0.4111 
3.0701 0.0118 2.1701 0.6404 0.3730 
3.0801 0.0201 2.1701 0.6793 0.4111 
3.0801 0.0201 2.1701 0.6793 0.4111 
3.0601 0.0101 2.1676 0.6383 0.3331 
3.0501 0.0301 2.1686 0.7201 0.2972 
3.0401 0.0101 2.1704 0.6252 0.2573 
3.1001 0.0001 2.1650 0.6101 0.4907 
3.0901 0.0101 2.1789 0.6113 0.4516 
3.0801 -0.0099 2.1669 0.5527 0.4121 
3.0901 0.0101 2.1789 0.6113 0.4516 
3.0701 0.0118 2.1701 0.6404 0.3730 
3.0801 -0.0099 2.1669 0.5527 0.4121 
3.1101 0.0401 2.1652 0.7858 0.5211 
3.0701 0.0701 2.1701 0.8786 0.3731 
3.0901 0.0401 2.1666 0.7771 0.4464 
3.0801 0.0301 2.1663 0.7343 0.4096 
3.0901 0.0401 2.1666 0.7771 0.4464 
3.0701 0.0501 2.1698 0.8026 0.3729 
3.0601 0.0301 2.1704 0.7167 0.3356 
3.0801 0.0301 2.1663 0.7343 0.4096 
3.0701 0.0501 2.1698 0.8026 0.3729 
3.0801 0.0201 2.1701 0.6793 0.4111 
3.0901 0.0201 2.1680 0.6881 0.4489 
3.0801 0.0301 2.1663 0.7343 0.4096 
3.0801 0.0201 2.1701 0.6793 0.4111 
3.0801 0.0201 2.1701 0.6793 0.4111 
3.0901 0.0201 2.1680 0.6881 0.4489 
3.0801 0.0201 2.1701 0.6793 0.4111 
3.0801 0.0201 2.1701 0.6793 0.4111 
3.0801 0.0301 2.1663 0.7343 0.4096 
3.0801 0.0201 2.1701 0.6793 0.4111 
3.0801 0.0301 2.1663 0.7343 0.4096 
3.0701 0.0118 2.1701 0.6404 0.3730 
3.0601 0.0301 2.1704 0.7167 0.3356 
3.0601 0.0101 2.1676 0.6383 0.3331 
3.0801 0.0301 2.1663 0.7343 0.4096 
3.0601 0.0101 2.1676 0.6383 0.3331 
3.0701 0.0118 2.1701 0.6404 0.3730 
3.0801 0.0301 2.1663 0.7343 0.4096 
3.0601 0.0301 2.1704 0.7167 0.3356 
3.0501 0.0301 2.1686 0.7201 0.2972 
3.0601 0.0101 2.1676 0.6383 0.3331 
3.0701 0.0118 2.1701 0.6404 0.3730 
3.0601 0.0101 2.1676 0.6383 0.3331 
3.0801 -0.0099 2.1669 0.5527 0.4121 
3.0401 0.0101 2.1704 0.6252 0.2573 
3.0501 0.0001 2.1657 0.5962 0.2919 
3.0601 0.0101 2.1676 0.6383 0.3331 
3.0501 0.0401 2.1782 0.7312 0.3033 
3.0601 0.0501 2.1780 0.7738 0.3399 
3.0301 0.0501 2.1778 0.7684 0.2331 
3.0501 0.0401 2.1782 0.7312 0.3033 
3.0301 0.0501 2.1778 0.7684 0.2331 
3.0401 0.0401 2.1682 0.7609 0.2612 
3.0401 0.0401 2.1682 0.7609 0.2612 
3.0301 0.0501 2.1778 0.7684 0.2331 
3.0201 0.0401 2.1730 0.7412 0.1916 
3.0201 0.0401 2.1730 0.7412 0.1916 
3.0301 0.0501 2.1778 0.7684 0.2331 
3.0101 0.0501 2.1769 0.7672 0.1623 
3.0201 0.0401 2.1730 0.7412 0.1916 
3.0101 0.0501 2.1769 0.7672 0.1623 
3.0001 0.0401 2.1716 0.7416 0.1202 
3.0101 0.0501 2.1769 0.7672 0.1623 
3.0001 0.0601 2.1719 0.8207 0.1273 
3.0001 0.0401 2.1716 0.7416 0.1202 
3.0401 0.0401 2.1682 0.7609 0.2612 
3.0301 0.0301 2.1692 0.7137 0.2229 
3.0501 0.0301 2.1686 0.7201 0.2972 
3.0001 0.0401 2.1716 0.7416 0.1202 
3.0101 0.0301 2.1767 0.6861 0.1561 
3.0201 0.0401 2.1730 0.7412 0.1916 
3.0301 0.0301 2.1692 0.7137 0.2229 
3.0201 0.0201 2.1701 0.6657 0.1838 
3.0301 0.0201 2.1713 0.6642 0.2221 
3.0201 0.0401 2.1730 0.7412 0.1916 
3.0101 0.0301 2.1767 0.6861 0.1561 
3.0101 0.0201 2.1710 0.6607 0.1478 
3.0201 0.0201 2.1701 0.6657 0.1838 
3.0201 0.0401 2.1730 0.7412 0.1916 
3.0101 0.0201 2.1710 0.6607 0.1478 
3.0201 0.0201 2.1701 0.6657 0.1838 
3.0101 0.0201 2.1710 0.6607 0.1478 
3.0201 0.0201 2.1701 0.6657 0.1838 
3.0101 0.0201 2.1710 0.6607 0.1478 
3.0101 0.0301 2.1767 0.6861 0.1561 
2.9901 0.0201 2.1724 0.6519 0.0814 
3.0201 0.0101 2.1712 0.6179 0.1818 
3.0401 0.0101 2.1704 0.6252 0.2573 
3.0301 0.0201 2.1713 0.6642 0.2221 
3.0201 0.0201 2.1701 0.6657 0.1838 
3.0201 0.0101 2.1712 0.6179 0.1818 
3.0301 0.0201 2.1713 0.6642 0.2221 
3.0201 0.0201 2.1701 0.6657 0.1838 
3.0301 0.0201 2.1713 0.6642 0.2221 
3.0201 0.0201 2.1701 0.6657 0.1838 
3.0101 0.0201 2.1710 0.6607 0.1478 
3.0101 0.0001 2.1730 0.5648 0.1428 
3.0201 0.0101 2.1712 0.6179 0.1818 
3.0201 0.0201 2.1701 0.6657 0.1838 
3.0101 0.0201 2.1710 0.6607 0.1478 
3.0201 0.0101 2.1712 0.6179 0.1818 
3.0201 0.0201 2.1701 0.6657 0.1838 
3.0201 0.0101 2.1712 0.6179 0.1818 
3.0201 0.0201 2.1701 0.6657 0.1838 
3.0101 0.0001 2.1730 0.5648 0.1428 
2.9901 0.0201 2.1724 0.6519 0.0814 
3.0001 0.0101 2.1784 0.5923 0.1157 
3.0101 0.0201 2.1710 0.6607 0.1478 
2.9901 0.0201 2.1724 0.6519 0.0814 
3.0101 0.0001 2.1730 0.5648 0.1428 
3.0401 0.0101 2.1704 0.6252 0.2573 
3.0201 0.0101 2.1712 0.6179 0.1818 
3.0101 -0.0099 2.1711 0.5232 0.1375 
3.0401 0.0101 2.1704 0.6252 0.2573 
3.0101 -0.0099 2.1711 0.5232 0.1375 
3.0301 0.0001 2.1695 0.5798 0.2159 
3.0201 0.0101 2.1712 0.6179 0.1818 
3.0101 0.0001 2.1730 0.5648 0.1428 
3.0101 -0.0099 2.1711 0.5232 0.1375 
3.0501 0.0401 2.1782 0.7312 0.3033 
3.0401 0.0401 2.1682 0.7609 0.2612 
3.0501 0.0301 2.1686 0.7201 0.2972 
3.0201 0.0401 2.1730 0.7412 0.1916 
3.0301 0.0301 2.1692 0.7137 0.2229 
3.0401 0.0401 2.1682 0.7609 0.2612 
3.0301 0.0301 2.1692 0.7137 0.2229 
3.0301 0.0201 2.1713 0.6642 0.2221 
3.0501 0.0301 2.1686 0.7201 0.2972 
3.0201 0.0201 2.1701 0.6657 0.1838 
3.0201 0.0201 2.1701 0.6657 0.1838 
3.0301 0.0301 2.1692 0.7137 0.2229 
3.0201 0.0401 2.1730 0.7412 0.1916 
3.0201 0.0201 2.1701 0.6657 0.1838 
3.0301 0.0301 2.1692 0.7137 0.2229 
3.0201 0.0201 2.1701 0.6657 0.1838 
3.0301 0.0301 2.1692 0.7137 0.2229 
3.0201 0.0201 2.1701 0.6657 0.1838 
3.0201 0.0201 2.1701 0.6657 0.1838 
3.0201 0.0201 2.1701 0.6657 0.1838 
3.0201 0.0201 2.1701 0.6657 0.1838 
3.0501 0.0301 2.1686 0.7201 0.2972 
3.0301 0.0201 2.1713 0.6642 0.2221 
3.0401 0.0101 2.1704 0.6252 0.2573 
3.0201 0.0201 2.1701 0.6657 0.1838 
3.0201 0.0201 2.1701 0.6657 0.1838 
3.0201 0.0201 2.1701 0.6657 0.1838 
3.0201 0.0201 2.1701 0.6657 0.1838 
3.0201 0.0201 2.1701 0.6657 0.1838 
3.0201 0.0201 2.1701 0.6657 0.1838 
3.0301 0.0001 2.1695 0.5798 0.2159 
3.0501 0.0001 2.1657 0.5962 0.2919 
3.0401 0.0101 2.1704 0.6252 0.2573 
3.1501 -0.0299 2.1773 0.4447 0.6983 
3.1601 -0.0199 2.1752 0.5012 0.7339 
3.1501 -0.0099 2.1679 0.5668 0.6929 
3.1701 -0.0199 2.1620 0.5413 0.7839 
3.1601 -0.0199 2.1752 0.5012 0.7339 
3.1601 -0.0299 2.1679 0.4723 0.7448 
3.1601 -0.0299 2.1679 0.4723 0.7448 
3.1601 -0.0199 2.1752 0.5012 0.7339 
3.1501 -0.0299 2.1773 0.4447 0.6983 
3.1501 -0.0399 2.1636 0.4306 0.7118 
3.1501 -0.0499 2.1650 0.3741 0.7168 
3.1701 -0.0499 2.1770 0.3498 0.7923 
3.2001 0.0001 2.1619 0.6437 0.8901 
3.1801 0.0001 2.1644 0.6310 0.8085 
3.1901 -0.0099 2.1683 0.5754 0.8518 
3.1801 0.0001 2.1644 0.6310 0.8085 
3.1701 -0.0099 2.1687 0.5693 0.7721 
3.1901 -0.0099 2.1683 0.5754 0.8518 
3.1701 -0.0099 2.1687 0.5693 0.7721 
3.1601 0.0001 2.1607 0.6379 0.7317 
3.1701 -0.0199 2.1620 0.5413 0.7839 
3.1601 0.0001 2.1607 0.6379 0.7317 
3.1501 -0.0099 2.1679 0.5668 0.6929 
3.1701 -0.0199 2.1620 0.5413 0.7839 
3.1601 0.0001 2.1607 0.6379 0.7317 
3.1501 0.0001 2.1777 0.5844 0.6830 
3.1501 -0.0099 2.1679 0.5668 0.6929 
3.2001 0.0001 2.1619 0.6437 0.8901 
3.1901 -0.0099 2.1683 0.5754 0.8518 
3.2001 -0.0199 2.1646 0.5414 0.9042 
3.2001 -0.0199 2.1646 0.5414 0.9042 
3.1901 -0.0099 2.1683 0.5754 0.8518 
3.1701 -0.0199 2.1620 0.5413 0.7839 
3.1901 -0.0099 2.1683 0.5754 0.8518 
3.1701 -0.0099 2.1687 0.5693 0.7721 
3.1701 -0.0199 2.1620 0.5413 0.7839 
3.1601 -0.0199 2.1752 0.5012 0.7339 
3.1701 -0.0199 2.1620 0.5413 0.7839 
3.1501 -0.0099 2.1679 0.5668 0.6929 
3.2001 -0.0199 2.1646 0.5414 0.9042 
3.1701 -0.0199 2.1620 0.5413 0.7839 
3.1901 -0.0399 2.1592 0.4536 0.8862 
3.1901 -0.0399 2.1592 0.4536 0.8862 
3.1701 -0.0199 2.1620 0.5413 0.7839 
3.1601 -0.0299 2.1679 0.4723 0.7448 
3.1901 -0.0399 2.1592 0.4536 0.8862 
3.1601 -0.0299 2.1679 0.4723 0.7448 
3.1801 -0.0409 2.1601 0.4429 0.8433 
3.1801 -0.0409 2.1601 0.4429 0.8433 
3.1601 -0.0299 2.1679 0.4723 0.7448 
3.1501 -0.0399 2.1636 0.4306 0.7118 
3.1501 -0.0299 2.1773 0.4447 0.6983 
3.1501 -0.0399 2.1636 0.4306 0.7118 
3.1601 -0.0299 2.1679 0.4723 0.7448 
3.1801 -0.0409 2.1601 0.4429 0.8433 
3.1701 -0.0499 2.1770 0.3498 0.7923 
3.1801 -0.0560 2.1601 0.3620 0.8559 
3.1701 -0.0499 2.1770 0.3498 0.7923 
3.1801 -0.0409 2.1601 0.4429 0.8433 
3.1501 -0.0399 2.1636 0.4306 0.7118 
3.1801 -0.0409 2.1601 0.4429 0.8433 
3.1801 -0.0560 2.1601 0.3620 0.8559 
3.1901 -0.0399 2.1592 0.4536 0.8862 
3.1501 -0.0099 2.1679 0.5668 0.6929 
3.1401 -0.0199 2.1607 0.5376 0.6608 
3.1501 -0.0299 2.1773 0.4447 0.6983 
3.1401 -0.0199 2.1607 0.5376 0.6608 
3.1401 -0.0299 2.1665 0.4710 0.6629 
3.1501 -0.0299 2.1773 0.4447 0.6983 
3.1401 -0.0299 2.1665 0.4710 0.6629 
3.1501 -0.0399 2.1636 0.4306 0.7118 
3.1501 -0.0299 2.1773 0.4447 0.6983 
3.1501 -0.0099 2.1679 0.5668 0.6929 
3.1401 0.0001 2.1697 0.6055 0.6478 
3.1201 0.0001 2.1659 0.6122 0.5701 
3.1501 0.0001 2.1777 0.5844 0.6830 
3.1401 0.0001 2.1697 0.6055 0.6478 
3.1501 -0.0099 2.1679 0.5668 0.6929 
3.1201 -0.0199 2.1683 0.5104 0.5761 
3.1401 -0.0199 2.1607 0.5376 0.6608 
3.1201 0.0001 2.1659 0.6122 0.5701 
3.1201 -0.0199 2.1683 0.5104 0.5761 
3.1201 0.0001 2.1659 0.6122 0.5701 
3.1001 0.0001 2.1650 0.6101 0.4907 
3.1401 -0.0199 2.1607 0.5376 0.6608 
3.1501 -0.0099 2.1679 0.5668 0.6929 
3.1201 0.0001 2.1659 0.6122 0.5701 
3.1401 -0.0199 2.1607 0.5376 0.6608 
3.1201 -0.0199 2.1683 0.5104 0.5761 
3.1401 -0.0299 2.1665 0.4710 0.6629 
3.1201 -0.0199 2.1683 0.5104 0.5761 
3.1001 0.0001 2.1650 0.6101 0.4907 
3.1101 -0.0299 2.1698 0.4542 0.5379 
3.1101 -0.0299 2.1698 0.4542 0.5379 
3.1001 0.0001 2.1650 0.6101 0.4907 
3.0942 -0.0199 2.1701 0.4988 0.4709 
3.1101 -0.0299 2.1698 0.4542 0.5379 
3.0942 -0.0199 2.1701 0.4988 0.4709 
3.1001 -0.0299 2.1594 0.4807 0.4965 
3.1401 -0.0299 2.1665 0.4710 0.6629 
3.1201 -0.0199 2.1683 0.5104 0.5761 
3.1301 -0.0399 2.1605 0.4335 0.6278 
3.1301 -0.0399 2.1605 0.4335 0.6278 
3.1201 -0.0199 2.1683 0.5104 0.5761 
3.1101 -0.0299 2.1698 0.4542 0.5379 
3.0901 -0.0399 2.1662 0.4073 0.4563 
3.1201 -0.0499 2.1611 0.3757 0.5884 
3.1101 -0.0299 2.1698 0.4542 0.5379 
3.1001 -0.0299 2.1594 0.4807 0.4965 
3.0901 -0.0399 2.1662 0.4073 0.4563 
3.1101 -0.0299 2.1698 0.4542 0.5379 
3.1501 -0.0399 2.1636 0.4306 0.7118 
3.1401 -0.0299 2.1665 0.4710 0.6629 
3.1501 -0.0499 2.1650 0.3741 0.7168 
3.1401 -0.0299 2.1665 0.4710 0.6629 
3.1301 -0.0399 2.1605 0.4335 0.6278 
3.1501 -0.0499 2.1650 0.3741 0.7168 
3.1301 -0.0399 2.1605 0.4335 0.6278 
3.1101 -0.0299 2.1698 0.4542 0.5379 
3.1201 -0.0499 2.1611 0.3757 0.5884 
3.1201 -0.0499 2.1611 0.3757 0.5884 
3.0901 -0.0399 2.1662 0.4073 0.4563 
3.1001 -0.0499 2.1617 0.3685 0.5008 
3.1501 -0.0599 2.1590 0.3346 0.7269 
3.1801 -0.0560 2.1601 0.3620 0.8559 
3.1701 -0.0499 2.1770 0.3498 0.7923 
3.1501 -0.0599 2.1590 0.3346 0.7269 
3.1701 -0.0499 2.1770 0.3498 0.7923 
3.1501 -0.0499 2.1650 0.3741 0.7168 
3.1901 -0.0399 2.1592 0.4536 0.8862 
3.1801 -0.0699 2.1626 0.2785 0.8652 
3.2001 -0.0799 2.1627 0.2271 0.9649 
3.2001 -0.0599 2.1573 0.3534 0.9514 
3.1901 -0.0399 2.1592 0.4536 0.8862 
3.2001 -0.0799 2.1627 0.2271 0.9649 
3.1901 -0.0399 2.1592 0.4536 0.8862 
3.1801 -0.0560 2.1601 0.3620 0.8559 
3.1801 -0.0699 2.1626 0.2785 0.8652 
3.1801 -0.0560 2.1601 0.3620 0.8559 
3.1501 -0.0599 2.1590 0.3346 0.7269 
3.1801 -0.0699 2.1626 0.2785 0.8652 
3.1501 -0.0699 2.1672 0.2592 0.7276 
3.1801 -0.0699 2.1626 0.2785 0.8652 
3.1501 -0.0599 2.1590 0.3346 0.7269 
3.1701 -0.0899 2.1590 0.1683 0.8412 
3.1801 -0.0699 2.1626 0.2785 0.8652 
3.1501 -0.0699 2.1672 0.2592 0.7276 
3.1501 -0.0799 2.1583 0.2217 0.7407 
3.1701 -0.0899 2.1590 0.1683 0.8412 
3.1501 -0.0699 2.1672 0.2592 0.7276 
3.1501 -0.0899 2.1596 0.1611 0.7466 
3.1501 -0.0999 2.1797 0.0843 0.7380 
3.1701 -0.0899 2.1590 0.1683 0.8412 
3.1801 -0.0699 2.1626 0.2785 0.8652 
3.1701 -0.0899 2.1590 0.1683 0.8412 
3.1901 -0.0899 2.1574 0.1774 0.9373 
3.1701 -0.0899 2.1590 0.1683 0.8412 
3.1501 -0.0799 2.1583 0.2217 0.7407 
3.1501 -0.0899 2.1596 0.1611 0.7466 
3.0901 -0.0899 2.1810 0.1101 0.4657 
3.1101 -0.0899 2.1618 0.1455 0.5575 
3.1001 -0.0799 2.1621 0.1988 0.5079 
3.0901 -0.0899 2.1810 0.1101 0.4657 
3.1001 -0.0999 2.1612 0.0936 0.5131 
3.1101 -0.0899 2.1618 0.1455 0.5575 
3.1501 -0.0499 2.1650 0.3741 0.7168 
3.1301 -0.0399 2.1605 0.4335 0.6278 
3.1201 -0.0499 2.1611 0.3757 0.5884 
3.1201 -0.0599 2.1671 0.3061 0.5906 
3.1001 -0.0499 2.1617 0.3685 0.5008 
3.1101 -0.0699 2.1676 0.2466 0.5499 
3.1201 -0.0499 2.1611 0.3757 0.5884 
3.1001 -0.0499 2.1617 0.3685 0.5008 
3.1201 -0.0599 2.1671 0.3061 0.5906 
3.1501 -0.0599 2.1590 0.3346 0.7269 
3.1501 -0.0499 2.1650 0.3741 0.7168 
3.1501 -0.0699 2.1672 0.2592 0.7276 
3.1501 -0.0699 2.1672 0.2592 0.7276 
3.1201 -0.0499 2.1611 0.3757 0.5884 
3.1201 -0.0599 2.1671 0.3061 0.5906 
3.1501 -0.0499 2.1650 0.3741 0.7168 
3.1201 -0.0499 2.1611 0.3757 0.5884 
3.1501 -0.0699 2.1672 0.2592 0.7276 
3.1201 -0.0599 2.1671 0.3061 0.5906 
3.1101 -0.0699 2.1676 0.2466 0.5499 
3.1201 -0.0799 2.1626 0.2035 0.5999 
3.1501 -0.0799 2.1583 0.2217 0.7407 
3.1201 -0.0599 2.1671 0.3061 0.5906 
3.1401 -0.0899 2.1672 0.1445 0.6947 
3.1501 -0.0699 2.1672 0.2592 0.7276 
3.1201 -0.0599 2.1671 0.3061 0.5906 
3.1501 -0.0799 2.1583 0.2217 0.7407 
3.1201 -0.0599 2.1671 0.3061 0.5906 
3.1201 -0.0799 2.1626 0.2035 0.5999 
3.1401 -0.0899 2.1672 0.1445 0.6947 
3.1201 -0.0799 2.1626 0.2035 0.5999 
3.1101 -0.0699 2.1676 0.2466 0.5499 
3.1001 -0.0799 2.1621 0.1988 0.5079 
3.1101 -0.0699 2.1676 0.2466 0.5499 
3.1001 -0.0699 2.1616 0.2572 0.5055 
3.1001 -0.0799 2.1621 0.1988 0.5079 
3.1501 -0.0799 2.1583 0.2217 0.7407 
3.1401 -0.0899 2.1672 0.1445 0.6947 
3.1501 -0.0899 2.1596 0.1611 0.7466 
3.1401 -0.0999 2.1594 0.1053 0.7060 
3.1501 -0.0899 2.1596 0.1611 0.7466 
3.1401 -0.0899 2.1672 0.1445 0.6947 
3.1501 -0.0899 2.1596 0.1611 0.7466 
3.1401 -0.0999 2.1594 0.1053 0.7060 
3.1501 -0.0999 2.1797 0.0843 0.7380 
3.1401 -0.0899 2.1672 0.1445 0.6947 
3.1201 -0.0799 2.1626 0.2035 0.5999 
3.1401 -0.0999 2.1594 0.1053 0.7060 
3.1401 -0.0999 2.1594 0.1053 0.7060 
3.1101 -0.0899 2.1618 0.1455 0.5575 
3.1001 -0.0999 2.1612 0.0936 0.5131 
3.1201 -0.0799 2.1626 0.2035 0.5999 
3.1101 -0.0899 2.1618 0.1455 0.5575 
3.1401 -0.0999 2.1594 0.1053 0.7060 
3.1201 -0.0799 2.1626 0.2035 0.5999 
3.1001 -0.0799 2.1621 0.1988 0.5079 
3.1101 -0.0899 2.1618 0.1455 0.5575 
3.0401 -0.0099 2.1779 0.5116 0.2587 
3.0701 -0.0099 2.1779 0.5190 0.3757 
3.0601 0.0101 2.1676 0.6383 0.3331 
3.0501 0.0001 2.1657 0.5962 0.2919 
3.0401 -0.0099 2.1779 0.5116 0.2587 
3.0601 0.0101 2.1676 0.6383 0.3331 
3.0901 -0.0299 2.1792 0.4243 0.4566 
3.0942 -0.0199 2.1701 0.4988 0.4709 
3.0801 -0.0099 2.1669 0.5527 0.4121 
3.0701 -0.0099 2.1779 0.5190 0.3757 
3.0701 -0.0299 2.1796 0.4183 0.3763 
3.0901 -0.0299 2.1792 0.4243 0.4566 
3.0701 -0.0099 2.1779 0.5190 0.3757 
3.0901 -0.0299 2.1792 0.4243 0.4566 
3.0801 -0.0099 2.1669 0.5527 0.4121 
3.0701 -0.0299 2.1796 0.4183 0.3763 
3.0401 -0.0099 2.1779 0.5116 0.2587 
3.0301 -0.0199 2.1779 0.4614 0.2175 
3.0701 -0.0099 2.1779 0.5190 0.3757 
3.0401 -0.0099 2.1779 0.5116 0.2587 
3.0701 -0.0299 2.1796 0.4183 0.3763 
3.0701 -0.0299 2.1796 0.4183 0.3763 
3.0301 -0.0199 2.1779 0.4614 0.2175 
3.0601 -0.0299 2.1727 0.4334 0.3329 
3.0901 -0.0299 2.1792 0.4243 0.4566 
3.0701 -0.0299 2.1796 0.4183 0.3763 
3.0901 -0.0399 2.1662 0.4073 0.4563 
3.0701 -0.0299 2.1796 0.4183 0.3763 
3.0601 -0.0299 2.1727 0.4334 0.3329 
3.0901 -0.0399 2.1662 0.4073 0.4563 
3.0901 -0.0399 2.1662 0.4073 0.4563 
3.0601 -0.0299 2.1727 0.4334 0.3329 
3.0501 -0.0399 2.1695 0.3879 0.2887 
3.0501 -0.0499 2.1805 0.3092 0.2940 
3.0601 -0.0499 2.1691 0.3387 0.3297 
3.0501 -0.0399 2.1695 0.3879 0.2887 
3.0701 -0.0099 2.1779 0.5190 0.3757 
3.0801 -0.0099 2.1669 0.5527 0.4121 
3.0601 0.0101 2.1676 0.6383 0.3331 
3.0801 -0.0099 2.1669 0.5527 0.4121 
3.0942 -0.0199 2.1701 0.4988 0.4709 
3.1001 0.0001 2.1650 0.6101 0.4907 
3.1001 -0.0299 2.1594 0.4807 0.4965 
3.0942 -0.0199 2.1701 0.4988 0.4709 
3.0901 -0.0299 2.1792 0.4243 0.4566 
3.1001 -0.0299 2.1594 0.4807 0.4965 
3.0901 -0.0299 2.1792 0.4243 0.4566 
3.0901 -0.0399 2.1662 0.4073 0.4563 
3.1001 -0.0499 2.1617 0.3685 0.5008 
3.0901 -0.0399 2.1662 0.4073 0.4563 
3.0901 -0.0499 2.1680 0.3497 0.4579 
3.0901 -0.0499 2.1680 0.3497 0.4579 
3.0901 -0.0399 2.1662 0.4073 0.4563 
3.0601 -0.0499 2.1691 0.3387 0.3297 
3.0901 -0.0399 2.1662 0.4073 0.4563 
3.0501 -0.0399 2.1695 0.3879 0.2887 
3.0601 -0.0499 2.1691 0.3387 0.3297 
3.0301 0.0001 2.1695 0.5798 0.2159 
3.0401 -0.0099 2.1779 0.5116 0.2587 
3.0501 0.0001 2.1657 0.5962 0.2919 
3.0101 -0.0099 2.1711 0.5232 0.1375 
3.0101 0.0001 2.1730 0.5648 0.1428 
3.0001 -0.0099 2.1776 0.5028 0.1075 
3.0401 -0.0099 2.1779 0.5116 0.2587 
3.0301 0.0001 2.1695 0.5798 0.2159 
3.0301 -0.0199 2.1779 0.4614 0.2175 
3.0301 0.0001 2.1695 0.5798 0.2159 
3.0201 -0.0199 2.1695 0.4816 0.1710 
3.0301 -0.0199 2.1779 0.4614 0.2175 
3.0201 -0.0199 2.1695 0.4816 0.1710 
3.0101 -0.0099 2.1711 0.5232 0.1375 
3.0001 -0.0099 2.1776 0.5028 0.1075 
3.0201 -0.0199 2.1695 0.4816 0.1710 
3.0001 -0.0099 2.1776 0.5028 0.1075 
2.9801 -0.0199 2.1737 0.4600 0.0528 
3.0601 -0.0299 2.1727 0.4334 0.3329 
3.0301 -0.0199 2.1779 0.4614 0.2175 
3.0301 -0.0299 2.1667 0.4415 0.2058 
3.0301 -0.0299 2.1667 0.4415 0.2058 
3.0201 -0.0199 2.1695 0.4816 0.1710 
3.0201 -0.0299 2.1780 0.4094 0.1755 
3.0001 -0.0299 2.1788 0.4022 0.1009 
3.0201 -0.0299 2.1780 0.4094 0.1755 
3.0201 -0.0199 2.1695 0.4816 0.1710 
2.9801 -0.0199 2.1737 0.4600 0.0528 
3.0001 -0.0299 2.1788 0.4022 0.1009 
3.0201 -0.0199 2.1695 0.4816 0.1710 
3.0201 -0.0299 2.1780 0.4094 0.1755 
3.0101 -0.0399 2.1784 0.3551 0.1335 
3.0301 -0.0299 2.1667 0.4415 0.2058 
3.0001 -0.0299 2.1788 0.4022 0.1009 
3.0101 -0.0399 2.1784 0.3551 0.1335 
3.0201 -0.0299 2.1780 0.4094 0.1755 
3.0401 -0.0499 2.1654 0.3424 0.2415 
3.0501 -0.0499 2.1805 0.3092 0.2940 
3.0501 -0.0399 2.1695 0.3879 0.2887 
3.0301 -0.0299 2.1667 0.4415 0.2058 
3.0101 -0.0399 2.1784 0.3551 0.1335 
3.0101 -0.0599 2.1667 0.2756 0.1133 
3.0001 -0.0499 2.1685 0.3235 0.0823 
3.0101 -0.0599 2.1667 0.2756 0.1133 
3.0101 -0.0399 2.1784 0.3551 0.1335 
3.0201 -0.0199 2.1695 0.4816 0.1710 
3.0301 0.0001 2.1695 0.5798 0.2159 
3.0101 -0.0099 2.1711 0.5232 0.1375 
3.0301 -0.0199 2.1779 0.4614 0.2175 
3.0201 -0.0199 2.1695 0.4816 0.1710 
3.0301 -0.0299 2.1667 0.4415 0.2058 
3.0501 -0.0399 2.1695 0.3879 0.2887 
3.0601 -0.0299 2.1727 0.4334 0.3329 
3.0301 -0.0299 2.1667 0.4415 0.2058 
3.0301 -0.0299 2.1667 0.4415 0.2058 
3.0401 -0.0499 2.1654 0.3424 0.2415 
3.0501 -0.0399 2.1695 0.3879 0.2887 
3.0501 -0.0499 2.1805 0.3092 0.2940 
3.0501 -0.0599 2.1677 0.2847 0.2845 
3.0601 -0.0499 2.1691 0.3387 0.3297 
3.1001 -0.0799 2.1621 0.1988 0.5079 
3.0901 -0.0799 2.1650 0.1898 0.4622 
3.0901 -0.0899 2.1810 0.1101 0.4657 
3.0801 -0.0899 2.1624 0.1360 0.4165 
3.0901 -0.0899 2.1810 0.1101 0.4657 
3.0901 -0.0799 2.1650 0.1898 0.4622 
3.1001 -0.0999 2.1612 0.0936 0.5131 
3.0901 -0.0899 2.1810 0.1101 0.4657 
3.0901 -0.0999 2.1607 0.0921 0.4650 
3.0901 -0.0999 2.1607 0.0921 0.4650 
3.0901 -0.0899 2.1810 0.1101 0.4657 
3.0801 -0.0899 2.1624 0.1360 0.4165 
3.0801 -0.0899 2.1624 0.1360 0.4165 
3.0701 -0.0899 2.1603 0.1368 0.3685 
3.0801 -0.0999 2.1812 0.0751 0.4224 
3.0701 -0.0899 2.1603 0.1368 0.3685 
3.0601 -0.0999 2.1811 0.0740 0.3322 
3.0801 -0.0999 2.1812 0.0751 0.4224 
3.0701 -0.0899 2.1603 0.1368 0.3685 
3.0501 -0.0899 2.1807 0.1013 0.2884 
3.0601 -0.0999 2.1811 0.0740 0.3322 
3.1101 -0.0699 2.1676 0.2466 0.5499 
3.0901 -0.0499 2.1680 0.3497 0.4579 
3.1001 -0.0699 2.1616 0.2572 0.5055 
3.1001 -0.0499 2.1617 0.3685 0.5008 
3.0901 -0.0499 2.1680 0.3497 0.4579 
3.1101 -0.0699 2.1676 0.2466 0.5499 
3.1001 -0.0699 2.1616 0.2572 0.5055 
3.0901 -0.0499 2.1680 0.3497 0.4579 
3.0701 -0.0599 2.1608 0.3069 0.3691 
3.0901 -0.0499 2.1680 0.3497 0.4579 
3.0601 -0.0499 2.1691 0.3387 0.3297 
3.0701 -0.0599 2.1608 0.3069 0.3691 
3.0601 -0.0499 2.1691 0.3387 0.3297 
3.0501 -0.0599 2.1677 0.2847 0.2845 
3.0701 -0.0599 2.1608 0.3069 0.3691 
3.1001 -0.0699 2.1616 0.2572 0.5055 
3.0701 -0.0599 2.1608 0.3069 0.3691 
3.0901 -0.0799 2.1650 0.1898 0.4622 
3.0901 -0.0799 2.1650 0.1898 0.4622 
3.0701 -0.0599 2.1608 0.3069 0.3691 
3.0601 -0.0699 2.1673 0.2327 0.3271 
3.0501 -0.0599 2.1677 0.2847 0.2845 
3.0601 -0.0699 2.1673 0.2327 0.3271 
3.0701 -0.0599 2.1608 0.3069 0.3691 
3.1001 -0.0799 2.1621 0.1988 0.5079 
3.1001 -0.0699 2.1616 0.2572 0.5055 
3.0901 -0.0799 2.1650 0.1898 0.4622 
3.0801 -0.0899 2.1624 0.1360 0.4165 
3.0901 -0.0799 2.1650 0.1898 0.4622 
3.0601 -0.0699 2.1673 0.2327 0.3271 
3.0601 -0.0699 2.1673 0.2327 0.3271 
3.0501 -0.0799 2.1644 0.1792 0.2789 
3.0701 -0.0899 2.1603 0.1368 0.3685 
3.0801 -0.0899 2.1624 0.1360 0.4165 
3.0601 -0.0699 2.1673 0.2327 0.3271 
3.0701 -0.0899 2.1603 0.1368 0.3685 
3.0501 -0.0799 2.1644 0.1792 0.2789 
3.0501 -0.0899 2.1807 0.1013 0.2884 
3.0701 -0.0899 2.1603 0.1368 0.3685 
3.0801 -0.0899 2.1624 0.1360 0.4165 
3.0801 -0.0999 2.1812 0.0751 0.4224 
3.0901 -0.0999 2.1607 0.0921 0.4650 
3.0601 -0.0999 2.1811 0.0740 0.3322 
3.0501 -0.0899 2.1807 0.1013 0.2884 
3.0401 -0.0910 2.1801 0.0952 0.2436 
3.0501 -0.0599 2.1677 0.2847 0.2845 
3.0501 -0.0499 2.1805 0.3092 0.2940 
3.0401 -0.0499 2.1654 0.3424 0.2415 
3.0101 -0.0599 2.1667 0.2756 0.1133 
3.0001 -0.0799 2.1712 0.1522 0.0729 
3.0301 -0.0699 2.1703 0.2177 0.1972 
3.0501 -0.0799 2.1644 0.1792 0.2789 
3.0401 -0.0910 2.1801 0.0952 0.2436 
3.0501 -0.0899 2.1807 0.1013 0.2884 
3.0401 -0.0910 2.1801 0.0952 0.2436 
3.0501 -0.0799 2.1644 0.1792 0.2789 
3.0101 -0.0799 2.1643 0.1678 0.1019 
3.0001 -0.0899 2.1806 0.0910 0.0782 
3.0401 -0.0910 2.1801 0.0952 0.2436 
3.0101 -0.0799 2.1643 0.1678 0.1019 
3.0001 -0.0799 2.1712 0.1522 0.0729 
3.0001 -0.0899 2.1806 0.0910 0.0782 
3.0101 -0.0799 2.1643 0.1678 0.1019 
3.0601 -0.0999 2.1811 0.0740 0.3322 
3.0401 -0.0910 2.1801 0.0952 0.2436 
3.0401 -0.0999 2.1701 0.0764 0.2331 
3.0401 -0.0910 2.1801 0.0952 0.2436 
3.0401 -0.0999 2.1701 0.0764 0.2331 
3.0401 -0.0999 2.1701 0.0764 0.2331 
3.0401 -0.0999 2.1701 0.0764 0.2331 
3.0401 -0.0910 2.1801 0.0952 0.2436 
3.0301 -0.0999 2.1646 0.0784 0.1815 
3.0001 -0.0899 2.1806 0.0910 0.0782 
3.0301 -0.0999 2.1646 0.0784 0.1815 
3.0401 -0.0910 2.1801 0.0952 0.2436 
3.0001 -0.0899 2.1806 0.0910 0.0782 
3.0101 -0.0999 2.1610 0.0782 0.0888 
3.0301 -0.0999 2.1646 0.0784 0.1815 
3.0501 -0.0599 2.1677 0.2847 0.2845 
3.0401 -0.0499 2.1654 0.3424 0.2415 
3.0301 -0.0599 2.1714 0.2707 0.2012 
3.0301 -0.0599 2.1714 0.2707 0.2012 
3.0401 -0.0499 2.1654 0.3424 0.2415 
3.0301 -0.0299 2.1667 0.4415 0.2058 
3.0301 -0.0599 2.1714 0.2707 0.2012 
3.0301 -0.0299 2.1667 0.4415 0.2058 
3.0101 -0.0599 2.1667 0.2756 0.1133 
3.0101 -0.0599 2.1667 0.2756 0.1133 
3.0001 -0.0499 2.1685 0.3235 0.0823 
3.0001 -0.0799 2.1712 0.1522 0.0729 
3.0301 -0.0699 2.1703 0.2177 0.1972 
3.0501 -0.0599 2.1677 0.2847 0.2845 
3.0301 -0.0599 2.1714 0.2707 0.2012 
3.0601 -0.0699 2.1673 0.2327 0.3271 
3.0501 -0.0599 2.1677 0.2847 0.2845 
3.0301 -0.0699 2.1703 0.2177 0.1972 
3.0101 -0.0599 2.1667 0.2756 0.1133 
3.0301 -0.0699 2.1703 0.2177 0.1972 
3.0301 -0.0599 2.1714 0.2707 0.2012 
3.0601 -0.0699 2.1673 0.2327 0.3271 
3.0301 -0.0699 2.1703 0.2177 0.1972 
3.0501 -0.0799 2.1644 0.1792 0.2789 
3.0501 -0.0799 2.1644 0.1792 0.2789 
3.0301 -0.0699 2.1703 0.2177 0.1972 
3.0101 -0.0799 2.1643 0.1678 0.1019 
3.0301 -0.0699 2.1703 0.2177 0.1972 
3.0001 -0.0799 2.1712 0.1522 0.0729 
3.0101 -0.0799 2.1643 0.1678 0.1019 
3.0401 -0.0999 2.1701 0.0764 0.2331 
3.0401 -0.0999 2.1701 0.0764 0.2331 
3.0401 -0.0999 2.1701 0.0764 0.2331 
3.0301 -0.0999 2.1646 0.0784 0.1815 
3.0401 -0.0999 2.1701 0.0764 0.2331 
3.0401 -0.0999 2.1701 0.0764 0.2331 
3.0001 -0.0499 2.1685 0.3235 0.0823 
3.0101 -0.0399 2.1784 0.3551 0.1335 
2.9901 -0.0399 2.1733 0.3621 0.0617 
3.0101 -0.0399 2.1784 0.3551 0.1335 
3.0001 -0.0299 2.1788 0.4022 0.1009 
2.9901 -0.0399 2.1733 0.3621 0.0617 
3.0001 -0.0099 2.1776 0.5028 0.1075 
2.9801 -0.0099 2.1767 0.5003 0.0542 
2.9801 -0.0199 2.1737 0.4600 0.0528 
3.0001 -0.0099 2.1776 0.5028 0.1075 
3.0101 0.0001 2.1730 0.5648 0.1428 
2.9801 -0.0099 2.1767 0.5003 0.0542 
2.9901 0.0301 2.1788 0.6753 0.0908 
2.9801 0.0301 2.1715 0.6957 0.0594 
2.9901 0.0201 2.1724 0.6519 0.0814 
2.9901 0.0201 2.1724 0.6519 0.0814 
2.9801 0.0301 2.1715 0.6957 0.0594 
3.0001 0.0101 2.1784 0.5923 0.1157 
3.0101 0.0301 2.1767 0.6861 0.1561 
2.9901 0.0301 2.1788 0.6753 0.0908 
2.9901 0.0201 2.1724 0.6519 0.0814 
3.0101 0.0301 2.1767 0.6861 0.1561 
3.0001 0.0401 2.1716 0.7416 0.1202 
2.9901 0.0301 2.1788 0.6753 0.0908 
3.0101 0.0701 2.1729 0.8575 0.1649 
2.9801 0.0801 2.1732 0.8879 0.0751 
3.0001 0.0601 2.1719 0.8207 0.1273 
3.0101 0.0901 2.1704 0.9393 0.1687 
2.9801 0.0801 2.1732 0.8879 0.0751 
3.0101 0.0701 2.1729 0.8575 0.1649 
3.0101 0.0901 2.1704 0.9393 0.1687 
2.9801 0.1001 2.1735 0.9585 0.0817 
2.9801 0.0801 2.1732 0.8879 0.0751 
3.0001 0.1101 2.1739 0.9949 0.1447 
2.9801 0.1001 2.1735 0.9585 0.0817 
3.0101 0.0901 2.1704 0.9393 0.1687 
