NUMPOLLIES 868.000000 

5.2601 -0.0199 2.0999 0.9635 0.6832 
5.2598 -0.0199 2.1001 0.9628 0.6845 
5.2601 -0.0202 2.1001 0.9643 0.6829 
5.2603 -0.0199 2.1001 0.9627 0.6820 
5.2601 -0.0199 2.0999 0.9635 0.6832 
5.2601 -0.0202 2.1001 0.9643 0.6829 
5.2601 -0.0199 2.0999 0.9635 0.6832 
5.2601 -0.0198 2.1001 0.9622 0.6832 
5.2598 -0.0199 2.1001 0.9628 0.6845 
5.2601 -0.0198 2.1001 0.9622 0.6832 
5.2601 -0.0199 2.0999 0.9635 0.6832 
5.2603 -0.0199 2.1001 0.9627 0.6820 
5.3001 0.1001 2.0991 0.2182 0.5323 
5.2977 0.1001 2.1001 0.2163 0.5468 
5.3001 0.0984 2.1001 0.2281 0.5316 
5.2001 -0.0199 2.1027 0.9650 0.9571 
5.1901 -0.0199 2.1036 0.9635 1.0013 
5.2001 -0.0299 2.1078 0.9875 0.9395 
5.2101 -0.0302 2.1101 0.9760 0.8923 
5.2095 -0.0299 2.1101 0.9749 0.8954 
5.2001 -0.0299 2.1078 0.9875 0.9395 
5.2095 -0.0299 2.1101 0.9749 0.8954 
5.2101 -0.0296 2.1101 0.9732 0.8928 
5.2101 -0.0199 2.1055 0.9496 0.9077 
5.2095 -0.0299 2.1101 0.9749 0.8954 
5.2101 -0.0199 2.1055 0.9496 0.9077 
5.2001 -0.0299 2.1078 0.9875 0.9395 
5.2001 -0.0299 2.1078 0.9875 0.9395 
5.2101 -0.0199 2.1055 0.9496 0.9077 
5.2001 -0.0199 2.1027 0.9650 0.9571 
5.2201 -0.0199 2.1087 0.9330 0.8588 
5.2101 -0.0199 2.1055 0.9496 0.9077 
5.2101 -0.0296 2.1101 0.9732 0.8928 
5.2201 -0.0274 2.1101 0.9612 0.8507 
5.2201 -0.0199 2.1087 0.9330 0.8588 
5.2101 -0.0296 2.1101 0.9732 0.8928 
5.2201 -0.0274 2.1101 0.9612 0.8507 
5.2208 -0.0299 2.1101 0.9722 0.8454 
5.2301 -0.0299 2.1041 0.9977 0.8102 
5.2201 -0.0274 2.1101 0.9612 0.8507 
5.2301 -0.0299 2.1041 0.9977 0.8102 
5.2201 -0.0199 2.1087 0.9330 0.8588 
5.2201 -0.0199 2.1087 0.9330 0.8588 
5.2301 -0.0299 2.1041 0.9977 0.8102 
5.2301 -0.0199 2.1083 0.9320 0.8141 
5.2401 -0.0227 2.1101 0.9348 0.7654 
5.2345 -0.0199 2.1101 0.9230 0.7928 
5.2301 -0.0199 2.1083 0.9320 0.8141 
5.2401 -0.0227 2.1101 0.9348 0.7654 
5.2301 -0.0199 2.1083 0.9320 0.8141 
5.2401 -0.0299 2.1043 0.9946 0.7652 
5.2401 -0.0299 2.1043 0.9946 0.7652 
5.2301 -0.0199 2.1083 0.9320 0.8141 
5.2301 -0.0299 2.1041 0.9977 0.8102 
5.2433 -0.0199 2.1101 0.9209 0.7532 
5.2401 -0.0227 2.1101 0.9348 0.7654 
5.2401 -0.0299 2.1043 0.9946 0.7652 
5.2433 -0.0199 2.1101 0.9209 0.7532 
5.2401 -0.0299 2.1043 0.9946 0.7652 
5.2501 -0.0199 2.1052 0.9415 0.7259 
5.2501 -0.0199 2.1052 0.9415 0.7259 
5.2401 -0.0299 2.1043 0.9946 0.7652 
5.2501 -0.0299 2.1063 0.9829 0.7188 
5.2101 -0.0099 2.1079 0.8913 0.9146 
5.2001 -0.0099 2.1041 0.9111 0.9661 
5.2101 -0.0199 2.1055 0.9496 0.9077 
5.2101 -0.0199 2.1055 0.9496 0.9077 
5.2001 -0.0099 2.1041 0.9111 0.9661 
5.2001 -0.0199 2.1027 0.9650 0.9571 
5.2201 -0.0099 2.1045 0.9040 0.8727 
5.2101 -0.0099 2.1079 0.8913 0.9146 
5.2201 -0.0199 2.1087 0.9330 0.8588 
5.2201 -0.0199 2.1087 0.9330 0.8588 
5.2101 -0.0099 2.1079 0.8913 0.9146 
5.2101 -0.0199 2.1055 0.9496 0.9077 
5.2301 -0.0099 2.1010 0.9178 0.8300 
5.2201 -0.0099 2.1045 0.9040 0.8727 
5.2301 -0.0199 2.1083 0.9320 0.8141 
5.2301 -0.0199 2.1083 0.9320 0.8141 
5.2201 -0.0099 2.1045 0.9040 0.8727 
5.2201 -0.0199 2.1087 0.9330 0.8588 
5.2345 -0.0199 2.1101 0.9230 0.7928 
5.2401 -0.0171 2.1101 0.9084 0.7695 
5.2401 -0.0099 2.1043 0.9000 0.7799 
5.2345 -0.0199 2.1101 0.9230 0.7928 
5.2401 -0.0099 2.1043 0.9000 0.7799 
5.2301 -0.0199 2.1083 0.9320 0.8141 
5.2301 -0.0199 2.1083 0.9320 0.8141 
5.2401 -0.0099 2.1043 0.9000 0.7799 
5.2301 -0.0099 2.1010 0.9178 0.8300 
5.2401 -0.0171 2.1101 0.9084 0.7695 
5.2433 -0.0199 2.1101 0.9209 0.7532 
5.2501 -0.0199 2.1052 0.9415 0.7259 
5.2401 -0.0171 2.1101 0.9084 0.7695 
5.2501 -0.0199 2.1052 0.9415 0.7259 
5.2401 -0.0099 2.1043 0.9000 0.7799 
5.2401 -0.0099 2.1043 0.9000 0.7799 
5.2501 -0.0199 2.1052 0.9415 0.7259 
5.2501 -0.0099 2.1043 0.8975 0.7332 
5.2101 0.0001 2.1076 0.8433 0.9252 
5.2001 0.0001 2.1096 0.8372 0.9689 
5.2101 -0.0099 2.1079 0.8913 0.9146 
5.2101 -0.0099 2.1079 0.8913 0.9146 
5.2001 0.0001 2.1096 0.8372 0.9689 
5.2001 -0.0099 2.1041 0.9111 0.9661 
5.2201 0.0001 2.1079 0.8395 0.8781 
5.2101 0.0001 2.1076 0.8433 0.9252 
5.2201 -0.0099 2.1045 0.9040 0.8727 
5.2201 -0.0099 2.1045 0.9040 0.8727 
5.2101 0.0001 2.1076 0.8433 0.9252 
5.2101 -0.0099 2.1079 0.8913 0.9146 
5.2301 0.0001 2.1076 0.8380 0.8315 
5.2201 0.0001 2.1079 0.8395 0.8781 
5.2301 -0.0099 2.1010 0.9178 0.8300 
5.2301 -0.0099 2.1010 0.9178 0.8300 
5.2201 0.0001 2.1079 0.8395 0.8781 
5.2201 -0.0099 2.1045 0.9040 0.8727 
5.2401 0.0001 2.1073 0.8368 0.7849 
5.2301 0.0001 2.1076 0.8380 0.8315 
5.2401 -0.0099 2.1043 0.9000 0.7799 
5.2401 -0.0099 2.1043 0.9000 0.7799 
5.2301 0.0001 2.1076 0.8380 0.8315 
5.2301 -0.0099 2.1010 0.9178 0.8300 
5.2501 0.0001 2.1045 0.8464 0.7399 
5.2401 0.0001 2.1073 0.8368 0.7849 
5.2501 -0.0099 2.1043 0.8975 0.7332 
5.2501 -0.0099 2.1043 0.8975 0.7332 
5.2401 0.0001 2.1073 0.8368 0.7849 
5.2401 -0.0099 2.1043 0.9000 0.7799 
5.2095 -0.0299 2.1101 0.9749 0.8954 
5.2101 -0.0302 2.1101 0.9760 0.8923 
5.2101 -0.0299 2.1103 0.9740 0.8923 
5.2201 -0.0309 2.1101 0.9769 0.8477 
5.2101 -0.0299 2.1103 0.9740 0.8923 
5.2101 -0.0302 2.1101 0.9760 0.8923 
5.2201 -0.0299 2.1106 0.9703 0.8481 
5.2101 -0.0299 2.1103 0.9740 0.8923 
5.2201 -0.0309 2.1101 0.9769 0.8477 
5.2208 -0.0299 2.1101 0.9722 0.8454 
5.2201 -0.0299 2.1106 0.9703 0.8481 
5.2201 -0.0309 2.1101 0.9769 0.8477 
5.2101 -0.0296 2.1101 0.9732 0.8928 
5.2095 -0.0299 2.1101 0.9749 0.8954 
5.2101 -0.0299 2.1103 0.9740 0.8923 
5.2101 -0.0296 2.1101 0.9732 0.8928 
5.2201 -0.0299 2.1106 0.9703 0.8481 
5.2201 -0.0274 2.1101 0.9612 0.8507 
5.2101 -0.0299 2.1103 0.9740 0.8923 
5.2201 -0.0299 2.1106 0.9703 0.8481 
5.2101 -0.0296 2.1101 0.9732 0.8928 
5.2201 -0.0274 2.1101 0.9612 0.8507 
5.2201 -0.0299 2.1106 0.9703 0.8481 
5.2208 -0.0299 2.1101 0.9722 0.8454 
5.2345 -0.0199 2.1101 0.9230 0.7928 
5.2401 -0.0227 2.1101 0.9348 0.7654 
5.2401 -0.0199 2.1124 0.9116 0.7656 
5.2433 -0.0199 2.1101 0.9209 0.7532 
5.2401 -0.0199 2.1124 0.9116 0.7656 
5.2401 -0.0227 2.1101 0.9348 0.7654 
5.2401 -0.0171 2.1101 0.9084 0.7695 
5.2345 -0.0199 2.1101 0.9230 0.7928 
5.2401 -0.0199 2.1124 0.9116 0.7656 
5.2401 -0.0171 2.1101 0.9084 0.7695 
5.2401 -0.0199 2.1124 0.9116 0.7656 
5.2433 -0.0199 2.1101 0.9209 0.7532 
5.2901 -0.0316 2.1101 0.9638 0.5384 
5.2851 -0.0299 2.1101 0.9571 0.5609 
5.2801 -0.0299 2.1091 0.9630 0.5836 
5.2598 -0.0199 2.1001 0.9628 0.6845 
5.2601 -0.0299 2.1050 0.9864 0.6747 
5.2601 -0.0202 2.1001 0.9643 0.6829 
5.2598 -0.0199 2.1001 0.9628 0.6845 
5.2501 -0.0199 2.1052 0.9415 0.7259 
5.2601 -0.0299 2.1050 0.9864 0.6747 
5.2501 -0.0199 2.1052 0.9415 0.7259 
5.2501 -0.0299 2.1063 0.9829 0.7188 
5.2601 -0.0299 2.1050 0.9864 0.6747 
5.2601 -0.0202 2.1001 0.9643 0.6829 
5.2701 -0.0199 2.1068 0.9291 0.6337 
5.2603 -0.0199 2.1001 0.9627 0.6820 
5.2601 -0.0202 2.1001 0.9643 0.6829 
5.2601 -0.0299 2.1050 0.9864 0.6747 
5.2701 -0.0199 2.1068 0.9291 0.6337 
5.2601 -0.0299 2.1050 0.9864 0.6747 
5.2701 -0.0299 2.1054 0.9821 0.6295 
5.2701 -0.0199 2.1068 0.9291 0.6337 
5.2801 -0.0199 2.1047 0.9364 0.5886 
5.2701 -0.0199 2.1068 0.9291 0.6337 
5.2801 -0.0299 2.1091 0.9630 0.5836 
5.2801 -0.0299 2.1091 0.9630 0.5836 
5.2701 -0.0199 2.1068 0.9291 0.6337 
5.2701 -0.0299 2.1054 0.9821 0.6295 
5.2851 -0.0299 2.1101 0.9571 0.5609 
5.2901 -0.0284 2.1101 0.9492 0.5393 
5.2901 -0.0199 2.1041 0.9366 0.5427 
5.2851 -0.0299 2.1101 0.9571 0.5609 
5.2901 -0.0199 2.1041 0.9366 0.5427 
5.2801 -0.0299 2.1091 0.9630 0.5836 
5.2801 -0.0299 2.1091 0.9630 0.5836 
5.2901 -0.0199 2.1041 0.9366 0.5427 
5.2801 -0.0199 2.1047 0.9364 0.5886 
5.3001 -0.0199 2.1026 0.9411 0.4965 
5.2901 -0.0199 2.1041 0.9366 0.5427 
5.2901 -0.0284 2.1101 0.9492 0.5393 
5.3001 -0.0290 2.1101 0.9494 0.4946 
5.3001 -0.0199 2.1026 0.9411 0.4965 
5.2901 -0.0284 2.1101 0.9492 0.5393 
5.2598 -0.0199 2.1001 0.9628 0.6845 
5.2601 -0.0198 2.1001 0.9622 0.6832 
5.2601 -0.0123 2.1101 0.8804 0.6817 
5.2598 -0.0199 2.1001 0.9628 0.6845 
5.2601 -0.0123 2.1101 0.8804 0.6817 
5.2501 -0.0099 2.1043 0.8975 0.7332 
5.2598 -0.0199 2.1001 0.9628 0.6845 
5.2501 -0.0099 2.1043 0.8975 0.7332 
5.2501 -0.0199 2.1052 0.9415 0.7259 
5.2566 -0.0099 2.1101 0.8698 0.6991 
5.2501 -0.0099 2.1043 0.8975 0.7332 
5.2601 -0.0123 2.1101 0.8804 0.6817 
5.2603 -0.0199 2.1001 0.9627 0.6820 
5.2701 -0.0199 2.1068 0.9291 0.6337 
5.2701 -0.0099 2.1082 0.8747 0.6379 
5.2603 -0.0199 2.1001 0.9627 0.6820 
5.2701 -0.0099 2.1082 0.8747 0.6379 
5.2601 -0.0123 2.1101 0.8804 0.6817 
5.2603 -0.0199 2.1001 0.9627 0.6820 
5.2601 -0.0123 2.1101 0.8804 0.6817 
5.2601 -0.0198 2.1001 0.9622 0.6832 
5.2601 -0.0123 2.1101 0.8804 0.6817 
5.2701 -0.0099 2.1082 0.8747 0.6379 
5.2664 -0.0099 2.1101 0.8673 0.6544 
5.2801 -0.0146 2.1101 0.8867 0.5892 
5.2729 -0.0099 2.1101 0.8657 0.6242 
5.2701 -0.0099 2.1082 0.8747 0.6379 
5.2801 -0.0146 2.1101 0.8867 0.5892 
5.2701 -0.0099 2.1082 0.8747 0.6379 
5.2801 -0.0199 2.1047 0.9364 0.5886 
5.2801 -0.0199 2.1047 0.9364 0.5886 
5.2701 -0.0099 2.1082 0.8747 0.6379 
5.2701 -0.0199 2.1068 0.9291 0.6337 
5.2866 -0.0099 2.1101 0.8622 0.5613 
5.2801 -0.0146 2.1101 0.8867 0.5892 
5.2801 -0.0199 2.1047 0.9364 0.5886 
5.2866 -0.0099 2.1101 0.8622 0.5613 
5.2801 -0.0199 2.1047 0.9364 0.5886 
5.2901 -0.0099 2.1075 0.8729 0.5454 
5.2901 -0.0099 2.1075 0.8729 0.5454 
5.2801 -0.0199 2.1047 0.9364 0.5886 
5.2901 -0.0199 2.1041 0.9366 0.5427 
5.3001 -0.0099 2.1097 0.8607 0.4989 
5.2901 -0.0099 2.1075 0.8729 0.5454 
5.3001 -0.0199 2.1026 0.9411 0.4965 
5.3001 -0.0199 2.1026 0.9411 0.4965 
5.2901 -0.0099 2.1075 0.8729 0.5454 
5.2901 -0.0199 2.1041 0.9366 0.5427 
5.2566 -0.0099 2.1101 0.8698 0.6991 
5.2601 -0.0063 2.1101 0.8514 0.6851 
5.2601 0.0001 2.1044 0.8442 0.6924 
5.2566 -0.0099 2.1101 0.8698 0.6991 
5.2601 0.0001 2.1044 0.8442 0.6924 
5.2501 -0.0099 2.1043 0.8975 0.7332 
5.2501 -0.0099 2.1043 0.8975 0.7332 
5.2601 0.0001 2.1044 0.8442 0.6924 
5.2501 0.0001 2.1045 0.8464 0.7399 
5.2601 -0.0063 2.1101 0.8514 0.6851 
5.2664 -0.0099 2.1101 0.8673 0.6544 
5.2701 -0.0099 2.1082 0.8747 0.6379 
5.2601 -0.0063 2.1101 0.8514 0.6851 
5.2701 -0.0099 2.1082 0.8747 0.6379 
5.2601 0.0001 2.1044 0.8442 0.6924 
5.2601 0.0001 2.1044 0.8442 0.6924 
5.2701 -0.0099 2.1082 0.8747 0.6379 
5.2701 0.0001 2.1042 0.8423 0.6448 
5.2729 -0.0099 2.1101 0.8657 0.6242 
5.2801 -0.0057 2.1101 0.8429 0.5928 
5.2801 0.0001 2.1035 0.8429 0.5973 
5.2729 -0.0099 2.1101 0.8657 0.6242 
5.2801 0.0001 2.1035 0.8429 0.5973 
5.2701 -0.0099 2.1082 0.8747 0.6379 
5.2701 -0.0099 2.1082 0.8747 0.6379 
5.2801 0.0001 2.1035 0.8429 0.5973 
5.2701 0.0001 2.1042 0.8423 0.6448 
5.2801 -0.0057 2.1101 0.8429 0.5928 
5.2866 -0.0099 2.1101 0.8622 0.5613 
5.2901 -0.0099 2.1075 0.8729 0.5454 
5.2801 -0.0057 2.1101 0.8429 0.5928 
5.2901 -0.0099 2.1075 0.8729 0.5454 
5.2801 0.0001 2.1035 0.8429 0.5973 
5.2801 0.0001 2.1035 0.8429 0.5973 
5.2901 -0.0099 2.1075 0.8729 0.5454 
5.2901 0.0001 2.1039 0.8386 0.5492 
5.3001 0.0001 2.1077 0.8189 0.5013 
5.2901 0.0001 2.1039 0.8386 0.5492 
5.3001 -0.0099 2.1097 0.8607 0.4989 
5.3001 -0.0099 2.1097 0.8607 0.4989 
5.2901 0.0001 2.1039 0.8386 0.5492 
5.2901 -0.0099 2.1075 0.8729 0.5454 
5.2851 -0.0299 2.1101 0.9571 0.5609 
5.2901 -0.0316 2.1101 0.9638 0.5384 
5.2901 -0.0299 2.1111 0.9513 0.5388 
5.3001 -0.0311 2.1101 0.9591 0.4942 
5.2901 -0.0299 2.1111 0.9513 0.5388 
5.2901 -0.0316 2.1101 0.9638 0.5384 
5.3001 -0.0299 2.1109 0.9502 0.4945 
5.2901 -0.0299 2.1111 0.9513 0.5388 
5.3001 -0.0311 2.1101 0.9591 0.4942 
5.2901 -0.0284 2.1101 0.9492 0.5393 
5.2851 -0.0299 2.1101 0.9571 0.5609 
5.2901 -0.0299 2.1111 0.9513 0.5388 
5.2901 -0.0284 2.1101 0.9492 0.5393 
5.3001 -0.0299 2.1109 0.9502 0.4945 
5.3001 -0.0290 2.1101 0.9494 0.4946 
5.2901 -0.0299 2.1111 0.9513 0.5388 
5.3001 -0.0299 2.1109 0.9502 0.4945 
5.2901 -0.0284 2.1101 0.9492 0.5393 
5.2566 -0.0099 2.1101 0.8698 0.6991 
5.2601 -0.0123 2.1101 0.8804 0.6817 
5.2601 -0.0099 2.1132 0.8553 0.6812 
5.2664 -0.0099 2.1101 0.8673 0.6544 
5.2601 -0.0099 2.1132 0.8553 0.6812 
5.2601 -0.0123 2.1101 0.8804 0.6817 
5.2729 -0.0099 2.1101 0.8657 0.6242 
5.2801 -0.0146 2.1101 0.8867 0.5892 
5.2801 -0.0099 2.1150 0.8430 0.5897 
5.2866 -0.0099 2.1101 0.8622 0.5613 
5.2801 -0.0099 2.1150 0.8430 0.5897 
5.2801 -0.0146 2.1101 0.8867 0.5892 
5.2601 -0.0063 2.1101 0.8514 0.6851 
5.2566 -0.0099 2.1101 0.8698 0.6991 
5.2601 -0.0099 2.1132 0.8553 0.6812 
5.2601 -0.0063 2.1101 0.8514 0.6851 
5.2601 -0.0099 2.1132 0.8553 0.6812 
5.2664 -0.0099 2.1101 0.8673 0.6544 
5.2801 -0.0057 2.1101 0.8429 0.5928 
5.2729 -0.0099 2.1101 0.8657 0.6242 
5.2801 -0.0099 2.1150 0.8430 0.5897 
5.2801 -0.0057 2.1101 0.8429 0.5928 
5.2801 -0.0099 2.1150 0.8430 0.5897 
5.2866 -0.0099 2.1101 0.8622 0.5613 
5.2101 0.0095 2.1101 0.7842 0.9316 
5.2094 0.0101 2.1101 0.7814 0.9356 
5.2001 0.0101 2.1081 0.7924 0.9826 
5.2101 0.0095 2.1101 0.7842 0.9316 
5.2001 0.0101 2.1081 0.7924 0.9826 
5.2101 0.0001 2.1076 0.8433 0.9252 
5.2101 0.0001 2.1076 0.8433 0.9252 
5.2001 0.0101 2.1081 0.7924 0.9826 
5.2001 0.0001 2.1096 0.8372 0.9689 
5.2101 0.0001 2.1076 0.8433 0.9252 
5.2201 0.0001 2.1079 0.8395 0.8781 
5.2201 0.0059 2.1101 0.8002 0.8809 
5.2101 0.0095 2.1101 0.7842 0.9316 
5.2101 0.0001 2.1076 0.8433 0.9252 
5.2201 0.0059 2.1101 0.8002 0.8809 
5.2250 0.0101 2.1101 0.7772 0.8618 
5.2201 0.0059 2.1101 0.8002 0.8809 
5.2201 0.0001 2.1079 0.8395 0.8781 
5.2250 0.0101 2.1101 0.7772 0.8618 
5.2201 0.0001 2.1079 0.8395 0.8781 
5.2301 0.0101 2.1084 0.7830 0.8395 
5.2301 0.0101 2.1084 0.7830 0.8395 
5.2201 0.0001 2.1079 0.8395 0.8781 
5.2301 0.0001 2.1076 0.8380 0.8315 
5.2401 0.0101 2.1066 0.7880 0.7935 
5.2301 0.0101 2.1084 0.7830 0.8395 
5.2401 0.0001 2.1073 0.8368 0.7849 
5.2401 0.0001 2.1073 0.8368 0.7849 
5.2301 0.0101 2.1084 0.7830 0.8395 
5.2301 0.0001 2.1076 0.8380 0.8315 
5.2501 0.0101 2.1071 0.7831 0.7450 
5.2401 0.0101 2.1066 0.7880 0.7935 
5.2501 0.0001 2.1045 0.8464 0.7399 
5.2501 0.0001 2.1045 0.8464 0.7399 
5.2401 0.0101 2.1066 0.7880 0.7935 
5.2401 0.0001 2.1073 0.8368 0.7849 
5.2094 0.0101 2.1101 0.7814 0.9356 
5.2101 0.0103 2.1101 0.7801 0.9325 
5.2101 0.0201 2.1029 0.7586 0.9541 
5.2094 0.0101 2.1101 0.7814 0.9356 
5.2101 0.0201 2.1029 0.7586 0.9541 
5.2001 0.0101 2.1081 0.7924 0.9826 
5.2201 0.0201 2.1100 0.7259 0.8951 
5.2101 0.0201 2.1029 0.7586 0.9541 
5.2101 0.0103 2.1101 0.7801 0.9325 
5.2201 0.0194 2.1101 0.7293 0.8942 
5.2201 0.0201 2.1100 0.7259 0.8951 
5.2101 0.0103 2.1101 0.7801 0.9325 
5.2201 0.0194 2.1101 0.7293 0.8942 
5.2250 0.0101 2.1101 0.7772 0.8618 
5.2301 0.0101 2.1084 0.7830 0.8395 
5.2201 0.0194 2.1101 0.7293 0.8942 
5.2301 0.0101 2.1084 0.7830 0.8395 
5.2201 0.0201 2.1100 0.7259 0.8951 
5.2201 0.0201 2.1100 0.7259 0.8951 
5.2301 0.0101 2.1084 0.7830 0.8395 
5.2301 0.0201 2.1080 0.7314 0.8491 
5.2401 0.0164 2.1101 0.7395 0.7952 
5.2352 0.0201 2.1101 0.7211 0.8219 
5.2301 0.0201 2.1080 0.7314 0.8491 
5.2401 0.0164 2.1101 0.7395 0.7952 
5.2301 0.0201 2.1080 0.7314 0.8491 
5.2401 0.0101 2.1066 0.7880 0.7935 
5.2401 0.0101 2.1066 0.7880 0.7935 
5.2301 0.0201 2.1080 0.7314 0.8491 
5.2301 0.0101 2.1084 0.7830 0.8395 
5.2468 0.0201 2.1101 0.7179 0.7657 
5.2401 0.0164 2.1101 0.7395 0.7952 
5.2401 0.0101 2.1066 0.7880 0.7935 
5.2468 0.0201 2.1101 0.7179 0.7657 
5.2401 0.0101 2.1066 0.7880 0.7935 
5.2501 0.0201 2.1091 0.7210 0.7506 
5.2501 0.0201 2.1091 0.7210 0.7506 
5.2401 0.0101 2.1066 0.7880 0.7935 
5.2501 0.0101 2.1071 0.7831 0.7450 
5.2201 0.0301 2.1073 0.6816 0.9093 
5.2101 0.0301 2.1084 0.6801 0.9572 
5.2201 0.0201 2.1100 0.7259 0.8951 
5.2201 0.0201 2.1100 0.7259 0.8951 
5.2101 0.0301 2.1084 0.6801 0.9572 
5.2101 0.0201 2.1029 0.7586 0.9541 
5.2301 0.0301 2.1084 0.6743 0.8582 
5.2201 0.0301 2.1073 0.6816 0.9093 
5.2301 0.0201 2.1080 0.7314 0.8491 
5.2301 0.0201 2.1080 0.7314 0.8491 
5.2201 0.0301 2.1073 0.6816 0.9093 
5.2201 0.0201 2.1100 0.7259 0.8951 
5.2352 0.0201 2.1101 0.7211 0.8219 
5.2329 0.0301 2.1101 0.6665 0.8424 
5.2301 0.0301 2.1084 0.6743 0.8582 
5.2301 0.0201 2.1080 0.7314 0.8491 
5.2352 0.0201 2.1101 0.7211 0.8219 
5.2301 0.0301 2.1084 0.6743 0.8582 
5.2501 0.0201 2.1091 0.7210 0.7506 
5.2501 0.0279 2.1101 0.6737 0.7556 
5.2468 0.0201 2.1101 0.7179 0.7657 
5.2114 0.0401 2.1101 0.6155 0.9598 
5.2101 0.0370 2.1101 0.6339 0.9625 
5.2101 0.0301 2.1084 0.6801 0.9572 
5.2114 0.0401 2.1101 0.6155 0.9598 
5.2101 0.0301 2.1084 0.6801 0.9572 
5.2201 0.0401 2.1048 0.6339 0.9240 
5.2201 0.0401 2.1048 0.6339 0.9240 
5.2101 0.0301 2.1084 0.6801 0.9572 
5.2201 0.0301 2.1073 0.6816 0.9093 
5.2301 0.0387 2.1101 0.6179 0.8645 
5.2296 0.0401 2.1101 0.6099 0.8684 
5.2201 0.0401 2.1048 0.6339 0.9240 
5.2301 0.0387 2.1101 0.6179 0.8645 
5.2201 0.0401 2.1048 0.6339 0.9240 
5.2301 0.0301 2.1084 0.6743 0.8582 
5.2301 0.0301 2.1084 0.6743 0.8582 
5.2201 0.0401 2.1048 0.6339 0.9240 
5.2201 0.0301 2.1073 0.6816 0.9093 
5.2329 0.0301 2.1101 0.6665 0.8424 
5.2401 0.0367 2.1101 0.6265 0.8125 
5.2401 0.0401 2.1078 0.6158 0.8181 
5.2329 0.0301 2.1101 0.6665 0.8424 
5.2401 0.0401 2.1078 0.6158 0.8181 
5.2301 0.0301 2.1084 0.6743 0.8582 
5.2312 0.0401 2.1101 0.6095 0.8605 
5.2301 0.0387 2.1101 0.6179 0.8645 
5.2401 0.0401 2.1078 0.6158 0.8181 
5.2301 0.0387 2.1101 0.6179 0.8645 
5.2301 0.0301 2.1084 0.6743 0.8582 
5.2401 0.0401 2.1078 0.6158 0.8181 
5.2478 0.0401 2.1101 0.6044 0.7768 
5.2401 0.0401 2.1078 0.6158 0.8181 
5.2401 0.0367 2.1101 0.6265 0.8125 
5.2073 0.0401 2.1101 0.6167 0.9805 
5.2101 0.0465 2.1101 0.5782 0.9740 
5.2101 0.0501 2.1097 0.5580 0.9793 
5.2101 0.0465 2.1101 0.5782 0.9740 
5.2114 0.0401 2.1101 0.6155 0.9598 
5.2201 0.0401 2.1048 0.6339 0.9240 
5.2101 0.0465 2.1101 0.5782 0.9740 
5.2201 0.0401 2.1048 0.6339 0.9240 
5.2101 0.0501 2.1097 0.5580 0.9793 
5.2101 0.0501 2.1097 0.5580 0.9793 
5.2201 0.0401 2.1048 0.6339 0.9240 
5.2201 0.0501 2.1095 0.5555 0.9283 
5.2296 0.0401 2.1101 0.6099 0.8684 
5.2301 0.0415 2.1101 0.6014 0.8673 
5.2301 0.0501 2.1084 0.5563 0.8783 
5.2296 0.0401 2.1101 0.6099 0.8684 
5.2301 0.0501 2.1084 0.5563 0.8783 
5.2201 0.0401 2.1048 0.6339 0.9240 
5.2201 0.0401 2.1048 0.6339 0.9240 
5.2301 0.0501 2.1084 0.5563 0.8783 
5.2201 0.0501 2.1095 0.5555 0.9283 
5.2301 0.0415 2.1101 0.6014 0.8673 
5.2312 0.0401 2.1101 0.6095 0.8605 
5.2401 0.0401 2.1078 0.6158 0.8181 
5.2301 0.0415 2.1101 0.6014 0.8673 
5.2401 0.0401 2.1078 0.6158 0.8181 
5.2301 0.0501 2.1084 0.5563 0.8783 
5.2301 0.0501 2.1084 0.5563 0.8783 
5.2401 0.0401 2.1078 0.6158 0.8181 
5.2401 0.0501 2.1060 0.5626 0.8296 
5.2478 0.0401 2.1101 0.6044 0.7768 
5.2501 0.0462 2.1101 0.5673 0.7700 
5.2501 0.0501 2.1097 0.5453 0.7737 
5.2478 0.0401 2.1101 0.6044 0.7768 
5.2501 0.0501 2.1097 0.5453 0.7737 
5.2401 0.0401 2.1078 0.6158 0.8181 
5.2401 0.0401 2.1078 0.6158 0.8181 
5.2501 0.0501 2.1097 0.5453 0.7737 
5.2401 0.0501 2.1060 0.5626 0.8296 
5.2094 0.0101 2.1101 0.7814 0.9356 
5.2101 0.0095 2.1101 0.7842 0.9316 
5.2101 0.0101 2.1103 0.7806 0.9320 
5.2201 0.0059 2.1101 0.8002 0.8809 
5.2101 0.0101 2.1103 0.7806 0.9320 
5.2101 0.0095 2.1101 0.7842 0.9316 
5.2201 0.0101 2.1117 0.7717 0.8829 
5.2101 0.0101 2.1103 0.7806 0.9320 
5.2201 0.0059 2.1101 0.8002 0.8809 
5.2250 0.0101 2.1101 0.7772 0.8618 
5.2201 0.0101 2.1117 0.7717 0.8829 
5.2201 0.0059 2.1101 0.8002 0.8809 
5.2101 0.0103 2.1101 0.7801 0.9325 
5.2094 0.0101 2.1101 0.7814 0.9356 
5.2101 0.0101 2.1103 0.7806 0.9320 
5.2101 0.0103 2.1101 0.7801 0.9325 
5.2201 0.0101 2.1117 0.7717 0.8829 
5.2201 0.0194 2.1101 0.7293 0.8942 
5.2101 0.0101 2.1103 0.7806 0.9320 
5.2201 0.0101 2.1117 0.7717 0.8829 
5.2101 0.0103 2.1101 0.7801 0.9325 
5.2201 0.0194 2.1101 0.7293 0.8942 
5.2201 0.0101 2.1117 0.7717 0.8829 
5.2250 0.0101 2.1101 0.7772 0.8618 
5.2352 0.0201 2.1101 0.7211 0.8219 
5.2401 0.0164 2.1101 0.7395 0.7952 
5.2401 0.0201 2.1121 0.7115 0.7962 
5.2468 0.0201 2.1101 0.7179 0.7657 
5.2401 0.0201 2.1121 0.7115 0.7962 
5.2401 0.0164 2.1101 0.7395 0.7952 
5.2401 0.0301 2.1146 0.6465 0.8020 
5.2352 0.0201 2.1101 0.7211 0.8219 
5.2401 0.0201 2.1121 0.7115 0.7962 
5.2329 0.0301 2.1101 0.6665 0.8424 
5.2352 0.0201 2.1101 0.7211 0.8219 
5.2401 0.0301 2.1146 0.6465 0.8020 
5.2501 0.0279 2.1101 0.6737 0.7556 
5.2401 0.0201 2.1121 0.7115 0.7962 
5.2468 0.0201 2.1101 0.7179 0.7657 
5.2501 0.0279 2.1101 0.6737 0.7556 
5.2501 0.0301 2.1104 0.6603 0.7571 
5.2401 0.0201 2.1121 0.7115 0.7962 
5.2501 0.0301 2.1104 0.6603 0.7571 
5.2401 0.0301 2.1146 0.6465 0.8020 
5.2401 0.0201 2.1121 0.7115 0.7962 
5.2073 0.0401 2.1101 0.6167 0.9805 
5.2101 0.0370 2.1101 0.6339 0.9625 
5.2101 0.0401 2.1109 0.6128 0.9650 
5.2114 0.0401 2.1101 0.6155 0.9598 
5.2101 0.0401 2.1109 0.6128 0.9650 
5.2101 0.0370 2.1101 0.6339 0.9625 
5.2296 0.0401 2.1101 0.6099 0.8684 
5.2301 0.0387 2.1101 0.6179 0.8645 
5.2301 0.0401 2.1104 0.6087 0.8655 
5.2312 0.0401 2.1101 0.6095 0.8605 
5.2301 0.0401 2.1104 0.6087 0.8655 
5.2301 0.0387 2.1101 0.6179 0.8645 
5.2401 0.0367 2.1101 0.6265 0.8125 
5.2329 0.0301 2.1101 0.6665 0.8424 
5.2401 0.0301 2.1146 0.6465 0.8020 
5.2401 0.0367 2.1101 0.6265 0.8125 
5.2501 0.0401 2.1108 0.6010 0.7645 
5.2478 0.0401 2.1101 0.6044 0.7768 
5.2401 0.0367 2.1101 0.6265 0.8125 
5.2401 0.0301 2.1146 0.6465 0.8020 
5.2501 0.0401 2.1108 0.6010 0.7645 
5.2401 0.0301 2.1146 0.6465 0.8020 
5.2501 0.0301 2.1104 0.6603 0.7571 
5.2501 0.0401 2.1108 0.6010 0.7645 
5.2101 0.0465 2.1101 0.5782 0.9740 
5.2073 0.0401 2.1101 0.6167 0.9805 
5.2101 0.0401 2.1109 0.6128 0.9650 
5.2101 0.0465 2.1101 0.5782 0.9740 
5.2101 0.0401 2.1109 0.6128 0.9650 
5.2114 0.0401 2.1101 0.6155 0.9598 
5.2301 0.0415 2.1101 0.6014 0.8673 
5.2296 0.0401 2.1101 0.6099 0.8684 
5.2301 0.0401 2.1104 0.6087 0.8655 
5.2301 0.0415 2.1101 0.6014 0.8673 
5.2301 0.0401 2.1104 0.6087 0.8655 
5.2312 0.0401 2.1101 0.6095 0.8605 
5.2501 0.0462 2.1101 0.5673 0.7700 
5.2478 0.0401 2.1101 0.6044 0.7768 
5.2501 0.0401 2.1108 0.6010 0.7645 
5.2601 0.0101 2.1084 0.7747 0.6960 
5.2501 0.0101 2.1071 0.7831 0.7450 
5.2601 0.0001 2.1044 0.8442 0.6924 
5.2601 0.0001 2.1044 0.8442 0.6924 
5.2501 0.0101 2.1071 0.7831 0.7450 
5.2501 0.0001 2.1045 0.8464 0.7399 
5.2701 0.0083 2.1101 0.7743 0.6463 
5.2658 0.0101 2.1101 0.7661 0.6680 
5.2601 0.0101 2.1084 0.7747 0.6960 
5.2701 0.0083 2.1101 0.7743 0.6463 
5.2601 0.0101 2.1084 0.7747 0.6960 
5.2701 0.0001 2.1042 0.8423 0.6448 
5.2701 0.0001 2.1042 0.8423 0.6448 
5.2601 0.0101 2.1084 0.7747 0.6960 
5.2601 0.0001 2.1044 0.8442 0.6924 
5.2722 0.0101 2.1101 0.7643 0.6370 
5.2701 0.0083 2.1101 0.7743 0.6463 
5.2701 0.0001 2.1042 0.8423 0.6448 
5.2722 0.0101 2.1101 0.7643 0.6370 
5.2701 0.0001 2.1042 0.8423 0.6448 
5.2801 0.0101 2.1054 0.7822 0.6010 
5.2801 0.0101 2.1054 0.7822 0.6010 
5.2701 0.0001 2.1042 0.8423 0.6448 
5.2801 0.0001 2.1035 0.8429 0.5973 
5.2901 0.0101 2.1091 0.7637 0.5518 
5.2801 0.0101 2.1054 0.7822 0.6010 
5.2901 0.0001 2.1039 0.8386 0.5492 
5.2901 0.0001 2.1039 0.8386 0.5492 
5.2801 0.0101 2.1054 0.7822 0.6010 
5.2801 0.0001 2.1035 0.8429 0.5973 
5.3001 0.0101 2.1018 0.7927 0.5038 
5.2901 0.0101 2.1091 0.7637 0.5518 
5.3001 0.0001 2.1077 0.8189 0.5013 
5.3001 0.0001 2.1077 0.8189 0.5013 
5.2901 0.0101 2.1091 0.7637 0.5518 
5.2901 0.0001 2.1039 0.8386 0.5492 
5.2601 0.0140 2.1101 0.7471 0.6974 
5.2529 0.0201 2.1101 0.7162 0.7365 
5.2501 0.0201 2.1091 0.7210 0.7506 
5.2601 0.0140 2.1101 0.7471 0.6974 
5.2501 0.0201 2.1091 0.7210 0.7506 
5.2601 0.0101 2.1084 0.7747 0.6960 
5.2601 0.0101 2.1084 0.7747 0.6960 
5.2501 0.0201 2.1091 0.7210 0.7506 
5.2501 0.0101 2.1071 0.7831 0.7450 
5.2658 0.0101 2.1101 0.7661 0.6680 
5.2701 0.0156 2.1101 0.7358 0.6501 
5.2701 0.0201 2.1090 0.7156 0.6531 
5.2658 0.0101 2.1101 0.7661 0.6680 
5.2701 0.0201 2.1090 0.7156 0.6531 
5.2601 0.0101 2.1084 0.7747 0.6960 
5.2672 0.0201 2.1101 0.7121 0.6667 
5.2601 0.0140 2.1101 0.7471 0.6974 
5.2701 0.0201 2.1090 0.7156 0.6531 
5.2601 0.0140 2.1101 0.7471 0.6974 
5.2601 0.0101 2.1084 0.7747 0.6960 
5.2701 0.0201 2.1090 0.7156 0.6531 
5.2701 0.0156 2.1101 0.7358 0.6501 
5.2722 0.0101 2.1101 0.7643 0.6370 
5.2801 0.0101 2.1054 0.7822 0.6010 
5.2701 0.0156 2.1101 0.7358 0.6501 
5.2801 0.0101 2.1054 0.7822 0.6010 
5.2701 0.0201 2.1090 0.7156 0.6531 
5.2701 0.0201 2.1090 0.7156 0.6531 
5.2801 0.0101 2.1054 0.7822 0.6010 
5.2801 0.0201 2.1073 0.7200 0.6049 
5.2901 0.0127 2.1101 0.7456 0.5525 
5.2851 0.0201 2.1101 0.7070 0.5798 
5.2801 0.0201 2.1073 0.7200 0.6049 
5.2901 0.0127 2.1101 0.7456 0.5525 
5.2801 0.0201 2.1073 0.7200 0.6049 
5.2901 0.0101 2.1091 0.7637 0.5518 
5.2901 0.0101 2.1091 0.7637 0.5518 
5.2801 0.0201 2.1073 0.7200 0.6049 
5.2801 0.0101 2.1054 0.7822 0.6010 
5.2944 0.0201 2.1101 0.7044 0.5339 
5.2901 0.0127 2.1101 0.7456 0.5525 
5.2901 0.0101 2.1091 0.7637 0.5518 
5.2944 0.0201 2.1101 0.7044 0.5339 
5.2901 0.0101 2.1091 0.7637 0.5518 
5.3001 0.0201 2.1064 0.7181 0.5063 
5.3001 0.0201 2.1064 0.7181 0.5063 
5.2901 0.0101 2.1091 0.7637 0.5518 
5.3001 0.0101 2.1018 0.7927 0.5038 
5.2501 0.0279 2.1101 0.6737 0.7556 
5.2501 0.0201 2.1091 0.7210 0.7506 
5.2529 0.0201 2.1101 0.7162 0.7365 
5.2701 0.0201 2.1090 0.7156 0.6531 
5.2701 0.0238 2.1101 0.6911 0.6546 
5.2672 0.0201 2.1101 0.7121 0.6667 
5.2774 0.0301 2.1101 0.6534 0.6218 
5.2701 0.0238 2.1101 0.6911 0.6546 
5.2701 0.0201 2.1090 0.7156 0.6531 
5.2774 0.0301 2.1101 0.6534 0.6218 
5.2701 0.0201 2.1090 0.7156 0.6531 
5.2801 0.0301 2.1094 0.6553 0.6088 
5.2801 0.0301 2.1094 0.6553 0.6088 
5.2701 0.0201 2.1090 0.7156 0.6531 
5.2801 0.0201 2.1073 0.7200 0.6049 
5.2851 0.0201 2.1101 0.7070 0.5798 
5.2901 0.0274 2.1101 0.6650 0.5578 
5.2901 0.0301 2.1090 0.6539 0.5590 
5.2851 0.0201 2.1101 0.7070 0.5798 
5.2901 0.0301 2.1090 0.6539 0.5590 
5.2801 0.0201 2.1073 0.7200 0.6049 
5.2801 0.0201 2.1073 0.7200 0.6049 
5.2901 0.0301 2.1090 0.6539 0.5590 
5.2801 0.0301 2.1094 0.6553 0.6088 
5.2901 0.0274 2.1101 0.6650 0.5578 
5.2944 0.0201 2.1101 0.7044 0.5339 
5.3001 0.0201 2.1064 0.7181 0.5063 
5.2901 0.0274 2.1101 0.6650 0.5578 
5.3001 0.0201 2.1064 0.7181 0.5063 
5.2901 0.0301 2.1090 0.6539 0.5590 
5.2901 0.0301 2.1090 0.6539 0.5590 
5.3001 0.0201 2.1064 0.7181 0.5063 
5.3001 0.0301 2.1092 0.6502 0.5090 
5.2801 0.0301 2.1094 0.6553 0.6088 
5.2801 0.0401 2.1097 0.5961 0.6135 
5.2780 0.0401 2.1101 0.5952 0.6241 
5.2774 0.0301 2.1101 0.6534 0.6218 
5.2801 0.0301 2.1094 0.6553 0.6088 
5.2780 0.0401 2.1101 0.5952 0.6241 
5.2901 0.0341 2.1101 0.6265 0.5603 
5.2822 0.0401 2.1101 0.5939 0.6026 
5.2801 0.0401 2.1097 0.5961 0.6135 
5.2901 0.0341 2.1101 0.6265 0.5603 
5.2801 0.0401 2.1097 0.5961 0.6135 
5.2901 0.0301 2.1090 0.6539 0.5590 
5.2901 0.0301 2.1090 0.6539 0.5590 
5.2801 0.0401 2.1097 0.5961 0.6135 
5.2801 0.0301 2.1094 0.6553 0.6088 
5.2929 0.0401 2.1101 0.5906 0.5483 
5.2901 0.0341 2.1101 0.6265 0.5603 
5.2901 0.0301 2.1090 0.6539 0.5590 
5.2929 0.0401 2.1101 0.5906 0.5483 
5.2901 0.0301 2.1090 0.6539 0.5590 
5.3001 0.0401 2.1060 0.6042 0.5118 
5.3001 0.0401 2.1060 0.6042 0.5118 
5.2901 0.0301 2.1090 0.6539 0.5590 
5.3001 0.0301 2.1092 0.6502 0.5090 
5.2601 0.0501 2.1081 0.5479 0.7233 
5.2501 0.0501 2.1097 0.5453 0.7737 
5.2501 0.0462 2.1101 0.5673 0.7700 
5.2601 0.0445 2.1101 0.5746 0.7177 
5.2601 0.0501 2.1081 0.5479 0.7233 
5.2501 0.0462 2.1101 0.5673 0.7700 
5.2701 0.0501 2.1085 0.5431 0.6710 
5.2601 0.0501 2.1081 0.5479 0.7233 
5.2601 0.0445 2.1101 0.5746 0.7177 
5.2701 0.0451 2.1101 0.5677 0.6670 
5.2701 0.0501 2.1085 0.5431 0.6710 
5.2601 0.0445 2.1101 0.5746 0.7177 
5.2701 0.0451 2.1101 0.5677 0.6670 
5.2780 0.0401 2.1101 0.5952 0.6241 
5.2801 0.0401 2.1097 0.5961 0.6135 
5.2701 0.0451 2.1101 0.5677 0.6670 
5.2801 0.0401 2.1097 0.5961 0.6135 
5.2701 0.0501 2.1085 0.5431 0.6710 
5.2701 0.0501 2.1085 0.5431 0.6710 
5.2801 0.0401 2.1097 0.5961 0.6135 
5.2801 0.0501 2.1081 0.5414 0.6191 
5.2822 0.0401 2.1101 0.5939 0.6026 
5.2901 0.0428 2.1101 0.5756 0.5636 
5.2901 0.0501 2.1057 0.5474 0.5675 
5.2822 0.0401 2.1101 0.5939 0.6026 
5.2901 0.0501 2.1057 0.5474 0.5675 
5.2801 0.0401 2.1097 0.5961 0.6135 
5.2801 0.0401 2.1097 0.5961 0.6135 
5.2901 0.0501 2.1057 0.5474 0.5675 
5.2801 0.0501 2.1081 0.5414 0.6191 
5.2901 0.0428 2.1101 0.5756 0.5636 
5.2929 0.0401 2.1101 0.5906 0.5483 
5.3001 0.0401 2.1060 0.6042 0.5118 
5.2901 0.0428 2.1101 0.5756 0.5636 
5.3001 0.0401 2.1060 0.6042 0.5118 
5.2901 0.0501 2.1057 0.5474 0.5675 
5.2901 0.0501 2.1057 0.5474 0.5675 
5.3001 0.0401 2.1060 0.6042 0.5118 
5.3001 0.0501 2.1061 0.5426 0.5148 
5.2658 0.0101 2.1101 0.7661 0.6680 
5.2701 0.0083 2.1101 0.7743 0.6463 
5.2701 0.0101 2.1114 0.7596 0.6466 
5.2722 0.0101 2.1101 0.7643 0.6370 
5.2701 0.0101 2.1114 0.7596 0.6466 
5.2701 0.0083 2.1101 0.7743 0.6463 
5.2529 0.0201 2.1101 0.7162 0.7365 
5.2601 0.0140 2.1101 0.7471 0.6974 
5.2601 0.0201 2.1127 0.7035 0.6995 
5.2672 0.0201 2.1101 0.7121 0.6667 
5.2601 0.0201 2.1127 0.7035 0.6995 
5.2601 0.0140 2.1101 0.7471 0.6974 
5.2701 0.0156 2.1101 0.7358 0.6501 
5.2658 0.0101 2.1101 0.7661 0.6680 
5.2701 0.0101 2.1114 0.7596 0.6466 
5.2701 0.0156 2.1101 0.7358 0.6501 
5.2701 0.0101 2.1114 0.7596 0.6466 
5.2722 0.0101 2.1101 0.7643 0.6370 
5.2851 0.0201 2.1101 0.7070 0.5798 
5.2901 0.0127 2.1101 0.7456 0.5525 
5.2901 0.0201 2.1130 0.6941 0.5546 
5.2944 0.0201 2.1101 0.7044 0.5339 
5.2901 0.0201 2.1130 0.6941 0.5546 
5.2901 0.0127 2.1101 0.7456 0.5525 
5.2529 0.0201 2.1101 0.7162 0.7365 
5.2501 0.0301 2.1104 0.6603 0.7571 
5.2501 0.0279 2.1101 0.6737 0.7556 
5.2529 0.0201 2.1101 0.7162 0.7365 
5.2601 0.0201 2.1127 0.7035 0.6995 
5.2501 0.0301 2.1104 0.6603 0.7571 
5.2601 0.0201 2.1127 0.7035 0.6995 
5.2601 0.0301 2.1106 0.6565 0.7074 
5.2501 0.0301 2.1104 0.6603 0.7571 
5.2701 0.0238 2.1101 0.6911 0.6546 
5.2601 0.0201 2.1127 0.7035 0.6995 
5.2672 0.0201 2.1101 0.7121 0.6667 
5.2701 0.0238 2.1101 0.6911 0.6546 
5.2701 0.0301 2.1119 0.6483 0.6572 
5.2601 0.0201 2.1127 0.7035 0.6995 
5.2701 0.0301 2.1119 0.6483 0.6572 
5.2601 0.0301 2.1106 0.6565 0.7074 
5.2601 0.0201 2.1127 0.7035 0.6995 
5.2774 0.0301 2.1101 0.6534 0.6218 
5.2701 0.0301 2.1119 0.6483 0.6572 
5.2701 0.0238 2.1101 0.6911 0.6546 
5.2901 0.0274 2.1101 0.6650 0.5578 
5.2851 0.0201 2.1101 0.7070 0.5798 
5.2901 0.0201 2.1130 0.6941 0.5546 
5.2901 0.0274 2.1101 0.6650 0.5578 
5.2901 0.0201 2.1130 0.6941 0.5546 
5.2944 0.0201 2.1101 0.7044 0.5339 
5.2601 0.0401 2.1116 0.5947 0.7134 
5.2501 0.0401 2.1108 0.6010 0.7645 
5.2601 0.0301 2.1106 0.6565 0.7074 
5.2601 0.0301 2.1106 0.6565 0.7074 
5.2501 0.0401 2.1108 0.6010 0.7645 
5.2501 0.0301 2.1104 0.6603 0.7571 
5.2701 0.0401 2.1117 0.5916 0.6631 
5.2601 0.0401 2.1116 0.5947 0.7134 
5.2701 0.0301 2.1119 0.6483 0.6572 
5.2701 0.0301 2.1119 0.6483 0.6572 
5.2601 0.0401 2.1116 0.5947 0.7134 
5.2601 0.0301 2.1106 0.6565 0.7074 
5.2780 0.0401 2.1101 0.5952 0.6241 
5.2701 0.0301 2.1119 0.6483 0.6572 
5.2774 0.0301 2.1101 0.6534 0.6218 
5.2701 0.0401 2.1117 0.5916 0.6631 
5.2701 0.0301 2.1119 0.6483 0.6572 
5.2780 0.0401 2.1101 0.5952 0.6241 
5.2822 0.0401 2.1101 0.5939 0.6026 
5.2901 0.0341 2.1101 0.6265 0.5603 
5.2901 0.0401 2.1117 0.5854 0.5622 
5.2929 0.0401 2.1101 0.5906 0.5483 
5.2901 0.0401 2.1117 0.5854 0.5622 
5.2901 0.0341 2.1101 0.6265 0.5603 
5.2501 0.0462 2.1101 0.5673 0.7700 
5.2601 0.0401 2.1116 0.5947 0.7134 
5.2601 0.0445 2.1101 0.5746 0.7177 
5.2501 0.0401 2.1108 0.6010 0.7645 
5.2601 0.0401 2.1116 0.5947 0.7134 
5.2501 0.0462 2.1101 0.5673 0.7700 
5.2601 0.0445 2.1101 0.5746 0.7177 
5.2701 0.0401 2.1117 0.5916 0.6631 
5.2701 0.0451 2.1101 0.5677 0.6670 
5.2601 0.0401 2.1116 0.5947 0.7134 
5.2701 0.0401 2.1117 0.5916 0.6631 
5.2601 0.0445 2.1101 0.5746 0.7177 
5.2701 0.0451 2.1101 0.5677 0.6670 
5.2701 0.0401 2.1117 0.5916 0.6631 
5.2780 0.0401 2.1101 0.5952 0.6241 
5.2901 0.0428 2.1101 0.5756 0.5636 
5.2822 0.0401 2.1101 0.5939 0.6026 
5.2901 0.0401 2.1117 0.5854 0.5622 
5.2901 0.0428 2.1101 0.5756 0.5636 
5.2901 0.0401 2.1117 0.5854 0.5622 
5.2929 0.0401 2.1101 0.5906 0.5483 
5.2201 0.0587 2.1101 0.5001 0.9374 
5.2198 0.0601 2.1101 0.4912 0.9405 
5.2101 0.0601 2.1064 0.5078 0.9980 
5.2201 0.0587 2.1101 0.5001 0.9374 
5.2101 0.0601 2.1064 0.5078 0.9980 
5.2201 0.0501 2.1095 0.5555 0.9283 
5.2201 0.0501 2.1095 0.5555 0.9283 
5.2101 0.0601 2.1064 0.5078 0.9980 
5.2101 0.0501 2.1097 0.5580 0.9793 
5.2207 0.0601 2.1101 0.4909 0.9361 
5.2201 0.0587 2.1101 0.5001 0.9374 
5.2201 0.0501 2.1095 0.5555 0.9283 
5.2207 0.0601 2.1101 0.4909 0.9361 
5.2201 0.0501 2.1095 0.5555 0.9283 
5.2301 0.0601 2.1084 0.4940 0.8892 
5.2301 0.0601 2.1084 0.4940 0.8892 
5.2201 0.0501 2.1095 0.5555 0.9283 
5.2301 0.0501 2.1084 0.5563 0.8783 
5.2401 0.0601 2.1099 0.4854 0.8346 
5.2301 0.0601 2.1084 0.4940 0.8892 
5.2401 0.0501 2.1060 0.5626 0.8296 
5.2401 0.0501 2.1060 0.5626 0.8296 
5.2301 0.0601 2.1084 0.4940 0.8892 
5.2301 0.0501 2.1084 0.5563 0.8783 
5.2501 0.0601 2.1090 0.4852 0.7829 
5.2401 0.0601 2.1099 0.4854 0.8346 
5.2501 0.0501 2.1097 0.5453 0.7737 
5.2501 0.0501 2.1097 0.5453 0.7737 
5.2401 0.0601 2.1099 0.4854 0.8346 
5.2401 0.0501 2.1060 0.5626 0.8296 
5.2198 0.0601 2.1101 0.4912 0.9405 
5.2201 0.0609 2.1101 0.4863 0.9400 
5.2201 0.0701 2.1088 0.4310 0.9535 
5.2198 0.0601 2.1101 0.4912 0.9405 
5.2201 0.0701 2.1088 0.4310 0.9535 
5.2101 0.0601 2.1064 0.5078 0.9980 
5.2201 0.0609 2.1101 0.4863 0.9400 
5.2207 0.0601 2.1101 0.4909 0.9361 
5.2301 0.0601 2.1084 0.4940 0.8892 
5.2201 0.0609 2.1101 0.4863 0.9400 
5.2301 0.0601 2.1084 0.4940 0.8892 
5.2201 0.0701 2.1088 0.4310 0.9535 
5.2201 0.0701 2.1088 0.4310 0.9535 
5.2301 0.0601 2.1084 0.4940 0.8892 
5.2301 0.0701 2.1085 0.4285 0.9002 
5.2401 0.0701 2.1088 0.4240 0.8459 
5.2301 0.0701 2.1085 0.4285 0.9002 
5.2401 0.0601 2.1099 0.4854 0.8346 
5.2401 0.0601 2.1099 0.4854 0.8346 
5.2301 0.0701 2.1085 0.4285 0.9002 
5.2301 0.0601 2.1084 0.4940 0.8892 
5.2501 0.0701 2.1071 0.4265 0.7939 
5.2401 0.0701 2.1088 0.4240 0.8459 
5.2501 0.0601 2.1090 0.4852 0.7829 
5.2501 0.0601 2.1090 0.4852 0.7829 
5.2401 0.0701 2.1088 0.4240 0.8459 
5.2401 0.0601 2.1099 0.4854 0.8346 
5.2301 0.0801 2.1076 0.3639 0.9134 
5.2201 0.0801 2.1083 0.3654 0.9673 
5.2301 0.0701 2.1085 0.4285 0.9002 
5.2301 0.0701 2.1085 0.4285 0.9002 
5.2201 0.0801 2.1083 0.3654 0.9673 
5.2201 0.0701 2.1088 0.4310 0.9535 
5.2401 0.0801 2.1093 0.3549 0.8558 
5.2301 0.0801 2.1076 0.3639 0.9134 
5.2401 0.0701 2.1088 0.4240 0.8459 
5.2401 0.0701 2.1088 0.4240 0.8459 
5.2301 0.0801 2.1076 0.3639 0.9134 
5.2301 0.0701 2.1085 0.4285 0.9002 
5.2501 0.0790 2.1101 0.3565 0.7988 
5.2469 0.0801 2.1101 0.3500 0.8177 
5.2401 0.0801 2.1093 0.3549 0.8558 
5.2501 0.0790 2.1101 0.3565 0.7988 
5.2401 0.0801 2.1093 0.3549 0.8558 
5.2501 0.0701 2.1071 0.4265 0.7939 
5.2501 0.0701 2.1071 0.4265 0.7939 
5.2401 0.0801 2.1093 0.3549 0.8558 
5.2401 0.0701 2.1088 0.4240 0.8459 
5.2301 0.0901 2.1062 0.2980 0.9281 
5.2201 0.0901 2.1049 0.3057 0.9873 
5.2301 0.0801 2.1076 0.3639 0.9134 
5.2301 0.0801 2.1076 0.3639 0.9134 
5.2201 0.0901 2.1049 0.3057 0.9873 
5.2201 0.0801 2.1083 0.3654 0.9673 
5.2401 0.0901 2.1078 0.2895 0.8689 
5.2301 0.0901 2.1062 0.2980 0.9281 
5.2401 0.0801 2.1093 0.3549 0.8558 
5.2401 0.0801 2.1093 0.3549 0.8558 
5.2301 0.0901 2.1062 0.2980 0.9281 
5.2301 0.0801 2.1076 0.3639 0.9134 
5.2469 0.0801 2.1101 0.3500 0.8177 
5.2486 0.0901 2.1101 0.2795 0.8180 
5.2401 0.0901 2.1078 0.2895 0.8689 
5.2401 0.0801 2.1093 0.3549 0.8558 
5.2469 0.0801 2.1101 0.3500 0.8177 
5.2401 0.0901 2.1078 0.2895 0.8689 
5.2301 0.1001 2.1091 0.2176 0.9361 
5.2201 0.1001 2.1071 0.2268 0.9975 
5.2301 0.0901 2.1062 0.2980 0.9281 
5.2301 0.0901 2.1062 0.2980 0.9281 
5.2201 0.1001 2.1071 0.2268 0.9975 
5.2201 0.0901 2.1049 0.3057 0.9873 
5.2401 0.1001 2.1086 0.2151 0.8793 
5.2301 0.1001 2.1091 0.2176 0.9361 
5.2401 0.0901 2.1078 0.2895 0.8689 
5.2401 0.0901 2.1078 0.2895 0.8689 
5.2301 0.1001 2.1091 0.2176 0.9361 
5.2301 0.0901 2.1062 0.2980 0.9281 
5.2486 0.0901 2.1101 0.2795 0.8180 
5.2501 0.0909 2.1101 0.2735 0.8103 
5.2501 0.1001 2.1052 0.2206 0.8261 
5.2486 0.0901 2.1101 0.2795 0.8180 
5.2501 0.1001 2.1052 0.2206 0.8261 
5.2401 0.0901 2.1078 0.2895 0.8689 
5.2401 0.0901 2.1078 0.2895 0.8689 
5.2501 0.1001 2.1052 0.2206 0.8261 
5.2401 0.1001 2.1086 0.2151 0.8793 
5.2198 0.0601 2.1101 0.4912 0.9405 
5.2201 0.0587 2.1101 0.5001 0.9374 
5.2201 0.0601 2.1102 0.4907 0.9389 
5.2207 0.0601 2.1101 0.4909 0.9361 
5.2201 0.0601 2.1102 0.4907 0.9389 
5.2201 0.0587 2.1101 0.5001 0.9374 
5.2201 0.0609 2.1101 0.4863 0.9400 
5.2198 0.0601 2.1101 0.4912 0.9405 
5.2201 0.0601 2.1102 0.4907 0.9389 
5.2201 0.0609 2.1101 0.4863 0.9400 
5.2201 0.0601 2.1102 0.4907 0.9389 
5.2207 0.0601 2.1101 0.4909 0.9361 
5.2469 0.0801 2.1101 0.3500 0.8177 
5.2501 0.0790 2.1101 0.3565 0.7988 
5.2501 0.0801 2.1105 0.3476 0.7994 
5.2501 0.0901 2.1105 0.2778 0.8090 
5.2469 0.0801 2.1101 0.3500 0.8177 
5.2501 0.0801 2.1105 0.3476 0.7994 
5.2486 0.0901 2.1101 0.2795 0.8180 
5.2469 0.0801 2.1101 0.3500 0.8177 
5.2501 0.0901 2.1105 0.2778 0.8090 
5.2501 0.0909 2.1101 0.2735 0.8103 
5.2486 0.0901 2.1101 0.2795 0.8180 
5.2501 0.0901 2.1105 0.2778 0.8090 
5.2601 0.0601 2.1061 0.4925 0.7325 
5.2501 0.0601 2.1090 0.4852 0.7829 
5.2601 0.0501 2.1081 0.5479 0.7233 
5.2601 0.0501 2.1081 0.5479 0.7233 
5.2501 0.0601 2.1090 0.4852 0.7829 
5.2501 0.0501 2.1097 0.5453 0.7737 
5.2701 0.0601 2.1089 0.4789 0.6771 
5.2601 0.0601 2.1061 0.4925 0.7325 
5.2701 0.0501 2.1085 0.5431 0.6710 
5.2701 0.0501 2.1085 0.5431 0.6710 
5.2601 0.0601 2.1061 0.4925 0.7325 
5.2601 0.0501 2.1081 0.5479 0.7233 
5.2801 0.0601 2.1085 0.4770 0.6242 
5.2701 0.0601 2.1089 0.4789 0.6771 
5.2801 0.0501 2.1081 0.5414 0.6191 
5.2801 0.0501 2.1081 0.5414 0.6191 
5.2701 0.0601 2.1089 0.4789 0.6771 
5.2701 0.0501 2.1085 0.5431 0.6710 
5.2901 0.0601 2.1094 0.4704 0.5708 
5.2801 0.0601 2.1085 0.4770 0.6242 
5.2901 0.0501 2.1057 0.5474 0.5675 
5.2901 0.0501 2.1057 0.5474 0.5675 
5.2801 0.0601 2.1085 0.4770 0.6242 
5.2801 0.0501 2.1081 0.5414 0.6191 
5.3001 0.0601 2.1064 0.4778 0.5178 
5.2901 0.0601 2.1094 0.4704 0.5708 
5.3001 0.0501 2.1061 0.5426 0.5148 
5.3001 0.0501 2.1061 0.5426 0.5148 
5.2901 0.0601 2.1094 0.4704 0.5708 
5.2901 0.0501 2.1057 0.5474 0.5675 
5.2601 0.0701 2.1072 0.4227 0.7394 
5.2501 0.0701 2.1071 0.4265 0.7939 
5.2601 0.0601 2.1061 0.4925 0.7325 
5.2601 0.0601 2.1061 0.4925 0.7325 
5.2501 0.0701 2.1071 0.4265 0.7939 
5.2501 0.0601 2.1090 0.4852 0.7829 
5.2701 0.0701 2.1069 0.4203 0.6851 
5.2601 0.0701 2.1072 0.4227 0.7394 
5.2701 0.0601 2.1089 0.4789 0.6771 
5.2701 0.0601 2.1089 0.4789 0.6771 
5.2601 0.0701 2.1072 0.4227 0.7394 
5.2601 0.0601 2.1061 0.4925 0.7325 
5.2801 0.0701 2.1078 0.4138 0.6301 
5.2701 0.0701 2.1069 0.4203 0.6851 
5.2801 0.0601 2.1085 0.4770 0.6242 
5.2801 0.0601 2.1085 0.4770 0.6242 
5.2701 0.0701 2.1069 0.4203 0.6851 
5.2701 0.0601 2.1089 0.4789 0.6771 
5.2901 0.0701 2.1091 0.4058 0.5752 
5.2801 0.0701 2.1078 0.4138 0.6301 
5.2901 0.0601 2.1094 0.4704 0.5708 
5.2901 0.0601 2.1094 0.4704 0.5708 
5.2801 0.0701 2.1078 0.4138 0.6301 
5.2801 0.0601 2.1085 0.4770 0.6242 
5.3001 0.0701 2.1078 0.4069 0.5209 
5.2901 0.0701 2.1091 0.4058 0.5752 
5.3001 0.0601 2.1064 0.4778 0.5178 
5.3001 0.0601 2.1064 0.4778 0.5178 
5.2901 0.0701 2.1091 0.4058 0.5752 
5.2901 0.0601 2.1094 0.4704 0.5708 
5.2542 0.0801 2.1101 0.3474 0.7775 
5.2501 0.0790 2.1101 0.3565 0.7988 
5.2501 0.0701 2.1071 0.4265 0.7939 
5.2542 0.0801 2.1101 0.3474 0.7775 
5.2501 0.0701 2.1071 0.4265 0.7939 
5.2601 0.0801 2.1095 0.3470 0.7454 
5.2601 0.0801 2.1095 0.3470 0.7454 
5.2501 0.0701 2.1071 0.4265 0.7939 
5.2601 0.0701 2.1072 0.4227 0.7394 
5.2701 0.0801 2.1090 0.3452 0.6906 
5.2601 0.0801 2.1095 0.3470 0.7454 
5.2701 0.0701 2.1069 0.4203 0.6851 
5.2701 0.0701 2.1069 0.4203 0.6851 
5.2601 0.0801 2.1095 0.3470 0.7454 
5.2601 0.0701 2.1072 0.4227 0.7394 
5.2801 0.0801 2.1049 0.3549 0.6374 
5.2701 0.0801 2.1090 0.3452 0.6906 
5.2801 0.0701 2.1078 0.4138 0.6301 
5.2801 0.0701 2.1078 0.4138 0.6301 
5.2701 0.0801 2.1090 0.3452 0.6906 
5.2701 0.0701 2.1069 0.4203 0.6851 
5.2901 0.0789 2.1101 0.3427 0.5788 
5.2899 0.0801 2.1101 0.3346 0.5807 
5.2801 0.0801 2.1049 0.3549 0.6374 
5.2901 0.0789 2.1101 0.3427 0.5788 
5.2801 0.0801 2.1049 0.3549 0.6374 
5.2901 0.0701 2.1091 0.4058 0.5752 
5.2901 0.0701 2.1091 0.4058 0.5752 
5.2801 0.0801 2.1049 0.3549 0.6374 
5.2801 0.0701 2.1078 0.4138 0.6301 
5.2904 0.0801 2.1101 0.3344 0.5775 
5.2901 0.0789 2.1101 0.3427 0.5788 
5.2901 0.0701 2.1091 0.4058 0.5752 
5.2904 0.0801 2.1101 0.3344 0.5775 
5.2901 0.0701 2.1091 0.4058 0.5752 
5.3001 0.0801 2.1062 0.3432 0.5243 
5.3001 0.0801 2.1062 0.3432 0.5243 
5.2901 0.0701 2.1091 0.4058 0.5752 
5.3001 0.0701 2.1078 0.4069 0.5209 
5.2601 0.0801 2.1095 0.3470 0.7454 
5.2601 0.0901 2.1080 0.2815 0.7554 
5.2517 0.0901 2.1101 0.2784 0.8003 
5.2542 0.0801 2.1101 0.3474 0.7775 
5.2601 0.0801 2.1095 0.3470 0.7454 
5.2517 0.0901 2.1101 0.2784 0.8003 
5.2701 0.0901 2.1074 0.2794 0.6991 
5.2601 0.0901 2.1080 0.2815 0.7554 
5.2701 0.0801 2.1090 0.3452 0.6906 
5.2701 0.0801 2.1090 0.3452 0.6906 
5.2601 0.0901 2.1080 0.2815 0.7554 
5.2601 0.0801 2.1095 0.3470 0.7454 
5.2801 0.0901 2.1064 0.2786 0.6426 
5.2701 0.0901 2.1074 0.2794 0.6991 
5.2801 0.0801 2.1049 0.3549 0.6374 
5.2801 0.0801 2.1049 0.3549 0.6374 
5.2701 0.0901 2.1074 0.2794 0.6991 
5.2701 0.0801 2.1090 0.3452 0.6906 
5.2899 0.0801 2.1101 0.3346 0.5807 
5.2901 0.0803 2.1101 0.3332 0.5794 
5.2901 0.0901 2.1030 0.2853 0.5864 
5.2899 0.0801 2.1101 0.3346 0.5807 
5.2901 0.0901 2.1030 0.2853 0.5864 
5.2801 0.0801 2.1049 0.3549 0.6374 
5.2801 0.0801 2.1049 0.3549 0.6374 
5.2901 0.0901 2.1030 0.2853 0.5864 
5.2801 0.0901 2.1064 0.2786 0.6426 
5.2901 0.0803 2.1101 0.3332 0.5794 
5.2904 0.0801 2.1101 0.3344 0.5775 
5.3001 0.0801 2.1062 0.3432 0.5243 
5.2901 0.0803 2.1101 0.3332 0.5794 
5.3001 0.0801 2.1062 0.3432 0.5243 
5.2901 0.0901 2.1030 0.2853 0.5864 
5.2901 0.0901 2.1030 0.2853 0.5864 
5.3001 0.0801 2.1062 0.3432 0.5243 
5.3001 0.0901 2.1051 0.2751 0.5279 
5.2501 0.0909 2.1101 0.2735 0.8103 
5.2517 0.0901 2.1101 0.2784 0.8003 
5.2601 0.0901 2.1080 0.2815 0.7554 
5.2501 0.0909 2.1101 0.2735 0.8103 
5.2601 0.0901 2.1080 0.2815 0.7554 
5.2501 0.1001 2.1052 0.2206 0.8261 
5.2501 0.1001 2.1052 0.2206 0.8261 
5.2601 0.0901 2.1080 0.2815 0.7554 
5.2601 0.1001 2.1041 0.2199 0.7686 
5.2701 0.1001 2.1067 0.2090 0.7074 
5.2601 0.1001 2.1041 0.2199 0.7686 
5.2701 0.0901 2.1074 0.2794 0.6991 
5.2701 0.0901 2.1074 0.2794 0.6991 
5.2601 0.1001 2.1041 0.2199 0.7686 
5.2601 0.0901 2.1080 0.2815 0.7554 
5.2801 0.1001 2.1047 0.2104 0.6500 
5.2701 0.1001 2.1067 0.2090 0.7074 
5.2801 0.0901 2.1064 0.2786 0.6426 
5.2801 0.0901 2.1064 0.2786 0.6426 
5.2701 0.1001 2.1067 0.2090 0.7074 
5.2701 0.0901 2.1074 0.2794 0.6991 
5.2901 0.1001 2.1033 0.2104 0.5914 
5.2801 0.1001 2.1047 0.2104 0.6500 
5.2901 0.0901 2.1030 0.2853 0.5864 
5.2901 0.0901 2.1030 0.2853 0.5864 
5.2801 0.1001 2.1047 0.2104 0.6500 
5.2801 0.0901 2.1064 0.2786 0.6426 
5.2977 0.1001 2.1001 0.2163 0.5468 
5.3001 0.0901 2.1051 0.2751 0.5279 
5.3001 0.0984 2.1001 0.2281 0.5316 
5.2977 0.1001 2.1001 0.2163 0.5468 
5.2901 0.1001 2.1033 0.2104 0.5914 
5.3001 0.0901 2.1051 0.2751 0.5279 
5.2901 0.1001 2.1033 0.2104 0.5914 
5.2901 0.0901 2.1030 0.2853 0.5864 
5.3001 0.0901 2.1051 0.2751 0.5279 
5.2542 0.0801 2.1101 0.3474 0.7775 
5.2501 0.0801 2.1105 0.3476 0.7994 
5.2501 0.0790 2.1101 0.3565 0.7988 
5.2899 0.0801 2.1101 0.3346 0.5807 
5.2901 0.0789 2.1101 0.3427 0.5788 
5.2901 0.0801 2.1102 0.3341 0.5793 
5.2904 0.0801 2.1101 0.3344 0.5775 
5.2901 0.0801 2.1102 0.3341 0.5793 
5.2901 0.0789 2.1101 0.3427 0.5788 
5.2517 0.0901 2.1101 0.2784 0.8003 
5.2501 0.0801 2.1105 0.3476 0.7994 
5.2542 0.0801 2.1101 0.3474 0.7775 
5.2501 0.0901 2.1105 0.2778 0.8090 
5.2501 0.0801 2.1105 0.3476 0.7994 
5.2517 0.0901 2.1101 0.2784 0.8003 
5.2901 0.0803 2.1101 0.3332 0.5794 
5.2899 0.0801 2.1101 0.3346 0.5807 
5.2901 0.0801 2.1102 0.3341 0.5793 
5.2901 0.0803 2.1101 0.3332 0.5794 
5.2901 0.0801 2.1102 0.3341 0.5793 
5.2904 0.0801 2.1101 0.3344 0.5775 
5.2501 0.0909 2.1101 0.2735 0.8103 
5.2501 0.0901 2.1105 0.2778 0.8090 
5.2517 0.0901 2.1101 0.2784 0.8003 
5.3401 -0.0199 2.0997 0.9447 0.3090 
5.3388 -0.0199 2.1001 0.9431 0.3154 
5.3401 -0.0207 2.1001 0.9465 0.3093 
5.3501 -0.0199 2.0975 0.9528 0.2605 
5.3401 -0.0199 2.0997 0.9447 0.3090 
5.3401 -0.0207 2.1001 0.9465 0.3093 
5.3501 -0.0256 2.1001 0.9678 0.2638 
5.3501 -0.0199 2.0975 0.9528 0.2605 
5.3401 -0.0207 2.1001 0.9465 0.3093 
5.3401 -0.0199 2.0997 0.9447 0.3090 
5.3401 -0.0195 2.1001 0.9407 0.3092 
5.3388 -0.0199 2.1001 0.9431 0.3154 
5.3401 -0.0199 2.0997 0.9447 0.3090 
5.3501 -0.0199 2.0975 0.9528 0.2605 
5.3501 -0.0172 2.1001 0.9273 0.2621 
5.3401 -0.0195 2.1001 0.9407 0.3092 
5.3401 -0.0199 2.0997 0.9447 0.3090 
5.3501 -0.0172 2.1001 0.9273 0.2621 
5.3564 -0.0199 2.1001 0.9387 0.2334 
5.3501 -0.0199 2.0975 0.9528 0.2605 
5.3501 -0.0256 2.1001 0.9678 0.2638 
5.3701 -0.0199 2.0961 0.9544 0.1661 
5.3629 -0.0199 2.1001 0.9371 0.2035 
5.3701 -0.0265 2.1001 0.9673 0.1729 
5.3801 -0.0199 2.0957 0.9535 0.1208 
5.3701 -0.0199 2.0961 0.9544 0.1661 
5.3701 -0.0265 2.1001 0.9673 0.1729 
5.3801 -0.0284 2.1001 0.9736 0.1296 
5.3801 -0.0199 2.0957 0.9535 0.1208 
5.3701 -0.0265 2.1001 0.9673 0.1729 
5.3901 -0.0199 2.0904 0.9772 0.0742 
5.3801 -0.0199 2.0957 0.9535 0.1208 
5.3801 -0.0284 2.1001 0.9736 0.1296 
5.3901 -0.0259 2.1001 0.9590 0.0876 
5.3901 -0.0199 2.0904 0.9772 0.0742 
5.3801 -0.0284 2.1001 0.9736 0.1296 
5.4001 -0.0199 2.0917 0.9682 0.0530 
5.3901 -0.0199 2.0904 0.9772 0.0742 
5.3901 -0.0259 2.1001 0.9590 0.0876 
5.4001 -0.0260 2.1001 0.9571 0.0574 
5.4001 -0.0199 2.0917 0.9682 0.0530 
5.3901 -0.0259 2.1001 0.9590 0.0876 
5.3501 -0.0172 2.1001 0.9273 0.2621 
5.3501 -0.0199 2.0975 0.9528 0.2605 
5.3564 -0.0199 2.1001 0.9387 0.2334 
5.3701 -0.0199 2.0961 0.9544 0.1661 
5.3701 -0.0166 2.1001 0.9192 0.1692 
5.3629 -0.0199 2.1001 0.9371 0.2035 
5.3701 -0.0199 2.0961 0.9544 0.1661 
5.3801 -0.0199 2.0957 0.9535 0.1208 
5.3801 -0.0167 2.1001 0.9171 0.1245 
5.3701 -0.0166 2.1001 0.9192 0.1692 
5.3701 -0.0199 2.0961 0.9544 0.1661 
5.3801 -0.0167 2.1001 0.9171 0.1245 
5.3801 -0.0199 2.0957 0.9535 0.1208 
5.3901 -0.0199 2.0904 0.9772 0.0742 
5.3901 -0.0125 2.1001 0.8934 0.0815 
5.3801 -0.0167 2.1001 0.9171 0.1245 
5.3801 -0.0199 2.0957 0.9535 0.1208 
5.3901 -0.0125 2.1001 0.8934 0.0815 
5.3901 -0.0199 2.0904 0.9772 0.0742 
5.4001 -0.0199 2.0917 0.9682 0.0530 
5.4001 -0.0120 2.1001 0.8884 0.0544 
5.3901 -0.0125 2.1001 0.8934 0.0815 
5.3901 -0.0199 2.0904 0.9772 0.0742 
5.4001 -0.0120 2.1001 0.8884 0.0544 
5.3701 0.0001 2.0994 0.8372 0.1618 
5.3656 0.0001 2.1001 0.8352 0.1837 
5.3701 -0.0007 2.1001 0.8382 0.1630 
5.3801 0.0001 2.0992 0.8354 0.1157 
5.3701 0.0001 2.0994 0.8372 0.1618 
5.3701 -0.0007 2.1001 0.8382 0.1630 
5.3801 -0.0008 2.1001 0.8359 0.1172 
5.3801 0.0001 2.0992 0.8354 0.1157 
5.3701 -0.0007 2.1001 0.8382 0.1630 
5.3811 0.0001 2.1001 0.8309 0.1123 
5.3801 0.0001 2.0992 0.8354 0.1157 
5.3801 -0.0008 2.1001 0.8359 0.1172 
5.3701 0.0001 2.0994 0.8372 0.1618 
5.3701 0.0101 2.0998 0.7817 0.1582 
5.3691 0.0101 2.1001 0.7806 0.1636 
5.3656 0.0001 2.1001 0.8352 0.1837 
5.3701 0.0001 2.0994 0.8372 0.1618 
5.3691 0.0101 2.1001 0.7806 0.1636 
5.3801 0.0101 2.0986 0.7840 0.1102 
5.3701 0.0101 2.0998 0.7817 0.1582 
5.3801 0.0001 2.0992 0.8354 0.1157 
5.3801 0.0001 2.0992 0.8354 0.1157 
5.3701 0.0101 2.0998 0.7817 0.1582 
5.3701 0.0001 2.0994 0.8372 0.1618 
5.3811 0.0001 2.1001 0.8309 0.1123 
5.3901 0.0067 2.1001 0.7930 0.0729 
5.3901 0.0101 2.0960 0.7929 0.0672 
5.3811 0.0001 2.1001 0.8309 0.1123 
5.3901 0.0101 2.0960 0.7929 0.0672 
5.3801 0.0001 2.0992 0.8354 0.1157 
5.3801 0.0001 2.0992 0.8354 0.1157 
5.3901 0.0101 2.0960 0.7929 0.0672 
5.3801 0.0101 2.0986 0.7840 0.1102 
5.3701 0.0101 2.0998 0.7817 0.1582 
5.3701 0.0107 2.1001 0.7768 0.1583 
5.3691 0.0101 2.1001 0.7806 0.1636 
5.3701 0.0101 2.0998 0.7817 0.1582 
5.3801 0.0101 2.0986 0.7840 0.1102 
5.3801 0.0114 2.1001 0.7704 0.1114 
5.3701 0.0107 2.1001 0.7768 0.1583 
5.3701 0.0101 2.0998 0.7817 0.1582 
5.3801 0.0114 2.1001 0.7704 0.1114 
5.3801 0.0101 2.0986 0.7840 0.1102 
5.3901 0.0101 2.0960 0.7929 0.0672 
5.3901 0.0148 2.1001 0.7485 0.0694 
5.3801 0.0114 2.1001 0.7704 0.1114 
5.3801 0.0101 2.0986 0.7840 0.1102 
5.3901 0.0148 2.1001 0.7485 0.0694 
5.3901 0.0401 2.0955 0.6182 0.0562 
5.3860 0.0401 2.1001 0.6007 0.0725 
5.3901 0.0351 2.1001 0.6302 0.0612 
5.3901 0.0401 2.0955 0.6182 0.0562 
5.3901 0.0457 2.1001 0.5642 0.0576 
5.3860 0.0401 2.1001 0.6007 0.0725 
5.3079 0.1001 2.1001 0.2123 0.4851 
5.3001 0.1001 2.0991 0.2182 0.5323 
5.3001 0.0984 2.1001 0.2281 0.5316 
5.3601 0.0601 2.0993 0.4834 0.1877 
5.3562 0.0601 2.1001 0.4818 0.2095 
5.3601 0.0587 2.1001 0.4898 0.1891 
5.3701 0.0601 2.0999 0.4778 0.1353 
5.3601 0.0601 2.0993 0.4834 0.1877 
5.3601 0.0587 2.1001 0.4898 0.1891 
5.3701 0.0595 2.1001 0.4813 0.1359 
5.3701 0.0601 2.0999 0.4778 0.1353 
5.3601 0.0587 2.1001 0.4898 0.1891 
5.3801 0.0601 2.0990 0.4778 0.0850 
5.3701 0.0601 2.0999 0.4778 0.1353 
5.3701 0.0595 2.1001 0.4813 0.1359 
5.3801 0.0587 2.1001 0.4831 0.0872 
5.3801 0.0601 2.0990 0.4778 0.0850 
5.3701 0.0595 2.1001 0.4813 0.1359 
5.3840 0.0601 2.1001 0.4722 0.0705 
5.3801 0.0601 2.0990 0.4778 0.0850 
5.3801 0.0587 2.1001 0.4831 0.0872 
5.3601 0.0601 2.0993 0.4834 0.1877 
5.3601 0.0620 2.1001 0.4678 0.1878 
5.3562 0.0601 2.1001 0.4818 0.2095 
5.3601 0.0601 2.0993 0.4834 0.1877 
5.3701 0.0601 2.0999 0.4778 0.1353 
5.3701 0.0605 2.1001 0.4743 0.1353 
5.3601 0.0620 2.1001 0.4678 0.1878 
5.3601 0.0601 2.0993 0.4834 0.1877 
5.3701 0.0605 2.1001 0.4743 0.1353 
5.3701 0.0601 2.0999 0.4778 0.1353 
5.3801 0.0601 2.0990 0.4778 0.0850 
5.3801 0.0621 2.1001 0.4600 0.0854 
5.3701 0.0605 2.1001 0.4743 0.1353 
5.3701 0.0601 2.0999 0.4778 0.1353 
5.3801 0.0621 2.1001 0.4600 0.0854 
5.3801 0.0621 2.1001 0.4600 0.0854 
5.3801 0.0601 2.0990 0.4778 0.0850 
5.3840 0.0601 2.1001 0.4722 0.0705 
5.3701 0.0801 2.0981 0.3438 0.1222 
5.3668 0.0801 2.1001 0.3384 0.1428 
5.3701 0.0774 2.1001 0.3571 0.1266 
5.3735 0.0801 2.1001 0.3359 0.1072 
5.3701 0.0801 2.0981 0.3438 0.1222 
5.3701 0.0774 2.1001 0.3571 0.1266 
5.3701 0.0801 2.0981 0.3438 0.1222 
5.3701 0.0821 2.1001 0.3228 0.1240 
5.3668 0.0801 2.1001 0.3384 0.1428 
5.3701 0.0821 2.1001 0.3228 0.1240 
5.3701 0.0801 2.0981 0.3438 0.1222 
5.3735 0.0801 2.1001 0.3359 0.1072 
5.3101 -0.0199 2.1033 0.9351 0.4502 
5.3001 -0.0199 2.1026 0.9411 0.4965 
5.3001 -0.0290 2.1101 0.9494 0.4946 
5.3101 -0.0253 2.1101 0.9301 0.4506 
5.3101 -0.0199 2.1033 0.9351 0.4502 
5.3001 -0.0290 2.1101 0.9494 0.4946 
5.3201 -0.0199 2.1030 0.9343 0.4038 
5.3101 -0.0199 2.1033 0.9351 0.4502 
5.3101 -0.0253 2.1101 0.9301 0.4506 
5.3201 -0.0275 2.1101 0.9378 0.4056 
5.3201 -0.0199 2.1030 0.9343 0.4038 
5.3101 -0.0253 2.1101 0.9301 0.4506 
5.3201 -0.0275 2.1101 0.9378 0.4056 
5.3257 -0.0299 2.1101 0.9475 0.3805 
5.3301 -0.0299 2.1084 0.9542 0.3601 
5.3201 -0.0275 2.1101 0.9378 0.4056 
5.3301 -0.0299 2.1084 0.9542 0.3601 
5.3201 -0.0199 2.1030 0.9343 0.4038 
5.3201 -0.0199 2.1030 0.9343 0.4038 
5.3301 -0.0299 2.1084 0.9542 0.3601 
5.3301 -0.0199 2.1028 0.9328 0.3573 
5.3388 -0.0199 2.1001 0.9431 0.3154 
5.3401 -0.0299 2.1049 0.9676 0.3134 
5.3401 -0.0207 2.1001 0.9465 0.3093 
5.3388 -0.0199 2.1001 0.9431 0.3154 
5.3301 -0.0199 2.1028 0.9328 0.3573 
5.3401 -0.0299 2.1049 0.9676 0.3134 
5.3301 -0.0199 2.1028 0.9328 0.3573 
5.3301 -0.0299 2.1084 0.9542 0.3601 
5.3401 -0.0299 2.1049 0.9676 0.3134 
5.3401 -0.0207 2.1001 0.9465 0.3093 
5.3501 -0.0299 2.1021 0.9786 0.2661 
5.3501 -0.0256 2.1001 0.9678 0.2638 
5.3401 -0.0299 2.1049 0.9676 0.3134 
5.3501 -0.0299 2.1021 0.9786 0.2661 
5.3401 -0.0207 2.1001 0.9465 0.3093 
5.3101 -0.0131 2.1101 0.8720 0.4523 
5.3013 -0.0099 2.1101 0.8584 0.4933 
5.3001 -0.0099 2.1097 0.8607 0.4989 
5.3101 -0.0131 2.1101 0.8720 0.4523 
5.3001 -0.0099 2.1097 0.8607 0.4989 
5.3101 -0.0199 2.1033 0.9351 0.4502 
5.3101 -0.0199 2.1033 0.9351 0.4502 
5.3001 -0.0099 2.1097 0.8607 0.4989 
5.3001 -0.0199 2.1026 0.9411 0.4965 
5.3168 -0.0099 2.1101 0.8545 0.4217 
5.3101 -0.0131 2.1101 0.8720 0.4523 
5.3101 -0.0199 2.1033 0.9351 0.4502 
5.3168 -0.0099 2.1101 0.8545 0.4217 
5.3101 -0.0199 2.1033 0.9351 0.4502 
5.3201 -0.0099 2.1085 0.8605 0.4061 
5.3201 -0.0099 2.1085 0.8605 0.4061 
5.3101 -0.0199 2.1033 0.9351 0.4502 
5.3201 -0.0199 2.1030 0.9343 0.4038 
5.3301 -0.0099 2.1073 0.8632 0.3591 
5.3201 -0.0099 2.1085 0.8605 0.4061 
5.3301 -0.0199 2.1028 0.9328 0.3573 
5.3301 -0.0199 2.1028 0.9328 0.3573 
5.3201 -0.0099 2.1085 0.8605 0.4061 
5.3201 -0.0199 2.1030 0.9343 0.4038 
5.3401 -0.0195 2.1001 0.9407 0.3092 
5.3301 -0.0199 2.1028 0.9328 0.3573 
5.3388 -0.0199 2.1001 0.9431 0.3154 
5.3401 -0.0195 2.1001 0.9407 0.3092 
5.3401 -0.0099 2.1087 0.8544 0.3134 
5.3301 -0.0199 2.1028 0.9328 0.3573 
5.3401 -0.0099 2.1087 0.8544 0.3134 
5.3301 -0.0099 2.1073 0.8632 0.3591 
5.3301 -0.0199 2.1028 0.9328 0.3573 
5.3501 -0.0172 2.1001 0.9273 0.2621 
5.3401 -0.0099 2.1087 0.8544 0.3134 
5.3401 -0.0195 2.1001 0.9407 0.3092 
5.3501 -0.0099 2.1074 0.8579 0.2662 
5.3401 -0.0099 2.1087 0.8544 0.3134 
5.3501 -0.0172 2.1001 0.9273 0.2621 
5.3013 -0.0099 2.1101 0.8584 0.4933 
5.3101 -0.0031 2.1101 0.8222 0.4538 
5.3101 0.0001 2.1086 0.8125 0.4540 
5.3013 -0.0099 2.1101 0.8584 0.4933 
5.3101 0.0001 2.1086 0.8125 0.4540 
5.3001 -0.0099 2.1097 0.8607 0.4989 
5.3001 -0.0099 2.1097 0.8607 0.4989 
5.3101 0.0001 2.1086 0.8125 0.4540 
5.3001 0.0001 2.1077 0.8189 0.5013 
5.3101 -0.0031 2.1101 0.8222 0.4538 
5.3168 -0.0099 2.1101 0.8545 0.4217 
5.3201 -0.0099 2.1085 0.8605 0.4061 
5.3101 -0.0031 2.1101 0.8222 0.4538 
5.3201 -0.0099 2.1085 0.8605 0.4061 
5.3101 0.0001 2.1086 0.8125 0.4540 
5.3101 0.0001 2.1086 0.8125 0.4540 
5.3201 -0.0099 2.1085 0.8605 0.4061 
5.3201 0.0001 2.1065 0.8188 0.4061 
5.3301 0.0001 2.1069 0.8147 0.3586 
5.3201 0.0001 2.1065 0.8188 0.4061 
5.3301 -0.0099 2.1073 0.8632 0.3591 
5.3301 -0.0099 2.1073 0.8632 0.3591 
5.3201 0.0001 2.1065 0.8188 0.4061 
5.3201 -0.0099 2.1085 0.8605 0.4061 
5.3401 0.0001 2.1062 0.8150 0.3107 
5.3301 0.0001 2.1069 0.8147 0.3586 
5.3401 -0.0099 2.1087 0.8544 0.3134 
5.3401 -0.0099 2.1087 0.8544 0.3134 
5.3301 0.0001 2.1069 0.8147 0.3586 
5.3301 -0.0099 2.1073 0.8632 0.3591 
5.3501 0.0001 2.1008 0.8363 0.2588 
5.3401 0.0001 2.1062 0.8150 0.3107 
5.3501 -0.0099 2.1074 0.8579 0.2662 
5.3501 -0.0099 2.1074 0.8579 0.2662 
5.3401 0.0001 2.1062 0.8150 0.3107 
5.3401 -0.0099 2.1087 0.8544 0.3134 
5.3101 -0.0341 2.1101 0.9705 0.4494 
5.3001 -0.0299 2.1109 0.9502 0.4945 
5.3001 -0.0311 2.1101 0.9591 0.4942 
5.3101 -0.0299 2.1158 0.9261 0.4509 
5.3001 -0.0299 2.1109 0.9502 0.4945 
5.3101 -0.0341 2.1101 0.9705 0.4494 
5.3201 -0.0327 2.1101 0.9615 0.4053 
5.3101 -0.0299 2.1158 0.9261 0.4509 
5.3101 -0.0341 2.1101 0.9705 0.4494 
5.3201 -0.0299 2.1123 0.9389 0.4061 
5.3101 -0.0299 2.1158 0.9261 0.4509 
5.3201 -0.0327 2.1101 0.9615 0.4053 
5.3257 -0.0299 2.1101 0.9475 0.3805 
5.3201 -0.0299 2.1123 0.9389 0.4061 
5.3201 -0.0327 2.1101 0.9615 0.4053 
5.3001 -0.0290 2.1101 0.9494 0.4946 
5.3101 -0.0299 2.1158 0.9261 0.4509 
5.3101 -0.0253 2.1101 0.9301 0.4506 
5.3001 -0.0299 2.1109 0.9502 0.4945 
5.3101 -0.0299 2.1158 0.9261 0.4509 
5.3001 -0.0290 2.1101 0.9494 0.4946 
5.3101 -0.0253 2.1101 0.9301 0.4506 
5.3201 -0.0299 2.1123 0.9389 0.4061 
5.3201 -0.0275 2.1101 0.9378 0.4056 
5.3101 -0.0299 2.1158 0.9261 0.4509 
5.3201 -0.0299 2.1123 0.9389 0.4061 
5.3101 -0.0253 2.1101 0.9301 0.4506 
5.3201 -0.0275 2.1101 0.9378 0.4056 
5.3201 -0.0299 2.1123 0.9389 0.4061 
5.3257 -0.0299 2.1101 0.9475 0.3805 
5.3013 -0.0099 2.1101 0.8584 0.4933 
5.3101 -0.0131 2.1101 0.8720 0.4523 
5.3101 -0.0099 2.1133 0.8422 0.4533 
5.3168 -0.0099 2.1101 0.8545 0.4217 
5.3101 -0.0099 2.1133 0.8422 0.4533 
5.3101 -0.0131 2.1101 0.8720 0.4523 
5.3101 -0.0031 2.1101 0.8222 0.4538 
5.3013 -0.0099 2.1101 0.8584 0.4933 
5.3101 -0.0099 2.1133 0.8422 0.4533 
5.3101 -0.0031 2.1101 0.8222 0.4538 
5.3101 -0.0099 2.1133 0.8422 0.4533 
5.3168 -0.0099 2.1101 0.8545 0.4217 
5.3501 -0.0256 2.1001 0.9678 0.2638 
5.3601 -0.0199 2.1016 0.9305 0.2177 
5.3564 -0.0199 2.1001 0.9387 0.2334 
5.3501 -0.0256 2.1001 0.9678 0.2638 
5.3501 -0.0299 2.1021 0.9786 0.2661 
5.3601 -0.0199 2.1016 0.9305 0.2177 
5.3501 -0.0299 2.1021 0.9786 0.2661 
5.3601 -0.0299 2.1014 0.9792 0.2203 
5.3601 -0.0199 2.1016 0.9305 0.2177 
5.3629 -0.0199 2.1001 0.9371 0.2035 
5.3701 -0.0299 2.1021 0.9735 0.1762 
5.3701 -0.0265 2.1001 0.9673 0.1729 
5.3629 -0.0199 2.1001 0.9371 0.2035 
5.3601 -0.0199 2.1016 0.9305 0.2177 
5.3701 -0.0299 2.1021 0.9735 0.1762 
5.3601 -0.0199 2.1016 0.9305 0.2177 
5.3601 -0.0299 2.1014 0.9792 0.2203 
5.3701 -0.0299 2.1021 0.9735 0.1762 
5.3701 -0.0265 2.1001 0.9673 0.1729 
5.3801 -0.0299 2.1009 0.9770 0.1311 
5.3801 -0.0284 2.1001 0.9736 0.1296 
5.3701 -0.0299 2.1021 0.9735 0.1762 
5.3801 -0.0299 2.1009 0.9770 0.1311 
5.3701 -0.0265 2.1001 0.9673 0.1729 
5.3801 -0.0284 2.1001 0.9736 0.1296 
5.3901 -0.0299 2.1067 0.9475 0.0967 
5.3901 -0.0259 2.1001 0.9590 0.0876 
5.3801 -0.0299 2.1009 0.9770 0.1311 
5.3901 -0.0299 2.1067 0.9475 0.0967 
5.3801 -0.0284 2.1001 0.9736 0.1296 
5.3901 -0.0259 2.1001 0.9590 0.0876 
5.4001 -0.0299 2.1055 0.9504 0.0624 
5.4001 -0.0260 2.1001 0.9571 0.0574 
5.3901 -0.0299 2.1067 0.9475 0.0967 
5.4001 -0.0299 2.1055 0.9504 0.0624 
5.3901 -0.0259 2.1001 0.9590 0.0876 
5.3564 -0.0199 2.1001 0.9387 0.2334 
5.3601 -0.0199 2.1016 0.9305 0.2177 
5.3601 -0.0125 2.1101 0.8561 0.2232 
5.3501 -0.0172 2.1001 0.9273 0.2621 
5.3564 -0.0199 2.1001 0.9387 0.2334 
5.3601 -0.0125 2.1101 0.8561 0.2232 
5.3501 -0.0172 2.1001 0.9273 0.2621 
5.3601 -0.0125 2.1101 0.8561 0.2232 
5.3549 -0.0099 2.1101 0.8447 0.2461 
5.3501 -0.0172 2.1001 0.9273 0.2621 
5.3549 -0.0099 2.1101 0.8447 0.2461 
5.3501 -0.0099 2.1074 0.8579 0.2662 
5.3664 -0.0099 2.1101 0.8417 0.1939 
5.3601 -0.0125 2.1101 0.8561 0.2232 
5.3601 -0.0199 2.1016 0.9305 0.2177 
5.3701 -0.0099 2.1084 0.8484 0.1754 
5.3664 -0.0099 2.1101 0.8417 0.1939 
5.3601 -0.0199 2.1016 0.9305 0.2177 
5.3701 -0.0099 2.1084 0.8484 0.1754 
5.3601 -0.0199 2.1016 0.9305 0.2177 
5.3629 -0.0199 2.1001 0.9371 0.2035 
5.3701 -0.0099 2.1084 0.8484 0.1754 
5.3629 -0.0199 2.1001 0.9371 0.2035 
5.3701 -0.0166 2.1001 0.9192 0.1692 
5.3801 -0.0167 2.1001 0.9171 0.1245 
5.3701 -0.0099 2.1084 0.8484 0.1754 
5.3701 -0.0166 2.1001 0.9192 0.1692 
5.3801 -0.0099 2.1095 0.8408 0.1323 
5.3701 -0.0099 2.1084 0.8484 0.1754 
5.3801 -0.0167 2.1001 0.9171 0.1245 
5.3901 -0.0125 2.1001 0.8934 0.0815 
5.3801 -0.0099 2.1095 0.8408 0.1323 
5.3801 -0.0167 2.1001 0.9171 0.1245 
5.3901 -0.0099 2.1035 0.8649 0.0841 
5.3801 -0.0099 2.1095 0.8408 0.1323 
5.3901 -0.0125 2.1001 0.8934 0.0815 
5.4001 -0.0120 2.1001 0.8884 0.0544 
5.3901 -0.0099 2.1035 0.8649 0.0841 
5.3901 -0.0125 2.1001 0.8934 0.0815 
5.4001 -0.0099 2.1024 0.8673 0.0549 
5.3901 -0.0099 2.1035 0.8649 0.0841 
5.4001 -0.0120 2.1001 0.8884 0.0544 
5.3549 -0.0099 2.1101 0.8447 0.2461 
5.3601 -0.0075 2.1101 0.8312 0.2218 
5.3601 0.0001 2.1010 0.8326 0.2110 
5.3549 -0.0099 2.1101 0.8447 0.2461 
5.3601 0.0001 2.1010 0.8326 0.2110 
5.3501 -0.0099 2.1074 0.8579 0.2662 
5.3501 -0.0099 2.1074 0.8579 0.2662 
5.3601 0.0001 2.1010 0.8326 0.2110 
5.3501 0.0001 2.1008 0.8363 0.2588 
5.3701 -0.0099 2.1084 0.8484 0.1754 
5.3601 -0.0075 2.1101 0.8312 0.2218 
5.3664 -0.0099 2.1101 0.8417 0.1939 
5.3701 -0.0007 2.1001 0.8382 0.1630 
5.3601 -0.0075 2.1101 0.8312 0.2218 
5.3701 -0.0099 2.1084 0.8484 0.1754 
5.3701 -0.0007 2.1001 0.8382 0.1630 
5.3601 0.0001 2.1010 0.8326 0.2110 
5.3601 -0.0075 2.1101 0.8312 0.2218 
5.3701 -0.0007 2.1001 0.8382 0.1630 
5.3656 0.0001 2.1001 0.8352 0.1837 
5.3601 0.0001 2.1010 0.8326 0.2110 
5.3701 -0.0007 2.1001 0.8382 0.1630 
5.3801 -0.0099 2.1095 0.8408 0.1323 
5.3801 -0.0008 2.1001 0.8359 0.1172 
5.3701 -0.0099 2.1084 0.8484 0.1754 
5.3801 -0.0099 2.1095 0.8408 0.1323 
5.3701 -0.0007 2.1001 0.8382 0.1630 
5.3801 -0.0008 2.1001 0.8359 0.1172 
5.3901 0.0001 2.1081 0.7932 0.0848 
5.3811 0.0001 2.1001 0.8309 0.1123 
5.3801 -0.0008 2.1001 0.8359 0.1172 
5.3801 -0.0099 2.1095 0.8408 0.1323 
5.3901 0.0001 2.1081 0.7932 0.0848 
5.3801 -0.0099 2.1095 0.8408 0.1323 
5.3901 -0.0099 2.1035 0.8649 0.0841 
5.3901 0.0001 2.1081 0.7932 0.0848 
5.4001 0.0001 2.1089 0.7872 0.0561 
5.3901 0.0001 2.1081 0.7932 0.0848 
5.4001 -0.0099 2.1024 0.8673 0.0549 
5.4001 -0.0099 2.1024 0.8673 0.0549 
5.3901 0.0001 2.1081 0.7932 0.0848 
5.3901 -0.0099 2.1035 0.8649 0.0841 
5.3549 -0.0099 2.1101 0.8447 0.2461 
5.3601 -0.0125 2.1101 0.8561 0.2232 
5.3601 -0.0099 2.1130 0.8307 0.2251 
5.3664 -0.0099 2.1101 0.8417 0.1939 
5.3601 -0.0099 2.1130 0.8307 0.2251 
5.3601 -0.0125 2.1101 0.8561 0.2232 
5.3601 -0.0075 2.1101 0.8312 0.2218 
5.3549 -0.0099 2.1101 0.8447 0.2461 
5.3601 -0.0099 2.1130 0.8307 0.2251 
5.3601 -0.0075 2.1101 0.8312 0.2218 
5.3601 -0.0099 2.1130 0.8307 0.2251 
5.3664 -0.0099 2.1101 0.8417 0.1939 
5.3101 0.0101 2.1082 0.7621 0.4555 
5.3001 0.0101 2.1018 0.7927 0.5038 
5.3101 0.0001 2.1086 0.8125 0.4540 
5.3101 0.0001 2.1086 0.8125 0.4540 
5.3001 0.0101 2.1018 0.7927 0.5038 
5.3001 0.0001 2.1077 0.8189 0.5013 
5.3201 0.0101 2.1091 0.7555 0.4075 
5.3101 0.0101 2.1082 0.7621 0.4555 
5.3201 0.0001 2.1065 0.8188 0.4061 
5.3201 0.0001 2.1065 0.8188 0.4061 
5.3101 0.0101 2.1082 0.7621 0.4555 
5.3101 0.0001 2.1086 0.8125 0.4540 
5.3301 0.0101 2.1062 0.7650 0.3580 
5.3201 0.0101 2.1091 0.7555 0.4075 
5.3301 0.0001 2.1069 0.8147 0.3586 
5.3301 0.0001 2.1069 0.8147 0.3586 
5.3201 0.0101 2.1091 0.7555 0.4075 
5.3201 0.0001 2.1065 0.8188 0.4061 
5.3401 0.0101 2.1067 0.7599 0.3098 
5.3301 0.0101 2.1062 0.7650 0.3580 
5.3401 0.0001 2.1062 0.8150 0.3107 
5.3401 0.0001 2.1062 0.8150 0.3107 
5.3301 0.0101 2.1062 0.7650 0.3580 
5.3301 0.0001 2.1069 0.8147 0.3586 
5.3501 0.0101 2.1060 0.7600 0.2609 
5.3401 0.0101 2.1067 0.7599 0.3098 
5.3501 0.0001 2.1008 0.8363 0.2588 
5.3501 0.0001 2.1008 0.8363 0.2588 
5.3401 0.0101 2.1067 0.7599 0.3098 
5.3401 0.0001 2.1062 0.8150 0.3107 
5.3101 0.0201 2.1093 0.7030 0.4573 
5.3001 0.0201 2.1064 0.7181 0.5063 
5.3101 0.0101 2.1082 0.7621 0.4555 
5.3101 0.0101 2.1082 0.7621 0.4555 
5.3001 0.0201 2.1064 0.7181 0.5063 
5.3001 0.0101 2.1018 0.7927 0.5038 
5.3201 0.0173 2.1101 0.7122 0.4083 
5.3167 0.0201 2.1101 0.6980 0.4250 
5.3101 0.0201 2.1093 0.7030 0.4573 
5.3201 0.0173 2.1101 0.7122 0.4083 
5.3101 0.0201 2.1093 0.7030 0.4573 
5.3201 0.0101 2.1091 0.7555 0.4075 
5.3201 0.0101 2.1091 0.7555 0.4075 
5.3101 0.0201 2.1093 0.7030 0.4573 
5.3101 0.0101 2.1082 0.7621 0.4555 
5.3206 0.0201 2.1101 0.6969 0.4063 
5.3201 0.0173 2.1101 0.7122 0.4083 
5.3201 0.0101 2.1091 0.7555 0.4075 
5.3206 0.0201 2.1101 0.6969 0.4063 
5.3201 0.0101 2.1091 0.7555 0.4075 
5.3301 0.0201 2.1018 0.7291 0.3554 
5.3301 0.0201 2.1018 0.7291 0.3554 
5.3201 0.0101 2.1091 0.7555 0.4075 
5.3301 0.0101 2.1062 0.7650 0.3580 
5.3401 0.0201 2.1058 0.7089 0.3079 
5.3301 0.0201 2.1018 0.7291 0.3554 
5.3401 0.0101 2.1067 0.7599 0.3098 
5.3401 0.0101 2.1067 0.7599 0.3098 
5.3301 0.0201 2.1018 0.7291 0.3554 
5.3301 0.0101 2.1062 0.7650 0.3580 
5.3501 0.0201 2.1078 0.6978 0.2601 
5.3401 0.0201 2.1058 0.7089 0.3079 
5.3501 0.0101 2.1060 0.7600 0.2609 
5.3501 0.0101 2.1060 0.7600 0.2609 
5.3401 0.0201 2.1058 0.7089 0.3079 
5.3401 0.0101 2.1067 0.7599 0.3098 
5.3101 0.0224 2.1101 0.6873 0.4578 
5.3027 0.0301 2.1101 0.6459 0.4962 
5.3001 0.0301 2.1092 0.6502 0.5090 
5.3101 0.0224 2.1101 0.6873 0.4578 
5.3001 0.0301 2.1092 0.6502 0.5090 
5.3101 0.0201 2.1093 0.7030 0.4573 
5.3101 0.0201 2.1093 0.7030 0.4573 
5.3001 0.0301 2.1092 0.6502 0.5090 
5.3001 0.0201 2.1064 0.7181 0.5063 
5.3167 0.0201 2.1101 0.6980 0.4250 
5.3201 0.0208 2.1101 0.6931 0.4086 
5.3201 0.0301 2.1050 0.6614 0.4075 
5.3167 0.0201 2.1101 0.6980 0.4250 
5.3201 0.0301 2.1050 0.6614 0.4075 
5.3101 0.0201 2.1093 0.7030 0.4573 
5.3135 0.0301 2.1101 0.6427 0.4423 
5.3101 0.0224 2.1101 0.6873 0.4578 
5.3201 0.0301 2.1050 0.6614 0.4075 
5.3101 0.0224 2.1101 0.6873 0.4578 
5.3101 0.0201 2.1093 0.7030 0.4573 
5.3201 0.0301 2.1050 0.6614 0.4075 
5.3201 0.0208 2.1101 0.6931 0.4086 
5.3206 0.0201 2.1101 0.6969 0.4063 
5.3301 0.0201 2.1018 0.7291 0.3554 
5.3201 0.0208 2.1101 0.6931 0.4086 
5.3301 0.0201 2.1018 0.7291 0.3554 
5.3201 0.0301 2.1050 0.6614 0.4075 
5.3201 0.0301 2.1050 0.6614 0.4075 
5.3301 0.0201 2.1018 0.7291 0.3554 
5.3301 0.0301 2.1075 0.6480 0.3580 
5.3401 0.0301 2.1013 0.6707 0.3033 
5.3301 0.0301 2.1075 0.6480 0.3580 
5.3401 0.0201 2.1058 0.7089 0.3079 
5.3401 0.0201 2.1058 0.7089 0.3079 
5.3301 0.0301 2.1075 0.6480 0.3580 
5.3301 0.0201 2.1018 0.7291 0.3554 
5.3501 0.0301 2.1012 0.6678 0.2521 
5.3401 0.0301 2.1013 0.6707 0.3033 
5.3501 0.0201 2.1078 0.6978 0.2601 
5.3501 0.0201 2.1078 0.6978 0.2601 
5.3401 0.0301 2.1013 0.6707 0.3033 
5.3401 0.0201 2.1058 0.7089 0.3079 
5.3027 0.0301 2.1101 0.6459 0.4962 
5.3101 0.0347 2.1101 0.6171 0.4599 
5.3101 0.0401 2.1070 0.5972 0.4604 
5.3027 0.0301 2.1101 0.6459 0.4962 
5.3101 0.0401 2.1070 0.5972 0.4604 
5.3001 0.0301 2.1092 0.6502 0.5090 
5.3001 0.0301 2.1092 0.6502 0.5090 
5.3101 0.0401 2.1070 0.5972 0.4604 
5.3001 0.0401 2.1060 0.6042 0.5118 
5.3101 0.0347 2.1101 0.6171 0.4599 
5.3135 0.0301 2.1101 0.6427 0.4423 
5.3201 0.0301 2.1050 0.6614 0.4075 
5.3101 0.0347 2.1101 0.6171 0.4599 
5.3201 0.0301 2.1050 0.6614 0.4075 
5.3101 0.0401 2.1070 0.5972 0.4604 
5.3101 0.0401 2.1070 0.5972 0.4604 
5.3201 0.0301 2.1050 0.6614 0.4075 
5.3201 0.0401 2.1060 0.5980 0.4086 
5.3301 0.0401 2.1066 0.5926 0.3572 
5.3201 0.0401 2.1060 0.5980 0.4086 
5.3301 0.0301 2.1075 0.6480 0.3580 
5.3301 0.0301 2.1075 0.6480 0.3580 
5.3201 0.0401 2.1060 0.5980 0.4086 
5.3201 0.0301 2.1050 0.6614 0.4075 
5.3401 0.0401 2.1068 0.5886 0.3059 
5.3301 0.0401 2.1066 0.5926 0.3572 
5.3401 0.0301 2.1013 0.6707 0.3033 
5.3401 0.0301 2.1013 0.6707 0.3033 
5.3301 0.0401 2.1066 0.5926 0.3572 
5.3301 0.0301 2.1075 0.6480 0.3580 
5.3501 0.0378 2.1101 0.5865 0.2580 
5.3456 0.0401 2.1101 0.5742 0.2800 
5.3401 0.0401 2.1068 0.5886 0.3059 
5.3501 0.0378 2.1101 0.5865 0.2580 
5.3401 0.0401 2.1068 0.5886 0.3059 
5.3501 0.0301 2.1012 0.6678 0.2521 
5.3501 0.0301 2.1012 0.6678 0.2521 
5.3401 0.0401 2.1068 0.5886 0.3059 
5.3401 0.0301 2.1013 0.6707 0.3033 
5.3101 0.0501 2.1032 0.5505 0.4616 
5.3001 0.0501 2.1061 0.5426 0.5148 
5.3101 0.0401 2.1070 0.5972 0.4604 
5.3101 0.0401 2.1070 0.5972 0.4604 
5.3001 0.0501 2.1061 0.5426 0.5148 
5.3001 0.0401 2.1060 0.6042 0.5118 
5.3201 0.0501 2.1056 0.5381 0.4091 
5.3101 0.0501 2.1032 0.5505 0.4616 
5.3201 0.0401 2.1060 0.5980 0.4086 
5.3201 0.0401 2.1060 0.5980 0.4086 
5.3101 0.0501 2.1032 0.5505 0.4616 
5.3101 0.0401 2.1070 0.5972 0.4604 
5.3301 0.0501 2.1097 0.5197 0.3585 
5.3201 0.0501 2.1056 0.5381 0.4091 
5.3301 0.0401 2.1066 0.5926 0.3572 
5.3301 0.0401 2.1066 0.5926 0.3572 
5.3201 0.0501 2.1056 0.5381 0.4091 
5.3201 0.0401 2.1060 0.5980 0.4086 
5.3401 0.0501 2.1061 0.5296 0.3039 
5.3301 0.0501 2.1097 0.5197 0.3585 
5.3401 0.0401 2.1068 0.5886 0.3059 
5.3401 0.0401 2.1068 0.5886 0.3059 
5.3301 0.0501 2.1097 0.5197 0.3585 
5.3301 0.0401 2.1066 0.5926 0.3572 
5.3456 0.0401 2.1101 0.5742 0.2800 
5.3501 0.0423 2.1101 0.5596 0.2569 
5.3501 0.0501 2.1007 0.5470 0.2463 
5.3456 0.0401 2.1101 0.5742 0.2800 
5.3501 0.0501 2.1007 0.5470 0.2463 
5.3401 0.0401 2.1068 0.5886 0.3059 
5.3401 0.0401 2.1068 0.5886 0.3059 
5.3501 0.0501 2.1007 0.5470 0.2463 
5.3401 0.0501 2.1061 0.5296 0.3039 
5.3167 0.0201 2.1101 0.6980 0.4250 
5.3201 0.0173 2.1101 0.7122 0.4083 
5.3201 0.0201 2.1105 0.6954 0.4086 
5.3206 0.0201 2.1101 0.6969 0.4063 
5.3201 0.0201 2.1105 0.6954 0.4086 
5.3201 0.0173 2.1101 0.7122 0.4083 
5.3027 0.0301 2.1101 0.6459 0.4962 
5.3101 0.0224 2.1101 0.6873 0.4578 
5.3101 0.0301 2.1127 0.6334 0.4595 
5.3135 0.0301 2.1101 0.6427 0.4423 
5.3101 0.0301 2.1127 0.6334 0.4595 
5.3101 0.0224 2.1101 0.6873 0.4578 
5.3201 0.0208 2.1101 0.6931 0.4086 
5.3167 0.0201 2.1101 0.6980 0.4250 
5.3201 0.0201 2.1105 0.6954 0.4086 
5.3201 0.0208 2.1101 0.6931 0.4086 
5.3201 0.0201 2.1105 0.6954 0.4086 
5.3206 0.0201 2.1101 0.6969 0.4063 
5.3101 0.0347 2.1101 0.6171 0.4599 
5.3027 0.0301 2.1101 0.6459 0.4962 
5.3101 0.0301 2.1127 0.6334 0.4595 
5.3101 0.0347 2.1101 0.6171 0.4599 
5.3101 0.0301 2.1127 0.6334 0.4595 
5.3135 0.0301 2.1101 0.6427 0.4423 
5.3456 0.0401 2.1101 0.5742 0.2800 
5.3501 0.0378 2.1101 0.5865 0.2580 
5.3501 0.0401 2.1127 0.5629 0.2597 
5.3501 0.0423 2.1101 0.5596 0.2569 
5.3456 0.0401 2.1101 0.5742 0.2800 
5.3501 0.0401 2.1127 0.5629 0.2597 
5.3601 0.0101 2.1028 0.7710 0.2096 
5.3501 0.0101 2.1060 0.7600 0.2609 
5.3601 0.0001 2.1010 0.8326 0.2110 
5.3601 0.0001 2.1010 0.8326 0.2110 
5.3501 0.0101 2.1060 0.7600 0.2609 
5.3501 0.0001 2.1008 0.8363 0.2588 
5.3691 0.0101 2.1001 0.7806 0.1636 
5.3601 0.0001 2.1010 0.8326 0.2110 
5.3656 0.0001 2.1001 0.8352 0.1837 
5.3601 0.0101 2.1028 0.7710 0.2096 
5.3601 0.0001 2.1010 0.8326 0.2110 
5.3691 0.0101 2.1001 0.7806 0.1636 
5.3901 0.0067 2.1001 0.7930 0.0729 
5.3811 0.0001 2.1001 0.8309 0.1123 
5.3901 0.0001 2.1081 0.7932 0.0848 
5.3901 0.0001 2.1081 0.7932 0.0848 
5.4001 0.0001 2.1089 0.7872 0.0561 
5.3901 0.0067 2.1001 0.7930 0.0729 
5.3601 0.0201 2.1072 0.6974 0.2107 
5.3501 0.0201 2.1078 0.6978 0.2601 
5.3601 0.0101 2.1028 0.7710 0.2096 
5.3601 0.0101 2.1028 0.7710 0.2096 
5.3501 0.0201 2.1078 0.6978 0.2601 
5.3501 0.0101 2.1060 0.7600 0.2609 
5.3701 0.0107 2.1001 0.7768 0.1583 
5.3601 0.0101 2.1028 0.7710 0.2096 
5.3691 0.0101 2.1001 0.7806 0.1636 
5.3701 0.0107 2.1001 0.7768 0.1583 
5.3701 0.0201 2.1048 0.7045 0.1598 
5.3601 0.0101 2.1028 0.7710 0.2096 
5.3701 0.0201 2.1048 0.7045 0.1598 
5.3601 0.0201 2.1072 0.6974 0.2107 
5.3601 0.0101 2.1028 0.7710 0.2096 
5.3801 0.0114 2.1001 0.7704 0.1114 
5.3701 0.0201 2.1048 0.7045 0.1598 
5.3701 0.0107 2.1001 0.7768 0.1583 
5.3801 0.0201 2.1101 0.6797 0.1196 
5.3701 0.0201 2.1048 0.7045 0.1598 
5.3801 0.0114 2.1001 0.7704 0.1114 
5.3901 0.0148 2.1001 0.7485 0.0694 
5.3801 0.0201 2.1101 0.6797 0.1196 
5.3801 0.0114 2.1001 0.7704 0.1114 
5.3901 0.0201 2.1047 0.6991 0.0719 
5.3801 0.0201 2.1101 0.6797 0.1196 
5.3901 0.0148 2.1001 0.7485 0.0694 
5.3601 0.0301 2.1051 0.6486 0.2053 
5.3501 0.0301 2.1012 0.6678 0.2521 
5.3601 0.0201 2.1072 0.6974 0.2107 
5.3601 0.0201 2.1072 0.6974 0.2107 
5.3501 0.0301 2.1012 0.6678 0.2521 
5.3501 0.0201 2.1078 0.6978 0.2601 
5.3701 0.0301 2.1059 0.6426 0.1568 
5.3601 0.0301 2.1051 0.6486 0.2053 
5.3701 0.0201 2.1048 0.7045 0.1598 
5.3701 0.0201 2.1048 0.7045 0.1598 
5.3601 0.0301 2.1051 0.6486 0.2053 
5.3601 0.0201 2.1072 0.6974 0.2107 
5.3801 0.0301 2.1076 0.6324 0.1118 
5.3701 0.0301 2.1059 0.6426 0.1568 
5.3801 0.0201 2.1101 0.6797 0.1196 
5.3801 0.0201 2.1101 0.6797 0.1196 
5.3701 0.0301 2.1059 0.6426 0.1568 
5.3701 0.0201 2.1048 0.7045 0.1598 
5.3901 0.0301 2.1046 0.6415 0.0675 
5.3801 0.0301 2.1076 0.6324 0.1118 
5.3901 0.0201 2.1047 0.6991 0.0719 
5.3901 0.0201 2.1047 0.6991 0.0719 
5.3801 0.0301 2.1076 0.6324 0.1118 
5.3801 0.0201 2.1101 0.6797 0.1196 
5.3557 0.0401 2.1101 0.5711 0.2292 
5.3501 0.0378 2.1101 0.5865 0.2580 
5.3501 0.0301 2.1012 0.6678 0.2521 
5.3557 0.0401 2.1101 0.5711 0.2292 
5.3501 0.0301 2.1012 0.6678 0.2521 
5.3601 0.0401 2.1080 0.5777 0.2049 
5.3601 0.0401 2.1080 0.5777 0.2049 
5.3501 0.0301 2.1012 0.6678 0.2521 
5.3601 0.0301 2.1051 0.6486 0.2053 
5.3701 0.0401 2.1092 0.5701 0.1564 
5.3601 0.0401 2.1080 0.5777 0.2049 
5.3701 0.0301 2.1059 0.6426 0.1568 
5.3701 0.0301 2.1059 0.6426 0.1568 
5.3601 0.0401 2.1080 0.5777 0.2049 
5.3601 0.0301 2.1051 0.6486 0.2053 
5.3801 0.0401 2.1066 0.5768 0.1055 
5.3701 0.0401 2.1092 0.5701 0.1564 
5.3801 0.0301 2.1076 0.6324 0.1118 
5.3801 0.0301 2.1076 0.6324 0.1118 
5.3701 0.0401 2.1092 0.5701 0.1564 
5.3701 0.0301 2.1059 0.6426 0.1568 
5.3860 0.0401 2.1001 0.6007 0.0725 
5.3901 0.0301 2.1046 0.6415 0.0675 
5.3901 0.0351 2.1001 0.6302 0.0612 
5.3860 0.0401 2.1001 0.6007 0.0725 
5.3801 0.0401 2.1066 0.5768 0.1055 
5.3901 0.0301 2.1046 0.6415 0.0675 
5.3801 0.0401 2.1066 0.5768 0.1055 
5.3801 0.0301 2.1076 0.6324 0.1118 
5.3901 0.0301 2.1046 0.6415 0.0675 
5.3501 0.0423 2.1101 0.5596 0.2569 
5.3557 0.0401 2.1101 0.5711 0.2292 
5.3601 0.0401 2.1080 0.5777 0.2049 
5.3501 0.0423 2.1101 0.5596 0.2569 
5.3601 0.0401 2.1080 0.5777 0.2049 
5.3501 0.0501 2.1007 0.5470 0.2463 
5.3501 0.0501 2.1007 0.5470 0.2463 
5.3601 0.0401 2.1080 0.5777 0.2049 
5.3601 0.0501 2.1049 0.5277 0.1979 
5.3701 0.0501 2.1034 0.5302 0.1447 
5.3601 0.0501 2.1049 0.5277 0.1979 
5.3701 0.0401 2.1092 0.5701 0.1564 
5.3701 0.0401 2.1092 0.5701 0.1564 
5.3601 0.0501 2.1049 0.5277 0.1979 
5.3601 0.0401 2.1080 0.5777 0.2049 
5.3801 0.0501 2.1070 0.5131 0.1009 
5.3701 0.0501 2.1034 0.5302 0.1447 
5.3801 0.0401 2.1066 0.5768 0.1055 
5.3801 0.0401 2.1066 0.5768 0.1055 
5.3701 0.0501 2.1034 0.5302 0.1447 
5.3701 0.0401 2.1092 0.5701 0.1564 
5.3901 0.0457 2.1001 0.5642 0.0576 
5.3801 0.0401 2.1066 0.5768 0.1055 
5.3860 0.0401 2.1001 0.6007 0.0725 
5.3901 0.0457 2.1001 0.5642 0.0576 
5.3901 0.0501 2.1037 0.5223 0.0590 
5.3801 0.0401 2.1066 0.5768 0.1055 
5.3901 0.0501 2.1037 0.5223 0.0590 
5.3801 0.0501 2.1070 0.5131 0.1009 
5.3801 0.0401 2.1066 0.5768 0.1055 
5.3557 0.0401 2.1101 0.5711 0.2292 
5.3501 0.0401 2.1127 0.5629 0.2597 
5.3501 0.0378 2.1101 0.5865 0.2580 
5.3501 0.0423 2.1101 0.5596 0.2569 
5.3501 0.0401 2.1127 0.5629 0.2597 
5.3557 0.0401 2.1101 0.5711 0.2292 
5.3101 0.0590 2.1101 0.4683 0.4643 
5.3082 0.0601 2.1101 0.4619 0.4745 
5.3001 0.0601 2.1064 0.4778 0.5178 
5.3101 0.0590 2.1101 0.4683 0.4643 
5.3001 0.0601 2.1064 0.4778 0.5178 
5.3101 0.0501 2.1032 0.5505 0.4616 
5.3101 0.0501 2.1032 0.5505 0.4616 
5.3001 0.0601 2.1064 0.4778 0.5178 
5.3001 0.0501 2.1061 0.5426 0.5148 
5.3153 0.0601 2.1101 0.4595 0.4372 
5.3101 0.0590 2.1101 0.4683 0.4643 
5.3101 0.0501 2.1032 0.5505 0.4616 
5.3153 0.0601 2.1101 0.4595 0.4372 
5.3101 0.0501 2.1032 0.5505 0.4616 
5.3201 0.0601 2.1093 0.4607 0.4112 
5.3201 0.0601 2.1093 0.4607 0.4112 
5.3101 0.0501 2.1032 0.5505 0.4616 
5.3201 0.0501 2.1056 0.5381 0.4091 
5.3301 0.0601 2.1101 0.4546 0.3584 
5.3301 0.0601 2.1101 0.4546 0.3584 
5.3201 0.0601 2.1093 0.4607 0.4112 
5.3301 0.0601 2.1101 0.4546 0.3584 
5.3201 0.0601 2.1093 0.4607 0.4112 
5.3301 0.0501 2.1097 0.5197 0.3585 
5.3301 0.0501 2.1097 0.5197 0.3585 
5.3201 0.0601 2.1093 0.4607 0.4112 
5.3201 0.0501 2.1056 0.5381 0.4091 
5.3301 0.0601 2.1101 0.4546 0.3584 
5.3301 0.0601 2.1101 0.4546 0.3584 
5.3301 0.0501 2.1097 0.5197 0.3585 
5.3301 0.0601 2.1101 0.4546 0.3584 
5.3301 0.0501 2.1097 0.5197 0.3585 
5.3401 0.0601 2.1058 0.4663 0.3022 
5.3401 0.0601 2.1058 0.4663 0.3022 
5.3301 0.0501 2.1097 0.5197 0.3585 
5.3401 0.0501 2.1061 0.5296 0.3039 
5.3501 0.0601 2.1013 0.4794 0.2441 
5.3401 0.0601 2.1058 0.4663 0.3022 
5.3501 0.0501 2.1007 0.5470 0.2463 
5.3501 0.0501 2.1007 0.5470 0.2463 
5.3401 0.0601 2.1058 0.4663 0.3022 
5.3401 0.0501 2.1061 0.5296 0.3039 
5.3082 0.0601 2.1101 0.4619 0.4745 
5.3101 0.0627 2.1101 0.4442 0.4651 
5.3101 0.0701 2.1077 0.4035 0.4662 
5.3082 0.0601 2.1101 0.4619 0.4745 
5.3101 0.0701 2.1077 0.4035 0.4662 
5.3001 0.0601 2.1064 0.4778 0.5178 
5.3001 0.0601 2.1064 0.4778 0.5178 
5.3101 0.0701 2.1077 0.4035 0.4662 
5.3001 0.0701 2.1078 0.4069 0.5209 
5.3101 0.0627 2.1101 0.4442 0.4651 
5.3153 0.0601 2.1101 0.4595 0.4372 
5.3201 0.0601 2.1093 0.4607 0.4112 
5.3101 0.0627 2.1101 0.4442 0.4651 
5.3201 0.0601 2.1093 0.4607 0.4112 
5.3101 0.0701 2.1077 0.4035 0.4662 
5.3101 0.0701 2.1077 0.4035 0.4662 
5.3201 0.0601 2.1093 0.4607 0.4112 
5.3201 0.0701 2.1068 0.4032 0.4111 
5.3301 0.0601 2.1101 0.4546 0.3584 
5.3301 0.0601 2.1101 0.4546 0.3584 
5.3301 0.0701 2.1082 0.3948 0.3570 
5.3301 0.0601 2.1101 0.4546 0.3584 
5.3301 0.0701 2.1082 0.3948 0.3570 
5.3201 0.0601 2.1093 0.4607 0.4112 
5.3201 0.0601 2.1093 0.4607 0.4112 
5.3301 0.0701 2.1082 0.3948 0.3570 
5.3201 0.0701 2.1068 0.4032 0.4111 
5.3301 0.0601 2.1101 0.4546 0.3584 
5.3301 0.0601 2.1101 0.4546 0.3584 
5.3401 0.0601 2.1058 0.4663 0.3022 
5.3301 0.0601 2.1101 0.4546 0.3584 
5.3401 0.0601 2.1058 0.4663 0.3022 
5.3301 0.0701 2.1082 0.3948 0.3570 
5.3301 0.0701 2.1082 0.3948 0.3570 
5.3401 0.0601 2.1058 0.4663 0.3022 
5.3401 0.0701 2.1074 0.3940 0.3018 
5.3501 0.0701 2.1062 0.3945 0.2461 
5.3401 0.0701 2.1074 0.3940 0.3018 
5.3501 0.0601 2.1013 0.4794 0.2441 
5.3501 0.0601 2.1013 0.4794 0.2441 
5.3401 0.0701 2.1074 0.3940 0.3018 
5.3401 0.0601 2.1058 0.4663 0.3022 
5.3101 0.0801 2.1061 0.3400 0.4680 
5.3001 0.0801 2.1062 0.3432 0.5243 
5.3101 0.0701 2.1077 0.4035 0.4662 
5.3101 0.0701 2.1077 0.4035 0.4662 
5.3001 0.0801 2.1062 0.3432 0.5243 
5.3001 0.0701 2.1078 0.4069 0.5209 
5.3201 0.0801 2.1068 0.3342 0.4120 
5.3101 0.0801 2.1061 0.3400 0.4680 
5.3201 0.0701 2.1068 0.4032 0.4111 
5.3201 0.0701 2.1068 0.4032 0.4111 
5.3101 0.0801 2.1061 0.3400 0.4680 
5.3101 0.0701 2.1077 0.4035 0.4662 
5.3301 0.0801 2.1087 0.3245 0.3569 
5.3201 0.0801 2.1068 0.3342 0.4120 
5.3301 0.0701 2.1082 0.3948 0.3570 
5.3301 0.0701 2.1082 0.3948 0.3570 
5.3201 0.0801 2.1068 0.3342 0.4120 
5.3201 0.0701 2.1068 0.4032 0.4111 
5.3401 0.0801 2.1067 0.3270 0.2996 
5.3301 0.0801 2.1087 0.3245 0.3569 
5.3401 0.0701 2.1074 0.3940 0.3018 
5.3401 0.0701 2.1074 0.3940 0.3018 
5.3301 0.0801 2.1087 0.3245 0.3569 
5.3301 0.0701 2.1082 0.3948 0.3570 
5.3501 0.0801 2.1070 0.3223 0.2440 
5.3401 0.0801 2.1067 0.3270 0.2996 
5.3501 0.0701 2.1062 0.3945 0.2461 
5.3501 0.0701 2.1062 0.3945 0.2461 
5.3401 0.0801 2.1067 0.3270 0.2996 
5.3401 0.0701 2.1074 0.3940 0.3018 
5.3101 0.0901 2.1009 0.2842 0.4695 
5.3001 0.0901 2.1051 0.2751 0.5279 
5.3101 0.0801 2.1061 0.3400 0.4680 
5.3101 0.0801 2.1061 0.3400 0.4680 
5.3001 0.0901 2.1051 0.2751 0.5279 
5.3001 0.0801 2.1062 0.3432 0.5243 
5.3201 0.0901 2.1046 0.2689 0.4121 
5.3101 0.0901 2.1009 0.2842 0.4695 
5.3201 0.0801 2.1068 0.3342 0.4120 
5.3201 0.0801 2.1068 0.3342 0.4120 
5.3101 0.0901 2.1009 0.2842 0.4695 
5.3101 0.0801 2.1061 0.3400 0.4680 
5.3301 0.0901 2.1052 0.2634 0.3544 
5.3201 0.0901 2.1046 0.2689 0.4121 
5.3301 0.0801 2.1087 0.3245 0.3569 
5.3301 0.0801 2.1087 0.3245 0.3569 
5.3201 0.0901 2.1046 0.2689 0.4121 
5.3201 0.0801 2.1068 0.3342 0.4120 
5.3401 0.0901 2.1043 0.2623 0.2959 
5.3301 0.0901 2.1052 0.2634 0.3544 
5.3401 0.0801 2.1067 0.3270 0.2996 
5.3401 0.0801 2.1067 0.3270 0.2996 
5.3301 0.0901 2.1052 0.2634 0.3544 
5.3301 0.0801 2.1087 0.3245 0.3569 
5.3501 0.0901 2.1036 0.2606 0.2374 
5.3401 0.0901 2.1043 0.2623 0.2959 
5.3501 0.0801 2.1070 0.3223 0.2440 
5.3501 0.0801 2.1070 0.3223 0.2440 
5.3401 0.0901 2.1043 0.2623 0.2959 
5.3401 0.0801 2.1067 0.3270 0.2996 
5.3001 0.0984 2.1001 0.2281 0.5316 
5.3101 0.1001 2.1004 0.2106 0.4718 
5.3079 0.1001 2.1001 0.2123 0.4851 
5.3001 0.0984 2.1001 0.2281 0.5316 
5.3001 0.0901 2.1051 0.2751 0.5279 
5.3101 0.1001 2.1004 0.2106 0.4718 
5.3001 0.0901 2.1051 0.2751 0.5279 
5.3101 0.0901 2.1009 0.2842 0.4695 
5.3101 0.1001 2.1004 0.2106 0.4718 
5.3201 0.1001 2.1040 0.1970 0.4127 
5.3101 0.1001 2.1004 0.2106 0.4718 
5.3201 0.0901 2.1046 0.2689 0.4121 
5.3201 0.0901 2.1046 0.2689 0.4121 
5.3101 0.1001 2.1004 0.2106 0.4718 
5.3101 0.0901 2.1009 0.2842 0.4695 
5.3301 0.1001 2.1033 0.1949 0.3528 
5.3201 0.1001 2.1040 0.1970 0.4127 
5.3301 0.0901 2.1052 0.2634 0.3544 
5.3301 0.0901 2.1052 0.2634 0.3544 
5.3201 0.1001 2.1040 0.1970 0.4127 
5.3201 0.0901 2.1046 0.2689 0.4121 
5.3401 0.1001 2.1058 0.1846 0.2953 
5.3301 0.1001 2.1033 0.1949 0.3528 
5.3401 0.0901 2.1043 0.2623 0.2959 
5.3401 0.0901 2.1043 0.2623 0.2959 
5.3301 0.1001 2.1033 0.1949 0.3528 
5.3301 0.0901 2.1052 0.2634 0.3544 
5.3501 0.1001 2.1046 0.1839 0.2352 
5.3401 0.1001 2.1058 0.1846 0.2953 
5.3501 0.0901 2.1036 0.2606 0.2374 
5.3501 0.0901 2.1036 0.2606 0.2374 
5.3401 0.1001 2.1058 0.1846 0.2953 
5.3401 0.0901 2.1043 0.2623 0.2959 
5.3082 0.0601 2.1101 0.4619 0.4745 
5.3101 0.0590 2.1101 0.4683 0.4643 
5.3101 0.0601 2.1109 0.4583 0.4647 
5.3153 0.0601 2.1101 0.4595 0.4372 
5.3101 0.0601 2.1109 0.4583 0.4647 
5.3101 0.0590 2.1101 0.4683 0.4643 
5.3301 0.0601 2.1101 0.4546 0.3584 
5.3301 0.0601 2.1101 0.4546 0.3584 
5.3301 0.0601 2.1101 0.4546 0.3584 
5.3301 0.0601 2.1101 0.4546 0.3584 
5.3301 0.0601 2.1101 0.4546 0.3584 
5.3301 0.0601 2.1101 0.4546 0.3584 
5.3101 0.0627 2.1101 0.4442 0.4651 
5.3082 0.0601 2.1101 0.4619 0.4745 
5.3101 0.0601 2.1109 0.4583 0.4647 
5.3101 0.0627 2.1101 0.4442 0.4651 
5.3101 0.0601 2.1109 0.4583 0.4647 
5.3153 0.0601 2.1101 0.4595 0.4372 
5.3301 0.0601 2.1101 0.4546 0.3584 
5.3301 0.0601 2.1101 0.4546 0.3584 
5.3301 0.0601 2.1101 0.4546 0.3584 
5.3301 0.0601 2.1101 0.4546 0.3584 
5.3301 0.0601 2.1101 0.4546 0.3584 
5.3301 0.0601 2.1101 0.4546 0.3584 
5.3562 0.0601 2.1001 0.4818 0.2095 
5.3601 0.0501 2.1049 0.5277 0.1979 
5.3601 0.0587 2.1001 0.4898 0.1891 
5.3562 0.0601 2.1001 0.4818 0.2095 
5.3501 0.0601 2.1013 0.4794 0.2441 
5.3601 0.0501 2.1049 0.5277 0.1979 
5.3501 0.0601 2.1013 0.4794 0.2441 
5.3501 0.0501 2.1007 0.5470 0.2463 
5.3601 0.0501 2.1049 0.5277 0.1979 
5.3601 0.0587 2.1001 0.4898 0.1891 
5.3701 0.0501 2.1034 0.5302 0.1447 
5.3701 0.0595 2.1001 0.4813 0.1359 
5.3601 0.0501 2.1049 0.5277 0.1979 
5.3701 0.0501 2.1034 0.5302 0.1447 
5.3601 0.0587 2.1001 0.4898 0.1891 
5.3701 0.0595 2.1001 0.4813 0.1359 
5.3801 0.0501 2.1070 0.5131 0.1009 
5.3801 0.0587 2.1001 0.4831 0.0872 
5.3701 0.0501 2.1034 0.5302 0.1447 
5.3801 0.0501 2.1070 0.5131 0.1009 
5.3701 0.0595 2.1001 0.4813 0.1359 
5.3801 0.0587 2.1001 0.4831 0.0872 
5.3901 0.0601 2.1019 0.4633 0.0550 
5.3840 0.0601 2.1001 0.4722 0.0705 
5.3801 0.0587 2.1001 0.4831 0.0872 
5.3801 0.0501 2.1070 0.5131 0.1009 
5.3901 0.0601 2.1019 0.4633 0.0550 
5.3801 0.0501 2.1070 0.5131 0.1009 
5.3901 0.0501 2.1037 0.5223 0.0590 
5.3901 0.0601 2.1019 0.4633 0.0550 
5.3601 0.0620 2.1001 0.4678 0.1878 
5.3501 0.0601 2.1013 0.4794 0.2441 
5.3562 0.0601 2.1001 0.4818 0.2095 
5.3601 0.0620 2.1001 0.4678 0.1878 
5.3601 0.0701 2.1034 0.4005 0.1885 
5.3501 0.0601 2.1013 0.4794 0.2441 
5.3601 0.0701 2.1034 0.4005 0.1885 
5.3501 0.0701 2.1062 0.3945 0.2461 
5.3501 0.0601 2.1013 0.4794 0.2441 
5.3701 0.0605 2.1001 0.4743 0.1353 
5.3601 0.0701 2.1034 0.4005 0.1885 
5.3601 0.0620 2.1001 0.4678 0.1878 
5.3701 0.0701 2.1053 0.3904 0.1375 
5.3601 0.0701 2.1034 0.4005 0.1885 
5.3701 0.0605 2.1001 0.4743 0.1353 
5.3801 0.0621 2.1001 0.4600 0.0854 
5.3701 0.0701 2.1053 0.3904 0.1375 
5.3701 0.0605 2.1001 0.4743 0.1353 
5.3801 0.0701 2.1047 0.3890 0.0872 
5.3701 0.0701 2.1053 0.3904 0.1375 
5.3801 0.0621 2.1001 0.4600 0.0854 
5.3840 0.0601 2.1001 0.4722 0.0705 
5.3801 0.0701 2.1047 0.3890 0.0872 
5.3801 0.0621 2.1001 0.4600 0.0854 
5.3840 0.0601 2.1001 0.4722 0.0705 
5.3901 0.0601 2.1019 0.4633 0.0550 
5.3801 0.0701 2.1047 0.3890 0.0872 
5.3901 0.0601 2.1019 0.4633 0.0550 
5.3901 0.0701 2.1018 0.3952 0.0532 
5.3801 0.0701 2.1047 0.3890 0.0872 
5.3601 0.0801 2.1042 0.3277 0.1852 
5.3501 0.0801 2.1070 0.3223 0.2440 
5.3601 0.0701 2.1034 0.4005 0.1885 
5.3601 0.0701 2.1034 0.4005 0.1885 
5.3501 0.0801 2.1070 0.3223 0.2440 
5.3501 0.0701 2.1062 0.3945 0.2461 
5.3668 0.0801 2.1001 0.3384 0.1428 
5.3701 0.0701 2.1053 0.3904 0.1375 
5.3701 0.0774 2.1001 0.3571 0.1266 
5.3668 0.0801 2.1001 0.3384 0.1428 
5.3601 0.0801 2.1042 0.3277 0.1852 
5.3701 0.0701 2.1053 0.3904 0.1375 
5.3601 0.0801 2.1042 0.3277 0.1852 
5.3601 0.0701 2.1034 0.4005 0.1885 
5.3701 0.0701 2.1053 0.3904 0.1375 
5.3701 0.0774 2.1001 0.3571 0.1266 
5.3801 0.0801 2.1039 0.3211 0.0808 
5.3735 0.0801 2.1001 0.3359 0.1072 
5.3701 0.0774 2.1001 0.3571 0.1266 
5.3701 0.0701 2.1053 0.3904 0.1375 
5.3801 0.0801 2.1039 0.3211 0.0808 
5.3701 0.0701 2.1053 0.3904 0.1375 
5.3801 0.0701 2.1047 0.3890 0.0872 
5.3801 0.0801 2.1039 0.3211 0.0808 
5.3901 0.0701 2.1018 0.3952 0.0532 
5.3801 0.0801 2.1039 0.3211 0.0808 
5.3801 0.0701 2.1047 0.3890 0.0872 
5.3601 0.0901 2.1035 0.2570 0.1801 
5.3501 0.0901 2.1036 0.2606 0.2374 
5.3601 0.0801 2.1042 0.3277 0.1852 
5.3601 0.0801 2.1042 0.3277 0.1852 
5.3501 0.0901 2.1036 0.2606 0.2374 
5.3501 0.0801 2.1070 0.3223 0.2440 
5.3701 0.0821 2.1001 0.3228 0.1240 
5.3601 0.0801 2.1042 0.3277 0.1852 
5.3668 0.0801 2.1001 0.3384 0.1428 
5.3701 0.0821 2.1001 0.3228 0.1240 
5.3701 0.0901 2.1082 0.2399 0.1311 
5.3601 0.0801 2.1042 0.3277 0.1852 
5.3701 0.0901 2.1082 0.2399 0.1311 
5.3601 0.0901 2.1035 0.2570 0.1801 
5.3601 0.0801 2.1042 0.3277 0.1852 
5.3735 0.0801 2.1001 0.3359 0.1072 
5.3701 0.0901 2.1082 0.2399 0.1311 
5.3701 0.0821 2.1001 0.3228 0.1240 
5.3735 0.0801 2.1001 0.3359 0.1072 
5.3801 0.0801 2.1039 0.3211 0.0808 
5.3701 0.0901 2.1082 0.2399 0.1311 
5.3801 0.0801 2.1039 0.3211 0.0808 
5.3801 0.0901 2.1019 0.2541 0.0728 
5.3701 0.0901 2.1082 0.2399 0.1311 
5.3601 0.1001 2.1101 0.1665 0.1840 
5.3601 0.1001 2.1101 0.1665 0.1840 
5.3501 0.1001 2.1046 0.1839 0.2352 
5.3601 0.1001 2.1101 0.1665 0.1840 
5.3501 0.1001 2.1046 0.1839 0.2352 
5.3601 0.0901 2.1035 0.2570 0.1801 
5.3601 0.0901 2.1035 0.2570 0.1801 
5.3501 0.1001 2.1046 0.1839 0.2352 
5.3501 0.0901 2.1036 0.2606 0.2374 
5.3601 0.1001 2.1101 0.1665 0.1840 
5.3601 0.1001 2.1101 0.1665 0.1840 
5.3601 0.0901 2.1035 0.2570 0.1801 
5.3601 0.1001 2.1101 0.1665 0.1840 
5.3601 0.0901 2.1035 0.2570 0.1801 
5.3701 0.1001 2.1071 0.1699 0.1242 
5.3701 0.1001 2.1071 0.1699 0.1242 
5.3601 0.0901 2.1035 0.2570 0.1801 
5.3701 0.0901 2.1082 0.2399 0.1311 
5.3801 0.1001 2.1067 0.1673 0.0737 
5.3701 0.1001 2.1071 0.1699 0.1242 
5.3801 0.0901 2.1019 0.2541 0.0728 
5.3801 0.0901 2.1019 0.2541 0.0728 
5.3701 0.1001 2.1071 0.1699 0.1242 
5.3701 0.0901 2.1082 0.2399 0.1311 
5.3601 0.1001 2.1101 0.1665 0.1840 
5.3601 0.1001 2.1101 0.1665 0.1840 
5.3601 0.1001 2.1101 0.1665 0.1840 
5.3601 0.1001 2.1101 0.1665 0.1840 
5.3601 0.1001 2.1101 0.1665 0.1840 
5.3601 0.1001 2.1101 0.1665 0.1840 
5.3001 0.1001 2.0991 0.2182 0.5323 
5.3001 0.1015 2.1001 0.2048 0.5327 
5.2977 0.1001 2.1001 0.2163 0.5468 
5.2401 0.1101 2.1072 0.1466 0.8936 
5.2301 0.1101 2.1070 0.1506 0.9532 
5.2401 0.1001 2.1086 0.2151 0.8793 
5.2401 0.1001 2.1086 0.2151 0.8793 
5.2301 0.1101 2.1070 0.1506 0.9532 
5.2301 0.1001 2.1091 0.2176 0.9361 
5.2501 0.1101 2.1095 0.1380 0.8311 
5.2401 0.1101 2.1072 0.1466 0.8936 
5.2501 0.1001 2.1052 0.2206 0.8261 
5.2501 0.1001 2.1052 0.2206 0.8261 
5.2401 0.1101 2.1072 0.1466 0.8936 
5.2401 0.1001 2.1086 0.2151 0.8793 
5.2401 0.1201 2.1072 0.0854 0.9064 
5.2301 0.1201 2.1079 0.0869 0.9659 
5.2401 0.1101 2.1072 0.1466 0.8936 
5.2401 0.1101 2.1072 0.1466 0.8936 
5.2301 0.1201 2.1079 0.0869 0.9659 
5.2301 0.1101 2.1070 0.1506 0.9532 
5.2501 0.1201 2.1059 0.0847 0.8475 
5.2401 0.1201 2.1072 0.0854 0.9064 
5.2501 0.1101 2.1095 0.1380 0.8311 
5.2501 0.1101 2.1095 0.1380 0.8311 
5.2401 0.1201 2.1072 0.0854 0.9064 
5.2401 0.1101 2.1072 0.1466 0.8936 
5.2601 0.1092 2.1101 0.1389 0.7706 
5.2554 0.1101 2.1101 0.1347 0.7989 
5.2501 0.1101 2.1095 0.1380 0.8311 
5.2601 0.1092 2.1101 0.1389 0.7706 
5.2501 0.1101 2.1095 0.1380 0.8311 
5.2601 0.1001 2.1041 0.2199 0.7686 
5.2601 0.1001 2.1041 0.2199 0.7686 
5.2501 0.1101 2.1095 0.1380 0.8311 
5.2501 0.1001 2.1052 0.2206 0.8261 
5.2640 0.1101 2.1101 0.1317 0.7482 
5.2601 0.1092 2.1101 0.1389 0.7706 
5.2601 0.1001 2.1041 0.2199 0.7686 
5.2640 0.1101 2.1101 0.1317 0.7482 
5.2601 0.1001 2.1041 0.2199 0.7686 
5.2701 0.1101 2.1092 0.1314 0.7132 
5.2701 0.1101 2.1092 0.1314 0.7132 
5.2601 0.1001 2.1041 0.2199 0.7686 
5.2701 0.1001 2.1067 0.2090 0.7074 
5.2801 0.1101 2.1097 0.1269 0.6535 
5.2701 0.1101 2.1092 0.1314 0.7132 
5.2801 0.1001 2.1047 0.2104 0.6500 
5.2801 0.1001 2.1047 0.2104 0.6500 
5.2701 0.1101 2.1092 0.1314 0.7132 
5.2701 0.1001 2.1067 0.2090 0.7074 
5.2901 0.1101 2.1069 0.1292 0.5953 
5.2801 0.1101 2.1097 0.1269 0.6535 
5.2901 0.1001 2.1033 0.2104 0.5914 
5.2901 0.1001 2.1033 0.2104 0.5914 
5.2801 0.1101 2.1097 0.1269 0.6535 
5.2801 0.1001 2.1047 0.2104 0.6500 
5.3001 0.1015 2.1001 0.2048 0.5327 
5.2901 0.1001 2.1033 0.2104 0.5914 
5.2977 0.1001 2.1001 0.2163 0.5468 
5.3001 0.1015 2.1001 0.2048 0.5327 
5.3001 0.1101 2.1064 0.1269 0.5353 
5.2901 0.1001 2.1033 0.2104 0.5914 
5.3001 0.1101 2.1064 0.1269 0.5353 
5.2901 0.1101 2.1069 0.1292 0.5953 
5.2901 0.1001 2.1033 0.2104 0.5914 
5.2554 0.1101 2.1101 0.1347 0.7989 
5.2601 0.1112 2.1101 0.1255 0.7725 
5.2601 0.1201 2.1057 0.0828 0.7864 
5.2554 0.1101 2.1101 0.1347 0.7989 
5.2601 0.1201 2.1057 0.0828 0.7864 
5.2501 0.1101 2.1095 0.1380 0.8311 
5.2501 0.1101 2.1095 0.1380 0.8311 
5.2601 0.1201 2.1057 0.0828 0.7864 
5.2501 0.1201 2.1059 0.0847 0.8475 
5.2601 0.1112 2.1101 0.1255 0.7725 
5.2640 0.1101 2.1101 0.1317 0.7482 
5.2701 0.1101 2.1092 0.1314 0.7132 
5.2601 0.1112 2.1101 0.1255 0.7725 
5.2701 0.1101 2.1092 0.1314 0.7132 
5.2601 0.1201 2.1057 0.0828 0.7864 
5.2601 0.1201 2.1057 0.0828 0.7864 
5.2701 0.1101 2.1092 0.1314 0.7132 
5.2701 0.1201 2.1060 0.0806 0.7246 
5.2801 0.1167 2.1101 0.0876 0.6578 
5.2796 0.1201 2.1101 0.0760 0.6629 
5.2701 0.1201 2.1060 0.0806 0.7246 
5.2801 0.1167 2.1101 0.0876 0.6578 
5.2701 0.1201 2.1060 0.0806 0.7246 
5.2801 0.1101 2.1097 0.1269 0.6535 
5.2801 0.1101 2.1097 0.1269 0.6535 
5.2701 0.1201 2.1060 0.0806 0.7246 
5.2701 0.1101 2.1092 0.1314 0.7132 
5.2813 0.1201 2.1101 0.0758 0.6527 
5.2801 0.1167 2.1101 0.0876 0.6578 
5.2801 0.1101 2.1097 0.1269 0.6535 
5.2813 0.1201 2.1101 0.0758 0.6527 
5.2801 0.1101 2.1097 0.1269 0.6535 
5.2901 0.1201 2.1087 0.0756 0.6001 
5.2901 0.1201 2.1087 0.0756 0.6001 
5.2801 0.1101 2.1097 0.1269 0.6535 
5.2901 0.1101 2.1069 0.1292 0.5953 
5.3001 0.1201 2.1050 0.0766 0.5395 
5.2901 0.1201 2.1087 0.0756 0.6001 
5.3001 0.1101 2.1064 0.1269 0.5353 
5.3001 0.1101 2.1064 0.1269 0.5353 
5.2901 0.1201 2.1087 0.0756 0.6001 
5.2901 0.1101 2.1069 0.1292 0.5953 
5.2801 0.1205 2.1101 0.0752 0.6604 
5.2813 0.1201 2.1101 0.0758 0.6527 
5.2901 0.1201 2.1087 0.0756 0.6001 
5.2554 0.1101 2.1101 0.1347 0.7989 
5.2601 0.1092 2.1101 0.1389 0.7706 
5.2601 0.1101 2.1107 0.1319 0.7708 
5.2640 0.1101 2.1101 0.1317 0.7482 
5.2601 0.1101 2.1107 0.1319 0.7708 
5.2601 0.1092 2.1101 0.1389 0.7706 
5.2601 0.1112 2.1101 0.1255 0.7725 
5.2554 0.1101 2.1101 0.1347 0.7989 
5.2601 0.1101 2.1107 0.1319 0.7708 
5.2601 0.1112 2.1101 0.1255 0.7725 
5.2601 0.1101 2.1107 0.1319 0.7708 
5.2640 0.1101 2.1101 0.1317 0.7482 
5.2796 0.1201 2.1101 0.0760 0.6629 
5.2801 0.1167 2.1101 0.0876 0.6578 
5.2801 0.1201 2.1103 0.0758 0.6600 
5.2813 0.1201 2.1101 0.0758 0.6527 
5.2801 0.1201 2.1103 0.0758 0.6600 
5.2801 0.1167 2.1101 0.0876 0.6578 
5.2801 0.1205 2.1101 0.0752 0.6604 
5.2796 0.1201 2.1101 0.0760 0.6629 
5.2801 0.1201 2.1103 0.0758 0.6600 
5.2801 0.1205 2.1101 0.0752 0.6604 
5.2801 0.1201 2.1103 0.0758 0.6600 
5.2813 0.1201 2.1101 0.0758 0.6527 
5.3001 0.1015 2.1001 0.2048 0.5327 
5.3001 0.1001 2.0991 0.2182 0.5323 
5.3079 0.1001 2.1001 0.2123 0.4851 
5.3079 0.1001 2.1001 0.2123 0.4851 
5.3101 0.1001 2.1004 0.2106 0.4718 
5.3101 0.1087 2.1101 0.1253 0.4750 
5.3001 0.1015 2.1001 0.2048 0.5327 
5.3079 0.1001 2.1001 0.2123 0.4851 
5.3101 0.1087 2.1101 0.1253 0.4750 
5.3001 0.1015 2.1001 0.2048 0.5327 
5.3101 0.1087 2.1101 0.1253 0.4750 
5.3071 0.1101 2.1101 0.1170 0.4933 
5.3001 0.1015 2.1001 0.2048 0.5327 
5.3071 0.1101 2.1101 0.1170 0.4933 
5.3001 0.1101 2.1064 0.1269 0.5353 
5.3121 0.1101 2.1101 0.1154 0.4635 
5.3101 0.1087 2.1101 0.1253 0.4750 
5.3101 0.1001 2.1004 0.2106 0.4718 
5.3121 0.1101 2.1101 0.1154 0.4635 
5.3101 0.1001 2.1004 0.2106 0.4718 
5.3201 0.1101 2.1036 0.1256 0.4135 
5.3201 0.1101 2.1036 0.1256 0.4135 
5.3101 0.1001 2.1004 0.2106 0.4718 
5.3201 0.1001 2.1040 0.1970 0.4127 
5.3301 0.1101 2.1073 0.1148 0.3548 
5.3201 0.1101 2.1036 0.1256 0.4135 
5.3301 0.1001 2.1033 0.1949 0.3528 
5.3301 0.1001 2.1033 0.1949 0.3528 
5.3201 0.1101 2.1036 0.1256 0.4135 
5.3201 0.1001 2.1040 0.1970 0.4127 
5.3401 0.1101 2.1037 0.1184 0.2915 
5.3301 0.1101 2.1073 0.1148 0.3548 
5.3401 0.1001 2.1058 0.1846 0.2953 
5.3401 0.1001 2.1058 0.1846 0.2953 
5.3301 0.1101 2.1073 0.1148 0.3548 
5.3301 0.1001 2.1033 0.1949 0.3528 
5.3501 0.1101 2.1017 0.1190 0.2285 
5.3401 0.1101 2.1037 0.1184 0.2915 
5.3501 0.1001 2.1046 0.1839 0.2352 
5.3501 0.1001 2.1046 0.1839 0.2352 
5.3401 0.1101 2.1037 0.1184 0.2915 
5.3401 0.1001 2.1058 0.1846 0.2953 
5.3071 0.1101 2.1101 0.1170 0.4933 
5.3101 0.1133 2.1101 0.0972 0.4762 
5.3101 0.1201 2.1066 0.0747 0.4775 
5.3071 0.1101 2.1101 0.1170 0.4933 
5.3101 0.1201 2.1066 0.0747 0.4775 
5.3001 0.1101 2.1064 0.1269 0.5353 
5.3001 0.1101 2.1064 0.1269 0.5353 
5.3101 0.1201 2.1066 0.0747 0.4775 
5.3001 0.1201 2.1050 0.0766 0.5395 
5.3101 0.1133 2.1101 0.0972 0.4762 
5.3121 0.1101 2.1101 0.1154 0.4635 
5.3201 0.1101 2.1036 0.1256 0.4135 
5.3101 0.1133 2.1101 0.0972 0.4762 
5.3201 0.1101 2.1036 0.1256 0.4135 
5.3101 0.1201 2.1066 0.0747 0.4775 
5.3101 0.1201 2.1066 0.0747 0.4775 
5.3201 0.1101 2.1036 0.1256 0.4135 
5.3201 0.1201 2.1056 0.0743 0.4153 
5.3301 0.1201 2.1011 0.0754 0.3502 
5.3201 0.1201 2.1056 0.0743 0.4153 
5.3301 0.1101 2.1073 0.1148 0.3548 
5.3301 0.1101 2.1073 0.1148 0.3548 
5.3201 0.1201 2.1056 0.0743 0.4153 
5.3201 0.1101 2.1036 0.1256 0.4135 
5.3401 0.1201 2.1027 0.0739 0.2885 
5.3301 0.1201 2.1011 0.0754 0.3502 
5.3401 0.1101 2.1037 0.1184 0.2915 
5.3401 0.1101 2.1037 0.1184 0.2915 
5.3301 0.1201 2.1011 0.0754 0.3502 
5.3301 0.1101 2.1073 0.1148 0.3548 
5.3501 0.1201 2.1016 0.0737 0.2247 
5.3401 0.1201 2.1027 0.0739 0.2885 
5.3501 0.1101 2.1017 0.1190 0.2285 
5.3501 0.1101 2.1017 0.1190 0.2285 
5.3401 0.1201 2.1027 0.0739 0.2885 
5.3401 0.1101 2.1037 0.1184 0.2915 
5.3071 0.1101 2.1101 0.1170 0.4933 
5.3101 0.1087 2.1101 0.1253 0.4750 
5.3101 0.1101 2.1117 0.1130 0.4756 
5.3121 0.1101 2.1101 0.1154 0.4635 
5.3101 0.1101 2.1117 0.1130 0.4756 
5.3101 0.1087 2.1101 0.1253 0.4750 
5.3101 0.1133 2.1101 0.0972 0.4762 
5.3071 0.1101 2.1101 0.1170 0.4933 
5.3101 0.1101 2.1117 0.1130 0.4756 
5.3101 0.1133 2.1101 0.0972 0.4762 
5.3101 0.1101 2.1117 0.1130 0.4756 
5.3121 0.1101 2.1101 0.1154 0.4635 
5.3601 0.1001 2.1101 0.1665 0.1840 
5.3601 0.1001 2.1101 0.1665 0.1840 
5.3601 0.1101 2.1046 0.1100 0.1722 
5.3601 0.1001 2.1101 0.1665 0.1840 
5.3601 0.1101 2.1046 0.1100 0.1722 
5.3501 0.1001 2.1046 0.1839 0.2352 
5.3501 0.1001 2.1046 0.1839 0.2352 
5.3601 0.1101 2.1046 0.1100 0.1722 
5.3501 0.1101 2.1017 0.1190 0.2285 
5.3601 0.1001 2.1101 0.1665 0.1840 
5.3601 0.1001 2.1101 0.1665 0.1840 
5.3701 0.1001 2.1071 0.1699 0.1242 
5.3601 0.1001 2.1101 0.1665 0.1840 
5.3701 0.1001 2.1071 0.1699 0.1242 
5.3601 0.1101 2.1046 0.1100 0.1722 
5.3601 0.1101 2.1046 0.1100 0.1722 
5.3701 0.1001 2.1071 0.1699 0.1242 
5.3701 0.1101 2.1089 0.0995 0.1211 
5.3801 0.1101 2.1031 0.1063 0.0642 
5.3701 0.1101 2.1089 0.0995 0.1211 
5.3801 0.1001 2.1067 0.1673 0.0737 
5.3801 0.1001 2.1067 0.1673 0.0737 
5.3701 0.1101 2.1089 0.0995 0.1211 
5.3701 0.1001 2.1071 0.1699 0.1242 
5.3601 0.1101 2.1046 0.1100 0.1722 
5.3501 0.1201 2.1016 0.0737 0.2247 
5.3501 0.1101 2.1017 0.1190 0.2285 
5.3601 0.1001 2.1101 0.1665 0.1840 
5.3601 0.1001 2.1101 0.1665 0.1840 
5.3601 0.1001 2.1101 0.1665 0.1840 
5.3601 0.1001 2.1101 0.1665 0.1840 
5.3601 0.1001 2.1101 0.1665 0.1840 
5.3601 0.1001 2.1101 0.1665 0.1840 
