NUMPOLLIES 642.000000 

5.2301 0.1601 2.0961 0.8230 0.9224 
5.2249 0.1601 2.1001 0.8145 0.9430 
5.2301 0.1565 2.1001 0.8381 0.9134 
5.2344 0.1601 2.1001 0.8111 0.8928 
5.2301 0.1601 2.0961 0.8230 0.9224 
5.2301 0.1565 2.1001 0.8381 0.9134 
5.2301 0.1601 2.0961 0.8230 0.9224 
5.2301 0.1655 2.1001 0.7746 0.9186 
5.2249 0.1601 2.1001 0.8145 0.9430 
5.2344 0.1601 2.1001 0.8111 0.8928 
5.2401 0.1673 2.1001 0.7585 0.8665 
5.2401 0.1701 2.0980 0.7431 0.8713 
5.2344 0.1601 2.1001 0.8111 0.8928 
5.2401 0.1701 2.0980 0.7431 0.8713 
5.2301 0.1601 2.0961 0.8230 0.9224 
5.2363 0.1701 2.1001 0.7397 0.8885 
5.2301 0.1655 2.1001 0.7746 0.9186 
5.2401 0.1701 2.0980 0.7431 0.8713 
5.2301 0.1655 2.1001 0.7746 0.9186 
5.2301 0.1601 2.0961 0.8230 0.9224 
5.2401 0.1701 2.0980 0.7431 0.8713 
5.2424 0.1701 2.1001 0.7374 0.8556 
5.2401 0.1701 2.0980 0.7431 0.8713 
5.2401 0.1673 2.1001 0.7585 0.8665 
5.2401 0.1701 2.0980 0.7431 0.8713 
5.2401 0.1726 2.1001 0.7206 0.8694 
5.2363 0.1701 2.1001 0.7397 0.8885 
5.2401 0.1726 2.1001 0.7206 0.8694 
5.2401 0.1701 2.0980 0.7431 0.8713 
5.2424 0.1701 2.1001 0.7374 0.8556 
5.2301 0.1901 2.0955 0.6056 0.9419 
5.2216 0.1901 2.1001 0.6008 0.9793 
5.2301 0.1847 2.1001 0.6368 0.9300 
5.2401 0.1901 2.0968 0.5994 0.8846 
5.2301 0.1901 2.0955 0.6056 0.9419 
5.2301 0.1847 2.1001 0.6368 0.9300 
5.2401 0.1867 2.1001 0.6185 0.8773 
5.2401 0.1901 2.0968 0.5994 0.8846 
5.2301 0.1847 2.1001 0.6368 0.9300 
5.2449 0.1901 2.1001 0.5920 0.8530 
5.2401 0.1901 2.0968 0.5994 0.8846 
5.2401 0.1867 2.1001 0.6185 0.8773 
5.2301 0.1901 2.0955 0.6056 0.9419 
5.2301 0.1950 2.1001 0.5617 0.9362 
5.2216 0.1901 2.1001 0.6008 0.9793 
5.2301 0.1901 2.0955 0.6056 0.9419 
5.2401 0.1901 2.0968 0.5994 0.8846 
5.2401 0.1960 2.1001 0.5508 0.8825 
5.2301 0.1950 2.1001 0.5617 0.9362 
5.2301 0.1901 2.0955 0.6056 0.9419 
5.2401 0.1960 2.1001 0.5508 0.8825 
5.2401 0.1960 2.1001 0.5508 0.8825 
5.2401 0.1901 2.0968 0.5994 0.8846 
5.2449 0.1901 2.1001 0.5920 0.8530 
5.2801 0.1601 2.0989 0.7974 0.6517 
5.2772 0.1601 2.1001 0.7954 0.6662 
5.2801 0.1501 2.1001 0.8643 0.6471 
5.2826 0.1601 2.1001 0.7935 0.6379 
5.2801 0.1601 2.0989 0.7974 0.6517 
5.2801 0.1501 2.1001 0.8643 0.6471 
5.2801 0.1601 2.0989 0.7974 0.6517 
5.2801 0.1701 2.0999 0.7239 0.6550 
5.2787 0.1701 2.1001 0.7240 0.6624 
5.2772 0.1601 2.1001 0.7954 0.6662 
5.2801 0.1601 2.0989 0.7974 0.6517 
5.2787 0.1701 2.1001 0.7240 0.6624 
5.2826 0.1601 2.1001 0.7935 0.6379 
5.2804 0.1701 2.1001 0.7233 0.6535 
5.2801 0.1701 2.0999 0.7239 0.6550 
5.2801 0.1601 2.0989 0.7974 0.6517 
5.2826 0.1601 2.1001 0.7935 0.6379 
5.2801 0.1701 2.0999 0.7239 0.6550 
5.2601 0.1801 2.0997 0.6598 0.7667 
5.2591 0.1801 2.1001 0.6594 0.7714 
5.2601 0.1797 2.1001 0.6621 0.7660 
5.2616 0.1801 2.1001 0.6585 0.7583 
5.2601 0.1801 2.0997 0.6598 0.7667 
5.2601 0.1797 2.1001 0.6621 0.7660 
5.2801 0.1701 2.0999 0.7239 0.6550 
5.2801 0.1707 2.1001 0.7194 0.6551 
5.2787 0.1701 2.1001 0.7240 0.6624 
5.2801 0.1707 2.1001 0.7194 0.6551 
5.2801 0.1701 2.0999 0.7239 0.6550 
5.2804 0.1701 2.1001 0.7233 0.6535 
5.2601 0.1801 2.0997 0.6598 0.7667 
5.2601 0.1807 2.1001 0.6549 0.7665 
5.2591 0.1801 2.1001 0.6594 0.7714 
5.2601 0.1807 2.1001 0.6549 0.7665 
5.2601 0.1801 2.0997 0.6598 0.7667 
5.2616 0.1801 2.1001 0.6585 0.7583 
5.2501 0.2501 2.0996 0.1418 0.8589 
5.2492 0.2501 2.1001 0.1423 0.8630 
5.2501 0.2487 2.1001 0.1516 0.8573 
5.2509 0.2501 2.1001 0.1417 0.8535 
5.2501 0.2501 2.0996 0.1418 0.8589 
5.2501 0.2487 2.1001 0.1516 0.8573 
5.2501 0.2501 2.0996 0.1418 0.8589 
5.2501 0.2507 2.1001 0.1377 0.8585 
5.2492 0.2501 2.1001 0.1423 0.8630 
5.2501 0.2507 2.1001 0.1377 0.8585 
5.2501 0.2501 2.0996 0.1418 0.8589 
5.2509 0.2501 2.1001 0.1417 0.8535 
5.2301 0.1401 2.1046 0.9372 0.8967 
5.2201 0.1401 2.1032 0.9449 0.9503 
5.2301 0.1301 2.1061 0.9992 0.8890 
5.2301 0.1301 2.1061 0.9992 0.8890 
5.2201 0.1401 2.1032 0.9449 0.9503 
5.2201 0.1301 2.1064 1.0017 0.9389 
5.2401 0.1401 2.1060 0.9298 0.8437 
5.2301 0.1401 2.1046 0.9372 0.8967 
5.2401 0.1301 2.1076 0.9909 0.8365 
5.2401 0.1301 2.1076 0.9909 0.8365 
5.2301 0.1401 2.1046 0.9372 0.8967 
5.2301 0.1301 2.1061 0.9992 0.8890 
5.2501 0.1401 2.1075 0.9218 0.7910 
5.2401 0.1401 2.1060 0.9298 0.8437 
5.2501 0.1301 2.1070 0.9894 0.7870 
5.2501 0.1301 2.1070 0.9894 0.7870 
5.2401 0.1401 2.1060 0.9298 0.8437 
5.2401 0.1301 2.1076 0.9909 0.8365 
5.2201 0.1501 2.1092 0.8608 0.9453 
5.2101 0.1501 2.1093 0.8640 0.9956 
5.2201 0.1401 2.1032 0.9449 0.9503 
5.2301 0.1501 2.1070 0.8632 0.8983 
5.2201 0.1501 2.1092 0.8608 0.9453 
5.2301 0.1401 2.1046 0.9372 0.8967 
5.2301 0.1401 2.1046 0.9372 0.8967 
5.2201 0.1501 2.1092 0.8608 0.9453 
5.2201 0.1401 2.1032 0.9449 0.9503 
5.2401 0.1501 2.1061 0.8623 0.8487 
5.2301 0.1501 2.1070 0.8632 0.8983 
5.2401 0.1401 2.1060 0.9298 0.8437 
5.2401 0.1401 2.1060 0.9298 0.8437 
5.2301 0.1501 2.1070 0.8632 0.8983 
5.2301 0.1401 2.1046 0.9372 0.8967 
5.2501 0.1501 2.1044 0.8633 0.7995 
5.2401 0.1501 2.1061 0.8623 0.8487 
5.2501 0.1401 2.1075 0.9218 0.7910 
5.2501 0.1401 2.1075 0.9218 0.7910 
5.2401 0.1501 2.1061 0.8623 0.8487 
5.2401 0.1401 2.1060 0.9298 0.8437 
5.2601 0.1401 2.1058 0.9233 0.7421 
5.2501 0.1401 2.1075 0.9218 0.7910 
5.2601 0.1301 2.1062 0.9885 0.7374 
5.2601 0.1301 2.1062 0.9885 0.7374 
5.2501 0.1401 2.1075 0.9218 0.7910 
5.2501 0.1301 2.1070 0.9894 0.7870 
5.2701 0.1401 2.1053 0.9212 0.6915 
5.2601 0.1401 2.1058 0.9233 0.7421 
5.2701 0.1301 2.1076 0.9806 0.6858 
5.2701 0.1301 2.1076 0.9806 0.6858 
5.2601 0.1401 2.1058 0.9233 0.7421 
5.2601 0.1301 2.1062 0.9885 0.7374 
5.2801 0.1401 2.1050 0.9186 0.6406 
5.2701 0.1401 2.1053 0.9212 0.6915 
5.2801 0.1301 2.1048 0.9862 0.6371 
5.2801 0.1301 2.1048 0.9862 0.6371 
5.2701 0.1401 2.1053 0.9212 0.6915 
5.2701 0.1301 2.1076 0.9806 0.6858 
5.2901 0.1401 2.1089 0.9041 0.5881 
5.2801 0.1401 2.1050 0.9186 0.6406 
5.2901 0.1301 2.1027 0.9895 0.5870 
5.2901 0.1301 2.1027 0.9895 0.5870 
5.2801 0.1401 2.1050 0.9186 0.6406 
5.2801 0.1301 2.1048 0.9862 0.6371 
5.3001 0.1401 2.1025 0.9191 0.5387 
5.2901 0.1401 2.1089 0.9041 0.5881 
5.3001 0.1301 2.1076 0.9704 0.5351 
5.3001 0.1301 2.1076 0.9704 0.5351 
5.2901 0.1401 2.1089 0.9041 0.5881 
5.2901 0.1301 2.1027 0.9895 0.5870 
5.2601 0.1501 2.1068 0.8532 0.7454 
5.2501 0.1501 2.1044 0.8633 0.7995 
5.2601 0.1401 2.1058 0.9233 0.7421 
5.2601 0.1401 2.1058 0.9233 0.7421 
5.2501 0.1501 2.1044 0.8633 0.7995 
5.2501 0.1401 2.1075 0.9218 0.7910 
5.2701 0.1501 2.1015 0.8641 0.6986 
5.2601 0.1501 2.1068 0.8532 0.7454 
5.2701 0.1401 2.1053 0.9212 0.6915 
5.2701 0.1401 2.1053 0.9212 0.6915 
5.2601 0.1501 2.1068 0.8532 0.7454 
5.2601 0.1401 2.1058 0.9233 0.7421 
5.2801 0.1501 2.1001 0.8643 0.6471 
5.2701 0.1501 2.1015 0.8641 0.6986 
5.2801 0.1401 2.1050 0.9186 0.6406 
5.2801 0.1401 2.1050 0.9186 0.6406 
5.2701 0.1501 2.1015 0.8641 0.6986 
5.2701 0.1401 2.1053 0.9212 0.6915 
5.2901 0.1501 2.1046 0.8487 0.5929 
5.2801 0.1501 2.1001 0.8643 0.6471 
5.2901 0.1401 2.1089 0.9041 0.5881 
5.2901 0.1401 2.1089 0.9041 0.5881 
5.2801 0.1501 2.1001 0.8643 0.6471 
5.2801 0.1401 2.1050 0.9186 0.6406 
5.3001 0.1501 2.1070 0.8388 0.5409 
5.2901 0.1501 2.1046 0.8487 0.5929 
5.3001 0.1401 2.1025 0.9191 0.5387 
5.3001 0.1401 2.1025 0.9191 0.5387 
5.2901 0.1501 2.1046 0.8487 0.5929 
5.2901 0.1401 2.1089 0.9041 0.5881 
5.2249 0.1601 2.1001 0.8145 0.9430 
5.2301 0.1501 2.1070 0.8632 0.8983 
5.2301 0.1565 2.1001 0.8381 0.9134 
5.2249 0.1601 2.1001 0.8145 0.9430 
5.2201 0.1601 2.1037 0.8070 0.9613 
5.2301 0.1501 2.1070 0.8632 0.8983 
5.2201 0.1601 2.1037 0.8070 0.9613 
5.2201 0.1501 2.1092 0.8608 0.9453 
5.2301 0.1501 2.1070 0.8632 0.8983 
5.2301 0.1565 2.1001 0.8381 0.9134 
5.2401 0.1601 2.1054 0.7958 0.8548 
5.2344 0.1601 2.1001 0.8111 0.8928 
5.2301 0.1565 2.1001 0.8381 0.9134 
5.2301 0.1501 2.1070 0.8632 0.8983 
5.2401 0.1601 2.1054 0.7958 0.8548 
5.2301 0.1501 2.1070 0.8632 0.8983 
5.2401 0.1501 2.1061 0.8623 0.8487 
5.2401 0.1601 2.1054 0.7958 0.8548 
5.2501 0.1601 2.1059 0.7909 0.8024 
5.2401 0.1601 2.1054 0.7958 0.8548 
5.2501 0.1501 2.1044 0.8633 0.7995 
5.2501 0.1501 2.1044 0.8633 0.7995 
5.2401 0.1601 2.1054 0.7958 0.8548 
5.2401 0.1501 2.1061 0.8623 0.8487 
5.2301 0.1655 2.1001 0.7746 0.9186 
5.2201 0.1601 2.1037 0.8070 0.9613 
5.2249 0.1601 2.1001 0.8145 0.9430 
5.2301 0.1655 2.1001 0.7746 0.9186 
5.2301 0.1701 2.1035 0.7343 0.9154 
5.2201 0.1601 2.1037 0.8070 0.9613 
5.2301 0.1701 2.1035 0.7343 0.9154 
5.2201 0.1701 2.1053 0.7338 0.9643 
5.2201 0.1601 2.1037 0.8070 0.9613 
5.2363 0.1701 2.1001 0.7397 0.8885 
5.2301 0.1701 2.1035 0.7343 0.9154 
5.2301 0.1655 2.1001 0.7746 0.9186 
5.2401 0.1673 2.1001 0.7585 0.8665 
5.2344 0.1601 2.1001 0.8111 0.8928 
5.2401 0.1601 2.1054 0.7958 0.8548 
5.2401 0.1673 2.1001 0.7585 0.8665 
5.2501 0.1701 2.1070 0.7195 0.8060 
5.2424 0.1701 2.1001 0.7374 0.8556 
5.2401 0.1673 2.1001 0.7585 0.8665 
5.2401 0.1601 2.1054 0.7958 0.8548 
5.2501 0.1701 2.1070 0.7195 0.8060 
5.2401 0.1601 2.1054 0.7958 0.8548 
5.2501 0.1601 2.1059 0.7909 0.8024 
5.2501 0.1701 2.1070 0.7195 0.8060 
5.2301 0.1801 2.1041 0.6625 0.9202 
5.2201 0.1801 2.1072 0.6602 0.9669 
5.2301 0.1701 2.1035 0.7343 0.9154 
5.2301 0.1701 2.1035 0.7343 0.9154 
5.2201 0.1801 2.1072 0.6602 0.9669 
5.2201 0.1701 2.1053 0.7338 0.9643 
5.2401 0.1726 2.1001 0.7206 0.8694 
5.2301 0.1701 2.1035 0.7343 0.9154 
5.2363 0.1701 2.1001 0.7397 0.8885 
5.2401 0.1726 2.1001 0.7206 0.8694 
5.2401 0.1801 2.1065 0.6542 0.8637 
5.2301 0.1701 2.1035 0.7343 0.9154 
5.2401 0.1801 2.1065 0.6542 0.8637 
5.2301 0.1801 2.1041 0.6625 0.9202 
5.2301 0.1701 2.1035 0.7343 0.9154 
5.2424 0.1701 2.1001 0.7374 0.8556 
5.2401 0.1801 2.1065 0.6542 0.8637 
5.2401 0.1726 2.1001 0.7206 0.8694 
5.2424 0.1701 2.1001 0.7374 0.8556 
5.2501 0.1701 2.1070 0.7195 0.8060 
5.2401 0.1801 2.1065 0.6542 0.8637 
5.2501 0.1701 2.1070 0.7195 0.8060 
5.2501 0.1801 2.1038 0.6556 0.8150 
5.2401 0.1801 2.1065 0.6542 0.8637 
5.2216 0.1901 2.1001 0.6008 0.9793 
5.2301 0.1801 2.1041 0.6625 0.9202 
5.2301 0.1847 2.1001 0.6368 0.9300 
5.2216 0.1901 2.1001 0.6008 0.9793 
5.2201 0.1901 2.1009 0.6000 0.9856 
5.2301 0.1801 2.1041 0.6625 0.9202 
5.2201 0.1901 2.1009 0.6000 0.9856 
5.2201 0.1801 2.1072 0.6602 0.9669 
5.2301 0.1801 2.1041 0.6625 0.9202 
5.2301 0.1847 2.1001 0.6368 0.9300 
5.2401 0.1801 2.1065 0.6542 0.8637 
5.2401 0.1867 2.1001 0.6185 0.8773 
5.2301 0.1801 2.1041 0.6625 0.9202 
5.2401 0.1801 2.1065 0.6542 0.8637 
5.2301 0.1847 2.1001 0.6368 0.9300 
5.2401 0.1867 2.1001 0.6185 0.8773 
5.2501 0.1901 2.1036 0.5843 0.8204 
5.2449 0.1901 2.1001 0.5920 0.8530 
5.2401 0.1867 2.1001 0.6185 0.8773 
5.2401 0.1801 2.1065 0.6542 0.8637 
5.2501 0.1901 2.1036 0.5843 0.8204 
5.2401 0.1801 2.1065 0.6542 0.8637 
5.2501 0.1801 2.1038 0.6556 0.8150 
5.2501 0.1901 2.1036 0.5843 0.8204 
5.2301 0.1950 2.1001 0.5617 0.9362 
5.2201 0.1901 2.1009 0.6000 0.9856 
5.2216 0.1901 2.1001 0.6008 0.9793 
5.2301 0.1950 2.1001 0.5617 0.9362 
5.2301 0.2001 2.1049 0.5174 0.9304 
5.2201 0.1901 2.1009 0.6000 0.9856 
5.2301 0.2001 2.1049 0.5174 0.9304 
5.2201 0.2001 2.1044 0.5219 0.9848 
5.2201 0.1901 2.1009 0.6000 0.9856 
5.2401 0.1960 2.1001 0.5508 0.8825 
5.2301 0.2001 2.1049 0.5174 0.9304 
5.2301 0.1950 2.1001 0.5617 0.9362 
5.2401 0.2001 2.1024 0.5170 0.8811 
5.2301 0.2001 2.1049 0.5174 0.9304 
5.2401 0.1960 2.1001 0.5508 0.8825 
5.2449 0.1901 2.1001 0.5920 0.8530 
5.2401 0.2001 2.1024 0.5170 0.8811 
5.2401 0.1960 2.1001 0.5508 0.8825 
5.2449 0.1901 2.1001 0.5920 0.8530 
5.2501 0.1901 2.1036 0.5843 0.8204 
5.2401 0.2001 2.1024 0.5170 0.8811 
5.2501 0.1901 2.1036 0.5843 0.8204 
5.2501 0.2001 2.1035 0.5117 0.8256 
5.2401 0.2001 2.1024 0.5170 0.8811 
5.2601 0.1601 2.1038 0.7925 0.7530 
5.2501 0.1601 2.1059 0.7909 0.8024 
5.2601 0.1501 2.1068 0.8532 0.7454 
5.2601 0.1501 2.1068 0.8532 0.7454 
5.2501 0.1601 2.1059 0.7909 0.8024 
5.2501 0.1501 2.1044 0.8633 0.7995 
5.2701 0.1601 2.1031 0.7906 0.7014 
5.2601 0.1601 2.1038 0.7925 0.7530 
5.2701 0.1501 2.1015 0.8641 0.6986 
5.2701 0.1501 2.1015 0.8641 0.6986 
5.2601 0.1601 2.1038 0.7925 0.7530 
5.2601 0.1501 2.1068 0.8532 0.7454 
5.2772 0.1601 2.1001 0.7954 0.6662 
5.2801 0.1501 2.1001 0.8643 0.6471 
5.2801 0.1501 2.1001 0.8643 0.6471 
5.2772 0.1601 2.1001 0.7954 0.6662 
5.2701 0.1601 2.1031 0.7906 0.7014 
5.2801 0.1501 2.1001 0.8643 0.6471 
5.2701 0.1601 2.1031 0.7906 0.7014 
5.2701 0.1501 2.1015 0.8641 0.6986 
5.2801 0.1501 2.1001 0.8643 0.6471 
5.2801 0.1501 2.1001 0.8643 0.6471 
5.2901 0.1601 2.1038 0.7818 0.5966 
5.2826 0.1601 2.1001 0.7935 0.6379 
5.2801 0.1501 2.1001 0.8643 0.6471 
5.2801 0.1501 2.1001 0.8643 0.6471 
5.2901 0.1601 2.1038 0.7818 0.5966 
5.2801 0.1501 2.1001 0.8643 0.6471 
5.2901 0.1501 2.1046 0.8487 0.5929 
5.2901 0.1601 2.1038 0.7818 0.5966 
5.3001 0.1601 2.1050 0.7751 0.5442 
5.2901 0.1601 2.1038 0.7818 0.5966 
5.3001 0.1501 2.1070 0.8388 0.5409 
5.3001 0.1501 2.1070 0.8388 0.5409 
5.2901 0.1601 2.1038 0.7818 0.5966 
5.2901 0.1501 2.1046 0.8487 0.5929 
5.2601 0.1701 2.1088 0.7119 0.7523 
5.2501 0.1701 2.1070 0.7195 0.8060 
5.2601 0.1601 2.1038 0.7925 0.7530 
5.2601 0.1601 2.1038 0.7925 0.7530 
5.2501 0.1701 2.1070 0.7195 0.8060 
5.2501 0.1601 2.1059 0.7909 0.8024 
5.2701 0.1701 2.1014 0.7242 0.7070 
5.2601 0.1701 2.1088 0.7119 0.7523 
5.2701 0.1601 2.1031 0.7906 0.7014 
5.2701 0.1601 2.1031 0.7906 0.7014 
5.2601 0.1701 2.1088 0.7119 0.7523 
5.2601 0.1601 2.1038 0.7925 0.7530 
5.2787 0.1701 2.1001 0.7240 0.6624 
5.2701 0.1601 2.1031 0.7906 0.7014 
5.2772 0.1601 2.1001 0.7954 0.6662 
5.2701 0.1701 2.1014 0.7242 0.7070 
5.2701 0.1601 2.1031 0.7906 0.7014 
5.2787 0.1701 2.1001 0.7240 0.6624 
5.2901 0.1701 2.1088 0.7013 0.5980 
5.2826 0.1601 2.1001 0.7935 0.6379 
5.2901 0.1601 2.1038 0.7818 0.5966 
5.2804 0.1701 2.1001 0.7233 0.6535 
5.2826 0.1601 2.1001 0.7935 0.6379 
5.2901 0.1701 2.1088 0.7013 0.5980 
5.3001 0.1701 2.1078 0.6997 0.5467 
5.2901 0.1701 2.1088 0.7013 0.5980 
5.3001 0.1601 2.1050 0.7751 0.5442 
5.3001 0.1601 2.1050 0.7751 0.5442 
5.2901 0.1701 2.1088 0.7013 0.5980 
5.2901 0.1601 2.1038 0.7818 0.5966 
5.2591 0.1801 2.1001 0.6594 0.7714 
5.2601 0.1701 2.1088 0.7119 0.7523 
5.2601 0.1797 2.1001 0.6621 0.7660 
5.2591 0.1801 2.1001 0.6594 0.7714 
5.2501 0.1801 2.1038 0.6556 0.8150 
5.2601 0.1701 2.1088 0.7119 0.7523 
5.2501 0.1801 2.1038 0.6556 0.8150 
5.2501 0.1701 2.1070 0.7195 0.8060 
5.2601 0.1701 2.1088 0.7119 0.7523 
5.2601 0.1797 2.1001 0.6621 0.7660 
5.2701 0.1801 2.1024 0.6508 0.7104 
5.2616 0.1801 2.1001 0.6585 0.7583 
5.2601 0.1797 2.1001 0.6621 0.7660 
5.2601 0.1701 2.1088 0.7119 0.7523 
5.2701 0.1801 2.1024 0.6508 0.7104 
5.2601 0.1701 2.1088 0.7119 0.7523 
5.2701 0.1701 2.1014 0.7242 0.7070 
5.2701 0.1801 2.1024 0.6508 0.7104 
5.2801 0.1707 2.1001 0.7194 0.6551 
5.2701 0.1701 2.1014 0.7242 0.7070 
5.2787 0.1701 2.1001 0.7240 0.6624 
5.2801 0.1707 2.1001 0.7194 0.6551 
5.2801 0.1801 2.1037 0.6446 0.6564 
5.2701 0.1701 2.1014 0.7242 0.7070 
5.2801 0.1801 2.1037 0.6446 0.6564 
5.2701 0.1801 2.1024 0.6508 0.7104 
5.2701 0.1701 2.1014 0.7242 0.7070 
5.2804 0.1701 2.1001 0.7233 0.6535 
5.2801 0.1801 2.1037 0.6446 0.6564 
5.2801 0.1707 2.1001 0.7194 0.6551 
5.2804 0.1701 2.1001 0.7233 0.6535 
5.2901 0.1701 2.1088 0.7013 0.5980 
5.2801 0.1801 2.1037 0.6446 0.6564 
5.2901 0.1701 2.1088 0.7013 0.5980 
5.2901 0.1801 2.1017 0.6447 0.6043 
5.2801 0.1801 2.1037 0.6446 0.6564 
5.3001 0.1801 2.1046 0.6356 0.5503 
5.2901 0.1801 2.1017 0.6447 0.6043 
5.3001 0.1701 2.1078 0.6997 0.5467 
5.3001 0.1701 2.1078 0.6997 0.5467 
5.2901 0.1801 2.1017 0.6447 0.6043 
5.2901 0.1701 2.1088 0.7013 0.5980 
5.2601 0.1807 2.1001 0.6549 0.7665 
5.2501 0.1801 2.1038 0.6556 0.8150 
5.2591 0.1801 2.1001 0.6594 0.7714 
5.2601 0.1807 2.1001 0.6549 0.7665 
5.2601 0.1901 2.1066 0.5758 0.7638 
5.2501 0.1801 2.1038 0.6556 0.8150 
5.2601 0.1901 2.1066 0.5758 0.7638 
5.2501 0.1901 2.1036 0.5843 0.8204 
5.2501 0.1801 2.1038 0.6556 0.8150 
5.2616 0.1801 2.1001 0.6585 0.7583 
5.2601 0.1901 2.1066 0.5758 0.7638 
5.2601 0.1807 2.1001 0.6549 0.7665 
5.2616 0.1801 2.1001 0.6585 0.7583 
5.2701 0.1801 2.1024 0.6508 0.7104 
5.2601 0.1901 2.1066 0.5758 0.7638 
5.2701 0.1801 2.1024 0.6508 0.7104 
5.2701 0.1901 2.1045 0.5754 0.7129 
5.2601 0.1901 2.1066 0.5758 0.7638 
5.2801 0.1901 2.1040 0.5724 0.6601 
5.2701 0.1901 2.1045 0.5754 0.7129 
5.2801 0.1801 2.1037 0.6446 0.6564 
5.2801 0.1801 2.1037 0.6446 0.6564 
5.2701 0.1901 2.1045 0.5754 0.7129 
5.2701 0.1801 2.1024 0.6508 0.7104 
5.2901 0.1901 2.1063 0.5651 0.6058 
5.2801 0.1901 2.1040 0.5724 0.6601 
5.2901 0.1801 2.1017 0.6447 0.6043 
5.2901 0.1801 2.1017 0.6447 0.6043 
5.2801 0.1901 2.1040 0.5724 0.6601 
5.2801 0.1801 2.1037 0.6446 0.6564 
5.3001 0.1901 2.1046 0.5640 0.5535 
5.2901 0.1901 2.1063 0.5651 0.6058 
5.3001 0.1801 2.1046 0.6356 0.5503 
5.3001 0.1801 2.1046 0.6356 0.5503 
5.2901 0.1901 2.1063 0.5651 0.6058 
5.2901 0.1801 2.1017 0.6447 0.6043 
5.2601 0.2001 2.1049 0.5061 0.7704 
5.2501 0.2001 2.1035 0.5117 0.8256 
5.2601 0.1901 2.1066 0.5758 0.7638 
5.2601 0.1901 2.1066 0.5758 0.7638 
5.2501 0.2001 2.1035 0.5117 0.8256 
5.2501 0.1901 2.1036 0.5843 0.8204 
5.2701 0.2001 2.1081 0.4984 0.7141 
5.2601 0.2001 2.1049 0.5061 0.7704 
5.2701 0.1901 2.1045 0.5754 0.7129 
5.2701 0.1901 2.1045 0.5754 0.7129 
5.2601 0.2001 2.1049 0.5061 0.7704 
5.2601 0.1901 2.1066 0.5758 0.7638 
5.2801 0.2001 2.1014 0.5030 0.6659 
5.2701 0.2001 2.1081 0.4984 0.7141 
5.2801 0.1901 2.1040 0.5724 0.6601 
5.2801 0.1901 2.1040 0.5724 0.6601 
5.2701 0.2001 2.1081 0.4984 0.7141 
5.2701 0.1901 2.1045 0.5754 0.7129 
5.2901 0.2001 2.1048 0.4949 0.6100 
5.2801 0.2001 2.1014 0.5030 0.6659 
5.2901 0.1901 2.1063 0.5651 0.6058 
5.2901 0.1901 2.1063 0.5651 0.6058 
5.2801 0.2001 2.1014 0.5030 0.6659 
5.2801 0.1901 2.1040 0.5724 0.6601 
5.3001 0.2001 2.1059 0.4898 0.5563 
5.2901 0.2001 2.1048 0.4949 0.6100 
5.3001 0.1901 2.1046 0.5640 0.5535 
5.3001 0.1901 2.1046 0.5640 0.5535 
5.2901 0.2001 2.1048 0.4949 0.6100 
5.2901 0.1901 2.1063 0.5651 0.6058 
5.2301 0.2101 2.1056 0.4437 0.9352 
5.2201 0.2101 2.1050 0.4481 0.9900 
5.2301 0.2001 2.1049 0.5174 0.9304 
5.2301 0.2001 2.1049 0.5174 0.9304 
5.2201 0.2101 2.1050 0.4481 0.9900 
5.2201 0.2001 2.1044 0.5219 0.9848 
5.2401 0.2101 2.1063 0.4392 0.8805 
5.2301 0.2101 2.1056 0.4437 0.9352 
5.2401 0.2001 2.1024 0.5170 0.8811 
5.2401 0.2001 2.1024 0.5170 0.8811 
5.2301 0.2101 2.1056 0.4437 0.9352 
5.2301 0.2001 2.1049 0.5174 0.9304 
5.2501 0.2101 2.1091 0.4327 0.8232 
5.2401 0.2101 2.1063 0.4392 0.8805 
5.2501 0.2001 2.1035 0.5117 0.8256 
5.2501 0.2001 2.1035 0.5117 0.8256 
5.2401 0.2101 2.1063 0.4392 0.8805 
5.2401 0.2001 2.1024 0.5170 0.8811 
5.2301 0.2201 2.1033 0.3718 0.9457 
5.2201 0.2201 2.1088 0.3716 0.9886 
5.2301 0.2101 2.1056 0.4437 0.9352 
5.2301 0.2101 2.1056 0.4437 0.9352 
5.2201 0.2201 2.1088 0.3716 0.9886 
5.2201 0.2101 2.1050 0.4481 0.9900 
5.2401 0.2201 2.1041 0.3674 0.8898 
5.2301 0.2201 2.1033 0.3718 0.9457 
5.2401 0.2101 2.1063 0.4392 0.8805 
5.2401 0.2101 2.1063 0.4392 0.8805 
5.2301 0.2201 2.1033 0.3718 0.9457 
5.2301 0.2101 2.1056 0.4437 0.9352 
5.2501 0.2201 2.1046 0.3631 0.8347 
5.2401 0.2201 2.1041 0.3674 0.8898 
5.2501 0.2101 2.1091 0.4327 0.8232 
5.2501 0.2101 2.1091 0.4327 0.8232 
5.2401 0.2201 2.1041 0.3674 0.8898 
5.2401 0.2101 2.1063 0.4392 0.8805 
5.2401 0.2301 2.1060 0.2921 0.8923 
5.2301 0.2301 2.1085 0.2949 0.9420 
5.2401 0.2201 2.1041 0.3674 0.8898 
5.2401 0.2201 2.1041 0.3674 0.8898 
5.2301 0.2301 2.1085 0.2949 0.9420 
5.2301 0.2201 2.1033 0.3718 0.9457 
5.2501 0.2301 2.1084 0.2874 0.8346 
5.2401 0.2301 2.1060 0.2921 0.8923 
5.2501 0.2201 2.1046 0.3631 0.8347 
5.2501 0.2201 2.1046 0.3631 0.8347 
5.2401 0.2301 2.1060 0.2921 0.8923 
5.2401 0.2201 2.1041 0.3674 0.8898 
5.2401 0.2401 2.1080 0.2183 0.8948 
5.2301 0.2401 2.1057 0.2222 0.9535 
5.2401 0.2301 2.1060 0.2921 0.8923 
5.2401 0.2301 2.1060 0.2921 0.8923 
5.2301 0.2401 2.1057 0.2222 0.9535 
5.2301 0.2301 2.1085 0.2949 0.9420 
5.2501 0.2401 2.1031 0.2147 0.8478 
5.2401 0.2401 2.1080 0.2183 0.8948 
5.2501 0.2301 2.1084 0.2874 0.8346 
5.2501 0.2301 2.1084 0.2874 0.8346 
5.2401 0.2401 2.1080 0.2183 0.8948 
5.2401 0.2301 2.1060 0.2921 0.8923 
5.2401 0.2501 2.1051 0.1469 0.9056 
5.2301 0.2501 2.1016 0.1496 0.9683 
5.2401 0.2401 2.1080 0.2183 0.8948 
5.2401 0.2401 2.1080 0.2183 0.8948 
5.2301 0.2501 2.1016 0.1496 0.9683 
5.2301 0.2401 2.1057 0.2222 0.9535 
5.2492 0.2501 2.1001 0.1423 0.8630 
5.2501 0.2401 2.1031 0.2147 0.8478 
5.2501 0.2487 2.1001 0.1516 0.8573 
5.2492 0.2501 2.1001 0.1423 0.8630 
5.2401 0.2501 2.1051 0.1469 0.9056 
5.2501 0.2401 2.1031 0.2147 0.8478 
5.2401 0.2501 2.1051 0.1469 0.9056 
5.2401 0.2401 2.1080 0.2183 0.8948 
5.2501 0.2401 2.1031 0.2147 0.8478 
5.2601 0.2101 2.1032 0.4347 0.7772 
5.2501 0.2101 2.1091 0.4327 0.8232 
5.2601 0.2001 2.1049 0.5061 0.7704 
5.2601 0.2001 2.1049 0.5061 0.7704 
5.2501 0.2101 2.1091 0.4327 0.8232 
5.2501 0.2001 2.1035 0.5117 0.8256 
5.2701 0.2101 2.1079 0.4262 0.7185 
5.2601 0.2101 2.1032 0.4347 0.7772 
5.2701 0.2001 2.1081 0.4984 0.7141 
5.2701 0.2001 2.1081 0.4984 0.7141 
5.2601 0.2101 2.1032 0.4347 0.7772 
5.2601 0.2001 2.1049 0.5061 0.7704 
5.2801 0.2101 2.1017 0.4284 0.6698 
5.2701 0.2101 2.1079 0.4262 0.7185 
5.2801 0.2001 2.1014 0.5030 0.6659 
5.2801 0.2001 2.1014 0.5030 0.6659 
5.2701 0.2101 2.1079 0.4262 0.7185 
5.2701 0.2001 2.1081 0.4984 0.7141 
5.2901 0.2101 2.1066 0.4199 0.6128 
5.2801 0.2101 2.1017 0.4284 0.6698 
5.2901 0.2001 2.1048 0.4949 0.6100 
5.2901 0.2001 2.1048 0.4949 0.6100 
5.2801 0.2101 2.1017 0.4284 0.6698 
5.2801 0.2001 2.1014 0.5030 0.6659 
5.3001 0.2101 2.1020 0.4204 0.5604 
5.2901 0.2101 2.1066 0.4199 0.6128 
5.3001 0.2001 2.1059 0.4898 0.5563 
5.3001 0.2001 2.1059 0.4898 0.5563 
5.2901 0.2101 2.1066 0.4199 0.6128 
5.2901 0.2001 2.1048 0.4949 0.6100 
5.2601 0.2201 2.1001 0.3623 0.7859 
5.2501 0.2201 2.1046 0.3631 0.8347 
5.2601 0.2101 2.1032 0.4347 0.7772 
5.2601 0.2101 2.1032 0.4347 0.7772 
5.2501 0.2201 2.1046 0.3631 0.8347 
5.2501 0.2101 2.1091 0.4327 0.8232 
5.2701 0.2201 2.1044 0.3556 0.7263 
5.2601 0.2201 2.1001 0.3623 0.7859 
5.2701 0.2101 2.1079 0.4262 0.7185 
5.2701 0.2101 2.1079 0.4262 0.7185 
5.2601 0.2201 2.1001 0.3623 0.7859 
5.2601 0.2101 2.1032 0.4347 0.7772 
5.2801 0.2201 2.1060 0.3507 0.6708 
5.2701 0.2201 2.1044 0.3556 0.7263 
5.2801 0.2101 2.1017 0.4284 0.6698 
5.2801 0.2101 2.1017 0.4284 0.6698 
5.2701 0.2201 2.1044 0.3556 0.7263 
5.2701 0.2101 2.1079 0.4262 0.7185 
5.2901 0.2201 2.1031 0.3486 0.6181 
5.2801 0.2201 2.1060 0.3507 0.6708 
5.2901 0.2101 2.1066 0.4199 0.6128 
5.2901 0.2101 2.1066 0.4199 0.6128 
5.2801 0.2201 2.1060 0.3507 0.6708 
5.2801 0.2101 2.1017 0.4284 0.6698 
5.3001 0.2201 2.1034 0.3446 0.5634 
5.2901 0.2201 2.1031 0.3486 0.6181 
5.3001 0.2101 2.1020 0.4204 0.5604 
5.3001 0.2101 2.1020 0.4204 0.5604 
5.2901 0.2201 2.1031 0.3486 0.6181 
5.2901 0.2101 2.1066 0.4199 0.6128 
5.2601 0.2301 2.1039 0.2851 0.7862 
5.2501 0.2301 2.1084 0.2874 0.8346 
5.2601 0.2201 2.1001 0.3623 0.7859 
5.2601 0.2201 2.1001 0.3623 0.7859 
5.2501 0.2301 2.1084 0.2874 0.8346 
5.2501 0.2201 2.1046 0.3631 0.8347 
5.2701 0.2301 2.1018 0.2819 0.7334 
5.2601 0.2301 2.1039 0.2851 0.7862 
5.2701 0.2201 2.1044 0.3556 0.7263 
5.2701 0.2201 2.1044 0.3556 0.7263 
5.2601 0.2301 2.1039 0.2851 0.7862 
5.2601 0.2201 2.1001 0.3623 0.7859 
5.2801 0.2301 2.1015 0.2781 0.6783 
5.2701 0.2301 2.1018 0.2819 0.7334 
5.2801 0.2201 2.1060 0.3507 0.6708 
5.2801 0.2201 2.1060 0.3507 0.6708 
5.2701 0.2301 2.1018 0.2819 0.7334 
5.2701 0.2201 2.1044 0.3556 0.7263 
5.2901 0.2301 2.1047 0.2733 0.6211 
5.2801 0.2301 2.1015 0.2781 0.6783 
5.2901 0.2201 2.1031 0.3486 0.6181 
5.2901 0.2201 2.1031 0.3486 0.6181 
5.2801 0.2301 2.1015 0.2781 0.6783 
5.2801 0.2201 2.1060 0.3507 0.6708 
5.3001 0.2301 2.1050 0.2693 0.5663 
5.2901 0.2301 2.1047 0.2733 0.6211 
5.3001 0.2201 2.1034 0.3446 0.5634 
5.3001 0.2201 2.1034 0.3446 0.5634 
5.2901 0.2301 2.1047 0.2733 0.6211 
5.2901 0.2201 2.1031 0.3486 0.6181 
5.2601 0.2401 2.1060 0.2108 0.7887 
5.2501 0.2401 2.1031 0.2147 0.8478 
5.2601 0.2301 2.1039 0.2851 0.7862 
5.2601 0.2301 2.1039 0.2851 0.7862 
5.2501 0.2401 2.1031 0.2147 0.8478 
5.2501 0.2301 2.1084 0.2874 0.8346 
5.2701 0.2401 2.1020 0.2070 0.7380 
5.2601 0.2401 2.1060 0.2108 0.7887 
5.2701 0.2301 2.1018 0.2819 0.7334 
5.2701 0.2301 2.1018 0.2819 0.7334 
5.2601 0.2401 2.1060 0.2108 0.7887 
5.2601 0.2301 2.1039 0.2851 0.7862 
5.2801 0.2401 2.1084 0.2033 0.6772 
5.2701 0.2401 2.1020 0.2070 0.7380 
5.2801 0.2301 2.1015 0.2781 0.6783 
5.2801 0.2301 2.1015 0.2781 0.6783 
5.2701 0.2401 2.1020 0.2070 0.7380 
5.2701 0.2301 2.1018 0.2819 0.7334 
5.2901 0.2401 2.1062 0.1995 0.6241 
5.2801 0.2401 2.1084 0.2033 0.6772 
5.2901 0.2301 2.1047 0.2733 0.6211 
5.2901 0.2301 2.1047 0.2733 0.6211 
5.2801 0.2401 2.1084 0.2033 0.6772 
5.2801 0.2301 2.1015 0.2781 0.6783 
5.3001 0.2401 2.1037 0.1956 0.5700 
5.2901 0.2401 2.1062 0.1995 0.6241 
5.3001 0.2301 2.1050 0.2693 0.5663 
5.3001 0.2301 2.1050 0.2693 0.5663 
5.2901 0.2401 2.1062 0.1995 0.6241 
5.2901 0.2301 2.1047 0.2733 0.6211 
5.2501 0.2487 2.1001 0.1516 0.8573 
5.2601 0.2501 2.1055 0.1399 0.7944 
5.2509 0.2501 2.1001 0.1417 0.8535 
5.2501 0.2487 2.1001 0.1516 0.8573 
5.2501 0.2401 2.1031 0.2147 0.8478 
5.2601 0.2501 2.1055 0.1399 0.7944 
5.2501 0.2401 2.1031 0.2147 0.8478 
5.2601 0.2401 2.1060 0.2108 0.7887 
5.2601 0.2501 2.1055 0.1399 0.7944 
5.2701 0.2501 2.1011 0.1351 0.7436 
5.2601 0.2501 2.1055 0.1399 0.7944 
5.2701 0.2401 2.1020 0.2070 0.7380 
5.2701 0.2401 2.1020 0.2070 0.7380 
5.2601 0.2501 2.1055 0.1399 0.7944 
5.2601 0.2401 2.1060 0.2108 0.7887 
5.2801 0.2501 2.1035 0.1324 0.6852 
5.2701 0.2501 2.1011 0.1351 0.7436 
5.2801 0.2401 2.1084 0.2033 0.6772 
5.2801 0.2401 2.1084 0.2033 0.6772 
5.2701 0.2501 2.1011 0.1351 0.7436 
5.2701 0.2401 2.1020 0.2070 0.7380 
5.2901 0.2501 2.1026 0.1286 0.6299 
5.2801 0.2501 2.1035 0.1324 0.6852 
5.2901 0.2401 2.1062 0.1995 0.6241 
5.2901 0.2401 2.1062 0.1995 0.6241 
5.2801 0.2501 2.1035 0.1324 0.6852 
5.2801 0.2401 2.1084 0.2033 0.6772 
5.3001 0.2501 2.1042 0.1258 0.5733 
5.2901 0.2501 2.1026 0.1286 0.6299 
5.3001 0.2401 2.1037 0.1956 0.5700 
5.3001 0.2401 2.1037 0.1956 0.5700 
5.2901 0.2501 2.1026 0.1286 0.6299 
5.2901 0.2401 2.1062 0.1995 0.6241 
5.2401 0.2601 2.1068 0.0880 0.9086 
5.2301 0.2601 2.1071 0.0904 0.9634 
5.2401 0.2501 2.1051 0.1469 0.9056 
5.2401 0.2501 2.1051 0.1469 0.9056 
5.2301 0.2601 2.1071 0.0904 0.9634 
5.2301 0.2501 2.1016 0.1496 0.9683 
5.2501 0.2507 2.1001 0.1377 0.8585 
5.2401 0.2501 2.1051 0.1469 0.9056 
5.2492 0.2501 2.1001 0.1423 0.8630 
5.2501 0.2507 2.1001 0.1377 0.8585 
5.2501 0.2601 2.1074 0.0860 0.8523 
5.2401 0.2501 2.1051 0.1469 0.9056 
5.2501 0.2601 2.1074 0.0860 0.8523 
5.2401 0.2601 2.1068 0.0880 0.9086 
5.2401 0.2501 2.1051 0.1469 0.9056 
5.2509 0.2501 2.1001 0.1417 0.8535 
5.2501 0.2601 2.1074 0.0860 0.8523 
5.2501 0.2507 2.1001 0.1377 0.8585 
5.2509 0.2501 2.1001 0.1417 0.8535 
5.2601 0.2501 2.1055 0.1399 0.7944 
5.2501 0.2601 2.1074 0.0860 0.8523 
5.2601 0.2501 2.1055 0.1399 0.7944 
5.2601 0.2601 2.1049 0.0831 0.8003 
5.2501 0.2601 2.1074 0.0860 0.8523 
5.2701 0.2601 2.1075 0.0820 0.7417 
5.2601 0.2601 2.1049 0.0831 0.8003 
5.2701 0.2501 2.1011 0.1351 0.7436 
5.2701 0.2501 2.1011 0.1351 0.7436 
5.2601 0.2601 2.1049 0.0831 0.8003 
5.2601 0.2501 2.1055 0.1399 0.7944 
5.2801 0.2601 2.1067 0.0800 0.6869 
5.2701 0.2601 2.1075 0.0820 0.7417 
5.2801 0.2501 2.1035 0.1324 0.6852 
5.2801 0.2501 2.1035 0.1324 0.6852 
5.2701 0.2601 2.1075 0.0820 0.7417 
5.2701 0.2501 2.1011 0.1351 0.7436 
5.2901 0.2601 2.1033 0.0776 0.6334 
5.2801 0.2601 2.1067 0.0800 0.6869 
5.2901 0.2501 2.1026 0.1286 0.6299 
5.2901 0.2501 2.1026 0.1286 0.6299 
5.2801 0.2601 2.1067 0.0800 0.6869 
5.2801 0.2501 2.1035 0.1324 0.6852 
5.3001 0.2601 2.1067 0.0771 0.5759 
5.2901 0.2601 2.1033 0.0776 0.6334 
5.3001 0.2501 2.1042 0.1258 0.5733 
5.3001 0.2501 2.1042 0.1258 0.5733 
5.2901 0.2601 2.1033 0.0776 0.6334 
5.2901 0.2501 2.1026 0.1286 0.6299 
5.3201 0.1301 2.1001 0.9873 0.4325 
5.3201 0.1301 2.1001 0.9873 0.4325 
5.3201 0.1301 2.1001 0.9873 0.4325 
5.3201 0.1301 2.1001 0.9873 0.4325 
5.3201 0.1301 2.1001 0.9873 0.4325 
5.3201 0.1301 2.1001 0.9873 0.4325 
5.3201 0.1301 2.1001 0.9873 0.4325 
5.3201 0.1301 2.1001 0.9873 0.4325 
5.3201 0.1301 2.1001 0.9873 0.4325 
5.3201 0.1301 2.1001 0.9873 0.4325 
5.3201 0.1301 2.1001 0.9873 0.4325 
5.3201 0.1301 2.1001 0.9873 0.4325 
5.3701 0.1301 2.0999 0.9704 0.1759 
5.3688 0.1301 2.1001 0.9702 0.1828 
5.3701 0.1298 2.1001 0.9715 0.1762 
5.3801 0.1301 2.0995 0.9680 0.1264 
5.3701 0.1301 2.0999 0.9704 0.1759 
5.3701 0.1298 2.1001 0.9715 0.1762 
5.3801 0.1294 2.1001 0.9712 0.1272 
5.3801 0.1301 2.0995 0.9680 0.1264 
5.3701 0.1298 2.1001 0.9715 0.1762 
5.3842 0.1301 2.1001 0.9647 0.1080 
5.3801 0.1301 2.0995 0.9680 0.1264 
5.3801 0.1294 2.1001 0.9712 0.1272 
5.3601 0.1401 2.0953 0.9192 0.2218 
5.3559 0.1401 2.1001 0.9063 0.2487 
5.3601 0.1324 2.1001 0.9573 0.2268 
5.3601 0.1324 2.1001 0.9573 0.2268 
5.3688 0.1301 2.1001 0.9702 0.1828 
5.3701 0.1301 2.0999 0.9704 0.1759 
5.3601 0.1324 2.1001 0.9573 0.2268 
5.3701 0.1301 2.0999 0.9704 0.1759 
5.3601 0.1401 2.0953 0.9192 0.2218 
5.3601 0.1401 2.0953 0.9192 0.2218 
5.3701 0.1301 2.0999 0.9704 0.1759 
5.3701 0.1401 2.0934 0.9214 0.1674 
5.3801 0.1401 2.0925 0.9205 0.1158 
5.3701 0.1401 2.0934 0.9214 0.1674 
5.3801 0.1301 2.0995 0.9680 0.1264 
5.3801 0.1301 2.0995 0.9680 0.1264 
5.3701 0.1401 2.0934 0.9214 0.1674 
5.3701 0.1301 2.0999 0.9704 0.1759 
5.3842 0.1301 2.1001 0.9647 0.1080 
5.3862 0.1401 2.1001 0.8955 0.0986 
5.3801 0.1401 2.0925 0.9205 0.1158 
5.3801 0.1301 2.0995 0.9680 0.1264 
5.3842 0.1301 2.1001 0.9647 0.1080 
5.3801 0.1401 2.0925 0.9205 0.1158 
5.3601 0.1401 2.0953 0.9192 0.2218 
5.3601 0.1474 2.1001 0.8541 0.2278 
5.3559 0.1401 2.1001 0.9063 0.2487 
5.3601 0.1401 2.0953 0.9192 0.2218 
5.3701 0.1401 2.0934 0.9214 0.1674 
5.3701 0.1459 2.1001 0.8609 0.1766 
5.3601 0.1474 2.1001 0.8541 0.2278 
5.3601 0.1401 2.0953 0.9192 0.2218 
5.3701 0.1459 2.1001 0.8609 0.1766 
5.3785 0.1501 2.1001 0.8287 0.1347 
5.3701 0.1459 2.1001 0.8609 0.1766 
5.3701 0.1401 2.0934 0.9214 0.1674 
5.3785 0.1501 2.1001 0.8287 0.1347 
5.3701 0.1401 2.0934 0.9214 0.1674 
5.3801 0.1501 2.0992 0.8305 0.1258 
5.3801 0.1501 2.0992 0.8305 0.1258 
5.3701 0.1401 2.0934 0.9214 0.1674 
5.3801 0.1401 2.0925 0.9205 0.1158 
5.3862 0.1401 2.1001 0.8955 0.0986 
5.3851 0.1501 2.1001 0.8264 0.1036 
5.3801 0.1501 2.0992 0.8305 0.1258 
5.3801 0.1401 2.0925 0.9205 0.1158 
5.3862 0.1401 2.1001 0.8955 0.0986 
5.3801 0.1501 2.0992 0.8305 0.1258 
5.3301 0.2001 2.0979 0.4881 0.3930 
5.3274 0.2001 2.1001 0.4865 0.4089 
5.3301 0.1949 2.1001 0.5243 0.3930 
5.3331 0.2001 2.1001 0.4843 0.3779 
5.3301 0.2001 2.0979 0.4881 0.3930 
5.3301 0.1949 2.1001 0.5243 0.3930 
5.3501 0.2001 2.0995 0.4784 0.2848 
5.3490 0.2001 2.1001 0.4781 0.2913 
5.3501 0.1986 2.1001 0.4891 0.2852 
5.3801 0.1501 2.0992 0.8305 0.1258 
5.3801 0.1523 2.1001 0.8129 0.1270 
5.3785 0.1501 2.1001 0.8287 0.1347 
5.3851 0.1501 2.1001 0.8264 0.1036 
5.3901 0.1538 2.1001 0.7986 0.0816 
5.3901 0.1601 2.0986 0.7576 0.0792 
5.3851 0.1501 2.1001 0.8264 0.1036 
5.3901 0.1601 2.0986 0.7576 0.0792 
5.3801 0.1501 2.0992 0.8305 0.1258 
5.3869 0.1601 2.1001 0.7552 0.0953 
5.3801 0.1523 2.1001 0.8129 0.1270 
5.3901 0.1601 2.0986 0.7576 0.0792 
5.3801 0.1523 2.1001 0.8129 0.1270 
5.3801 0.1501 2.0992 0.8305 0.1258 
5.3901 0.1601 2.0986 0.7576 0.0792 
5.3963 0.1601 2.1001 0.7517 0.0600 
5.3901 0.1601 2.0986 0.7576 0.0792 
5.3901 0.1538 2.1001 0.7986 0.0816 
5.3901 0.1601 2.0986 0.7576 0.0792 
5.3901 0.1627 2.1001 0.7357 0.0813 
5.3869 0.1601 2.1001 0.7552 0.0953 
5.3963 0.1601 2.1001 0.7517 0.0600 
5.4001 0.1671 2.1001 0.7005 0.0533 
5.4001 0.1701 2.0997 0.6796 0.0531 
5.3963 0.1601 2.1001 0.7517 0.0600 
5.4001 0.1701 2.0997 0.6796 0.0531 
5.3901 0.1601 2.0986 0.7576 0.0792 
5.3993 0.1701 2.1001 0.6791 0.0541 
5.3901 0.1627 2.1001 0.7357 0.0813 
5.4001 0.1701 2.0997 0.6796 0.0531 
5.3901 0.1627 2.1001 0.7357 0.0813 
5.3901 0.1601 2.0986 0.7576 0.0792 
5.4001 0.1701 2.0997 0.6796 0.0531 
5.3701 0.1801 2.0969 0.6233 0.1733 
5.3671 0.1801 2.1001 0.6187 0.1936 
5.3701 0.1759 2.1001 0.6483 0.1775 
5.3745 0.1801 2.1001 0.6159 0.1549 
5.3701 0.1801 2.0969 0.6233 0.1733 
5.3701 0.1759 2.1001 0.6483 0.1775 
5.4001 0.1701 2.0997 0.6796 0.0531 
5.4001 0.1718 2.1001 0.6669 0.0532 
5.3993 0.1701 2.1001 0.6791 0.0541 
5.3701 0.1801 2.0969 0.6233 0.1733 
5.3701 0.1901 2.0968 0.5491 0.1735 
5.3614 0.1901 2.1001 0.5476 0.2237 
5.3671 0.1801 2.1001 0.6187 0.1936 
5.3701 0.1801 2.0969 0.6233 0.1733 
5.3614 0.1901 2.1001 0.5476 0.2237 
5.3745 0.1801 2.1001 0.6159 0.1549 
5.3801 0.1858 2.1001 0.5719 0.1268 
5.3801 0.1901 2.0971 0.5448 0.1222 
5.3745 0.1801 2.1001 0.6159 0.1549 
5.3801 0.1901 2.0971 0.5448 0.1222 
5.3701 0.1801 2.0969 0.6233 0.1733 
5.3701 0.1801 2.0969 0.6233 0.1733 
5.3801 0.1901 2.0971 0.5448 0.1222 
5.3701 0.1901 2.0968 0.5491 0.1735 
5.3901 0.1901 2.0988 0.5385 0.0784 
5.3801 0.1901 2.0971 0.5448 0.1222 
5.3801 0.1858 2.1001 0.5719 0.1268 
5.3901 0.1868 2.1001 0.5607 0.0804 
5.3901 0.1901 2.0988 0.5385 0.0784 
5.3801 0.1858 2.1001 0.5719 0.1268 
5.4001 0.1901 2.0990 0.5343 0.0528 
5.3901 0.1901 2.0988 0.5385 0.0784 
5.3901 0.1868 2.1001 0.5607 0.0804 
5.4001 0.1866 2.1001 0.5584 0.0531 
5.4001 0.1901 2.0990 0.5343 0.0528 
5.3901 0.1868 2.1001 0.5607 0.0804 
5.3567 0.2001 2.1001 0.4751 0.2498 
5.3501 0.2001 2.0995 0.4784 0.2848 
5.3501 0.1986 2.1001 0.4891 0.2852 
5.3701 0.1901 2.0968 0.5491 0.1735 
5.3701 0.2001 2.0983 0.4720 0.1759 
5.3617 0.2001 2.1001 0.4732 0.2232 
5.3614 0.1901 2.1001 0.5476 0.2237 
5.3701 0.1901 2.0968 0.5491 0.1735 
5.3617 0.2001 2.1001 0.4732 0.2232 
5.3801 0.2001 2.0976 0.4689 0.1229 
5.3701 0.2001 2.0983 0.4720 0.1759 
5.3801 0.1901 2.0971 0.5448 0.1222 
5.3801 0.1901 2.0971 0.5448 0.1222 
5.3701 0.2001 2.0983 0.4720 0.1759 
5.3701 0.1901 2.0968 0.5491 0.1735 
5.3901 0.2001 2.0990 0.4635 0.0782 
5.3801 0.2001 2.0976 0.4689 0.1229 
5.3901 0.1901 2.0988 0.5385 0.0784 
5.3901 0.1901 2.0988 0.5385 0.0784 
5.3801 0.2001 2.0976 0.4689 0.1229 
5.3801 0.1901 2.0971 0.5448 0.1222 
5.4001 0.1930 2.1001 0.5111 0.0530 
5.3931 0.2001 2.1001 0.4610 0.0682 
5.3901 0.2001 2.0990 0.4635 0.0782 
5.4001 0.1930 2.1001 0.5111 0.0530 
5.3901 0.2001 2.0990 0.4635 0.0782 
5.4001 0.1901 2.0990 0.5343 0.0528 
5.4001 0.1901 2.0990 0.5343 0.0528 
5.3901 0.2001 2.0990 0.4635 0.0782 
5.3901 0.1901 2.0988 0.5385 0.0784 
5.3101 0.2101 2.0993 0.4190 0.5059 
5.3072 0.2101 2.1001 0.4194 0.5219 
5.3101 0.2079 2.1001 0.4347 0.5053 
5.3136 0.2101 2.1001 0.4169 0.4865 
5.3101 0.2101 2.0993 0.4190 0.5059 
5.3101 0.2079 2.1001 0.4347 0.5053 
5.3301 0.2001 2.0979 0.4881 0.3930 
5.3301 0.2034 2.1001 0.4604 0.3947 
5.3274 0.2001 2.1001 0.4865 0.4089 
5.3331 0.2001 2.1001 0.4843 0.3779 
5.3401 0.2096 2.1001 0.4106 0.3411 
5.3401 0.2101 2.0998 0.4068 0.3410 
5.3331 0.2001 2.1001 0.4843 0.3779 
5.3401 0.2101 2.0998 0.4068 0.3410 
5.3301 0.2001 2.0979 0.4881 0.3930 
5.3395 0.2101 2.1001 0.4068 0.3447 
5.3301 0.2034 2.1001 0.4604 0.3947 
5.3401 0.2101 2.0998 0.4068 0.3410 
5.3301 0.2034 2.1001 0.4604 0.3947 
5.3301 0.2001 2.0979 0.4881 0.3930 
5.3401 0.2101 2.0998 0.4068 0.3410 
5.3401 0.2096 2.1001 0.4106 0.3411 
5.3490 0.2001 2.1001 0.4781 0.2913 
5.3501 0.2001 2.0995 0.4784 0.2848 
5.3401 0.2096 2.1001 0.4106 0.3411 
5.3501 0.2001 2.0995 0.4784 0.2848 
5.3401 0.2101 2.0998 0.4068 0.3410 
5.3501 0.2011 2.1001 0.4701 0.2855 
5.3406 0.2101 2.1001 0.4064 0.3385 
5.3501 0.2001 2.0995 0.4784 0.2848 
5.3406 0.2101 2.1001 0.4064 0.3385 
5.3401 0.2101 2.0998 0.4068 0.3410 
5.3501 0.2001 2.0995 0.4784 0.2848 
5.3101 0.2101 2.0993 0.4190 0.5059 
5.3101 0.2124 2.1001 0.4013 0.5066 
5.3072 0.2101 2.1001 0.4194 0.5219 
5.3136 0.2101 2.1001 0.4169 0.4865 
5.3201 0.2163 2.1001 0.3677 0.4525 
5.3201 0.2201 2.0992 0.3393 0.4532 
5.3136 0.2101 2.1001 0.4169 0.4865 
5.3201 0.2201 2.0992 0.3393 0.4532 
5.3101 0.2101 2.0993 0.4190 0.5059 
5.3176 0.2201 2.1001 0.3397 0.4672 
5.3101 0.2124 2.1001 0.4013 0.5066 
5.3201 0.2201 2.0992 0.3393 0.4532 
5.3101 0.2124 2.1001 0.4013 0.5066 
5.3101 0.2101 2.0993 0.4190 0.5059 
5.3201 0.2201 2.0992 0.3393 0.4532 
5.3213 0.2201 2.1001 0.3383 0.4471 
5.3201 0.2201 2.0992 0.3393 0.4532 
5.3201 0.2163 2.1001 0.3677 0.4525 
5.3401 0.2101 2.0998 0.4068 0.3410 
5.3401 0.2116 2.1001 0.3954 0.3415 
5.3395 0.2101 2.1001 0.4068 0.3447 
5.3401 0.2116 2.1001 0.3954 0.3415 
5.3401 0.2101 2.0998 0.4068 0.3410 
5.3406 0.2101 2.1001 0.4064 0.3385 
5.3201 0.2201 2.0992 0.3393 0.4532 
5.3201 0.2215 2.1001 0.3284 0.4538 
5.3176 0.2201 2.1001 0.3397 0.4672 
5.3201 0.2215 2.1001 0.3284 0.4538 
5.3201 0.2201 2.0992 0.3393 0.4532 
5.3213 0.2201 2.1001 0.3383 0.4471 
5.3201 0.2501 2.0981 0.1170 0.4607 
5.3174 0.2501 2.1001 0.1186 0.4765 
5.3201 0.2471 2.1001 0.1373 0.4603 
5.3245 0.2501 2.1001 0.1163 0.4363 
5.3201 0.2501 2.0981 0.1170 0.4607 
5.3201 0.2471 2.1001 0.1373 0.4603 
5.3567 0.2001 2.1001 0.4751 0.2498 
5.3601 0.2052 2.1001 0.4359 0.2319 
5.3601 0.2101 2.0998 0.3990 0.2319 
5.3567 0.2001 2.1001 0.4751 0.2498 
5.3601 0.2101 2.0998 0.3990 0.2319 
5.3501 0.2001 2.0995 0.4784 0.2848 
5.3596 0.2101 2.1001 0.3989 0.2352 
5.3501 0.2011 2.1001 0.4701 0.2855 
5.3601 0.2101 2.0998 0.3990 0.2319 
5.3501 0.2011 2.1001 0.4701 0.2855 
5.3501 0.2001 2.0995 0.4784 0.2848 
5.3601 0.2101 2.0998 0.3990 0.2319 
5.3601 0.2052 2.1001 0.4359 0.2319 
5.3617 0.2001 2.1001 0.4732 0.2232 
5.3701 0.2001 2.0983 0.4720 0.1759 
5.3601 0.2052 2.1001 0.4359 0.2319 
5.3701 0.2001 2.0983 0.4720 0.1759 
5.3601 0.2101 2.0998 0.3990 0.2319 
5.3601 0.2101 2.0998 0.3990 0.2319 
5.3701 0.2001 2.0983 0.4720 0.1759 
5.3701 0.2101 2.0997 0.3952 0.1781 
5.3801 0.2101 2.0981 0.3926 0.1234 
5.3701 0.2101 2.0997 0.3952 0.1781 
5.3801 0.2001 2.0976 0.4689 0.1229 
5.3801 0.2001 2.0976 0.4689 0.1229 
5.3701 0.2101 2.0997 0.3952 0.1781 
5.3701 0.2001 2.0983 0.4720 0.1759 
5.3901 0.2018 2.1001 0.4496 0.0798 
5.3827 0.2101 2.1001 0.3899 0.1134 
5.3801 0.2101 2.0981 0.3926 0.1234 
5.3901 0.2018 2.1001 0.4496 0.0798 
5.3801 0.2101 2.0981 0.3926 0.1234 
5.3901 0.2001 2.0990 0.4635 0.0782 
5.3901 0.2001 2.0990 0.4635 0.0782 
5.3801 0.2101 2.0981 0.3926 0.1234 
5.3801 0.2001 2.0976 0.4689 0.1229 
5.3901 0.2018 2.1001 0.4496 0.0798 
5.3901 0.2001 2.0990 0.4635 0.0782 
5.3931 0.2001 2.1001 0.4610 0.0682 
5.3601 0.2101 2.0998 0.3990 0.2319 
5.3601 0.2201 2.0991 0.3235 0.2319 
5.3501 0.2201 2.1001 0.3269 0.2878 
5.3596 0.2101 2.1001 0.3989 0.2352 
5.3601 0.2101 2.0998 0.3990 0.2319 
5.3501 0.2201 2.1001 0.3269 0.2878 
5.3701 0.2119 2.1001 0.3811 0.1787 
5.3635 0.2201 2.1001 0.3217 0.2147 
5.3601 0.2201 2.0991 0.3235 0.2319 
5.3701 0.2119 2.1001 0.3811 0.1787 
5.3601 0.2201 2.0991 0.3235 0.2319 
5.3701 0.2101 2.0997 0.3952 0.1781 
5.3701 0.2101 2.0997 0.3952 0.1781 
5.3601 0.2201 2.0991 0.3235 0.2319 
5.3601 0.2101 2.0998 0.3990 0.2319 
5.3701 0.2101 2.0997 0.3952 0.1781 
5.3801 0.2101 2.0981 0.3926 0.1234 
5.3801 0.2132 2.1001 0.3674 0.1266 
5.3701 0.2119 2.1001 0.3811 0.1787 
5.3701 0.2101 2.0997 0.3952 0.1781 
5.3801 0.2132 2.1001 0.3674 0.1266 
5.3801 0.2132 2.1001 0.3674 0.1266 
5.3801 0.2101 2.0981 0.3926 0.1234 
5.3827 0.2101 2.1001 0.3899 0.1134 
5.3601 0.2201 2.0991 0.3235 0.2319 
5.3601 0.2221 2.1001 0.3078 0.2332 
5.3501 0.2201 2.1001 0.3269 0.2878 
5.3601 0.2221 2.1001 0.3078 0.2332 
5.3601 0.2201 2.0991 0.3235 0.2319 
5.3635 0.2201 2.1001 0.3217 0.2147 
5.3901 0.2501 2.0992 0.0960 0.0766 
5.3842 0.2501 2.1001 0.0980 0.1055 
5.3901 0.2480 2.1001 0.1085 0.0780 
5.3201 0.2501 2.0981 0.1170 0.4607 
5.3201 0.2525 2.1001 0.1029 0.4617 
5.3174 0.2501 2.1001 0.1186 0.4765 
5.3201 0.2525 2.1001 0.1029 0.4617 
5.3201 0.2501 2.0981 0.1170 0.4607 
5.3245 0.2501 2.1001 0.1163 0.4363 
5.3901 0.2501 2.0992 0.0960 0.0766 
5.3901 0.2526 2.1001 0.0845 0.0778 
5.3842 0.2501 2.1001 0.0980 0.1055 
5.3201 0.1301 2.1001 0.9873 0.4325 
5.3301 0.1301 2.1007 0.9819 0.3811 
5.3201 0.1301 2.1001 0.9873 0.4325 
5.3101 0.1401 2.1033 0.9131 0.4870 
5.3001 0.1401 2.1025 0.9191 0.5387 
5.3101 0.1301 2.1055 0.9735 0.4847 
5.3101 0.1301 2.1055 0.9735 0.4847 
5.3001 0.1401 2.1025 0.9191 0.5387 
5.3001 0.1301 2.1076 0.9704 0.5351 
5.3201 0.1301 2.1001 0.9873 0.4325 
5.3101 0.1301 2.1055 0.9735 0.4847 
5.3201 0.1301 2.1001 0.9873 0.4325 
5.3201 0.1301 2.1001 0.9873 0.4325 
5.3201 0.1401 2.1063 0.9011 0.4364 
5.3101 0.1301 2.1055 0.9735 0.4847 
5.3201 0.1401 2.1063 0.9011 0.4364 
5.3101 0.1401 2.1033 0.9131 0.4870 
5.3101 0.1301 2.1055 0.9735 0.4847 
5.3201 0.1301 2.1001 0.9873 0.4325 
5.3201 0.1401 2.1063 0.9011 0.4364 
5.3201 0.1301 2.1001 0.9873 0.4325 
5.3201 0.1301 2.1001 0.9873 0.4325 
5.3301 0.1301 2.1007 0.9819 0.3811 
5.3201 0.1401 2.1063 0.9011 0.4364 
5.3301 0.1301 2.1007 0.9819 0.3811 
5.3301 0.1401 2.1028 0.9076 0.3839 
5.3201 0.1401 2.1063 0.9011 0.4364 
5.3401 0.1401 2.1087 0.8874 0.3365 
5.3301 0.1401 2.1028 0.9076 0.3839 
5.3401 0.1301 2.1013 0.9765 0.3300 
5.3401 0.1301 2.1013 0.9765 0.3300 
5.3301 0.1401 2.1028 0.9076 0.3839 
5.3301 0.1301 2.1007 0.9819 0.3811 
5.3501 0.1401 2.1069 0.8890 0.2849 
5.3401 0.1401 2.1087 0.8874 0.3365 
5.3501 0.1301 2.1009 0.9743 0.2784 
5.3501 0.1301 2.1009 0.9743 0.2784 
5.3401 0.1401 2.1087 0.8874 0.3365 
5.3401 0.1301 2.1013 0.9765 0.3300 
5.3101 0.1501 2.1056 0.8388 0.4897 
5.3001 0.1501 2.1070 0.8388 0.5409 
5.3101 0.1401 2.1033 0.9131 0.4870 
5.3101 0.1401 2.1033 0.9131 0.4870 
5.3001 0.1501 2.1070 0.8388 0.5409 
5.3001 0.1401 2.1025 0.9191 0.5387 
5.3201 0.1501 2.1029 0.8424 0.4377 
5.3101 0.1501 2.1056 0.8388 0.4897 
5.3201 0.1401 2.1063 0.9011 0.4364 
5.3201 0.1401 2.1063 0.9011 0.4364 
5.3101 0.1501 2.1056 0.8388 0.4897 
5.3101 0.1401 2.1033 0.9131 0.4870 
5.3301 0.1501 2.1054 0.8323 0.3870 
5.3201 0.1501 2.1029 0.8424 0.4377 
5.3301 0.1401 2.1028 0.9076 0.3839 
5.3301 0.1401 2.1028 0.9076 0.3839 
5.3201 0.1501 2.1029 0.8424 0.4377 
5.3201 0.1401 2.1063 0.9011 0.4364 
5.3401 0.1501 2.1037 0.8333 0.3345 
5.3301 0.1501 2.1054 0.8323 0.3870 
5.3401 0.1401 2.1087 0.8874 0.3365 
5.3401 0.1401 2.1087 0.8874 0.3365 
5.3301 0.1501 2.1054 0.8323 0.3870 
5.3301 0.1401 2.1028 0.9076 0.3839 
5.3501 0.1501 2.1065 0.8224 0.2856 
5.3401 0.1501 2.1037 0.8333 0.3345 
5.3501 0.1401 2.1069 0.8890 0.2849 
5.3501 0.1401 2.1069 0.8890 0.2849 
5.3401 0.1501 2.1037 0.8333 0.3345 
5.3401 0.1401 2.1087 0.8874 0.3365 
5.3801 0.1294 2.1001 0.9712 0.1272 
5.3901 0.1301 2.1009 0.9601 0.0836 
5.3842 0.1301 2.1001 0.9647 0.1080 
5.3559 0.1401 2.1001 0.9063 0.2487 
5.3601 0.1301 2.1016 0.9685 0.2283 
5.3601 0.1324 2.1001 0.9573 0.2268 
5.3559 0.1401 2.1001 0.9063 0.2487 
5.3501 0.1401 2.1069 0.8890 0.2849 
5.3601 0.1301 2.1016 0.9685 0.2283 
5.3501 0.1401 2.1069 0.8890 0.2849 
5.3501 0.1301 2.1009 0.9743 0.2784 
5.3601 0.1301 2.1016 0.9685 0.2283 
5.3601 0.1324 2.1001 0.9573 0.2268 
5.3601 0.1301 2.1016 0.9685 0.2283 
5.3688 0.1301 2.1001 0.9702 0.1828 
5.3901 0.1401 2.1049 0.8805 0.0888 
5.3842 0.1301 2.1001 0.9647 0.1080 
5.3901 0.1301 2.1009 0.9601 0.0836 
5.3862 0.1401 2.1001 0.8955 0.0986 
5.3842 0.1301 2.1001 0.9647 0.1080 
5.3901 0.1401 2.1049 0.8805 0.0888 
5.4001 0.1397 2.1001 0.8932 0.0537 
5.3901 0.1301 2.1009 0.9601 0.0836 
5.3912 0.1301 2.1001 0.9622 0.0780 
5.4001 0.1397 2.1001 0.8932 0.0537 
5.4001 0.1401 2.1004 0.8897 0.0538 
5.3901 0.1301 2.1009 0.9601 0.0836 
5.4001 0.1401 2.1004 0.8897 0.0538 
5.3901 0.1401 2.1049 0.8805 0.0888 
5.3901 0.1301 2.1009 0.9601 0.0836 
5.3601 0.1474 2.1001 0.8541 0.2278 
5.3501 0.1401 2.1069 0.8890 0.2849 
5.3559 0.1401 2.1001 0.9063 0.2487 
5.3601 0.1474 2.1001 0.8541 0.2278 
5.3601 0.1501 2.1019 0.8308 0.2300 
5.3501 0.1401 2.1069 0.8890 0.2849 
5.3601 0.1501 2.1019 0.8308 0.2300 
5.3501 0.1501 2.1065 0.8224 0.2856 
5.3501 0.1401 2.1069 0.8890 0.2849 
5.3701 0.1459 2.1001 0.8609 0.1766 
5.3601 0.1501 2.1019 0.8308 0.2300 
5.3601 0.1474 2.1001 0.8541 0.2278 
5.3701 0.1501 2.1049 0.8193 0.1830 
5.3601 0.1501 2.1019 0.8308 0.2300 
5.3701 0.1459 2.1001 0.8609 0.1766 
5.3785 0.1501 2.1001 0.8287 0.1347 
5.3701 0.1501 2.1049 0.8193 0.1830 
5.3701 0.1459 2.1001 0.8609 0.1766 
5.3901 0.1501 2.1010 0.8222 0.0830 
5.3862 0.1401 2.1001 0.8955 0.0986 
5.3901 0.1401 2.1049 0.8805 0.0888 
5.3851 0.1501 2.1001 0.8264 0.1036 
5.3862 0.1401 2.1001 0.8955 0.0986 
5.3901 0.1501 2.1010 0.8222 0.0830 
5.4001 0.1501 2.1007 0.8194 0.0537 
5.3901 0.1501 2.1010 0.8222 0.0830 
5.4001 0.1401 2.1004 0.8897 0.0538 
5.4001 0.1401 2.1004 0.8897 0.0538 
5.3901 0.1501 2.1010 0.8222 0.0830 
5.3901 0.1401 2.1049 0.8805 0.0888 
5.3101 0.1601 2.1048 0.7721 0.4923 
5.3001 0.1601 2.1050 0.7751 0.5442 
5.3101 0.1501 2.1056 0.8388 0.4897 
5.3101 0.1501 2.1056 0.8388 0.4897 
5.3001 0.1601 2.1050 0.7751 0.5442 
5.3001 0.1501 2.1070 0.8388 0.5409 
5.3201 0.1601 2.1001 0.7797 0.4392 
5.3101 0.1601 2.1048 0.7721 0.4923 
5.3201 0.1501 2.1029 0.8424 0.4377 
5.3201 0.1501 2.1029 0.8424 0.4377 
5.3101 0.1601 2.1048 0.7721 0.4923 
5.3101 0.1501 2.1056 0.8388 0.4897 
5.3301 0.1601 2.1020 0.7716 0.3872 
5.3201 0.1601 2.1001 0.7797 0.4392 
5.3301 0.1501 2.1054 0.8323 0.3870 
5.3301 0.1501 2.1054 0.8323 0.3870 
5.3201 0.1601 2.1001 0.7797 0.4392 
5.3201 0.1501 2.1029 0.8424 0.4377 
5.3401 0.1601 2.1044 0.7622 0.3365 
5.3301 0.1601 2.1020 0.7716 0.3872 
5.3401 0.1501 2.1037 0.8333 0.3345 
5.3401 0.1501 2.1037 0.8333 0.3345 
5.3301 0.1601 2.1020 0.7716 0.3872 
5.3301 0.1501 2.1054 0.8323 0.3870 
5.3501 0.1601 2.1028 0.7623 0.2834 
5.3401 0.1601 2.1044 0.7622 0.3365 
5.3501 0.1501 2.1065 0.8224 0.2856 
5.3501 0.1501 2.1065 0.8224 0.2856 
5.3401 0.1601 2.1044 0.7622 0.3365 
5.3401 0.1501 2.1037 0.8333 0.3345 
5.3101 0.1701 2.1025 0.7072 0.4949 
5.3001 0.1701 2.1078 0.6997 0.5467 
5.3101 0.1601 2.1048 0.7721 0.4923 
5.3101 0.1601 2.1048 0.7721 0.4923 
5.3001 0.1701 2.1078 0.6997 0.5467 
5.3001 0.1601 2.1050 0.7751 0.5442 
5.3201 0.1701 2.1037 0.7009 0.4424 
5.3101 0.1701 2.1025 0.7072 0.4949 
5.3201 0.1601 2.1001 0.7797 0.4392 
5.3201 0.1601 2.1001 0.7797 0.4392 
5.3101 0.1701 2.1025 0.7072 0.4949 
5.3101 0.1601 2.1048 0.7721 0.4923 
5.3301 0.1701 2.1015 0.7019 0.3889 
5.3201 0.1701 2.1037 0.7009 0.4424 
5.3301 0.1601 2.1020 0.7716 0.3872 
5.3301 0.1601 2.1020 0.7716 0.3872 
5.3201 0.1701 2.1037 0.7009 0.4424 
5.3201 0.1601 2.1001 0.7797 0.4392 
5.3401 0.1701 2.1042 0.6926 0.3379 
5.3301 0.1701 2.1015 0.7019 0.3889 
5.3401 0.1601 2.1044 0.7622 0.3365 
5.3401 0.1601 2.1044 0.7622 0.3365 
5.3301 0.1701 2.1015 0.7019 0.3889 
5.3301 0.1601 2.1020 0.7716 0.3872 
5.3501 0.1701 2.1079 0.6816 0.2890 
5.3401 0.1701 2.1042 0.6926 0.3379 
5.3501 0.1601 2.1028 0.7623 0.2834 
5.3501 0.1601 2.1028 0.7623 0.2834 
5.3401 0.1701 2.1042 0.6926 0.3379 
5.3401 0.1601 2.1044 0.7622 0.3365 
5.3101 0.1801 2.1086 0.6248 0.4977 
5.3001 0.1801 2.1046 0.6356 0.5503 
5.3101 0.1701 2.1025 0.7072 0.4949 
5.3101 0.1701 2.1025 0.7072 0.4949 
5.3001 0.1801 2.1046 0.6356 0.5503 
5.3001 0.1701 2.1078 0.6997 0.5467 
5.3201 0.1801 2.1049 0.6276 0.4450 
5.3101 0.1801 2.1086 0.6248 0.4977 
5.3201 0.1701 2.1037 0.7009 0.4424 
5.3201 0.1701 2.1037 0.7009 0.4424 
5.3101 0.1801 2.1086 0.6248 0.4977 
5.3101 0.1701 2.1025 0.7072 0.4949 
5.3301 0.1801 2.1047 0.6244 0.3923 
5.3201 0.1801 2.1049 0.6276 0.4450 
5.3301 0.1701 2.1015 0.7019 0.3889 
5.3301 0.1701 2.1015 0.7019 0.3889 
5.3201 0.1801 2.1049 0.6276 0.4450 
5.3201 0.1701 2.1037 0.7009 0.4424 
5.3401 0.1801 2.1010 0.6273 0.3372 
5.3301 0.1801 2.1047 0.6244 0.3923 
5.3401 0.1701 2.1042 0.6926 0.3379 
5.3401 0.1701 2.1042 0.6926 0.3379 
5.3301 0.1801 2.1047 0.6244 0.3923 
5.3301 0.1701 2.1015 0.7019 0.3889 
5.3501 0.1801 2.1041 0.6181 0.2868 
5.3401 0.1801 2.1010 0.6273 0.3372 
5.3501 0.1701 2.1079 0.6816 0.2890 
5.3501 0.1701 2.1079 0.6816 0.2890 
5.3401 0.1801 2.1010 0.6273 0.3372 
5.3401 0.1701 2.1042 0.6926 0.3379 
5.3101 0.1901 2.1063 0.5576 0.5003 
5.3001 0.1901 2.1046 0.5640 0.5535 
5.3101 0.1801 2.1086 0.6248 0.4977 
5.3101 0.1801 2.1086 0.6248 0.4977 
5.3001 0.1901 2.1046 0.5640 0.5535 
5.3001 0.1801 2.1046 0.6356 0.5503 
5.3201 0.1901 2.1028 0.5592 0.4468 
5.3101 0.1901 2.1063 0.5576 0.5003 
5.3201 0.1801 2.1049 0.6276 0.4450 
5.3201 0.1801 2.1049 0.6276 0.4450 
5.3101 0.1901 2.1063 0.5576 0.5003 
5.3101 0.1801 2.1086 0.6248 0.4977 
5.3301 0.1901 2.1021 0.5565 0.3930 
5.3201 0.1901 2.1028 0.5592 0.4468 
5.3301 0.1801 2.1047 0.6244 0.3923 
5.3301 0.1801 2.1047 0.6244 0.3923 
5.3201 0.1901 2.1028 0.5592 0.4468 
5.3201 0.1801 2.1049 0.6276 0.4450 
5.3401 0.1901 2.1022 0.5526 0.3395 
5.3301 0.1901 2.1021 0.5565 0.3930 
5.3401 0.1801 2.1010 0.6273 0.3372 
5.3401 0.1801 2.1010 0.6273 0.3372 
5.3301 0.1901 2.1021 0.5565 0.3930 
5.3301 0.1801 2.1047 0.6244 0.3923 
5.3501 0.1901 2.1036 0.5468 0.2874 
5.3401 0.1901 2.1022 0.5526 0.3395 
5.3501 0.1801 2.1041 0.6181 0.2868 
5.3501 0.1801 2.1041 0.6181 0.2868 
5.3401 0.1901 2.1022 0.5526 0.3395 
5.3401 0.1801 2.1010 0.6273 0.3372 
5.3101 0.2001 2.1029 0.4897 0.5031 
5.3001 0.2001 2.1059 0.4898 0.5563 
5.3101 0.1901 2.1063 0.5576 0.5003 
5.3101 0.1901 2.1063 0.5576 0.5003 
5.3001 0.2001 2.1059 0.4898 0.5563 
5.3001 0.1901 2.1046 0.5640 0.5535 
5.3201 0.2001 2.1059 0.4823 0.4499 
5.3101 0.2001 2.1029 0.4897 0.5031 
5.3201 0.1901 2.1028 0.5592 0.4468 
5.3201 0.1901 2.1028 0.5592 0.4468 
5.3101 0.2001 2.1029 0.4897 0.5031 
5.3101 0.1901 2.1063 0.5576 0.5003 
5.3274 0.2001 2.1001 0.4865 0.4089 
5.3301 0.1901 2.1021 0.5565 0.3930 
5.3301 0.1949 2.1001 0.5243 0.3930 
5.3274 0.2001 2.1001 0.4865 0.4089 
5.3201 0.2001 2.1059 0.4823 0.4499 
5.3301 0.1901 2.1021 0.5565 0.3930 
5.3201 0.2001 2.1059 0.4823 0.4499 
5.3201 0.1901 2.1028 0.5592 0.4468 
5.3301 0.1901 2.1021 0.5565 0.3930 
5.3301 0.1949 2.1001 0.5243 0.3930 
5.3401 0.2001 2.1052 0.4755 0.3432 
5.3331 0.2001 2.1001 0.4843 0.3779 
5.3301 0.1949 2.1001 0.5243 0.3930 
5.3301 0.1901 2.1021 0.5565 0.3930 
5.3401 0.2001 2.1052 0.4755 0.3432 
5.3301 0.1901 2.1021 0.5565 0.3930 
5.3401 0.1901 2.1022 0.5526 0.3395 
5.3401 0.2001 2.1052 0.4755 0.3432 
5.3490 0.2001 2.1001 0.4781 0.2913 
5.3501 0.1901 2.1036 0.5468 0.2874 
5.3501 0.1986 2.1001 0.4891 0.2852 
5.3490 0.2001 2.1001 0.4781 0.2913 
5.3401 0.2001 2.1052 0.4755 0.3432 
5.3501 0.1901 2.1036 0.5468 0.2874 
5.3401 0.2001 2.1052 0.4755 0.3432 
5.3401 0.1901 2.1022 0.5526 0.3395 
5.3501 0.1901 2.1036 0.5468 0.2874 
5.3601 0.1601 2.1029 0.7584 0.2319 
5.3501 0.1601 2.1028 0.7623 0.2834 
5.3601 0.1501 2.1019 0.8308 0.2300 
5.3601 0.1501 2.1019 0.8308 0.2300 
5.3501 0.1601 2.1028 0.7623 0.2834 
5.3501 0.1501 2.1065 0.8224 0.2856 
5.3701 0.1601 2.1023 0.7563 0.1799 
5.3601 0.1601 2.1029 0.7584 0.2319 
5.3701 0.1501 2.1049 0.8193 0.1830 
5.3701 0.1501 2.1049 0.8193 0.1830 
5.3601 0.1601 2.1029 0.7584 0.2319 
5.3601 0.1501 2.1019 0.8308 0.2300 
5.3801 0.1523 2.1001 0.8129 0.1270 
5.3701 0.1501 2.1049 0.8193 0.1830 
5.3785 0.1501 2.1001 0.8287 0.1347 
5.3801 0.1523 2.1001 0.8129 0.1270 
5.3801 0.1601 2.1033 0.7503 0.1316 
5.3701 0.1501 2.1049 0.8193 0.1830 
5.3801 0.1601 2.1033 0.7503 0.1316 
5.3701 0.1601 2.1023 0.7563 0.1799 
5.3701 0.1501 2.1049 0.8193 0.1830 
5.3869 0.1601 2.1001 0.7552 0.0953 
5.3801 0.1601 2.1033 0.7503 0.1316 
5.3801 0.1523 2.1001 0.8129 0.1270 
5.3901 0.1538 2.1001 0.7986 0.0816 
5.3851 0.1501 2.1001 0.8264 0.1036 
5.3901 0.1501 2.1010 0.8222 0.0830 
5.3901 0.1538 2.1001 0.7986 0.0816 
5.4001 0.1601 2.1010 0.7482 0.0537 
5.3963 0.1601 2.1001 0.7517 0.0600 
5.3901 0.1538 2.1001 0.7986 0.0816 
5.3901 0.1501 2.1010 0.8222 0.0830 
5.4001 0.1601 2.1010 0.7482 0.0537 
5.3901 0.1501 2.1010 0.8222 0.0830 
5.4001 0.1501 2.1007 0.8194 0.0537 
5.4001 0.1601 2.1010 0.7482 0.0537 
5.3601 0.1701 2.1071 0.6795 0.2371 
5.3501 0.1701 2.1079 0.6816 0.2890 
5.3601 0.1601 2.1029 0.7584 0.2319 
5.3601 0.1601 2.1029 0.7584 0.2319 
5.3501 0.1701 2.1079 0.6816 0.2890 
5.3501 0.1601 2.1028 0.7623 0.2834 
5.3701 0.1701 2.1044 0.6811 0.1831 
5.3601 0.1701 2.1071 0.6795 0.2371 
5.3701 0.1601 2.1023 0.7563 0.1799 
5.3701 0.1601 2.1023 0.7563 0.1799 
5.3601 0.1701 2.1071 0.6795 0.2371 
5.3601 0.1601 2.1029 0.7584 0.2319 
5.3801 0.1701 2.1009 0.6847 0.1280 
5.3701 0.1701 2.1044 0.6811 0.1831 
5.3801 0.1601 2.1033 0.7503 0.1316 
5.3801 0.1601 2.1033 0.7503 0.1316 
5.3701 0.1701 2.1044 0.6811 0.1831 
5.3701 0.1601 2.1023 0.7563 0.1799 
5.3901 0.1627 2.1001 0.7357 0.0813 
5.3801 0.1601 2.1033 0.7503 0.1316 
5.3869 0.1601 2.1001 0.7552 0.0953 
5.3901 0.1627 2.1001 0.7357 0.0813 
5.3901 0.1701 2.1045 0.6736 0.0873 
5.3801 0.1601 2.1033 0.7503 0.1316 
5.3901 0.1701 2.1045 0.6736 0.0873 
5.3801 0.1701 2.1009 0.6847 0.1280 
5.3801 0.1601 2.1033 0.7503 0.1316 
5.3993 0.1701 2.1001 0.6791 0.0541 
5.3901 0.1701 2.1045 0.6736 0.0873 
5.3901 0.1627 2.1001 0.7357 0.0813 
5.4001 0.1671 2.1001 0.7005 0.0533 
5.3963 0.1601 2.1001 0.7517 0.0600 
5.4001 0.1601 2.1010 0.7482 0.0537 
5.3601 0.1801 2.1073 0.6088 0.2381 
5.3501 0.1801 2.1041 0.6181 0.2868 
5.3601 0.1701 2.1071 0.6795 0.2371 
5.3601 0.1701 2.1071 0.6795 0.2371 
5.3501 0.1801 2.1041 0.6181 0.2868 
5.3501 0.1701 2.1079 0.6816 0.2890 
5.3671 0.1801 2.1001 0.6187 0.1936 
5.3701 0.1701 2.1044 0.6811 0.1831 
5.3701 0.1759 2.1001 0.6483 0.1775 
5.3671 0.1801 2.1001 0.6187 0.1936 
5.3601 0.1801 2.1073 0.6088 0.2381 
5.3701 0.1701 2.1044 0.6811 0.1831 
5.3601 0.1801 2.1073 0.6088 0.2381 
5.3601 0.1701 2.1071 0.6795 0.2371 
5.3701 0.1701 2.1044 0.6811 0.1831 
5.3701 0.1759 2.1001 0.6483 0.1775 
5.3801 0.1801 2.1041 0.6069 0.1327 
5.3745 0.1801 2.1001 0.6159 0.1549 
5.3701 0.1759 2.1001 0.6483 0.1775 
5.3701 0.1701 2.1044 0.6811 0.1831 
5.3801 0.1801 2.1041 0.6069 0.1327 
5.3701 0.1701 2.1044 0.6811 0.1831 
5.3801 0.1701 2.1009 0.6847 0.1280 
5.3801 0.1801 2.1041 0.6069 0.1327 
5.3901 0.1801 2.1028 0.6054 0.0845 
5.3801 0.1801 2.1041 0.6069 0.1327 
5.3901 0.1701 2.1045 0.6736 0.0873 
5.3901 0.1701 2.1045 0.6736 0.0873 
5.3801 0.1801 2.1041 0.6069 0.1327 
5.3801 0.1701 2.1009 0.6847 0.1280 
5.4001 0.1718 2.1001 0.6669 0.0532 
5.3901 0.1701 2.1045 0.6736 0.0873 
5.3993 0.1701 2.1001 0.6791 0.0541 
5.4001 0.1718 2.1001 0.6669 0.0532 
5.4001 0.1801 2.1022 0.6027 0.0538 
5.3901 0.1701 2.1045 0.6736 0.0873 
5.4001 0.1801 2.1022 0.6027 0.0538 
5.3901 0.1801 2.1028 0.6054 0.0845 
5.3901 0.1701 2.1045 0.6736 0.0873 
5.3601 0.1901 2.1006 0.5473 0.2314 
5.3501 0.1901 2.1036 0.5468 0.2874 
5.3601 0.1801 2.1073 0.6088 0.2381 
5.3601 0.1801 2.1073 0.6088 0.2381 
5.3501 0.1901 2.1036 0.5468 0.2874 
5.3501 0.1801 2.1041 0.6181 0.2868 
5.3614 0.1901 2.1001 0.5476 0.2237 
5.3601 0.1801 2.1073 0.6088 0.2381 
5.3671 0.1801 2.1001 0.6187 0.1936 
5.3601 0.1901 2.1006 0.5473 0.2314 
5.3601 0.1801 2.1073 0.6088 0.2381 
5.3614 0.1901 2.1001 0.5476 0.2237 
5.3801 0.1858 2.1001 0.5719 0.1268 
5.3745 0.1801 2.1001 0.6159 0.1549 
5.3801 0.1801 2.1041 0.6069 0.1327 
5.3801 0.1858 2.1001 0.5719 0.1268 
5.3901 0.1801 2.1028 0.6054 0.0845 
5.3901 0.1868 2.1001 0.5607 0.0804 
5.3801 0.1801 2.1041 0.6069 0.1327 
5.3901 0.1801 2.1028 0.6054 0.0845 
5.3801 0.1858 2.1001 0.5719 0.1268 
5.3901 0.1868 2.1001 0.5607 0.0804 
5.4001 0.1801 2.1022 0.6027 0.0538 
5.4001 0.1866 2.1001 0.5584 0.0531 
5.3901 0.1801 2.1028 0.6054 0.0845 
5.4001 0.1801 2.1022 0.6027 0.0538 
5.3901 0.1868 2.1001 0.5607 0.0804 
5.3501 0.1986 2.1001 0.4891 0.2852 
5.3601 0.2001 2.1004 0.4734 0.2319 
5.3567 0.2001 2.1001 0.4751 0.2498 
5.3501 0.1986 2.1001 0.4891 0.2852 
5.3501 0.1901 2.1036 0.5468 0.2874 
5.3601 0.2001 2.1004 0.4734 0.2319 
5.3501 0.1901 2.1036 0.5468 0.2874 
5.3601 0.1901 2.1006 0.5473 0.2314 
5.3601 0.2001 2.1004 0.4734 0.2319 
5.3617 0.2001 2.1001 0.4732 0.2232 
5.3601 0.1901 2.1006 0.5473 0.2314 
5.3614 0.1901 2.1001 0.5476 0.2237 
5.3601 0.2001 2.1004 0.4734 0.2319 
5.3601 0.1901 2.1006 0.5473 0.2314 
5.3617 0.2001 2.1001 0.4732 0.2232 
5.3931 0.2001 2.1001 0.4610 0.0682 
5.4001 0.1930 2.1001 0.5111 0.0530 
5.4001 0.2001 2.1028 0.4554 0.0537 
5.4006 0.1401 2.1001 0.8903 0.0532 
5.4001 0.1401 2.1004 0.8897 0.0538 
5.4001 0.1397 2.1001 0.8932 0.0537 
5.3072 0.2101 2.1001 0.4194 0.5219 
5.3101 0.2001 2.1029 0.4897 0.5031 
5.3101 0.2079 2.1001 0.4347 0.5053 
5.3072 0.2101 2.1001 0.4194 0.5219 
5.3001 0.2101 2.1020 0.4204 0.5604 
5.3101 0.2001 2.1029 0.4897 0.5031 
5.3001 0.2101 2.1020 0.4204 0.5604 
5.3001 0.2001 2.1059 0.4898 0.5563 
5.3101 0.2001 2.1029 0.4897 0.5031 
5.3101 0.2079 2.1001 0.4347 0.5053 
5.3201 0.2101 2.1015 0.4130 0.4513 
5.3136 0.2101 2.1001 0.4169 0.4865 
5.3101 0.2079 2.1001 0.4347 0.5053 
5.3101 0.2001 2.1029 0.4897 0.5031 
5.3201 0.2101 2.1015 0.4130 0.4513 
5.3101 0.2001 2.1029 0.4897 0.5031 
5.3201 0.2001 2.1059 0.4823 0.4499 
5.3201 0.2101 2.1015 0.4130 0.4513 
5.3301 0.2034 2.1001 0.4604 0.3947 
5.3201 0.2001 2.1059 0.4823 0.4499 
5.3274 0.2001 2.1001 0.4865 0.4089 
5.3301 0.2034 2.1001 0.4604 0.3947 
5.3301 0.2101 2.1044 0.4066 0.3980 
5.3201 0.2001 2.1059 0.4823 0.4499 
5.3301 0.2101 2.1044 0.4066 0.3980 
5.3201 0.2101 2.1015 0.4130 0.4513 
5.3201 0.2001 2.1059 0.4823 0.4499 
5.3395 0.2101 2.1001 0.4068 0.3447 
5.3301 0.2101 2.1044 0.4066 0.3980 
5.3301 0.2034 2.1001 0.4604 0.3947 
5.3401 0.2096 2.1001 0.4106 0.3411 
5.3331 0.2001 2.1001 0.4843 0.3779 
5.3401 0.2001 2.1052 0.4755 0.3432 
5.3501 0.2011 2.1001 0.4701 0.2855 
5.3501 0.2101 2.1057 0.3979 0.2917 
5.3406 0.2101 2.1001 0.4064 0.3385 
5.3490 0.2001 2.1001 0.4781 0.2913 
5.3401 0.2096 2.1001 0.4106 0.3411 
5.3401 0.2001 2.1052 0.4755 0.3432 
5.3101 0.2124 2.1001 0.4013 0.5066 
5.3001 0.2101 2.1020 0.4204 0.5604 
5.3072 0.2101 2.1001 0.4194 0.5219 
5.3101 0.2124 2.1001 0.4013 0.5066 
5.3101 0.2201 2.1028 0.3411 0.5088 
5.3001 0.2101 2.1020 0.4204 0.5604 
5.3101 0.2201 2.1028 0.3411 0.5088 
5.3001 0.2201 2.1034 0.3446 0.5634 
5.3001 0.2101 2.1020 0.4204 0.5604 
5.3176 0.2201 2.1001 0.3397 0.4672 
5.3101 0.2201 2.1028 0.3411 0.5088 
5.3101 0.2124 2.1001 0.4013 0.5066 
5.3201 0.2163 2.1001 0.3677 0.4525 
5.3136 0.2101 2.1001 0.4169 0.4865 
5.3201 0.2101 2.1015 0.4130 0.4513 
5.3201 0.2163 2.1001 0.3677 0.4525 
5.3301 0.2201 2.1070 0.3310 0.4012 
5.3213 0.2201 2.1001 0.3383 0.4471 
5.3201 0.2163 2.1001 0.3677 0.4525 
5.3201 0.2101 2.1015 0.4130 0.4513 
5.3301 0.2201 2.1070 0.3310 0.4012 
5.3201 0.2101 2.1015 0.4130 0.4513 
5.3301 0.2101 2.1044 0.4066 0.3980 
5.3301 0.2201 2.1070 0.3310 0.4012 
5.3401 0.2116 2.1001 0.3954 0.3415 
5.3301 0.2101 2.1044 0.4066 0.3980 
5.3395 0.2101 2.1001 0.4068 0.3447 
5.3401 0.2116 2.1001 0.3954 0.3415 
5.3401 0.2201 2.1018 0.3300 0.3440 
5.3301 0.2101 2.1044 0.4066 0.3980 
5.3401 0.2201 2.1018 0.3300 0.3440 
5.3301 0.2201 2.1070 0.3310 0.4012 
5.3301 0.2101 2.1044 0.4066 0.3980 
5.3406 0.2101 2.1001 0.4064 0.3385 
5.3401 0.2201 2.1018 0.3300 0.3440 
5.3401 0.2116 2.1001 0.3954 0.3415 
5.3406 0.2101 2.1001 0.4064 0.3385 
5.3501 0.2101 2.1057 0.3979 0.2917 
5.3401 0.2201 2.1018 0.3300 0.3440 
5.3501 0.2101 2.1057 0.3979 0.2917 
5.3501 0.2201 2.1001 0.3269 0.2878 
5.3401 0.2201 2.1018 0.3300 0.3440 
5.3101 0.2301 2.1061 0.2652 0.5115 
5.3001 0.2301 2.1050 0.2693 0.5663 
5.3101 0.2201 2.1028 0.3411 0.5088 
5.3101 0.2201 2.1028 0.3411 0.5088 
5.3001 0.2301 2.1050 0.2693 0.5663 
5.3001 0.2201 2.1034 0.3446 0.5634 
5.3201 0.2215 2.1001 0.3284 0.4538 
5.3101 0.2201 2.1028 0.3411 0.5088 
5.3176 0.2201 2.1001 0.3397 0.4672 
5.3201 0.2215 2.1001 0.3284 0.4538 
5.3201 0.2301 2.1058 0.2614 0.4571 
5.3101 0.2201 2.1028 0.3411 0.5088 
5.3201 0.2301 2.1058 0.2614 0.4571 
5.3101 0.2301 2.1061 0.2652 0.5115 
5.3101 0.2201 2.1028 0.3411 0.5088 
5.3213 0.2201 2.1001 0.3383 0.4471 
5.3201 0.2301 2.1058 0.2614 0.4571 
5.3201 0.2215 2.1001 0.3284 0.4538 
5.3213 0.2201 2.1001 0.3383 0.4471 
5.3301 0.2201 2.1070 0.3310 0.4012 
5.3201 0.2301 2.1058 0.2614 0.4571 
5.3301 0.2201 2.1070 0.3310 0.4012 
5.3301 0.2301 2.1006 0.2588 0.4004 
5.3201 0.2301 2.1058 0.2614 0.4571 
5.3401 0.2301 2.1043 0.2541 0.3474 
5.3301 0.2301 2.1006 0.2588 0.4004 
5.3401 0.2201 2.1018 0.3300 0.3440 
5.3401 0.2201 2.1018 0.3300 0.3440 
5.3301 0.2301 2.1006 0.2588 0.4004 
5.3301 0.2201 2.1070 0.3310 0.4012 
5.3501 0.2301 2.1041 0.2503 0.2926 
5.3401 0.2301 2.1043 0.2541 0.3474 
5.3501 0.2201 2.1001 0.3269 0.2878 
5.3501 0.2201 2.1001 0.3269 0.2878 
5.3401 0.2301 2.1043 0.2541 0.3474 
5.3401 0.2201 2.1018 0.3300 0.3440 
5.3101 0.2401 2.1069 0.1920 0.5144 
5.3001 0.2401 2.1037 0.1956 0.5700 
5.3101 0.2301 2.1061 0.2652 0.5115 
5.3101 0.2301 2.1061 0.2652 0.5115 
5.3001 0.2401 2.1037 0.1956 0.5700 
5.3001 0.2301 2.1050 0.2693 0.5663 
5.3201 0.2401 2.1048 0.1882 0.4594 
5.3101 0.2401 2.1069 0.1920 0.5144 
5.3201 0.2301 2.1058 0.2614 0.4571 
5.3201 0.2301 2.1058 0.2614 0.4571 
5.3101 0.2401 2.1069 0.1920 0.5144 
5.3101 0.2301 2.1061 0.2652 0.5115 
5.3301 0.2401 2.1036 0.1843 0.4038 
5.3201 0.2401 2.1048 0.1882 0.4594 
5.3301 0.2301 2.1006 0.2588 0.4004 
5.3301 0.2301 2.1006 0.2588 0.4004 
5.3201 0.2401 2.1048 0.1882 0.4594 
5.3201 0.2301 2.1058 0.2614 0.4571 
5.3401 0.2401 2.1037 0.1806 0.3486 
5.3301 0.2401 2.1036 0.1843 0.4038 
5.3401 0.2301 2.1043 0.2541 0.3474 
5.3401 0.2301 2.1043 0.2541 0.3474 
5.3301 0.2401 2.1036 0.1843 0.4038 
5.3301 0.2301 2.1006 0.2588 0.4004 
5.3501 0.2401 2.1044 0.1769 0.2941 
5.3401 0.2401 2.1037 0.1806 0.3486 
5.3501 0.2301 2.1041 0.2503 0.2926 
5.3501 0.2301 2.1041 0.2503 0.2926 
5.3401 0.2401 2.1037 0.1806 0.3486 
5.3401 0.2301 2.1043 0.2541 0.3474 
5.3101 0.2501 2.1054 0.1228 0.5175 
5.3001 0.2501 2.1042 0.1258 0.5733 
5.3101 0.2401 2.1069 0.1920 0.5144 
5.3101 0.2401 2.1069 0.1920 0.5144 
5.3001 0.2501 2.1042 0.1258 0.5733 
5.3001 0.2401 2.1037 0.1956 0.5700 
5.3174 0.2501 2.1001 0.1186 0.4765 
5.3201 0.2401 2.1048 0.1882 0.4594 
5.3201 0.2471 2.1001 0.1373 0.4603 
5.3174 0.2501 2.1001 0.1186 0.4765 
5.3101 0.2501 2.1054 0.1228 0.5175 
5.3201 0.2401 2.1048 0.1882 0.4594 
5.3101 0.2501 2.1054 0.1228 0.5175 
5.3101 0.2401 2.1069 0.1920 0.5144 
5.3201 0.2401 2.1048 0.1882 0.4594 
5.3201 0.2471 2.1001 0.1373 0.4603 
5.3301 0.2501 2.1026 0.1153 0.4055 
5.3245 0.2501 2.1001 0.1163 0.4363 
5.3201 0.2471 2.1001 0.1373 0.4603 
5.3201 0.2401 2.1048 0.1882 0.4594 
5.3301 0.2501 2.1026 0.1153 0.4055 
5.3201 0.2401 2.1048 0.1882 0.4594 
5.3301 0.2401 2.1036 0.1843 0.4038 
5.3301 0.2501 2.1026 0.1153 0.4055 
5.3401 0.2501 2.1034 0.1124 0.3501 
5.3301 0.2501 2.1026 0.1153 0.4055 
5.3401 0.2401 2.1037 0.1806 0.3486 
5.3401 0.2401 2.1037 0.1806 0.3486 
5.3301 0.2501 2.1026 0.1153 0.4055 
5.3301 0.2401 2.1036 0.1843 0.4038 
5.3501 0.2501 2.1009 0.1084 0.2921 
5.3401 0.2501 2.1034 0.1124 0.3501 
5.3501 0.2401 2.1044 0.1769 0.2941 
5.3501 0.2401 2.1044 0.1769 0.2941 
5.3401 0.2501 2.1034 0.1124 0.3501 
5.3401 0.2401 2.1037 0.1806 0.3486 
5.3596 0.2101 2.1001 0.3989 0.2352 
5.3501 0.2101 2.1057 0.3979 0.2917 
5.3501 0.2011 2.1001 0.4701 0.2855 
5.3601 0.2052 2.1001 0.4359 0.2319 
5.3567 0.2001 2.1001 0.4751 0.2498 
5.3601 0.2001 2.1004 0.4734 0.2319 
5.3601 0.2052 2.1001 0.4359 0.2319 
5.3601 0.2001 2.1004 0.4734 0.2319 
5.3617 0.2001 2.1001 0.4732 0.2232 
5.3827 0.2101 2.1001 0.3899 0.1134 
5.3901 0.2018 2.1001 0.4496 0.0798 
5.3901 0.2101 2.1058 0.3825 0.0878 
5.3931 0.2001 2.1001 0.4610 0.0682 
5.3901 0.2101 2.1058 0.3825 0.0878 
5.3901 0.2018 2.1001 0.4496 0.0798 
5.3931 0.2001 2.1001 0.4610 0.0682 
5.4001 0.2001 2.1028 0.4554 0.0537 
5.3901 0.2101 2.1058 0.3825 0.0878 
5.4001 0.2001 2.1028 0.4554 0.0537 
5.4001 0.2101 2.1033 0.3806 0.0538 
5.3901 0.2101 2.1058 0.3825 0.0878 
5.3501 0.2201 2.1001 0.3269 0.2878 
5.3501 0.2101 2.1057 0.3979 0.2917 
5.3596 0.2101 2.1001 0.3989 0.2352 
5.3501 0.2201 2.1001 0.3269 0.2878 
5.3501 0.2101 2.1057 0.3979 0.2917 
5.3501 0.2201 2.1001 0.3269 0.2878 
5.3635 0.2201 2.1001 0.3217 0.2147 
5.3701 0.2119 2.1001 0.3811 0.1787 
5.3701 0.2201 2.1020 0.3181 0.1815 
5.3801 0.2132 2.1001 0.3674 0.1266 
5.3701 0.2201 2.1020 0.3181 0.1815 
5.3701 0.2119 2.1001 0.3811 0.1787 
5.3801 0.2201 2.1047 0.3130 0.1334 
5.3701 0.2201 2.1020 0.3181 0.1815 
5.3801 0.2132 2.1001 0.3674 0.1266 
5.3827 0.2101 2.1001 0.3899 0.1134 
5.3801 0.2201 2.1047 0.3130 0.1334 
5.3801 0.2132 2.1001 0.3674 0.1266 
5.3827 0.2101 2.1001 0.3899 0.1134 
5.3901 0.2101 2.1058 0.3825 0.0878 
5.3801 0.2201 2.1047 0.3130 0.1334 
5.3901 0.2101 2.1058 0.3825 0.0878 
5.3901 0.2201 2.1044 0.3092 0.0854 
5.3801 0.2201 2.1047 0.3130 0.1334 
5.4001 0.2201 2.1014 0.3067 0.0530 
5.3901 0.2201 2.1044 0.3092 0.0854 
5.4001 0.2101 2.1033 0.3806 0.0538 
5.4001 0.2101 2.1033 0.3806 0.0538 
5.3901 0.2201 2.1044 0.3092 0.0854 
5.3901 0.2101 2.1058 0.3825 0.0878 
5.3601 0.2221 2.1001 0.3078 0.2332 
5.3501 0.2201 2.1001 0.3269 0.2878 
5.3501 0.2201 2.1001 0.3269 0.2878 
5.3601 0.2221 2.1001 0.3078 0.2332 
5.3601 0.2301 2.1039 0.2464 0.2382 
5.3501 0.2201 2.1001 0.3269 0.2878 
5.3601 0.2301 2.1039 0.2464 0.2382 
5.3501 0.2301 2.1041 0.2503 0.2926 
5.3501 0.2201 2.1001 0.3269 0.2878 
5.3635 0.2201 2.1001 0.3217 0.2147 
5.3601 0.2301 2.1039 0.2464 0.2382 
5.3601 0.2221 2.1001 0.3078 0.2332 
5.3635 0.2201 2.1001 0.3217 0.2147 
5.3701 0.2201 2.1020 0.3181 0.1815 
5.3601 0.2301 2.1039 0.2464 0.2382 
5.3701 0.2201 2.1020 0.3181 0.1815 
5.3701 0.2301 2.1014 0.2430 0.1810 
5.3601 0.2301 2.1039 0.2464 0.2382 
5.3801 0.2301 2.1057 0.2385 0.1349 
5.3701 0.2301 2.1014 0.2430 0.1810 
5.3801 0.2201 2.1047 0.3130 0.1334 
5.3801 0.2201 2.1047 0.3130 0.1334 
5.3701 0.2301 2.1014 0.2430 0.1810 
5.3701 0.2201 2.1020 0.3181 0.1815 
5.3901 0.2301 2.1062 0.2346 0.0877 
5.3801 0.2301 2.1057 0.2385 0.1349 
5.3901 0.2201 2.1044 0.3092 0.0854 
5.3901 0.2201 2.1044 0.3092 0.0854 
5.3801 0.2301 2.1057 0.2385 0.1349 
5.3801 0.2201 2.1047 0.3130 0.1334 
5.3984 0.2301 2.1001 0.2321 0.0540 
5.4001 0.2201 2.1014 0.3067 0.0530 
5.4001 0.2251 2.1001 0.2693 0.0528 
5.3984 0.2301 2.1001 0.2321 0.0540 
5.3901 0.2301 2.1062 0.2346 0.0877 
5.4001 0.2201 2.1014 0.3067 0.0530 
5.3901 0.2301 2.1062 0.2346 0.0877 
5.3901 0.2201 2.1044 0.3092 0.0854 
5.4001 0.2201 2.1014 0.3067 0.0530 
5.3601 0.2401 2.1065 0.1735 0.2419 
5.3501 0.2401 2.1044 0.1769 0.2941 
5.3601 0.2301 2.1039 0.2464 0.2382 
5.3601 0.2301 2.1039 0.2464 0.2382 
5.3501 0.2401 2.1044 0.1769 0.2941 
5.3501 0.2301 2.1041 0.2503 0.2926 
5.3701 0.2401 2.1061 0.1698 0.1878 
5.3601 0.2401 2.1065 0.1735 0.2419 
5.3701 0.2301 2.1014 0.2430 0.1810 
5.3701 0.2301 2.1014 0.2430 0.1810 
5.3601 0.2401 2.1065 0.1735 0.2419 
5.3601 0.2301 2.1039 0.2464 0.2382 
5.3801 0.2401 2.1029 0.1655 0.1306 
5.3701 0.2401 2.1061 0.1698 0.1878 
5.3801 0.2301 2.1057 0.2385 0.1349 
5.3801 0.2301 2.1057 0.2385 0.1349 
5.3701 0.2401 2.1061 0.1698 0.1878 
5.3701 0.2301 2.1014 0.2430 0.1810 
5.3901 0.2401 2.1034 0.1619 0.0832 
5.3801 0.2401 2.1029 0.1655 0.1306 
5.3901 0.2301 2.1062 0.2346 0.0877 
5.3901 0.2301 2.1062 0.2346 0.0877 
5.3801 0.2401 2.1029 0.1655 0.1306 
5.3801 0.2301 2.1057 0.2385 0.1349 
5.4001 0.2317 2.1001 0.2192 0.0528 
5.3901 0.2301 2.1062 0.2346 0.0877 
5.3984 0.2301 2.1001 0.2321 0.0540 
5.4001 0.2317 2.1001 0.2192 0.0528 
5.4001 0.2401 2.1066 0.1589 0.0548 
5.3901 0.2301 2.1062 0.2346 0.0877 
5.4001 0.2401 2.1066 0.1589 0.0548 
5.3901 0.2401 2.1034 0.1619 0.0832 
5.3901 0.2301 2.1062 0.2346 0.0877 
5.3601 0.2501 2.1040 0.1065 0.2399 
5.3501 0.2501 2.1009 0.1084 0.2921 
5.3601 0.2401 2.1065 0.1735 0.2419 
5.3601 0.2401 2.1065 0.1735 0.2419 
5.3501 0.2501 2.1009 0.1084 0.2921 
5.3501 0.2401 2.1044 0.1769 0.2941 
5.3701 0.2501 2.1021 0.1028 0.1828 
5.3601 0.2501 2.1040 0.1065 0.2399 
5.3701 0.2401 2.1061 0.1698 0.1878 
5.3701 0.2401 2.1061 0.1698 0.1878 
5.3601 0.2501 2.1040 0.1065 0.2399 
5.3601 0.2401 2.1065 0.1735 0.2419 
5.3801 0.2501 2.1007 0.0993 0.1272 
5.3701 0.2501 2.1021 0.1028 0.1828 
5.3801 0.2401 2.1029 0.1655 0.1306 
5.3801 0.2401 2.1029 0.1655 0.1306 
5.3701 0.2501 2.1021 0.1028 0.1828 
5.3701 0.2401 2.1061 0.1698 0.1878 
5.3842 0.2501 2.1001 0.0980 0.1055 
5.3901 0.2401 2.1034 0.1619 0.0832 
5.3901 0.2480 2.1001 0.1085 0.0780 
5.3842 0.2501 2.1001 0.0980 0.1055 
5.3801 0.2501 2.1007 0.0993 0.1272 
5.3901 0.2401 2.1034 0.1619 0.0832 
5.3801 0.2501 2.1007 0.0993 0.1272 
5.3801 0.2401 2.1029 0.1655 0.1306 
5.3901 0.2401 2.1034 0.1619 0.0832 
5.3901 0.2480 2.1001 0.1085 0.0780 
5.4001 0.2401 2.1066 0.1589 0.0548 
5.4001 0.2457 2.1001 0.1190 0.0527 
5.3901 0.2401 2.1034 0.1619 0.0832 
5.4001 0.2401 2.1066 0.1589 0.0548 
5.3901 0.2480 2.1001 0.1085 0.0780 
5.3101 0.2601 2.1034 0.0753 0.5206 
5.3001 0.2601 2.1067 0.0771 0.5759 
5.3101 0.2501 2.1054 0.1228 0.5175 
5.3101 0.2501 2.1054 0.1228 0.5175 
5.3001 0.2601 2.1067 0.0771 0.5759 
5.3001 0.2501 2.1042 0.1258 0.5733 
5.3201 0.2525 2.1001 0.1029 0.4617 
5.3101 0.2501 2.1054 0.1228 0.5175 
5.3174 0.2501 2.1001 0.1186 0.4765 
5.3201 0.2525 2.1001 0.1029 0.4617 
5.3201 0.2601 2.1062 0.0749 0.4648 
5.3101 0.2501 2.1054 0.1228 0.5175 
5.3201 0.2601 2.1062 0.0749 0.4648 
5.3101 0.2601 2.1034 0.0753 0.5206 
5.3101 0.2501 2.1054 0.1228 0.5175 
5.3245 0.2501 2.1001 0.1163 0.4363 
5.3201 0.2601 2.1062 0.0749 0.4648 
5.3201 0.2525 2.1001 0.1029 0.4617 
5.3245 0.2501 2.1001 0.1163 0.4363 
5.3301 0.2501 2.1026 0.1153 0.4055 
5.3201 0.2601 2.1062 0.0749 0.4648 
5.3301 0.2501 2.1026 0.1153 0.4055 
5.3301 0.2601 2.1038 0.0739 0.4082 
5.3201 0.2601 2.1062 0.0749 0.4648 
5.3401 0.2601 2.1051 0.0736 0.3530 
5.3301 0.2601 2.1038 0.0739 0.4082 
5.3401 0.2501 2.1034 0.1124 0.3501 
5.3401 0.2501 2.1034 0.1124 0.3501 
5.3301 0.2601 2.1038 0.0739 0.4082 
5.3301 0.2501 2.1026 0.1153 0.4055 
5.3501 0.2501 2.1009 0.1084 0.2921 
5.3401 0.2601 2.1051 0.0736 0.3530 
5.3401 0.2501 2.1034 0.1124 0.3501 
5.3601 0.2588 2.1001 0.0735 0.2360 
5.3701 0.2501 2.1021 0.1028 0.1828 
5.3701 0.2579 2.1001 0.0737 0.1802 
5.3601 0.2501 2.1040 0.1065 0.2399 
5.3701 0.2501 2.1021 0.1028 0.1828 
5.3601 0.2588 2.1001 0.0735 0.2360 
5.3901 0.2526 2.1001 0.0845 0.0778 
5.3801 0.2501 2.1007 0.0993 0.1272 
5.3842 0.2501 2.1001 0.0980 0.1055 
