NUMPOLLIES 496.000000 

3.3201 0.5660 1.9801 0.1055 0.9274 
3.3001 0.5674 1.9701 0.1303 0.8817 
3.3101 0.5641 1.9901 0.0846 0.9068 
3.3001 0.5674 1.9701 0.1303 0.8817 
3.3001 0.5638 1.9801 0.1037 0.8846 
3.3101 0.5641 1.9901 0.0846 0.9068 
3.3001 0.5640 1.9601 0.1554 0.8844 
3.3001 0.5674 1.9701 0.1303 0.8817 
3.3201 0.5660 1.9801 0.1055 0.9274 
3.3201 0.5683 1.9501 0.1870 0.9254 
3.3201 0.5660 1.9801 0.1055 0.9274 
3.3401 0.5670 1.9701 0.1313 0.9709 
3.3201 0.5683 1.9501 0.1870 0.9254 
3.3001 0.5640 1.9601 0.1554 0.8844 
3.3201 0.5660 1.9801 0.1055 0.9274 
3.3301 0.5673 1.9401 0.2161 0.9485 
3.3201 0.5683 1.9501 0.1870 0.9254 
3.3401 0.5670 1.9701 0.1313 0.9709 
3.2901 0.5684 1.9501 0.1862 0.8586 
3.3001 0.5640 1.9601 0.1554 0.8844 
3.3201 0.5683 1.9501 0.1870 0.9254 
3.2901 0.5684 1.9501 0.1862 0.8586 
3.3201 0.5683 1.9501 0.1870 0.9254 
3.3001 0.5668 1.9401 0.2151 0.8822 
3.3501 0.5695 1.9201 0.2776 0.9905 
3.3201 0.5671 1.9201 0.2760 0.9265 
3.3301 0.5673 1.9401 0.2161 0.9485 
3.3201 0.5671 1.9201 0.2760 0.9265 
3.3201 0.5683 1.9501 0.1870 0.9254 
3.3301 0.5673 1.9401 0.2161 0.9485 
3.3201 0.5671 1.9201 0.2760 0.9265 
3.3001 0.5668 1.9401 0.2151 0.8822 
3.3201 0.5683 1.9501 0.1870 0.9254 
3.3201 0.5671 1.9201 0.2760 0.9265 
3.2901 0.5704 1.9101 0.3072 0.8571 
3.3001 0.5668 1.9401 0.2151 0.8822 
3.3301 0.5702 1.9001 0.3384 0.9458 
3.3201 0.5671 1.9201 0.2760 0.9265 
3.3501 0.5695 1.9201 0.2776 0.9905 
3.3501 0.5671 1.9101 0.3071 0.9930 
3.3301 0.5702 1.9001 0.3384 0.9458 
3.3501 0.5695 1.9201 0.2776 0.9905 
3.3301 0.5702 1.9001 0.3384 0.9458 
3.3001 0.5693 1.8901 0.3685 0.8801 
3.3201 0.5671 1.9201 0.2760 0.9265 
3.3001 0.5646 1.9001 0.3362 0.8840 
3.2901 0.5704 1.9101 0.3072 0.8571 
3.3201 0.5671 1.9201 0.2760 0.9265 
3.3001 0.5693 1.8901 0.3685 0.8801 
3.3001 0.5646 1.9001 0.3362 0.8840 
3.3201 0.5671 1.9201 0.2760 0.9265 
3.3101 0.5641 1.9901 0.0846 0.9068 
3.2801 0.5648 2.0001 0.0740 0.8389 
3.3001 0.5670 2.0001 0.0744 0.8820 
3.3001 0.5638 1.9801 0.1037 0.8846 
3.2801 0.5648 2.0001 0.0740 0.8389 
3.3101 0.5641 1.9901 0.0846 0.9068 
3.2401 0.5670 1.9601 0.1554 0.7475 
3.2401 0.5632 2.0001 0.0736 0.7496 
3.2601 0.5667 1.9801 0.1041 0.7927 
3.2801 0.5670 1.9701 0.1295 0.8373 
3.2801 0.5648 2.0001 0.0740 0.8389 
3.3001 0.5638 1.9801 0.1037 0.8846 
3.3001 0.5674 1.9701 0.1303 0.8817 
3.2801 0.5670 1.9701 0.1295 0.8373 
3.3001 0.5638 1.9801 0.1037 0.8846 
3.2801 0.5670 1.9701 0.1295 0.8373 
3.2601 0.5667 1.9801 0.1041 0.7927 
3.2801 0.5648 2.0001 0.0740 0.8389 
3.2801 0.5670 1.9701 0.1295 0.8373 
3.2401 0.5670 1.9601 0.1554 0.7475 
3.2601 0.5667 1.9801 0.1041 0.7927 
3.3001 0.5640 1.9601 0.1554 0.8844 
3.2801 0.5670 1.9701 0.1295 0.8373 
3.3001 0.5674 1.9701 0.1303 0.8817 
3.2501 0.5709 1.9601 0.1579 0.7677 
3.2401 0.5670 1.9601 0.1554 0.7475 
3.2801 0.5670 1.9701 0.1295 0.8373 
3.2901 0.5684 1.9501 0.1862 0.8586 
3.2801 0.5670 1.9701 0.1295 0.8373 
3.3001 0.5640 1.9601 0.1554 0.8844 
3.2901 0.5684 1.9501 0.1862 0.8586 
3.2601 0.5659 1.9501 0.1840 0.7932 
3.2801 0.5670 1.9701 0.1295 0.8373 
3.2601 0.5659 1.9501 0.1840 0.7932 
3.2501 0.5709 1.9601 0.1579 0.7677 
3.2801 0.5670 1.9701 0.1295 0.8373 
3.2401 0.5670 1.9601 0.1554 0.7475 
3.2301 0.5697 1.9701 0.1295 0.7235 
3.2401 0.5632 2.0001 0.0736 0.7496 
3.2101 0.5609 1.9601 0.1509 0.6824 
3.2401 0.5632 2.0001 0.0736 0.7496 
3.2301 0.5697 1.9701 0.1295 0.7235 
3.2101 0.5609 1.9601 0.1509 0.6824 
3.2001 0.5653 1.9601 0.1532 0.6576 
3.2401 0.5632 2.0001 0.0736 0.7496 
3.1901 0.5620 1.9701 0.1237 0.6361 
3.2001 0.5668 1.9901 0.0834 0.6570 
3.2401 0.5632 2.0001 0.0736 0.7496 
3.2001 0.5653 1.9601 0.1532 0.6576 
3.1901 0.5620 1.9701 0.1237 0.6361 
3.2401 0.5632 2.0001 0.0736 0.7496 
3.2201 0.5629 1.9501 0.1812 0.7043 
3.2301 0.5697 1.9701 0.1295 0.7235 
3.2401 0.5670 1.9601 0.1554 0.7475 
3.2201 0.5629 1.9501 0.1812 0.7043 
3.2101 0.5609 1.9601 0.1509 0.6824 
3.2301 0.5697 1.9701 0.1295 0.7235 
3.2401 0.5670 1.9601 0.1554 0.7475 
3.2601 0.5659 1.9501 0.1840 0.7932 
3.2401 0.5611 1.9501 0.1807 0.7509 
3.2501 0.5709 1.9601 0.1579 0.7677 
3.2601 0.5659 1.9501 0.1840 0.7932 
3.2401 0.5670 1.9601 0.1554 0.7475 
3.2401 0.5611 1.9501 0.1807 0.7509 
3.2201 0.5629 1.9501 0.1812 0.7043 
3.2401 0.5670 1.9601 0.1554 0.7475 
3.2201 0.5629 1.9501 0.1812 0.7043 
3.2001 0.5653 1.9601 0.1532 0.6576 
3.2101 0.5609 1.9601 0.1509 0.6824 
3.2201 0.5629 1.9501 0.1812 0.7043 
3.2001 0.5656 1.9401 0.2118 0.6575 
3.2001 0.5653 1.9601 0.1532 0.6576 
3.2901 0.5684 1.9501 0.1862 0.8586 
3.3001 0.5668 1.9401 0.2151 0.8822 
3.2801 0.5662 1.9301 0.2443 0.8379 
3.2901 0.5704 1.9101 0.3072 0.8571 
3.2801 0.5662 1.9301 0.2443 0.8379 
3.3001 0.5668 1.9401 0.2151 0.8822 
3.2801 0.5662 1.9301 0.2443 0.8379 
3.2601 0.5659 1.9501 0.1840 0.7932 
3.2901 0.5684 1.9501 0.1862 0.8586 
3.2801 0.5662 1.9301 0.2443 0.8379 
3.2401 0.5642 1.9301 0.2424 0.7491 
3.2601 0.5659 1.9501 0.1840 0.7932 
3.2901 0.5704 1.9101 0.3072 0.8571 
3.2701 0.5674 1.9101 0.3057 0.8147 
3.2801 0.5662 1.9301 0.2443 0.8379 
3.2601 0.5655 1.9001 0.3359 0.7935 
3.2801 0.5662 1.9301 0.2443 0.8379 
3.2701 0.5674 1.9101 0.3057 0.8147 
3.2701 0.5674 1.9101 0.3057 0.8147 
3.3001 0.5646 1.9001 0.3362 0.8840 
3.2601 0.5655 1.9001 0.3359 0.7935 
3.2901 0.5704 1.9101 0.3072 0.8571 
3.3001 0.5646 1.9001 0.3362 0.8840 
3.2701 0.5674 1.9101 0.3057 0.8147 
3.2301 0.5683 1.9401 0.2140 0.7242 
3.2401 0.5611 1.9501 0.1807 0.7509 
3.2601 0.5659 1.9501 0.1840 0.7932 
3.2401 0.5642 1.9301 0.2424 0.7491 
3.2301 0.5683 1.9401 0.2140 0.7242 
3.2601 0.5659 1.9501 0.1840 0.7932 
3.2301 0.5683 1.9401 0.2140 0.7242 
3.2201 0.5629 1.9501 0.1812 0.7043 
3.2401 0.5611 1.9501 0.1807 0.7509 
3.2301 0.5683 1.9401 0.2140 0.7242 
3.2101 0.5652 1.9301 0.2422 0.6804 
3.2201 0.5629 1.9501 0.1812 0.7043 
3.2101 0.5652 1.9301 0.2422 0.6804 
3.2001 0.5656 1.9401 0.2118 0.6575 
3.2201 0.5629 1.9501 0.1812 0.7043 
3.2801 0.5662 1.9301 0.2443 0.8379 
3.2301 0.5680 1.9201 0.2744 0.7244 
3.2401 0.5642 1.9301 0.2424 0.7491 
3.2301 0.5680 1.9201 0.2744 0.7244 
3.2301 0.5683 1.9401 0.2140 0.7242 
3.2401 0.5642 1.9301 0.2424 0.7491 
3.2301 0.5680 1.9201 0.2744 0.7244 
3.2001 0.5677 1.9101 0.3045 0.6567 
3.2301 0.5683 1.9401 0.2140 0.7242 
3.2001 0.5677 1.9101 0.3045 0.6567 
3.2101 0.5652 1.9301 0.2422 0.6804 
3.2301 0.5683 1.9401 0.2140 0.7242 
3.2301 0.5679 1.8801 0.3984 0.7244 
3.2301 0.5680 1.9201 0.2744 0.7244 
3.2801 0.5662 1.9301 0.2443 0.8379 
3.2601 0.5655 1.9001 0.3359 0.7935 
3.2301 0.5679 1.8801 0.3984 0.7244 
3.2801 0.5662 1.9301 0.2443 0.8379 
3.2301 0.5679 1.8801 0.3984 0.7244 
3.2001 0.5659 1.8901 0.3663 0.6574 
3.2301 0.5680 1.9201 0.2744 0.7244 
3.2001 0.5659 1.8901 0.3663 0.6574 
3.2001 0.5677 1.9101 0.3045 0.6567 
3.2301 0.5680 1.9201 0.2744 0.7244 
3.3401 0.5685 1.8701 0.4306 0.9694 
3.3301 0.5702 1.9001 0.3384 0.9458 
3.3501 0.5671 1.9101 0.3071 0.9930 
3.3501 0.5667 1.8801 0.3994 0.9933 
3.3401 0.5685 1.8701 0.4306 0.9694 
3.3501 0.5671 1.9101 0.3071 0.9930 
3.3201 0.5662 1.8901 0.3680 0.9272 
3.3301 0.5702 1.9001 0.3384 0.9458 
3.3401 0.5685 1.8701 0.4306 0.9694 
3.3201 0.5662 1.8901 0.3680 0.9272 
3.3001 0.5693 1.8901 0.3685 0.8801 
3.3301 0.5702 1.9001 0.3384 0.9458 
3.3401 0.5685 1.8701 0.4306 0.9694 
3.3101 0.5668 1.8801 0.3990 0.9045 
3.3201 0.5662 1.8901 0.3680 0.9272 
3.3201 0.5662 1.8901 0.3680 0.9272 
3.3101 0.5668 1.8801 0.3990 0.9045 
3.3001 0.5693 1.8901 0.3685 0.8801 
3.3101 0.5668 1.8801 0.3990 0.9045 
3.2801 0.5646 1.8801 0.3983 0.8391 
3.3001 0.5693 1.8901 0.3685 0.8801 
3.3101 0.5668 1.8801 0.3990 0.9045 
3.3401 0.5685 1.8701 0.4306 0.9694 
3.3201 0.5657 1.8701 0.4301 0.9277 
3.3401 0.5685 1.8701 0.4306 0.9694 
3.3401 0.5673 1.8501 0.4926 0.9706 
3.3301 0.5697 1.8601 0.4617 0.9463 
3.3301 0.5697 1.8601 0.4617 0.9463 
3.3201 0.5657 1.8701 0.4301 0.9277 
3.3401 0.5685 1.8701 0.4306 0.9694 
3.3201 0.5657 1.8701 0.4301 0.9277 
3.2901 0.5664 1.8601 0.4612 0.8602 
3.3101 0.5668 1.8801 0.3990 0.9045 
3.3301 0.5697 1.8601 0.4617 0.9463 
3.2901 0.5664 1.8601 0.4612 0.8602 
3.3201 0.5657 1.8701 0.4301 0.9277 
3.2901 0.5664 1.8601 0.4612 0.8602 
3.3301 0.5697 1.8601 0.4617 0.9463 
3.3001 0.5672 1.8501 0.4926 0.8818 
3.3401 0.5673 1.8501 0.4926 0.9706 
3.3101 0.5695 1.8301 0.5550 0.9022 
3.3301 0.5697 1.8601 0.4617 0.9463 
3.3401 0.5732 1.8201 0.5854 0.9650 
3.3101 0.5695 1.8301 0.5550 0.9022 
3.3401 0.5673 1.8501 0.4926 0.9706 
3.3301 0.5697 1.8601 0.4617 0.9463 
3.2901 0.5707 1.8301 0.5550 0.8569 
3.3001 0.5672 1.8501 0.4926 0.8818 
3.3101 0.5695 1.8301 0.5550 0.9022 
3.2901 0.5707 1.8301 0.5550 0.8569 
3.3301 0.5697 1.8601 0.4617 0.9463 
3.3201 0.5727 1.8001 0.6477 0.9216 
3.3101 0.5695 1.8301 0.5550 0.9022 
3.3401 0.5732 1.8201 0.5854 0.9650 
3.3101 0.5695 1.8301 0.5550 0.9022 
3.3201 0.5727 1.8001 0.6477 0.9216 
3.3001 0.5745 1.7901 0.6785 0.8760 
3.3001 0.5745 1.7901 0.6785 0.8760 
3.2901 0.5707 1.8301 0.5550 0.8569 
3.3101 0.5695 1.8301 0.5550 0.9022 
3.3401 0.5744 1.8001 0.6470 0.9639 
3.3201 0.5727 1.8001 0.6477 0.9216 
3.3401 0.5732 1.8201 0.5854 0.9650 
3.2701 0.5692 1.8901 0.3681 0.8134 
3.2601 0.5655 1.9001 0.3359 0.7935 
3.3001 0.5646 1.9001 0.3362 0.8840 
3.3001 0.5693 1.8901 0.3685 0.8801 
3.2701 0.5692 1.8901 0.3681 0.8134 
3.3001 0.5646 1.9001 0.3362 0.8840 
3.2801 0.5646 1.8801 0.3983 0.8391 
3.2701 0.5692 1.8901 0.3681 0.8134 
3.3001 0.5693 1.8901 0.3685 0.8801 
3.3101 0.5668 1.8801 0.3990 0.9045 
3.2601 0.5667 1.8701 0.4298 0.7927 
3.2801 0.5646 1.8801 0.3983 0.8391 
3.2601 0.5667 1.8701 0.4298 0.7927 
3.2701 0.5692 1.8901 0.3681 0.8134 
3.2801 0.5646 1.8801 0.3983 0.8391 
3.2901 0.5664 1.8601 0.4612 0.8602 
3.2601 0.5667 1.8701 0.4298 0.7927 
3.3101 0.5668 1.8801 0.3990 0.9045 
3.2901 0.5664 1.8601 0.4612 0.8602 
3.2601 0.5671 1.8601 0.4612 0.7924 
3.2601 0.5667 1.8701 0.4298 0.7927 
3.3001 0.5672 1.8501 0.4926 0.8818 
3.2701 0.5703 1.8501 0.4926 0.8127 
3.2901 0.5664 1.8601 0.4612 0.8602 
3.2701 0.5703 1.8501 0.4926 0.8127 
3.2601 0.5671 1.8601 0.4612 0.7924 
3.2901 0.5664 1.8601 0.4612 0.8602 
3.2701 0.5692 1.8901 0.3681 0.8134 
3.2301 0.5679 1.8801 0.3984 0.7244 
3.2601 0.5655 1.9001 0.3359 0.7935 
3.2001 0.5710 1.8701 0.4299 0.6554 
3.2001 0.5659 1.8901 0.3663 0.6574 
3.2301 0.5679 1.8801 0.3984 0.7244 
3.2601 0.5667 1.8701 0.4298 0.7927 
3.2301 0.5679 1.8801 0.3984 0.7244 
3.2701 0.5692 1.8901 0.3681 0.8134 
3.2201 0.5646 1.8601 0.4608 0.7035 
3.2001 0.5710 1.8701 0.4299 0.6554 
3.2301 0.5679 1.8801 0.3984 0.7244 
3.2201 0.5646 1.8601 0.4608 0.7035 
3.2301 0.5679 1.8801 0.3984 0.7244 
3.2601 0.5667 1.8701 0.4298 0.7927 
3.2301 0.5696 1.8501 0.4926 0.7235 
3.2201 0.5646 1.8601 0.4608 0.7035 
3.2601 0.5667 1.8701 0.4298 0.7927 
3.2001 0.5666 1.8501 0.4925 0.6572 
3.2001 0.5710 1.8701 0.4299 0.6554 
3.2201 0.5646 1.8601 0.4608 0.7035 
3.1901 0.5673 1.8601 0.4609 0.6341 
3.2001 0.5710 1.8701 0.4299 0.6554 
3.2001 0.5666 1.8501 0.4925 0.6572 
3.2601 0.5671 1.8601 0.4612 0.7924 
3.2301 0.5696 1.8501 0.4926 0.7235 
3.2601 0.5667 1.8701 0.4298 0.7927 
3.2301 0.5696 1.8501 0.4926 0.7235 
3.2001 0.5666 1.8501 0.4925 0.6572 
3.2201 0.5646 1.8601 0.4608 0.7035 
3.2301 0.5696 1.8501 0.4926 0.7235 
3.2601 0.5671 1.8601 0.4612 0.7924 
3.2701 0.5703 1.8501 0.4926 0.8127 
3.3001 0.5672 1.8501 0.4926 0.8818 
3.2901 0.5707 1.8301 0.5550 0.8569 
3.2701 0.5703 1.8501 0.4926 0.8127 
3.2901 0.5707 1.8301 0.5550 0.8569 
3.2501 0.5688 1.8201 0.5867 0.7689 
3.2701 0.5703 1.8501 0.4926 0.8127 
3.2501 0.5688 1.8201 0.5867 0.7689 
3.2301 0.5696 1.8501 0.4926 0.7235 
3.2701 0.5703 1.8501 0.4926 0.8127 
3.2901 0.5697 1.8101 0.6176 0.8576 
3.2501 0.5688 1.8201 0.5867 0.7689 
3.2901 0.5707 1.8301 0.5550 0.8569 
3.2901 0.5697 1.8101 0.6176 0.8576 
3.2901 0.5707 1.8301 0.5550 0.8569 
3.3001 0.5745 1.7901 0.6785 0.8760 
3.2901 0.5697 1.8101 0.6176 0.8576 
3.2601 0.5694 1.8101 0.6180 0.7909 
3.2501 0.5688 1.8201 0.5867 0.7689 
3.2201 0.5700 1.8301 0.5554 0.7009 
3.2301 0.5696 1.8501 0.4926 0.7235 
3.2501 0.5688 1.8201 0.5867 0.7689 
3.2201 0.5700 1.8301 0.5554 0.7009 
3.2001 0.5666 1.8501 0.4925 0.6572 
3.2301 0.5696 1.8501 0.4926 0.7235 
3.2001 0.5666 1.8501 0.4925 0.6572 
3.2201 0.5700 1.8301 0.5554 0.7009 
3.1901 0.5689 1.8401 0.5240 0.6336 
3.2201 0.5700 1.8301 0.5554 0.7009 
3.2501 0.5688 1.8201 0.5867 0.7689 
3.2401 0.5725 1.8101 0.6176 0.7444 
3.2201 0.5700 1.8301 0.5554 0.7009 
3.2401 0.5725 1.8101 0.6176 0.7444 
3.2001 0.5698 1.8101 0.6185 0.6558 
3.2001 0.5698 1.8101 0.6185 0.6558 
3.1901 0.5689 1.8401 0.5240 0.6336 
3.2201 0.5700 1.8301 0.5554 0.7009 
3.2601 0.5694 1.8101 0.6180 0.7909 
3.2401 0.5725 1.8101 0.6176 0.7444 
3.2501 0.5688 1.8201 0.5867 0.7689 
3.2001 0.5698 1.8101 0.6185 0.6558 
3.2401 0.5725 1.8101 0.6176 0.7444 
3.2201 0.5737 1.8001 0.6488 0.6991 
3.1901 0.5620 1.9701 0.1237 0.6361 
3.1801 0.5655 2.0001 0.0736 0.6120 
3.2001 0.5668 1.9901 0.0834 0.6570 
3.1501 0.5655 1.9601 0.1517 0.5433 
3.1601 0.5653 1.9901 0.0820 0.5663 
3.1801 0.5655 2.0001 0.0736 0.6120 
3.1701 0.5661 1.9701 0.1255 0.5890 
3.1801 0.5655 2.0001 0.0736 0.6120 
3.1901 0.5620 1.9701 0.1237 0.6361 
3.1801 0.5671 1.9601 0.1536 0.6115 
3.1701 0.5661 1.9701 0.1255 0.5890 
3.1901 0.5620 1.9701 0.1237 0.6361 
3.2001 0.5653 1.9601 0.1532 0.6576 
3.1801 0.5671 1.9601 0.1536 0.6115 
3.1901 0.5620 1.9701 0.1237 0.6361 
3.1701 0.5661 1.9701 0.1255 0.5890 
3.1501 0.5655 1.9601 0.1517 0.5433 
3.1801 0.5655 2.0001 0.0736 0.6120 
3.2001 0.5653 1.9601 0.1532 0.6576 
3.1801 0.5641 1.9501 0.1807 0.6124 
3.1801 0.5671 1.9601 0.1536 0.6115 
3.2001 0.5656 1.9401 0.2118 0.6575 
3.1801 0.5641 1.9501 0.1807 0.6124 
3.2001 0.5653 1.9601 0.1532 0.6576 
3.1501 0.5663 1.9401 0.2108 0.5431 
3.1501 0.5655 1.9601 0.1517 0.5433 
3.1701 0.5661 1.9701 0.1255 0.5890 
3.1401 0.5617 1.9701 0.1220 0.5209 
3.1301 0.5670 1.9801 0.1006 0.4972 
3.1601 0.5653 1.9901 0.0820 0.5663 
3.1501 0.5655 1.9601 0.1517 0.5433 
3.1401 0.5617 1.9701 0.1220 0.5209 
3.1601 0.5653 1.9901 0.0820 0.5663 
3.1401 0.5617 1.9701 0.1220 0.5209 
3.1201 0.5701 1.9601 0.1535 0.4740 
3.1301 0.5670 1.9801 0.1006 0.4972 
3.1101 0.5664 1.9601 0.1510 0.4512 
3.1101 0.5672 1.9901 0.0817 0.4512 
3.1301 0.5670 1.9801 0.1006 0.4972 
3.1201 0.5701 1.9601 0.1535 0.4740 
3.1101 0.5664 1.9601 0.1510 0.4512 
3.1301 0.5670 1.9801 0.1006 0.4972 
3.1101 0.5664 1.9601 0.1510 0.4512 
3.1001 0.5599 1.9601 0.1468 0.4281 
3.1101 0.5672 1.9901 0.0817 0.4512 
3.1501 0.5655 1.9601 0.1517 0.5433 
3.1201 0.5701 1.9601 0.1535 0.4740 
3.1401 0.5617 1.9701 0.1220 0.5209 
3.1501 0.5655 1.9601 0.1517 0.5433 
3.1001 0.5657 1.9401 0.2091 0.4282 
3.1201 0.5701 1.9601 0.1535 0.4740 
3.1001 0.5657 1.9401 0.2091 0.4282 
3.1101 0.5664 1.9601 0.1510 0.4512 
3.1201 0.5701 1.9601 0.1535 0.4740 
3.1701 0.5659 1.9301 0.2415 0.5890 
3.1801 0.5671 1.9601 0.1536 0.6115 
3.1801 0.5641 1.9501 0.1807 0.6124 
3.1701 0.5659 1.9301 0.2415 0.5890 
3.1701 0.5661 1.9701 0.1255 0.5890 
3.1801 0.5671 1.9601 0.1536 0.6115 
3.1701 0.5659 1.9301 0.2415 0.5890 
3.1501 0.5663 1.9401 0.2108 0.5431 
3.1701 0.5661 1.9701 0.1255 0.5890 
3.2101 0.5652 1.9301 0.2422 0.6804 
3.1701 0.5659 1.9301 0.2415 0.5890 
3.2001 0.5656 1.9401 0.2118 0.6575 
3.1701 0.5659 1.9301 0.2415 0.5890 
3.1801 0.5641 1.9501 0.1807 0.6124 
3.2001 0.5656 1.9401 0.2118 0.6575 
3.1501 0.5663 1.9101 0.3031 0.5431 
3.1501 0.5663 1.9401 0.2108 0.5431 
3.1701 0.5659 1.9301 0.2415 0.5890 
3.2101 0.5652 1.9301 0.2422 0.6804 
3.1901 0.5642 1.9101 0.3031 0.6353 
3.1701 0.5659 1.9301 0.2415 0.5890 
3.2001 0.5677 1.9101 0.3045 0.6567 
3.1901 0.5642 1.9101 0.3031 0.6353 
3.2101 0.5652 1.9301 0.2422 0.6804 
3.1801 0.5696 1.8801 0.3983 0.6107 
3.1901 0.5642 1.9101 0.3031 0.6353 
3.2001 0.5677 1.9101 0.3045 0.6567 
3.1501 0.5712 1.9001 0.3359 0.5422 
3.1701 0.5659 1.9301 0.2415 0.5890 
3.1901 0.5642 1.9101 0.3031 0.6353 
3.1501 0.5712 1.9001 0.3359 0.5422 
3.1501 0.5663 1.9101 0.3031 0.5431 
3.1701 0.5659 1.9301 0.2415 0.5890 
3.1501 0.5663 1.9401 0.2108 0.5431 
3.1101 0.5680 1.9201 0.2719 0.4512 
3.1501 0.5655 1.9601 0.1517 0.5433 
3.1101 0.5680 1.9201 0.2719 0.4512 
3.1001 0.5657 1.9401 0.2091 0.4282 
3.1501 0.5655 1.9601 0.1517 0.5433 
3.1501 0.5663 1.9101 0.3031 0.5431 
3.1301 0.5675 1.9301 0.2413 0.4971 
3.1501 0.5663 1.9401 0.2108 0.5431 
3.1301 0.5675 1.9301 0.2413 0.4971 
3.1101 0.5680 1.9201 0.2719 0.4512 
3.1501 0.5663 1.9401 0.2108 0.5431 
3.1101 0.5680 1.9201 0.2719 0.4512 
3.0901 0.5697 1.9301 0.2413 0.4053 
3.1001 0.5657 1.9401 0.2091 0.4282 
3.0901 0.5697 1.9301 0.2413 0.4053 
3.1101 0.5680 1.9201 0.2719 0.4512 
3.1001 0.5636 1.9101 0.3011 0.4281 
3.1201 0.5683 1.9001 0.3345 0.4741 
3.1301 0.5675 1.9301 0.2413 0.4971 
3.1501 0.5663 1.9101 0.3031 0.5431 
3.1201 0.5683 1.9001 0.3345 0.4741 
3.1101 0.5708 1.9101 0.3040 0.4511 
3.1301 0.5675 1.9301 0.2413 0.4971 
3.1101 0.5708 1.9101 0.3040 0.4511 
3.1101 0.5680 1.9201 0.2719 0.4512 
3.1301 0.5675 1.9301 0.2413 0.4971 
3.1101 0.5708 1.9101 0.3040 0.4511 
3.1001 0.5636 1.9101 0.3011 0.4281 
3.1101 0.5680 1.9201 0.2719 0.4512 
3.1101 0.5708 1.9101 0.3040 0.4511 
3.1201 0.5683 1.9001 0.3345 0.4741 
3.1001 0.5636 1.9101 0.3011 0.4281 
3.0601 0.5614 1.9901 0.0788 0.3348 
3.0401 0.5605 1.9801 0.0946 0.2879 
3.0301 0.5618 1.9901 0.0784 0.2649 
3.0901 0.5670 1.9601 0.1508 0.4051 
3.0901 0.5663 1.9801 0.0991 0.4051 
3.1101 0.5672 1.9901 0.0817 0.4512 
3.1001 0.5599 1.9601 0.1468 0.4281 
3.0901 0.5670 1.9601 0.1508 0.4051 
3.1101 0.5672 1.9901 0.0817 0.4512 
3.0901 0.5663 1.9801 0.0991 0.4051 
3.0501 0.5614 1.9601 0.1462 0.3115 
3.0601 0.5614 1.9901 0.0788 0.3348 
3.0301 0.5597 1.9701 0.1174 0.2643 
3.0401 0.5605 1.9801 0.0946 0.2879 
3.0601 0.5614 1.9901 0.0788 0.3348 
3.0501 0.5614 1.9601 0.1462 0.3115 
3.0301 0.5597 1.9701 0.1174 0.2643 
3.0601 0.5614 1.9901 0.0788 0.3348 
3.0701 0.5636 1.9501 0.1771 0.3585 
3.0901 0.5663 1.9801 0.0991 0.4051 
3.0901 0.5670 1.9601 0.1508 0.4051 
3.0701 0.5636 1.9501 0.1771 0.3585 
3.0701 0.5603 1.9601 0.1461 0.3580 
3.0901 0.5663 1.9801 0.0991 0.4051 
3.0501 0.5614 1.9601 0.1462 0.3115 
3.0901 0.5663 1.9801 0.0991 0.4051 
3.0701 0.5603 1.9601 0.1461 0.3580 
3.1001 0.5599 1.9601 0.1468 0.4281 
3.1101 0.5664 1.9601 0.1510 0.4512 
3.0901 0.5670 1.9601 0.1508 0.4051 
3.0701 0.5636 1.9501 0.1771 0.3585 
3.0501 0.5626 1.9401 0.2061 0.3117 
3.0501 0.5614 1.9601 0.1462 0.3115 
3.0701 0.5636 1.9501 0.1771 0.3585 
3.0501 0.5614 1.9601 0.1462 0.3115 
3.0701 0.5603 1.9601 0.1461 0.3580 
3.0301 0.5601 1.9801 0.0941 0.2644 
3.0301 0.5618 1.9901 0.0784 0.2649 
3.0401 0.5605 1.9801 0.0946 0.2879 
3.0301 0.5601 1.9801 0.0941 0.2644 
3.0401 0.5605 1.9801 0.0946 0.2879 
3.0301 0.5601 1.9801 0.0941 0.2644 
3.0301 0.5601 1.9801 0.0941 0.2644 
3.0246 0.5601 1.9901 0.0778 0.2515 
3.0301 0.5618 1.9901 0.0784 0.2649 
3.0301 0.5601 1.9801 0.0941 0.2644 
3.0301 0.5601 1.9801 0.0941 0.2644 
3.0301 0.5601 1.9801 0.0941 0.2644 
3.0246 0.5601 1.9901 0.0778 0.2515 
3.0301 0.5601 1.9801 0.0941 0.2644 
3.0201 0.5588 1.9901 0.0773 0.2406 
3.0246 0.5601 1.9901 0.0778 0.2515 
3.0301 0.5601 1.9801 0.0941 0.2644 
3.0301 0.5601 1.9801 0.0941 0.2644 
3.0301 0.5597 1.9701 0.1174 0.2643 
3.0301 0.5601 1.9801 0.0941 0.2644 
3.0401 0.5605 1.9801 0.0946 0.2879 
3.0301 0.5601 1.9801 0.0941 0.2644 
3.0301 0.5601 1.9801 0.0941 0.2644 
3.0301 0.5597 1.9701 0.1174 0.2643 
3.0301 0.5597 1.9701 0.1174 0.2643 
3.0201 0.5588 1.9901 0.0773 0.2406 
3.0301 0.5601 1.9801 0.0941 0.2644 
3.0201 0.5613 1.9701 0.1180 0.2415 
3.0201 0.5588 1.9901 0.0773 0.2406 
3.0301 0.5597 1.9701 0.1174 0.2643 
3.0301 0.5597 1.9701 0.1174 0.2643 
3.0501 0.5614 1.9601 0.1462 0.3115 
3.0301 0.5656 1.9601 0.1481 0.2662 
3.0301 0.5597 1.9701 0.1174 0.2643 
3.0301 0.5656 1.9601 0.1481 0.2662 
3.0201 0.5613 1.9701 0.1180 0.2415 
3.0501 0.5626 1.9401 0.2061 0.3117 
3.0301 0.5656 1.9601 0.1481 0.2662 
3.0501 0.5614 1.9601 0.1462 0.3115 
2.9901 0.5578 1.9601 0.1421 0.1705 
3.0201 0.5613 1.9701 0.1180 0.2415 
3.0301 0.5656 1.9601 0.1481 0.2662 
3.0001 0.5596 1.9501 0.1726 0.1944 
2.9901 0.5578 1.9601 0.1421 0.1705 
3.0301 0.5656 1.9601 0.1481 0.2662 
3.0901 0.5697 1.9301 0.2413 0.4053 
3.0901 0.5670 1.9601 0.1508 0.4051 
3.1101 0.5664 1.9601 0.1510 0.4512 
3.1001 0.5657 1.9401 0.2091 0.4282 
3.0901 0.5697 1.9301 0.2413 0.4053 
3.1101 0.5664 1.9601 0.1510 0.4512 
3.0501 0.5590 1.9301 0.2352 0.3109 
3.0701 0.5636 1.9501 0.1771 0.3585 
3.0901 0.5670 1.9601 0.1508 0.4051 
3.0501 0.5590 1.9301 0.2352 0.3109 
3.0501 0.5626 1.9401 0.2061 0.3117 
3.0701 0.5636 1.9501 0.1771 0.3585 
3.0801 0.5674 1.9101 0.3021 0.3821 
3.0901 0.5670 1.9601 0.1508 0.4051 
3.0901 0.5697 1.9301 0.2413 0.4053 
3.0801 0.5674 1.9101 0.3021 0.3821 
3.0501 0.5590 1.9301 0.2352 0.3109 
3.0901 0.5670 1.9601 0.1508 0.4051 
3.0901 0.5697 1.9301 0.2413 0.4053 
3.1001 0.5636 1.9101 0.3011 0.4281 
3.0801 0.5674 1.9101 0.3021 0.3821 
3.0801 0.5674 1.9101 0.3021 0.3821 
3.0501 0.5624 1.9101 0.2996 0.3117 
3.0501 0.5590 1.9301 0.2352 0.3109 
3.0901 0.5691 1.9001 0.3342 0.4053 
3.0801 0.5674 1.9101 0.3021 0.3821 
3.1001 0.5636 1.9101 0.3011 0.4281 
3.0901 0.5691 1.9001 0.3342 0.4053 
3.0701 0.5674 1.8901 0.3650 0.3590 
3.0801 0.5674 1.9101 0.3021 0.3821 
3.0701 0.5674 1.8901 0.3650 0.3590 
3.0501 0.5624 1.9101 0.2996 0.3117 
3.0801 0.5674 1.9101 0.3021 0.3821 
3.0301 0.5656 1.9601 0.1481 0.2662 
3.0501 0.5626 1.9401 0.2061 0.3117 
3.0201 0.5581 1.9401 0.2028 0.2403 
3.0201 0.5581 1.9401 0.2028 0.2403 
3.0001 0.5596 1.9501 0.1726 0.1944 
3.0301 0.5656 1.9601 0.1481 0.2662 
3.0001 0.5596 1.9501 0.1726 0.1944 
3.0201 0.5581 1.9401 0.2028 0.2403 
3.0101 0.5605 1.9201 0.2663 0.2180 
3.0101 0.5605 1.9201 0.2663 0.2180 
2.9901 0.5593 1.9401 0.2026 0.1713 
3.0001 0.5596 1.9501 0.1726 0.1944 
3.0501 0.5626 1.9401 0.2061 0.3117 
3.0501 0.5590 1.9301 0.2352 0.3109 
3.0201 0.5581 1.9401 0.2028 0.2403 
3.0301 0.5637 1.9201 0.2682 0.2656 
3.0201 0.5581 1.9401 0.2028 0.2403 
3.0501 0.5590 1.9301 0.2352 0.3109 
3.0301 0.5637 1.9201 0.2682 0.2656 
3.0101 0.5605 1.9201 0.2663 0.2180 
3.0201 0.5581 1.9401 0.2028 0.2403 
3.0301 0.5637 1.9201 0.2682 0.2656 
3.0501 0.5590 1.9301 0.2352 0.3109 
3.0501 0.5624 1.9101 0.2996 0.3117 
3.0301 0.5637 1.9201 0.2682 0.2656 
2.9989 0.5601 1.9101 0.2978 0.1919 
3.0101 0.5605 1.9201 0.2663 0.2180 
3.0101 0.5612 1.8901 0.3625 0.2182 
3.0301 0.5637 1.9201 0.2682 0.2656 
3.0501 0.5624 1.9101 0.2996 0.3117 
3.0101 0.5612 1.8901 0.3625 0.2182 
3.0001 0.5601 1.9001 0.3299 0.1946 
2.9989 0.5601 1.9101 0.2978 0.1919 
3.0301 0.5637 1.9201 0.2682 0.2656 
3.0101 0.5612 1.8901 0.3625 0.2182 
2.9989 0.5601 1.9101 0.2978 0.1919 
3.1501 0.5694 1.8701 0.4294 0.5426 
3.1501 0.5712 1.9001 0.3359 0.5422 
3.1701 0.5681 1.8901 0.3665 0.5884 
3.2001 0.5659 1.8901 0.3663 0.6574 
3.1801 0.5696 1.8801 0.3983 0.6107 
3.2001 0.5677 1.9101 0.3045 0.6567 
3.1801 0.5696 1.8801 0.3983 0.6107 
3.1701 0.5681 1.8901 0.3665 0.5884 
3.1901 0.5642 1.9101 0.3031 0.6353 
3.1901 0.5642 1.9101 0.3031 0.6353 
3.1701 0.5681 1.8901 0.3665 0.5884 
3.1501 0.5712 1.9001 0.3359 0.5422 
3.2001 0.5659 1.8901 0.3663 0.6574 
3.2001 0.5710 1.8701 0.4299 0.6554 
3.1801 0.5696 1.8801 0.3983 0.6107 
3.1701 0.5681 1.8901 0.3665 0.5884 
3.1801 0.5696 1.8801 0.3983 0.6107 
3.1601 0.5687 1.8701 0.4293 0.5655 
3.1601 0.5687 1.8701 0.4293 0.5655 
3.1501 0.5694 1.8701 0.4294 0.5426 
3.1701 0.5681 1.8901 0.3665 0.5884 
3.1601 0.5687 1.8701 0.4293 0.5655 
3.1801 0.5696 1.8801 0.3983 0.6107 
3.2001 0.5710 1.8701 0.4299 0.6554 
3.1801 0.5694 1.8501 0.4925 0.6107 
3.1601 0.5687 1.8701 0.4293 0.5655 
3.2001 0.5710 1.8701 0.4299 0.6554 
3.1801 0.5694 1.8501 0.4925 0.6107 
3.2001 0.5710 1.8701 0.4299 0.6554 
3.1901 0.5673 1.8601 0.4609 0.6341 
3.1901 0.5701 1.8501 0.4925 0.6331 
3.1901 0.5701 1.8501 0.4925 0.6331 
3.1901 0.5701 1.8501 0.4925 0.6331 
3.1901 0.5701 1.8501 0.4925 0.6331 
3.1901 0.5701 1.8501 0.4925 0.6331 
3.1901 0.5701 1.8501 0.4925 0.6331 
3.1901 0.5701 1.8501 0.4925 0.6331 
3.1901 0.5673 1.8601 0.4609 0.6341 
3.2001 0.5666 1.8501 0.4925 0.6572 
3.1901 0.5701 1.8501 0.4925 0.6331 
3.1901 0.5701 1.8501 0.4925 0.6331 
3.1901 0.5673 1.8601 0.4609 0.6341 
3.1901 0.5701 1.8501 0.4925 0.6331 
3.1801 0.5694 1.8501 0.4925 0.6107 
3.1901 0.5673 1.8601 0.4609 0.6341 
3.1901 0.5701 1.8501 0.4925 0.6331 
3.1901 0.5701 1.8501 0.4925 0.6331 
3.1801 0.5694 1.8501 0.4925 0.6107 
3.1601 0.5687 1.8701 0.4293 0.5655 
3.1801 0.5694 1.8501 0.4925 0.6107 
3.1501 0.5701 1.8408 0.5219 0.5424 
3.1601 0.5687 1.8701 0.4293 0.5655 
3.1501 0.5701 1.8408 0.5219 0.5424 
3.1501 0.5694 1.8701 0.4294 0.5426 
3.1501 0.5663 1.9101 0.3031 0.5431 
3.1501 0.5712 1.9001 0.3359 0.5422 
3.1501 0.5694 1.8701 0.4294 0.5426 
3.1101 0.5712 1.8901 0.3665 0.4511 
3.1201 0.5683 1.9001 0.3345 0.4741 
3.1501 0.5663 1.9101 0.3031 0.5431 
3.1201 0.5683 1.9001 0.3345 0.4741 
3.1101 0.5712 1.8901 0.3665 0.4511 
3.1001 0.5636 1.9101 0.3011 0.4281 
3.1101 0.5712 1.8901 0.3665 0.4511 
3.1501 0.5694 1.8701 0.4294 0.5426 
3.1401 0.5716 1.8701 0.4296 0.5194 
3.1501 0.5694 1.8701 0.4294 0.5426 
3.1101 0.5712 1.8901 0.3665 0.4511 
3.1501 0.5663 1.9101 0.3031 0.5431 
3.1401 0.5716 1.8701 0.4296 0.5194 
3.1501 0.5694 1.8701 0.4294 0.5426 
3.1401 0.5701 1.8601 0.4609 0.5196 
3.1401 0.5701 1.8601 0.4609 0.5196 
3.1201 0.5716 1.8501 0.4925 0.4739 
3.1401 0.5716 1.8701 0.4296 0.5194 
3.1401 0.5701 1.8601 0.4609 0.5196 
3.1401 0.5716 1.8701 0.4296 0.5194 
3.1401 0.5701 1.8601 0.4609 0.5196 
3.1401 0.5716 1.8701 0.4296 0.5194 
3.1047 0.5701 1.8601 0.4607 0.4388 
3.1101 0.5712 1.8901 0.3665 0.4511 
3.1401 0.5701 1.8601 0.4609 0.5196 
3.1501 0.5694 1.8701 0.4294 0.5426 
3.1401 0.5701 1.8601 0.4609 0.5196 
3.1401 0.5701 1.8601 0.4609 0.5196 
3.1401 0.5701 1.8601 0.4609 0.5196 
3.1401 0.5701 1.8601 0.4609 0.5196 
3.1401 0.5701 1.8601 0.4609 0.5196 
3.1327 0.5701 1.8501 0.4925 0.5029 
3.1201 0.5716 1.8501 0.4925 0.4739 
3.1047 0.5701 1.8601 0.4607 0.4388 
3.1401 0.5716 1.8701 0.4296 0.5194 
3.1201 0.5716 1.8501 0.4925 0.4739 
3.1101 0.5701 1.8501 0.4924 0.4511 
3.1047 0.5701 1.8601 0.4607 0.4388 
3.1201 0.5716 1.8501 0.4925 0.4739 
3.1101 0.5701 1.8501 0.4924 0.4511 
3.1201 0.5716 1.8501 0.4925 0.4739 
3.1101 0.5701 1.8501 0.4924 0.4511 
3.1101 0.5701 1.8501 0.4924 0.4511 
3.1010 0.5701 1.8401 0.5241 0.4302 
3.1047 0.5701 1.8601 0.4607 0.4388 
3.1401 0.5686 1.8501 0.4924 0.5199 
3.1401 0.5701 1.8601 0.4609 0.5196 
3.1501 0.5694 1.8701 0.4294 0.5426 
3.1501 0.5701 1.8408 0.5219 0.5424 
3.1401 0.5686 1.8501 0.4924 0.5199 
3.1501 0.5694 1.8701 0.4294 0.5426 
3.1401 0.5686 1.8501 0.4924 0.5199 
3.1327 0.5701 1.8501 0.4925 0.5029 
3.1401 0.5701 1.8601 0.4609 0.5196 
3.1327 0.5701 1.8501 0.4925 0.5029 
3.1401 0.5701 1.8601 0.4609 0.5196 
3.1401 0.5701 1.8601 0.4609 0.5196 
3.1101 0.5701 1.8501 0.4924 0.4511 
3.1101 0.5701 1.8501 0.4924 0.4511 
3.1101 0.5701 1.8501 0.4924 0.4511 
3.1047 0.5701 1.8601 0.4607 0.4388 
3.1101 0.5701 1.8501 0.4924 0.4511 
3.1101 0.5701 1.8501 0.4924 0.4511 
3.1901 0.5701 1.8501 0.4925 0.6331 
3.1901 0.5701 1.8501 0.4925 0.6331 
3.1901 0.5701 1.8501 0.4925 0.6331 
3.1901 0.5701 1.8501 0.4925 0.6331 
3.1901 0.5701 1.8501 0.4925 0.6331 
3.1901 0.5701 1.8501 0.4925 0.6331 
3.1901 0.5701 1.8501 0.4925 0.6331 
3.2001 0.5666 1.8501 0.4925 0.6572 
3.1901 0.5689 1.8401 0.5240 0.6336 
3.1901 0.5701 1.8501 0.4925 0.6331 
3.1901 0.5701 1.8501 0.4925 0.6331 
3.2001 0.5666 1.8501 0.4925 0.6572 
3.1901 0.5701 1.8501 0.4925 0.6331 
3.1901 0.5689 1.8401 0.5240 0.6336 
3.1801 0.5694 1.8501 0.4925 0.6107 
3.1901 0.5701 1.8501 0.4925 0.6331 
3.1901 0.5701 1.8501 0.4925 0.6331 
3.1901 0.5689 1.8401 0.5240 0.6336 
3.1901 0.5689 1.8401 0.5240 0.6336 
3.1501 0.5701 1.8408 0.5219 0.5424 
3.1801 0.5694 1.8501 0.4925 0.6107 
3.2001 0.5698 1.8101 0.6185 0.6558 
3.1901 0.5705 1.8101 0.6185 0.6330 
3.1901 0.5689 1.8401 0.5240 0.6336 
3.1901 0.5705 1.8101 0.6185 0.6330 
3.1801 0.5749 1.8201 0.5864 0.6090 
3.1901 0.5689 1.8401 0.5240 0.6336 
3.1601 0.5692 1.8201 0.5874 0.5654 
3.1501 0.5701 1.8408 0.5219 0.5424 
3.1901 0.5689 1.8401 0.5240 0.6336 
3.1801 0.5749 1.8201 0.5864 0.6090 
3.1601 0.5692 1.8201 0.5874 0.5654 
3.1901 0.5689 1.8401 0.5240 0.6336 
3.1501 0.5712 1.8301 0.5556 0.5422 
3.1501 0.5701 1.8408 0.5219 0.5424 
3.1601 0.5692 1.8201 0.5874 0.5654 
3.1601 0.5731 1.8001 0.6498 0.5645 
3.1601 0.5692 1.8201 0.5874 0.5654 
3.1801 0.5749 1.8201 0.5864 0.6090 
3.1901 0.5705 1.8101 0.6185 0.6330 
3.1601 0.5731 1.8001 0.6498 0.5645 
3.1801 0.5749 1.8201 0.5864 0.6090 
3.1501 0.5701 1.8179 0.5942 0.5424 
3.1601 0.5692 1.8201 0.5874 0.5654 
3.1601 0.5731 1.8001 0.6498 0.5645 
3.1501 0.5701 1.8179 0.5942 0.5424 
3.1601 0.5731 1.8001 0.6498 0.5645 
3.1501 0.5721 1.7901 0.6818 0.5420 
3.1327 0.5701 1.8501 0.4925 0.5029 
3.1401 0.5701 1.8401 0.5241 0.5196 
3.1301 0.5710 1.8401 0.5241 0.4967 
3.1301 0.5710 1.8401 0.5241 0.4967 
3.1201 0.5716 1.8501 0.4925 0.4739 
3.1327 0.5701 1.8501 0.4925 0.5029 
3.1101 0.5701 1.8501 0.4924 0.4511 
3.1201 0.5716 1.8501 0.4925 0.4739 
3.1101 0.5720 1.8401 0.5241 0.4511 
3.1101 0.5701 1.8501 0.4924 0.4511 
3.1101 0.5720 1.8401 0.5241 0.4511 
3.1101 0.5701 1.8501 0.4924 0.4511 
3.1101 0.5701 1.8501 0.4924 0.4511 
3.1101 0.5720 1.8401 0.5241 0.4511 
3.1010 0.5701 1.8401 0.5241 0.4302 
3.1501 0.5701 1.8408 0.5219 0.5424 
3.1401 0.5701 1.8401 0.5241 0.5196 
3.1401 0.5686 1.8501 0.4924 0.5199 
3.1501 0.5701 1.8408 0.5219 0.5424 
3.1401 0.5701 1.8401 0.5241 0.5196 
3.1401 0.5701 1.8401 0.5241 0.5196 
3.1401 0.5701 1.8401 0.5241 0.5196 
3.1401 0.5701 1.8401 0.5241 0.5196 
3.1401 0.5686 1.8501 0.4924 0.5199 
3.1401 0.5701 1.8401 0.5241 0.5196 
3.1327 0.5701 1.8501 0.4925 0.5029 
3.1401 0.5686 1.8501 0.4924 0.5199 
3.1101 0.5701 1.8501 0.4924 0.4511 
3.1101 0.5701 1.8501 0.4924 0.4511 
3.1101 0.5701 1.8501 0.4924 0.4511 
3.1101 0.5701 1.8501 0.4924 0.4511 
3.1010 0.5701 1.8401 0.5241 0.4302 
3.1101 0.5701 1.8501 0.4924 0.4511 
3.1501 0.5701 1.8408 0.5219 0.5424 
3.1501 0.5712 1.8301 0.5556 0.5422 
3.1401 0.5716 1.8301 0.5556 0.5194 
3.1401 0.5701 1.8401 0.5241 0.5196 
3.1501 0.5701 1.8408 0.5219 0.5424 
3.1401 0.5716 1.8301 0.5556 0.5194 
3.1401 0.5701 1.8401 0.5241 0.5196 
3.1401 0.5716 1.8301 0.5556 0.5194 
3.1401 0.5701 1.8401 0.5241 0.5196 
3.1401 0.5701 1.8401 0.5241 0.5196 
3.1401 0.5716 1.8301 0.5556 0.5194 
3.1301 0.5710 1.8401 0.5241 0.4967 
3.1401 0.5701 1.8401 0.5241 0.5196 
3.1301 0.5710 1.8401 0.5241 0.4967 
3.1401 0.5701 1.8401 0.5241 0.5196 
3.1401 0.5716 1.8301 0.5556 0.5194 
3.1201 0.5716 1.8501 0.4925 0.4739 
3.1301 0.5710 1.8401 0.5241 0.4967 
3.1001 0.5736 1.8201 0.5872 0.4283 
3.1101 0.5720 1.8401 0.5241 0.4511 
3.1201 0.5716 1.8501 0.4925 0.4739 
3.1010 0.5701 1.8401 0.5241 0.4302 
3.1101 0.5720 1.8401 0.5241 0.4511 
3.1001 0.5736 1.8201 0.5872 0.4283 
3.1401 0.5701 1.8401 0.5241 0.5196 
3.1401 0.5701 1.8401 0.5241 0.5196 
3.1401 0.5701 1.8401 0.5241 0.5196 
3.1401 0.5701 1.8401 0.5241 0.5196 
3.1401 0.5701 1.8401 0.5241 0.5196 
3.1401 0.5701 1.8401 0.5241 0.5196 
3.1401 0.5701 1.8201 0.5874 0.5196 
3.1401 0.5716 1.8301 0.5556 0.5194 
3.1501 0.5712 1.8301 0.5556 0.5422 
3.1401 0.5701 1.8201 0.5874 0.5196 
3.1401 0.5701 1.8201 0.5874 0.5196 
3.1501 0.5712 1.8301 0.5556 0.5422 
3.1401 0.5701 1.8201 0.5874 0.5196 
3.1501 0.5712 1.8301 0.5556 0.5422 
3.1601 0.5692 1.8201 0.5874 0.5654 
3.1401 0.5701 1.8201 0.5874 0.5196 
3.1201 0.5757 1.8001 0.6496 0.4736 
3.1401 0.5716 1.8301 0.5556 0.5194 
3.1201 0.5757 1.8001 0.6496 0.4736 
3.1201 0.5716 1.8501 0.4925 0.4739 
3.1401 0.5716 1.8301 0.5556 0.5194 
3.1201 0.5757 1.8001 0.6496 0.4736 
3.1001 0.5736 1.8201 0.5872 0.4283 
3.1201 0.5716 1.8501 0.4925 0.4739 
3.1501 0.5701 1.8179 0.5942 0.5424 
3.1401 0.5701 1.8201 0.5874 0.5196 
3.1401 0.5701 1.8201 0.5874 0.5196 
3.1501 0.5701 1.8179 0.5942 0.5424 
3.1201 0.5757 1.8001 0.6496 0.4736 
3.1401 0.5701 1.8201 0.5874 0.5196 
3.1101 0.5682 1.8101 0.6198 0.4512 
3.1001 0.5736 1.8201 0.5872 0.4283 
3.1201 0.5757 1.8001 0.6496 0.4736 
3.1501 0.5701 1.8179 0.5942 0.5424 
3.1401 0.5701 1.8201 0.5874 0.5196 
3.1601 0.5692 1.8201 0.5874 0.5654 
3.1501 0.5721 1.7901 0.6818 0.5420 
3.1301 0.5730 1.7901 0.6818 0.4965 
3.1501 0.5701 1.8179 0.5942 0.5424 
3.1301 0.5730 1.7901 0.6818 0.4965 
3.1201 0.5757 1.8001 0.6496 0.4736 
3.1501 0.5701 1.8179 0.5942 0.5424 
3.1101 0.5682 1.8101 0.6198 0.4512 
3.1201 0.5757 1.8001 0.6496 0.4736 
3.1001 0.5759 1.8001 0.6499 0.4284 
3.1101 0.5712 1.8901 0.3665 0.4511 
3.0901 0.5691 1.9001 0.3342 0.4053 
3.1001 0.5636 1.9101 0.3011 0.4281 
3.0801 0.5674 1.8801 0.3968 0.3821 
3.0701 0.5674 1.8901 0.3650 0.3590 
3.0901 0.5691 1.9001 0.3342 0.4053 
3.0801 0.5674 1.8801 0.3968 0.3821 
3.0901 0.5691 1.9001 0.3342 0.4053 
3.1101 0.5712 1.8901 0.3665 0.4511 
3.1047 0.5701 1.8601 0.4607 0.4388 
3.0801 0.5674 1.8801 0.3968 0.3821 
3.1101 0.5712 1.8901 0.3665 0.4511 
3.1047 0.5701 1.8601 0.4607 0.4388 
3.0701 0.5670 1.8601 0.4603 0.3590 
3.0801 0.5674 1.8801 0.3968 0.3821 
3.0701 0.5670 1.8601 0.4603 0.3590 
3.0701 0.5674 1.8901 0.3650 0.3590 
3.0801 0.5674 1.8801 0.3968 0.3821 
3.0401 0.5658 1.8701 0.4281 0.2894 
3.0501 0.5624 1.9101 0.2996 0.3117 
3.0701 0.5674 1.8901 0.3650 0.3590 
3.0701 0.5670 1.8601 0.4603 0.3590 
3.0401 0.5658 1.8701 0.4281 0.2894 
3.0701 0.5674 1.8901 0.3650 0.3590 
3.0601 0.5670 1.8401 0.5243 0.3359 
3.0701 0.5670 1.8601 0.4603 0.3590 
3.1047 0.5701 1.8601 0.4607 0.4388 
3.0601 0.5670 1.8401 0.5243 0.3359 
3.0401 0.5658 1.8701 0.4281 0.2894 
3.0701 0.5670 1.8601 0.4603 0.3590 
3.0301 0.5621 1.8801 0.3952 0.2650 
3.0101 0.5612 1.8901 0.3625 0.2182 
3.0501 0.5624 1.9101 0.2996 0.3117 
3.0001 0.5601 1.9001 0.3299 0.1946 
3.0001 0.5601 1.9001 0.3299 0.1946 
3.0101 0.5612 1.8901 0.3625 0.2182 
3.0001 0.5601 1.9001 0.3299 0.1946 
3.0101 0.5612 1.8901 0.3625 0.2182 
3.0001 0.5594 1.8901 0.3619 0.1943 
3.0101 0.5612 1.8901 0.3625 0.2182 
3.0301 0.5621 1.8801 0.3952 0.2650 
3.0001 0.5594 1.8901 0.3619 0.1943 
3.0401 0.5658 1.8701 0.4281 0.2894 
3.0301 0.5621 1.8801 0.3952 0.2650 
3.0501 0.5624 1.9101 0.2996 0.3117 
3.0101 0.5644 1.8701 0.4276 0.2195 
3.0001 0.5594 1.8901 0.3619 0.1943 
3.0301 0.5621 1.8801 0.3952 0.2650 
3.0301 0.5621 1.8801 0.3952 0.2650 
2.9701 0.5610 1.8401 0.5247 0.1272 
3.0101 0.5644 1.8701 0.4276 0.2195 
3.0001 0.5638 1.8301 0.5570 0.1963 
3.0301 0.5621 1.8801 0.3952 0.2650 
3.0401 0.5658 1.8701 0.4281 0.2894 
3.1001 0.5736 1.8201 0.5872 0.4283 
3.0813 0.5701 1.8201 0.5879 0.3851 
3.1010 0.5701 1.8401 0.5241 0.4302 
3.1010 0.5701 1.8401 0.5241 0.4302 
3.0813 0.5701 1.8201 0.5879 0.3851 
3.1047 0.5701 1.8601 0.4607 0.4388 
3.0813 0.5701 1.8201 0.5879 0.3851 
3.0601 0.5675 1.8301 0.5564 0.3360 
3.1047 0.5701 1.8601 0.4607 0.4388 
3.0601 0.5675 1.8301 0.5564 0.3360 
3.0601 0.5670 1.8401 0.5243 0.3359 
3.1047 0.5701 1.8601 0.4607 0.4388 
3.0601 0.5675 1.8301 0.5564 0.3360 
3.0401 0.5687 1.8201 0.5884 0.2901 
3.0601 0.5670 1.8401 0.5243 0.3359 
3.0801 0.5701 1.8101 0.6198 0.3824 
3.0813 0.5701 1.8201 0.5879 0.3851 
3.1001 0.5736 1.8201 0.5872 0.4283 
3.0801 0.5701 1.8101 0.6198 0.3824 
3.1001 0.5736 1.8201 0.5872 0.4283 
3.1101 0.5682 1.8101 0.6198 0.4512 
3.0813 0.5701 1.8201 0.5879 0.3851 
3.0801 0.5701 1.8101 0.6198 0.3824 
3.0801 0.5701 1.8101 0.6198 0.3824 
3.0801 0.5701 1.8101 0.6198 0.3824 
3.0701 0.5695 1.8001 0.6520 0.3593 
3.0813 0.5701 1.8201 0.5879 0.3851 
3.0601 0.5675 1.8301 0.5564 0.3360 
3.0813 0.5701 1.8201 0.5879 0.3851 
3.0701 0.5695 1.8001 0.6520 0.3593 
3.0601 0.5675 1.8301 0.5564 0.3360 
3.0701 0.5695 1.8001 0.6520 0.3593 
3.0501 0.5676 1.8001 0.6528 0.3129 
3.1101 0.5682 1.8101 0.6198 0.4512 
3.1001 0.5759 1.8001 0.6499 0.4284 
3.0801 0.5701 1.8101 0.6198 0.3824 
3.0801 0.5701 1.8101 0.6198 0.3824 
3.1001 0.5759 1.8001 0.6499 0.4284 
3.0801 0.5707 1.8001 0.6515 0.3825 
3.0801 0.5701 1.8101 0.6198 0.3824 
3.0801 0.5707 1.8001 0.6515 0.3825 
3.0801 0.5701 1.8101 0.6198 0.3824 
3.0801 0.5701 1.8101 0.6198 0.3824 
3.0801 0.5701 1.8101 0.6198 0.3824 
3.0801 0.5701 1.8101 0.6198 0.3824 
3.0801 0.5701 1.8101 0.6198 0.3824 
3.0701 0.5695 1.8001 0.6520 0.3593 
3.0801 0.5701 1.8101 0.6198 0.3824 
3.0801 0.5701 1.8101 0.6198 0.3824 
3.0801 0.5707 1.8001 0.6515 0.3825 
3.0701 0.5695 1.8001 0.6520 0.3593 
3.0201 0.5618 1.8401 0.5246 0.2417 
3.0401 0.5658 1.8701 0.4281 0.2894 
3.0601 0.5670 1.8401 0.5243 0.3359 
3.0201 0.5618 1.8401 0.5246 0.2417 
3.0001 0.5638 1.8301 0.5570 0.1963 
3.0401 0.5658 1.8701 0.4281 0.2894 
3.0401 0.5687 1.8201 0.5884 0.2901 
3.0201 0.5618 1.8401 0.5246 0.2417 
3.0601 0.5670 1.8401 0.5243 0.3359 
3.0401 0.5687 1.8201 0.5884 0.2901 
3.0301 0.5670 1.8301 0.5565 0.2666 
3.0201 0.5618 1.8401 0.5246 0.2417 
3.0301 0.5670 1.8301 0.5565 0.2666 
3.0001 0.5638 1.8301 0.5570 0.1963 
3.0201 0.5618 1.8401 0.5246 0.2417 
3.0301 0.5630 1.8101 0.6219 0.2653 
3.0401 0.5687 1.8201 0.5884 0.2901 
3.0601 0.5675 1.8301 0.5564 0.3360 
3.0501 0.5676 1.8001 0.6528 0.3129 
3.0301 0.5630 1.8101 0.6219 0.2653 
3.0601 0.5675 1.8301 0.5564 0.3360 
3.0301 0.5630 1.8101 0.6219 0.2653 
3.0301 0.5670 1.8301 0.5565 0.2666 
3.0401 0.5687 1.8201 0.5884 0.2901 
3.0301 0.5630 1.8101 0.6219 0.2653 
3.0201 0.5650 1.8001 0.6539 0.2428 
3.0301 0.5670 1.8301 0.5565 0.2666 
2.9901 0.5651 1.8101 0.6218 0.1741 
3.0001 0.5638 1.8301 0.5570 0.1963 
3.0301 0.5670 1.8301 0.5565 0.2666 
3.0201 0.5650 1.8001 0.6539 0.2428 
2.9901 0.5651 1.8101 0.6218 0.1741 
3.0301 0.5670 1.8301 0.5565 0.2666 
3.0501 0.5676 1.8001 0.6528 0.3129 
3.0201 0.5650 1.8001 0.6539 0.2428 
3.0301 0.5630 1.8101 0.6219 0.2653 
2.9701 0.5640 1.7801 0.7202 0.1289 
2.9501 0.5675 1.7801 0.7193 0.0892 
2.9701 0.5633 1.8001 0.6551 0.1285 
2.9501 0.5675 1.7801 0.7193 0.0892 
2.9401 0.5620 1.8001 0.6560 0.0687 
2.9701 0.5633 1.8001 0.6551 0.1285 
2.9701 0.5640 1.7801 0.7202 0.1289 
2.9701 0.5633 1.8001 0.6551 0.1285 
2.9901 0.5651 1.8101 0.6218 0.1741 
3.3301 0.5704 1.7801 0.7105 0.9456 
3.3201 0.5727 1.8001 0.6477 0.9216 
3.3401 0.5744 1.8001 0.6470 0.9639 
3.2901 0.5719 1.7801 0.7107 0.8559 
3.3001 0.5745 1.7901 0.6785 0.8760 
3.3201 0.5727 1.8001 0.6477 0.9216 
3.3301 0.5704 1.7801 0.7105 0.9456 
3.2901 0.5719 1.7801 0.7107 0.8559 
3.3201 0.5727 1.8001 0.6477 0.9216 
3.2901 0.5719 1.7801 0.7107 0.8559 
3.2901 0.5697 1.8101 0.6176 0.8576 
3.3001 0.5745 1.7901 0.6785 0.8760 
3.2901 0.5719 1.7801 0.7107 0.8559 
3.2501 0.5712 1.7801 0.7118 0.7674 
3.2601 0.5694 1.8101 0.6180 0.7909 
3.2501 0.5712 1.7801 0.7118 0.7674 
3.2301 0.5732 1.7901 0.6801 0.7217 
3.2601 0.5694 1.8101 0.6180 0.7909 
3.2901 0.5719 1.7801 0.7107 0.8559 
3.2601 0.5694 1.8101 0.6180 0.7909 
3.2901 0.5697 1.8101 0.6176 0.8576 
3.2301 0.5732 1.7901 0.6801 0.7217 
3.2401 0.5725 1.8101 0.6176 0.7444 
3.2601 0.5694 1.8101 0.6180 0.7909 
3.2301 0.5732 1.7901 0.6801 0.7217 
3.2201 0.5737 1.8001 0.6488 0.6991 
3.2401 0.5725 1.8101 0.6176 0.7444 
3.2001 0.5719 1.7901 0.6810 0.6550 
3.2201 0.5737 1.8001 0.6488 0.6991 
3.2301 0.5732 1.7901 0.6801 0.7217 
3.2001 0.5719 1.7901 0.6810 0.6550 
3.2001 0.5698 1.8101 0.6185 0.6558 
3.2201 0.5737 1.8001 0.6488 0.6991 
3.2501 0.5712 1.7801 0.7118 0.7674 
3.2101 0.5714 1.7801 0.7125 0.6777 
3.2301 0.5732 1.7901 0.6801 0.7217 
3.2301 0.5732 1.7901 0.6801 0.7217 
3.2101 0.5714 1.7801 0.7125 0.6777 
3.2001 0.5719 1.7901 0.6810 0.6550 
3.2001 0.5719 1.7901 0.6810 0.6550 
3.1901 0.5705 1.8101 0.6185 0.6330 
3.2001 0.5698 1.8101 0.6185 0.6558 
3.2001 0.5719 1.7901 0.6810 0.6550 
3.1701 0.5738 1.7801 0.7124 0.5869 
3.1901 0.5705 1.8101 0.6185 0.6330 
3.1701 0.5738 1.7801 0.7124 0.5869 
3.1601 0.5731 1.8001 0.6498 0.5645 
3.1901 0.5705 1.8101 0.6185 0.6330 
3.1701 0.5738 1.7801 0.7124 0.5869 
3.1501 0.5721 1.7901 0.6818 0.5420 
3.1601 0.5731 1.8001 0.6498 0.5645 
3.2101 0.5714 1.7801 0.7125 0.6777 
3.1701 0.5738 1.7801 0.7124 0.5869 
3.2001 0.5719 1.7901 0.6810 0.6550 
3.1101 0.5738 1.7801 0.7136 0.4511 
3.1301 0.5730 1.7901 0.6818 0.4965 
3.1501 0.5721 1.7901 0.6818 0.5420 
3.1701 0.5738 1.7801 0.7124 0.5869 
3.1101 0.5738 1.7801 0.7136 0.4511 
3.1501 0.5721 1.7901 0.6818 0.5420 
3.1101 0.5738 1.7801 0.7136 0.4511 
3.1201 0.5757 1.8001 0.6496 0.4736 
3.1301 0.5730 1.7901 0.6818 0.4965 
3.0601 0.5699 1.7801 0.7161 0.3364 
3.1001 0.5759 1.8001 0.6499 0.4284 
3.1201 0.5757 1.8001 0.6496 0.4736 
3.1101 0.5738 1.7801 0.7136 0.4511 
3.0601 0.5699 1.7801 0.7161 0.3364 
3.1201 0.5757 1.8001 0.6496 0.4736 
3.0601 0.5699 1.7801 0.7161 0.3364 
3.0801 0.5707 1.8001 0.6515 0.3825 
3.1001 0.5759 1.8001 0.6499 0.4284 
3.0801 0.5707 1.8001 0.6515 0.3825 
3.0601 0.5699 1.7801 0.7161 0.3364 
3.0701 0.5695 1.8001 0.6520 0.3593 
2.9701 0.5640 1.7801 0.7202 0.1289 
2.9901 0.5651 1.8101 0.6218 0.1741 
3.0201 0.5650 1.8001 0.6539 0.2428 
3.0201 0.5638 1.7801 0.7193 0.2424 
3.0501 0.5676 1.8001 0.6528 0.3129 
3.0701 0.5695 1.8001 0.6520 0.3593 
3.0601 0.5699 1.7801 0.7161 0.3364 
3.0201 0.5638 1.7801 0.7193 0.2424 
3.0701 0.5695 1.8001 0.6520 0.3593 
3.0201 0.5638 1.7801 0.7193 0.2424 
3.0201 0.5650 1.8001 0.6539 0.2428 
3.0501 0.5676 1.8001 0.6528 0.3129 
3.0201 0.5638 1.7801 0.7193 0.2424 
2.9701 0.5640 1.7801 0.7202 0.1289 
3.0201 0.5650 1.8001 0.6539 0.2428 
2.9501 0.5559 1.9901 0.0757 0.0829 
2.9601 0.5586 1.9901 0.0765 0.1044 
2.9701 0.5570 1.9801 0.0910 0.1250 
2.9901 0.5578 1.9601 0.1421 0.1705 
2.9801 0.5619 1.9701 0.1171 0.1499 
2.9701 0.5570 1.9801 0.0910 0.1250 
2.9701 0.5570 1.9801 0.0910 0.1250 
2.9801 0.5619 1.9701 0.1171 0.1499 
2.9601 0.5637 1.9601 0.1447 0.1072 
2.9901 0.5601 1.9501 0.1727 0.1717 
2.9901 0.5601 1.9501 0.1727 0.1717 
2.9901 0.5601 1.9501 0.1727 0.1717 
2.9901 0.5601 1.9501 0.1727 0.1717 
2.9901 0.5601 1.9501 0.1727 0.1717 
2.9901 0.5601 1.9501 0.1727 0.1717 
2.9701 0.5613 1.9501 0.1728 0.1274 
2.9801 0.5619 1.9701 0.1171 0.1499 
2.9901 0.5578 1.9601 0.1421 0.1705 
2.9701 0.5613 1.9501 0.1728 0.1274 
2.9601 0.5637 1.9601 0.1447 0.1072 
2.9801 0.5619 1.9701 0.1171 0.1499 
2.9901 0.5601 1.9501 0.1727 0.1717 
2.9901 0.5578 1.9601 0.1421 0.1705 
3.0001 0.5596 1.9501 0.1726 0.1944 
2.9901 0.5601 1.9501 0.1727 0.1717 
2.9901 0.5601 1.9501 0.1727 0.1717 
2.9901 0.5578 1.9601 0.1421 0.1705 
2.9901 0.5601 1.9501 0.1727 0.1717 
2.9901 0.5601 1.9501 0.1727 0.1717 
2.9901 0.5578 1.9601 0.1421 0.1705 
2.9601 0.5637 1.9601 0.1447 0.1072 
2.9523 0.5601 1.9501 0.1715 0.0895 
2.9701 0.5570 1.9801 0.0910 0.1250 
2.9701 0.5570 1.9801 0.0910 0.1250 
2.9523 0.5601 1.9501 0.1715 0.0895 
2.9501 0.5559 1.9901 0.0757 0.0829 
2.9901 0.5601 1.9501 0.1727 0.1717 
2.9901 0.5601 1.9501 0.1727 0.1717 
2.9901 0.5601 1.9501 0.1727 0.1717 
2.9901 0.5601 1.9501 0.1727 0.1717 
2.9901 0.5601 1.9501 0.1727 0.1717 
2.9901 0.5601 1.9501 0.1727 0.1717 
2.9601 0.5601 1.9401 0.2022 0.1052 
2.9601 0.5637 1.9601 0.1447 0.1072 
2.9701 0.5613 1.9501 0.1728 0.1274 
2.9601 0.5601 1.9401 0.2022 0.1052 
2.9601 0.5601 1.9401 0.2022 0.1052 
2.9701 0.5613 1.9501 0.1728 0.1274 
2.9601 0.5601 1.9401 0.2022 0.1052 
2.9701 0.5613 1.9501 0.1728 0.1274 
2.9701 0.5591 1.9401 0.2019 0.1262 
2.9601 0.5601 1.9401 0.2022 0.1052 
2.9523 0.5601 1.9501 0.1715 0.0895 
2.9601 0.5601 1.9401 0.2022 0.1052 
2.9601 0.5601 1.9401 0.2022 0.1052 
2.9523 0.5601 1.9501 0.1715 0.0895 
2.9601 0.5637 1.9601 0.1447 0.1072 
2.9901 0.5601 1.9501 0.1727 0.1717 
3.0001 0.5596 1.9501 0.1726 0.1944 
2.9901 0.5593 1.9401 0.2026 0.1713 
2.9901 0.5601 1.9501 0.1727 0.1717 
2.9901 0.5601 1.9501 0.1727 0.1717 
3.0001 0.5596 1.9501 0.1726 0.1944 
2.9901 0.5601 1.9501 0.1727 0.1717 
2.9901 0.5593 1.9401 0.2026 0.1713 
2.9901 0.5578 1.9601 0.1421 0.1705 
2.9901 0.5601 1.9501 0.1727 0.1717 
2.9901 0.5601 1.9501 0.1727 0.1717 
2.9901 0.5593 1.9401 0.2026 0.1713 
2.9701 0.5591 1.9401 0.2019 0.1262 
2.9901 0.5578 1.9601 0.1421 0.1705 
2.9901 0.5593 1.9401 0.2026 0.1713 
2.9701 0.5591 1.9401 0.2019 0.1262 
2.9701 0.5613 1.9501 0.1728 0.1274 
2.9901 0.5578 1.9601 0.1421 0.1705 
2.9523 0.5601 1.9501 0.1715 0.0895 
2.9601 0.5601 1.9401 0.2022 0.1052 
2.9401 0.5583 1.9401 0.2006 0.0670 
2.9601 0.5601 1.9401 0.2022 0.1052 
2.9601 0.5601 1.9401 0.2022 0.1052 
2.9601 0.5601 1.9401 0.2022 0.1052 
2.9601 0.5601 1.9401 0.2022 0.1052 
2.9601 0.5601 1.9401 0.2022 0.1052 
2.9601 0.5601 1.9401 0.2022 0.1052 
2.9601 0.5586 1.9301 0.2326 0.1043 
2.9701 0.5591 1.9401 0.2019 0.1262 
2.9901 0.5593 1.9401 0.2026 0.1713 
2.9601 0.5601 1.9401 0.2022 0.1052 
2.9701 0.5591 1.9401 0.2019 0.1262 
2.9601 0.5586 1.9301 0.2326 0.1043 
2.9601 0.5601 1.9401 0.2022 0.1052 
2.9601 0.5601 1.9401 0.2022 0.1052 
2.9701 0.5591 1.9401 0.2019 0.1262 
2.9401 0.5583 1.9401 0.2006 0.0670 
2.9601 0.5586 1.9301 0.2326 0.1043 
2.9501 0.5601 1.9273 0.2420 0.0852 
2.9601 0.5601 1.9401 0.2022 0.1052 
2.9601 0.5586 1.9301 0.2326 0.1043 
2.9401 0.5583 1.9401 0.2006 0.0670 
2.9601 0.5601 1.9401 0.2022 0.1052 
2.9601 0.5601 1.9401 0.2022 0.1052 
2.9601 0.5586 1.9301 0.2326 0.1043 
2.9601 0.5586 1.9301 0.2326 0.1043 
2.9901 0.5593 1.9401 0.2026 0.1713 
2.9801 0.5615 1.9301 0.2346 0.1497 
3.0101 0.5605 1.9201 0.2663 0.2180 
2.9989 0.5601 1.9101 0.2978 0.1919 
2.9901 0.5593 1.9401 0.2026 0.1713 
2.9989 0.5601 1.9101 0.2978 0.1919 
2.9801 0.5615 1.9301 0.2346 0.1497 
2.9901 0.5593 1.9401 0.2026 0.1713 
2.9801 0.5615 1.9301 0.2346 0.1497 
2.9989 0.5601 1.9101 0.2978 0.1919 
2.9901 0.5579 1.9101 0.2967 0.1705 
2.9501 0.5618 1.9101 0.2974 0.0861 
2.9601 0.5586 1.9301 0.2326 0.1043 
2.9801 0.5615 1.9301 0.2346 0.1497 
2.9901 0.5579 1.9101 0.2967 0.1705 
2.9501 0.5618 1.9101 0.2974 0.0861 
2.9801 0.5615 1.9301 0.2346 0.1497 
2.9501 0.5618 1.9101 0.2974 0.0861 
2.9501 0.5601 1.9273 0.2420 0.0852 
2.9601 0.5586 1.9301 0.2326 0.1043 
3.0001 0.5601 1.9001 0.3299 0.1946 
2.9989 0.5601 1.9101 0.2978 0.1919 
3.0001 0.5601 1.9001 0.3299 0.1946 
2.9601 0.5592 1.8901 0.3613 0.1047 
2.9501 0.5618 1.9101 0.2974 0.0861 
2.9901 0.5579 1.9101 0.2967 0.1705 
2.9601 0.5592 1.8901 0.3613 0.1047 
2.9501 0.5601 1.9001 0.3290 0.0852 
2.9501 0.5618 1.9101 0.2974 0.0861 
2.9989 0.5601 1.9101 0.2978 0.1919 
3.0001 0.5601 1.9001 0.3299 0.1946 
2.9901 0.5579 1.9101 0.2967 0.1705 
2.9501 0.5601 1.9273 0.2420 0.0852 
2.9401 0.5601 1.9201 0.2645 0.0678 
2.9401 0.5583 1.9401 0.2006 0.0670 
2.9401 0.5601 1.9201 0.2645 0.0678 
2.9501 0.5601 1.9273 0.2420 0.0852 
2.9401 0.5601 1.9201 0.2645 0.0678 
2.9401 0.5601 1.9201 0.2645 0.0678 
2.9401 0.5601 1.9201 0.2645 0.0678 
2.9401 0.5601 1.9201 0.2645 0.0678 
2.9401 0.5601 1.9201 0.2645 0.0678 
2.9301 0.5572 1.9201 0.2630 0.0551 
2.9401 0.5583 1.9401 0.2006 0.0670 
2.9401 0.5601 1.9201 0.2645 0.0678 
2.9401 0.5601 1.9201 0.2645 0.0678 
2.9301 0.5572 1.9201 0.2630 0.0551 
2.9401 0.5601 1.9201 0.2645 0.0678 
2.9501 0.5601 1.9273 0.2420 0.0852 
2.9501 0.5618 1.9101 0.2974 0.0861 
2.9401 0.5601 1.9201 0.2645 0.0678 
2.9401 0.5601 1.9201 0.2645 0.0678 
2.9501 0.5618 1.9101 0.2974 0.0861 
2.9401 0.5601 1.9201 0.2645 0.0678 
2.9501 0.5618 1.9101 0.2974 0.0861 
2.9401 0.5600 1.9101 0.2965 0.0677 
2.9401 0.5601 1.9201 0.2645 0.0678 
2.9401 0.5601 1.9201 0.2645 0.0678 
2.9401 0.5601 1.9201 0.2645 0.0678 
2.9401 0.5601 1.9201 0.2645 0.0678 
2.9401 0.5600 1.9101 0.2965 0.0677 
2.9301 0.5572 1.9201 0.2630 0.0551 
2.9401 0.5601 1.9201 0.2645 0.0678 
2.9401 0.5601 1.9201 0.2645 0.0678 
2.9401 0.5600 1.9101 0.2965 0.0677 
2.9501 0.5601 1.9001 0.3290 0.0852 
2.9401 0.5600 1.9101 0.2965 0.0677 
2.9501 0.5618 1.9101 0.2974 0.0861 
2.9301 0.5597 1.8901 0.3610 0.0557 
2.9301 0.5572 1.9201 0.2630 0.0551 
2.9401 0.5600 1.9101 0.2965 0.0677 
2.9501 0.5601 1.9001 0.3290 0.0852 
2.9301 0.5597 1.8901 0.3610 0.0557 
2.9401 0.5600 1.9101 0.2965 0.0677 
3.0001 0.5601 1.9001 0.3299 0.1946 
3.0001 0.5601 1.9001 0.3299 0.1946 
3.0001 0.5601 1.9001 0.3299 0.1946 
2.9501 0.5566 1.8801 0.3932 0.0832 
2.9501 0.5601 1.9001 0.3290 0.0852 
2.9601 0.5592 1.8901 0.3613 0.1047 
2.9701 0.5619 1.8801 0.3945 0.1277 
2.9901 0.5579 1.9101 0.2967 0.1705 
3.0001 0.5594 1.8901 0.3619 0.1943 
3.0001 0.5601 1.9001 0.3299 0.1946 
3.0001 0.5594 1.8901 0.3619 0.1943 
2.9901 0.5579 1.9101 0.2967 0.1705 
3.0001 0.5601 1.9001 0.3299 0.1946 
3.0001 0.5601 1.9001 0.3299 0.1946 
3.0001 0.5594 1.8901 0.3619 0.1943 
2.9701 0.5619 1.8801 0.3945 0.1277 
2.9701 0.5601 1.8894 0.3639 0.1267 
2.9901 0.5579 1.9101 0.2967 0.1705 
2.9601 0.5592 1.8901 0.3613 0.1047 
2.9901 0.5579 1.9101 0.2967 0.1705 
2.9701 0.5601 1.8894 0.3639 0.1267 
2.9601 0.5601 1.8801 0.3940 0.1052 
2.9701 0.5601 1.8894 0.3639 0.1267 
2.9601 0.5601 1.8801 0.3940 0.1052 
2.9601 0.5601 1.8801 0.3940 0.1052 
2.9701 0.5601 1.8894 0.3639 0.1267 
2.9701 0.5619 1.8801 0.3945 0.1277 
2.9601 0.5601 1.8801 0.3940 0.1052 
2.9601 0.5601 1.8801 0.3940 0.1052 
2.9601 0.5601 1.8801 0.3940 0.1052 
2.9701 0.5601 1.8894 0.3639 0.1267 
2.9601 0.5601 1.8801 0.3940 0.1052 
2.9601 0.5592 1.8901 0.3613 0.1047 
2.9601 0.5601 1.8801 0.3940 0.1052 
2.9501 0.5566 1.8801 0.3932 0.0832 
2.9601 0.5592 1.8901 0.3613 0.1047 
2.9601 0.5601 1.8801 0.3940 0.1052 
2.9601 0.5601 1.8801 0.3940 0.1052 
2.9601 0.5592 1.8901 0.3613 0.1047 
3.0001 0.5594 1.8901 0.3619 0.1943 
2.9701 0.5601 1.8665 0.4385 0.1267 
2.9701 0.5619 1.8801 0.3945 0.1277 
2.9601 0.5601 1.8801 0.3940 0.1052 
2.9701 0.5619 1.8801 0.3945 0.1277 
2.9601 0.5601 1.8801 0.3940 0.1052 
2.9601 0.5601 1.8801 0.3940 0.1052 
2.9601 0.5601 1.8801 0.3940 0.1052 
2.9601 0.5601 1.8801 0.3940 0.1052 
2.9701 0.5619 1.8801 0.3945 0.1277 
2.9701 0.5601 1.8665 0.4385 0.1267 
2.9601 0.5601 1.8801 0.3940 0.1052 
2.9701 0.5601 1.8665 0.4385 0.1267 
2.9601 0.5589 1.8701 0.4264 0.1046 
2.9601 0.5601 1.8801 0.3940 0.1052 
2.9601 0.5601 1.8801 0.3940 0.1052 
2.9601 0.5589 1.8701 0.4264 0.1046 
2.9501 0.5566 1.8801 0.3932 0.0832 
2.9601 0.5601 1.8801 0.3940 0.1052 
2.9601 0.5601 1.8801 0.3940 0.1052 
2.9601 0.5589 1.8701 0.4264 0.1046 
2.9701 0.5610 1.8401 0.5247 0.1272 
3.0001 0.5594 1.8901 0.3619 0.1943 
3.0101 0.5644 1.8701 0.4276 0.2195 
2.9701 0.5610 1.8401 0.5247 0.1272 
2.9701 0.5601 1.8665 0.4385 0.1267 
3.0001 0.5594 1.8901 0.3619 0.1943 
2.9601 0.5601 1.8601 0.4593 0.1052 
2.9701 0.5601 1.8665 0.4385 0.1267 
2.9601 0.5601 1.8601 0.4593 0.1052 
2.9601 0.5601 1.8601 0.4593 0.1052 
2.9601 0.5601 1.8601 0.4593 0.1052 
2.9601 0.5601 1.8601 0.4593 0.1052 
2.9701 0.5601 1.8665 0.4385 0.1267 
2.9601 0.5601 1.8601 0.4593 0.1052 
2.9601 0.5589 1.8701 0.4264 0.1046 
2.9601 0.5601 1.8601 0.4593 0.1052 
2.9501 0.5587 1.8601 0.4591 0.0844 
2.9601 0.5589 1.8701 0.4264 0.1046 
2.9601 0.5601 1.8601 0.4593 0.1052 
2.9601 0.5601 1.8601 0.4593 0.1052 
2.9501 0.5587 1.8601 0.4591 0.0844 
2.9501 0.5610 1.8501 0.4920 0.0856 
2.9701 0.5601 1.8665 0.4385 0.1267 
2.9701 0.5610 1.8401 0.5247 0.1272 
2.9501 0.5610 1.8501 0.4920 0.0856 
2.9601 0.5601 1.8601 0.4593 0.1052 
2.9701 0.5601 1.8665 0.4385 0.1267 
2.9601 0.5601 1.8601 0.4593 0.1052 
2.9601 0.5601 1.8601 0.4593 0.1052 
2.9501 0.5610 1.8501 0.4920 0.0856 
2.9601 0.5601 1.8601 0.4593 0.1052 
2.9501 0.5610 1.8501 0.4920 0.0856 
2.9501 0.5587 1.8601 0.4591 0.0844 
2.9501 0.5601 1.9001 0.3290 0.0852 
2.9501 0.5566 1.8801 0.3932 0.0832 
2.9301 0.5597 1.8901 0.3610 0.0557 
2.9301 0.5578 1.8501 0.4919 0.0552 
2.9501 0.5566 1.8801 0.3932 0.0832 
2.9601 0.5589 1.8701 0.4264 0.1046 
2.9501 0.5587 1.8601 0.4591 0.0844 
2.9301 0.5578 1.8501 0.4919 0.0552 
2.9601 0.5589 1.8701 0.4264 0.1046 
2.9501 0.5610 1.8501 0.4920 0.0856 
2.9301 0.5578 1.8501 0.4919 0.0552 
2.9501 0.5587 1.8601 0.4591 0.0844 
3.0001 0.5638 1.8301 0.5570 0.1963 
2.9701 0.5610 1.8401 0.5247 0.1272 
3.0301 0.5621 1.8801 0.3952 0.2650 
3.0001 0.5638 1.8301 0.5570 0.1963 
2.9601 0.5615 1.8301 0.5574 0.1060 
2.9701 0.5610 1.8401 0.5247 0.1272 
2.9601 0.5601 1.8401 0.5248 0.1052 
2.9501 0.5610 1.8501 0.4920 0.0856 
2.9701 0.5610 1.8401 0.5247 0.1272 
2.9601 0.5601 1.8401 0.5248 0.1052 
2.9701 0.5610 1.8401 0.5247 0.1272 
2.9601 0.5601 1.8401 0.5248 0.1052 
2.9501 0.5601 1.8458 0.5062 0.0852 
2.9501 0.5610 1.8501 0.4920 0.0856 
2.9601 0.5601 1.8401 0.5248 0.1052 
2.9601 0.5601 1.8401 0.5248 0.1052 
2.9601 0.5601 1.8401 0.5248 0.1052 
2.9601 0.5601 1.8401 0.5248 0.1052 
2.9601 0.5601 1.8401 0.5248 0.1052 
2.9601 0.5601 1.8401 0.5248 0.1052 
2.9501 0.5601 1.8458 0.5062 0.0852 
2.9601 0.5601 1.8401 0.5248 0.1052 
2.9501 0.5589 1.8401 0.5248 0.0845 
2.9501 0.5601 1.8458 0.5062 0.0852 
2.9601 0.5601 1.8401 0.5248 0.1052 
2.9701 0.5610 1.8401 0.5247 0.1272 
2.9601 0.5615 1.8301 0.5574 0.1060 
2.9601 0.5601 1.8401 0.5248 0.1052 
2.9601 0.5615 1.8301 0.5574 0.1060 
2.9601 0.5601 1.8401 0.5248 0.1052 
2.9501 0.5589 1.8401 0.5248 0.0845 
2.9601 0.5601 1.8401 0.5248 0.1052 
2.9601 0.5615 1.8301 0.5574 0.1060 
2.9601 0.5601 1.8401 0.5248 0.1052 
2.9601 0.5601 1.8401 0.5248 0.1052 
2.9601 0.5601 1.8401 0.5248 0.1052 
2.9601 0.5601 1.8401 0.5248 0.1052 
2.9601 0.5601 1.8401 0.5248 0.1052 
2.9501 0.5589 1.8401 0.5248 0.0845 
2.9701 0.5633 1.8001 0.6551 0.1285 
2.9601 0.5615 1.8301 0.5574 0.1060 
3.0001 0.5638 1.8301 0.5570 0.1963 
2.9901 0.5651 1.8101 0.6218 0.1741 
2.9701 0.5633 1.8001 0.6551 0.1285 
3.0001 0.5638 1.8301 0.5570 0.1963 
2.9701 0.5633 1.8001 0.6551 0.1285 
2.9401 0.5620 1.8001 0.6560 0.0687 
2.9601 0.5615 1.8301 0.5574 0.1060 
2.9501 0.5601 1.8458 0.5062 0.0852 
2.9301 0.5578 1.8501 0.4919 0.0552 
2.9501 0.5610 1.8501 0.4920 0.0856 
2.9301 0.5578 1.8501 0.4919 0.0552 
2.9501 0.5589 1.8401 0.5248 0.0845 
2.9401 0.5601 1.8340 0.5449 0.0678 
2.9301 0.5578 1.8501 0.4919 0.0552 
2.9501 0.5601 1.8458 0.5062 0.0852 
2.9501 0.5589 1.8401 0.5248 0.0845 
2.9401 0.5601 1.8340 0.5449 0.0678 
2.9301 0.5601 1.8401 0.5248 0.0558 
2.9301 0.5578 1.8501 0.4919 0.0552 
2.9301 0.5601 1.8401 0.5248 0.0558 
2.9301 0.5601 1.8401 0.5248 0.0558 
2.9301 0.5578 1.8501 0.4919 0.0552 
2.9401 0.5601 1.8340 0.5449 0.0678 
2.9501 0.5589 1.8401 0.5248 0.0845 
2.9601 0.5615 1.8301 0.5574 0.1060 
2.9401 0.5601 1.8340 0.5449 0.0678 
2.9301 0.5601 1.8401 0.5248 0.0558 
2.9301 0.5601 1.8401 0.5248 0.0558 
2.9301 0.5601 1.8401 0.5248 0.0558 
2.9301 0.5601 1.8401 0.5248 0.0558 
2.9301 0.5601 1.8401 0.5248 0.0558 
2.9401 0.5620 1.8001 0.6560 0.0687 
2.9401 0.5601 1.8340 0.5449 0.0678 
2.9601 0.5615 1.8301 0.5574 0.1060 
