NUMPOLLIES 479.000000 

3.3101 0.4801 2.1783 0.9850 0.8650 
3.2901 0.4801 2.1801 0.9791 0.8250 
3.3001 0.4601 2.1747 0.9696 0.8574 
3.3101 0.4801 2.1783 0.9850 0.8650 
3.3001 0.4601 2.1747 0.9696 0.8574 
3.3301 0.4101 2.1722 0.9122 0.9529 
3.3001 0.4601 2.1747 0.9696 0.8574 
3.2801 0.4501 2.1755 0.9534 0.8216 
3.3301 0.4101 2.1722 0.9122 0.9529 
3.3401 0.3901 2.1707 0.8884 0.9908 
3.3101 0.4801 2.1783 0.9850 0.8650 
3.3301 0.4101 2.1722 0.9122 0.9529 
3.3301 0.4101 2.1722 0.9122 0.9529 
3.2801 0.4501 2.1755 0.9534 0.8216 
3.3101 0.4101 2.1716 0.9124 0.9099 
3.3301 0.4101 2.1722 0.9122 0.9529 
3.3101 0.4101 2.1716 0.9124 0.9099 
3.3401 0.3901 2.1707 0.8884 0.9908 
3.2901 0.4801 2.1801 0.9791 0.8250 
3.2701 0.4804 2.1801 0.9782 0.7854 
3.3001 0.4601 2.1747 0.9696 0.8574 
3.2601 0.4772 2.1801 0.9737 0.7670 
3.2501 0.4701 2.1801 0.9644 0.7500 
3.2701 0.4804 2.1801 0.9782 0.7854 
3.2501 0.4701 2.1801 0.9644 0.7500 
3.2501 0.4701 2.1801 0.9644 0.7500 
3.2601 0.4772 2.1801 0.9737 0.7670 
3.3001 0.4601 2.1747 0.9696 0.8574 
3.2701 0.4804 2.1801 0.9782 0.7854 
3.2801 0.4501 2.1755 0.9534 0.8216 
3.2801 0.4501 2.1755 0.9534 0.8216 
3.2501 0.4701 2.1801 0.9644 0.7500 
3.2601 0.4301 2.1756 0.9254 0.7899 
3.2701 0.4804 2.1801 0.9782 0.7854 
3.2501 0.4701 2.1801 0.9644 0.7500 
3.2801 0.4501 2.1755 0.9534 0.8216 
3.2401 0.4801 2.1817 0.9717 0.7258 
3.2601 0.4772 2.1801 0.9737 0.7670 
3.2501 0.4901 2.1804 0.9877 0.7419 
3.2601 0.4772 2.1801 0.9737 0.7670 
3.2401 0.4801 2.1817 0.9717 0.7258 
3.2401 0.4701 2.1816 0.9599 0.7296 
3.2501 0.4701 2.1801 0.9644 0.7500 
3.2601 0.4772 2.1801 0.9737 0.7670 
3.2401 0.4701 2.1816 0.9599 0.7296 
3.2501 0.4701 2.1801 0.9644 0.7500 
3.2401 0.4701 2.1816 0.9599 0.7296 
3.2501 0.4701 2.1801 0.9644 0.7500 
3.2401 0.4801 2.1817 0.9717 0.7258 
3.2001 0.4801 2.1834 0.9649 0.6462 
3.2401 0.4701 2.1816 0.9599 0.7296 
3.2401 0.4701 2.1816 0.9599 0.7296 
3.2001 0.4801 2.1834 0.9649 0.6462 
3.2101 0.4601 2.1774 0.9566 0.6734 
3.2501 0.4701 2.1801 0.9644 0.7500 
3.2501 0.4701 2.1801 0.9644 0.7500 
3.2501 0.4701 2.1801 0.9644 0.7500 
3.2501 0.4701 2.1801 0.9644 0.7500 
3.2401 0.4601 2.1783 0.9561 0.7344 
3.2501 0.4701 2.1801 0.9644 0.7500 
3.2501 0.4701 2.1801 0.9644 0.7500 
3.2401 0.4701 2.1816 0.9599 0.7296 
3.2401 0.4601 2.1783 0.9561 0.7344 
3.2401 0.4701 2.1816 0.9599 0.7296 
3.2101 0.4601 2.1774 0.9566 0.6734 
3.2401 0.4601 2.1783 0.9561 0.7344 
3.2401 0.4601 2.1783 0.9561 0.7344 
3.2101 0.4601 2.1774 0.9566 0.6734 
3.2301 0.4401 2.1761 0.9355 0.7222 
3.2301 0.4401 2.1761 0.9355 0.7222 
3.2101 0.4601 2.1774 0.9566 0.6734 
3.2001 0.4401 2.1792 0.9250 0.6587 
3.2601 0.4301 2.1756 0.9254 0.7899 
3.2501 0.4701 2.1801 0.9644 0.7500 
3.2401 0.4601 2.1783 0.9561 0.7344 
3.2801 0.4501 2.1755 0.9534 0.8216 
3.2601 0.4301 2.1756 0.9254 0.7899 
3.3101 0.4101 2.1716 0.9124 0.9099 
3.3001 0.3701 2.1701 0.8563 0.9158 
3.2601 0.4301 2.1756 0.9254 0.7899 
3.2601 0.3801 2.1735 0.8588 0.8167 
3.3101 0.4101 2.1716 0.9124 0.9099 
3.2601 0.4301 2.1756 0.9254 0.7899 
3.3001 0.3701 2.1701 0.8563 0.9158 
3.2601 0.4301 2.1756 0.9254 0.7899 
3.2401 0.4001 2.1751 0.8830 0.7612 
3.2601 0.3801 2.1735 0.8588 0.8167 
3.2401 0.4601 2.1783 0.9561 0.7344 
3.2301 0.4401 2.1761 0.9355 0.7222 
3.2601 0.4301 2.1756 0.9254 0.7899 
3.2601 0.4301 2.1756 0.9254 0.7899 
3.2301 0.4401 2.1761 0.9355 0.7222 
3.2401 0.4001 2.1751 0.8830 0.7612 
3.2301 0.4401 2.1761 0.9355 0.7222 
3.2001 0.4401 2.1792 0.9250 0.6587 
3.2401 0.4001 2.1751 0.8830 0.7612 
3.2001 0.4401 2.1792 0.9250 0.6587 
3.1801 0.4201 2.1774 0.9009 0.6223 
3.1901 0.3801 2.1767 0.8441 0.6567 
3.2401 0.4001 2.1751 0.8830 0.7612 
3.2001 0.4401 2.1792 0.9250 0.6587 
3.1901 0.3801 2.1767 0.8441 0.6567 
3.3401 0.3901 2.1707 0.8884 0.9908 
3.3101 0.4101 2.1716 0.9124 0.9099 
3.3001 0.3701 2.1701 0.8563 0.9158 
3.3401 0.3901 2.1707 0.8884 0.9908 
3.3001 0.3701 2.1701 0.8563 0.9158 
3.3101 0.3715 2.1701 0.8593 0.9378 
3.3101 0.3715 2.1701 0.8593 0.9378 
3.3001 0.3701 2.1701 0.8563 0.9158 
3.3001 0.3701 2.1701 0.8563 0.9158 
3.3401 0.3901 2.1707 0.8884 0.9908 
3.3101 0.3715 2.1701 0.8593 0.9378 
3.3201 0.3401 2.1695 0.8106 0.9864 
3.3001 0.3701 2.1701 0.8563 0.9158 
3.3001 0.3701 2.1701 0.8563 0.9158 
3.3001 0.3701 2.1701 0.8563 0.9158 
3.3001 0.3701 2.1701 0.8563 0.9158 
3.3001 0.3601 2.1697 0.8417 0.9233 
3.3101 0.3715 2.1701 0.8593 0.9378 
3.3001 0.3701 2.1701 0.8563 0.9158 
3.3001 0.3701 2.1701 0.8563 0.9158 
3.3001 0.3601 2.1697 0.8417 0.9233 
3.3201 0.3401 2.1695 0.8106 0.9864 
3.3101 0.3715 2.1701 0.8593 0.9378 
3.3001 0.3601 2.1697 0.8417 0.9233 
3.3201 0.3401 2.1695 0.8106 0.9864 
3.3001 0.3601 2.1697 0.8417 0.9233 
3.3101 0.3201 2.1695 0.7742 0.9792 
3.3101 0.3201 2.1695 0.7742 0.9792 
3.3001 0.3601 2.1697 0.8417 0.9233 
3.2901 0.3601 2.1707 0.8378 0.8995 
3.3001 0.3701 2.1701 0.8563 0.9158 
3.2601 0.3801 2.1735 0.8588 0.8167 
3.2901 0.3601 2.1707 0.8378 0.8995 
3.3001 0.3701 2.1701 0.8563 0.9158 
3.3001 0.3701 2.1701 0.8563 0.9158 
3.2901 0.3601 2.1707 0.8378 0.8995 
3.3001 0.3701 2.1701 0.8563 0.9158 
3.2901 0.3601 2.1707 0.8378 0.8995 
3.3001 0.3601 2.1697 0.8417 0.9233 
3.2901 0.3601 2.1707 0.8378 0.8995 
3.2601 0.3801 2.1735 0.8588 0.8167 
3.2701 0.3301 2.1715 0.7825 0.8722 
3.2601 0.3801 2.1735 0.8588 0.8167 
3.1901 0.3801 2.1767 0.8441 0.6567 
3.2301 0.3501 2.1713 0.8142 0.7639 
3.2401 0.4001 2.1751 0.8830 0.7612 
3.1901 0.3801 2.1767 0.8441 0.6567 
3.2601 0.3801 2.1735 0.8588 0.8167 
3.2901 0.3001 2.1681 0.7389 0.9468 
3.2901 0.3601 2.1707 0.8378 0.8995 
3.2701 0.3301 2.1715 0.7825 0.8722 
3.3101 0.3201 2.1695 0.7742 0.9792 
3.2901 0.3601 2.1707 0.8378 0.8995 
3.2901 0.3001 2.1681 0.7389 0.9468 
3.2701 0.3301 2.1715 0.7825 0.8722 
3.2801 0.3001 2.1692 0.7347 0.9207 
3.2901 0.3001 2.1681 0.7389 0.9468 
3.2601 0.3801 2.1735 0.8588 0.8167 
3.2301 0.3501 2.1713 0.8142 0.7639 
3.2701 0.3301 2.1715 0.7825 0.8722 
3.2301 0.3501 2.1713 0.8142 0.7639 
3.1901 0.3401 2.1738 0.7860 0.6715 
3.2701 0.3301 2.1715 0.7825 0.8722 
3.2701 0.3301 2.1715 0.7825 0.8722 
3.1901 0.3401 2.1738 0.7860 0.6715 
3.2101 0.3201 2.1739 0.7516 0.7292 
3.2701 0.3301 2.1715 0.7825 0.8722 
3.2101 0.3201 2.1739 0.7516 0.7292 
3.2601 0.2901 2.1696 0.7117 0.8765 
3.2701 0.3301 2.1715 0.7825 0.8722 
3.2601 0.2901 2.1696 0.7117 0.8765 
3.2801 0.3001 2.1692 0.7347 0.9207 
3.2601 0.2901 2.1696 0.7117 0.8765 
3.2101 0.3201 2.1739 0.7516 0.7292 
3.2401 0.2901 2.1711 0.7049 0.8237 
3.2101 0.3201 2.1739 0.7516 0.7292 
3.1901 0.3201 2.1729 0.7527 0.6796 
3.2401 0.2901 2.1711 0.7049 0.8237 
3.1501 0.4801 2.1841 0.9598 0.5468 
3.1701 0.4801 2.1830 0.9640 0.5867 
3.1601 0.4901 2.1775 0.9898 0.5653 
3.2101 0.4601 2.1774 0.9566 0.6734 
3.1701 0.4801 2.1830 0.9640 0.5867 
3.1701 0.4501 2.1827 0.9269 0.5931 
3.2001 0.4801 2.1834 0.9649 0.6462 
3.1701 0.4801 2.1830 0.9640 0.5867 
3.2101 0.4601 2.1774 0.9566 0.6734 
3.1701 0.4801 2.1830 0.9640 0.5867 
3.1501 0.4801 2.1841 0.9598 0.5468 
3.1701 0.4501 2.1827 0.9269 0.5931 
3.1701 0.4501 2.1827 0.9269 0.5931 
3.1501 0.4801 2.1841 0.9598 0.5468 
3.1601 0.4472 2.1801 0.9292 0.5732 
3.1601 0.4472 2.1801 0.9292 0.5732 
3.1501 0.4801 2.1841 0.9598 0.5468 
3.1501 0.4401 2.1801 0.9190 0.5536 
3.2101 0.4601 2.1774 0.9566 0.6734 
3.1701 0.4501 2.1827 0.9269 0.5931 
3.2001 0.4401 2.1792 0.9250 0.6587 
3.1001 0.4701 2.1873 0.9358 0.4475 
3.1201 0.4801 2.1849 0.9558 0.4869 
3.1101 0.4801 2.1811 0.9652 0.4668 
3.1101 0.4501 2.1830 0.9217 0.4688 
3.1201 0.4801 2.1849 0.9558 0.4869 
3.1001 0.4701 2.1873 0.9358 0.4475 
3.1501 0.4801 2.1841 0.9598 0.5468 
3.1201 0.4801 2.1849 0.9558 0.4869 
3.1501 0.4401 2.1801 0.9190 0.5536 
3.1501 0.4401 2.1801 0.9190 0.5536 
3.1201 0.4801 2.1849 0.9558 0.4869 
3.1401 0.4401 2.1804 0.9174 0.5326 
3.1201 0.4801 2.1849 0.9558 0.4869 
3.1101 0.4501 2.1830 0.9217 0.4688 
3.1401 0.4401 2.1804 0.9174 0.5326 
3.1601 0.4472 2.1801 0.9292 0.5732 
3.1501 0.4401 2.1801 0.9190 0.5536 
3.1501 0.4401 2.1801 0.9190 0.5536 
3.2001 0.4401 2.1792 0.9250 0.6587 
3.1701 0.4501 2.1827 0.9269 0.5931 
3.1801 0.4201 2.1774 0.9009 0.6223 
3.1801 0.4201 2.1774 0.9009 0.6223 
3.1701 0.4501 2.1827 0.9269 0.5931 
3.1601 0.4472 2.1801 0.9292 0.5732 
3.1501 0.4401 2.1801 0.9190 0.5536 
3.1501 0.4401 2.1801 0.9190 0.5536 
3.1501 0.4401 2.1801 0.9190 0.5536 
3.1501 0.4401 2.1801 0.9190 0.5536 
3.1501 0.4301 2.1783 0.9104 0.5555 
3.1601 0.4472 2.1801 0.9292 0.5732 
3.1501 0.4401 2.1801 0.9190 0.5536 
3.1501 0.4401 2.1801 0.9190 0.5536 
3.1501 0.4301 2.1783 0.9104 0.5555 
3.1801 0.4201 2.1774 0.9009 0.6223 
3.1601 0.4472 2.1801 0.9292 0.5732 
3.1501 0.4101 2.1783 0.8819 0.5592 
3.1601 0.4472 2.1801 0.9292 0.5732 
3.1501 0.4301 2.1783 0.9104 0.5555 
3.1501 0.4101 2.1783 0.8819 0.5592 
3.1901 0.3801 2.1767 0.8441 0.6567 
3.1801 0.4201 2.1774 0.9009 0.6223 
3.1501 0.3901 2.1754 0.8602 0.5633 
3.1801 0.4201 2.1774 0.9009 0.6223 
3.1501 0.4101 2.1783 0.8819 0.5592 
3.1501 0.3901 2.1754 0.8602 0.5633 
3.1401 0.4401 2.1804 0.9174 0.5326 
3.1101 0.4501 2.1830 0.9217 0.4688 
3.1201 0.4301 2.1842 0.8921 0.4914 
3.1501 0.4401 2.1801 0.9190 0.5536 
3.1401 0.4401 2.1804 0.9174 0.5326 
3.1501 0.4401 2.1801 0.9190 0.5536 
3.1201 0.4301 2.1842 0.8921 0.4914 
3.1101 0.4501 2.1830 0.9217 0.4688 
3.1101 0.4301 2.1814 0.8989 0.4700 
3.1101 0.4501 2.1830 0.9217 0.4688 
3.0801 0.4601 2.1845 0.9291 0.4067 
3.1101 0.4301 2.1814 0.8989 0.4700 
3.1501 0.4301 2.1783 0.9104 0.5555 
3.1201 0.4301 2.1842 0.8921 0.4914 
3.1501 0.4101 2.1783 0.8819 0.5592 
3.1201 0.4301 2.1842 0.8921 0.4914 
3.1101 0.4301 2.1814 0.8989 0.4700 
3.1201 0.4001 2.1803 0.8592 0.4944 
3.1401 0.4401 2.1804 0.9174 0.5326 
3.1501 0.4301 2.1783 0.9104 0.5555 
3.1501 0.4401 2.1801 0.9190 0.5536 
3.1501 0.4301 2.1783 0.9104 0.5555 
3.1401 0.4401 2.1804 0.9174 0.5326 
3.1201 0.4301 2.1842 0.8921 0.4914 
3.1201 0.4301 2.1842 0.8921 0.4914 
3.1201 0.4001 2.1803 0.8592 0.4944 
3.1501 0.4101 2.1783 0.8819 0.5592 
3.1101 0.4501 2.1830 0.9217 0.4688 
3.1001 0.4701 2.1873 0.9358 0.4475 
3.0801 0.4601 2.1845 0.9291 0.4067 
3.1001 0.4701 2.1873 0.9358 0.4475 
3.0701 0.4701 2.1882 0.9315 0.3870 
3.0801 0.4601 2.1845 0.9291 0.4067 
3.0701 0.4701 2.1882 0.9315 0.3870 
3.0501 0.4701 2.1889 0.9282 0.3467 
3.0601 0.4601 2.1840 0.9290 0.3655 
3.0801 0.4601 2.1845 0.9291 0.4067 
3.0701 0.4701 2.1882 0.9315 0.3870 
3.0701 0.4401 2.1837 0.9038 0.3852 
3.0701 0.4701 2.1882 0.9315 0.3870 
3.0601 0.4601 2.1840 0.9290 0.3655 
3.0701 0.4401 2.1837 0.9038 0.3852 
3.0201 0.4801 2.1910 0.9336 0.2883 
3.0401 0.4801 2.1872 0.9446 0.3274 
3.0201 0.4827 2.1801 0.9653 0.2863 
3.0201 0.4801 2.1910 0.9336 0.2883 
3.0201 0.4601 2.1868 0.9189 0.2840 
3.0401 0.4801 2.1872 0.9446 0.3274 
3.0201 0.4801 2.1910 0.9336 0.2883 
3.0001 0.4601 2.1909 0.9066 0.2443 
3.0201 0.4601 2.1868 0.9189 0.2840 
3.0201 0.4801 2.1910 0.9336 0.2883 
3.0201 0.4827 2.1801 0.9653 0.2863 
3.0001 0.4601 2.1909 0.9066 0.2443 
3.0201 0.4827 2.1801 0.9653 0.2863 
3.0001 0.4801 2.1676 0.9942 0.2424 
2.9901 0.4701 2.1899 0.9217 0.2262 
3.0001 0.4601 2.1909 0.9066 0.2443 
3.0201 0.4827 2.1801 0.9653 0.2863 
2.9901 0.4701 2.1899 0.9217 0.2262 
3.0401 0.4801 2.1872 0.9446 0.3274 
3.0201 0.4601 2.1868 0.9189 0.2840 
3.0401 0.4401 2.1896 0.8857 0.3231 
3.0501 0.4701 2.1889 0.9282 0.3467 
3.0401 0.4801 2.1872 0.9446 0.3274 
3.0401 0.4401 2.1896 0.8857 0.3231 
2.9901 0.4501 2.1871 0.9026 0.2205 
3.0201 0.4601 2.1868 0.9189 0.2840 
3.0001 0.4601 2.1909 0.9066 0.2443 
3.1101 0.4301 2.1814 0.8989 0.4700 
3.0801 0.4601 2.1845 0.9291 0.4067 
3.0701 0.4401 2.1837 0.9038 0.3852 
3.0701 0.4401 2.1837 0.9038 0.3852 
3.0501 0.4701 2.1889 0.9282 0.3467 
3.0401 0.4401 2.1896 0.8857 0.3231 
3.0601 0.4601 2.1840 0.9290 0.3655 
3.0501 0.4701 2.1889 0.9282 0.3467 
3.0701 0.4401 2.1837 0.9038 0.3852 
3.0701 0.4201 2.1818 0.8806 0.3841 
3.0401 0.4401 2.1896 0.8857 0.3231 
3.0301 0.4201 2.1829 0.8748 0.2975 
3.0701 0.4401 2.1837 0.9038 0.3852 
3.0401 0.4401 2.1896 0.8857 0.3231 
3.0701 0.4201 2.1818 0.8806 0.3841 
3.1101 0.4301 2.1814 0.8989 0.4700 
3.0701 0.4401 2.1837 0.9038 0.3852 
3.0701 0.4201 2.1818 0.8806 0.3841 
3.0701 0.4201 2.1818 0.8806 0.3841 
3.0301 0.4201 2.1829 0.8748 0.2975 
3.0401 0.4201 2.1824 0.8768 0.3191 
3.1101 0.4301 2.1814 0.8989 0.4700 
3.0701 0.4201 2.1818 0.8806 0.3841 
3.1201 0.4001 2.1803 0.8592 0.4944 
3.0701 0.4201 2.1818 0.8806 0.3841 
3.0401 0.4201 2.1824 0.8768 0.3191 
3.0701 0.3901 2.1818 0.8356 0.3826 
3.1201 0.4001 2.1803 0.8592 0.4944 
3.0701 0.4201 2.1818 0.8806 0.3841 
3.0701 0.3901 2.1818 0.8356 0.3826 
3.0301 0.4201 2.1829 0.8748 0.2975 
3.0201 0.4601 2.1868 0.9189 0.2840 
3.0201 0.4301 2.1811 0.8931 0.2774 
3.0401 0.4401 2.1896 0.8857 0.3231 
3.0201 0.4601 2.1868 0.9189 0.2840 
3.0301 0.4201 2.1829 0.8748 0.2975 
3.0201 0.4601 2.1868 0.9189 0.2840 
2.9901 0.4501 2.1871 0.9026 0.2205 
3.0201 0.4301 2.1811 0.8931 0.2774 
3.0301 0.4201 2.1829 0.8748 0.2975 
3.0201 0.4301 2.1811 0.8931 0.2774 
3.0101 0.4201 2.1844 0.8692 0.2547 
3.0301 0.4201 2.1829 0.8748 0.2975 
3.0101 0.4201 2.1844 0.8692 0.2547 
3.0201 0.4001 2.1828 0.8444 0.2720 
3.0101 0.4201 2.1844 0.8692 0.2547 
2.9901 0.4301 2.1822 0.8878 0.2138 
2.9801 0.4201 2.1852 0.8647 0.1908 
3.0401 0.4201 2.1824 0.8768 0.3191 
3.0301 0.4201 2.1829 0.8748 0.2975 
3.0701 0.3901 2.1818 0.8356 0.3826 
3.0701 0.3901 2.1818 0.8356 0.3826 
3.0301 0.4201 2.1829 0.8748 0.2975 
3.0201 0.4001 2.1828 0.8444 0.2720 
3.0201 0.4001 2.1828 0.8444 0.2720 
2.9801 0.4201 2.1852 0.8647 0.1908 
3.0301 0.3801 2.1801 0.8212 0.2900 
3.0101 0.4201 2.1844 0.8692 0.2547 
2.9801 0.4201 2.1852 0.8647 0.1908 
3.0201 0.4001 2.1828 0.8444 0.2720 
3.1901 0.3801 2.1767 0.8441 0.6567 
3.1501 0.3901 2.1754 0.8602 0.5633 
3.1701 0.3501 2.1736 0.8022 0.6200 
3.2301 0.3501 2.1713 0.8142 0.7639 
3.1901 0.3801 2.1767 0.8441 0.6567 
3.1901 0.3401 2.1738 0.7860 0.6715 
3.1901 0.3401 2.1738 0.7860 0.6715 
3.1901 0.3801 2.1767 0.8441 0.6567 
3.1701 0.3501 2.1736 0.8022 0.6200 
3.1501 0.4101 2.1783 0.8819 0.5592 
3.1201 0.4001 2.1803 0.8592 0.4944 
3.1501 0.3901 2.1754 0.8602 0.5633 
3.1701 0.3501 2.1736 0.8022 0.6200 
3.1201 0.4001 2.1803 0.8592 0.4944 
3.1301 0.3601 2.1768 0.8065 0.5224 
3.1501 0.3901 2.1754 0.8602 0.5633 
3.1201 0.4001 2.1803 0.8592 0.4944 
3.1701 0.3501 2.1736 0.8022 0.6200 
3.1301 0.3601 2.1768 0.8065 0.5224 
3.1201 0.4001 2.1803 0.8592 0.4944 
3.0901 0.3701 2.1797 0.8112 0.4278 
3.1301 0.3601 2.1768 0.8065 0.5224 
3.0901 0.3701 2.1797 0.8112 0.4278 
3.0901 0.3501 2.1798 0.7771 0.4281 
3.2101 0.3201 2.1739 0.7516 0.7292 
3.1901 0.3401 2.1738 0.7860 0.6715 
3.1901 0.3201 2.1729 0.7527 0.6796 
3.1901 0.3401 2.1738 0.7860 0.6715 
3.1701 0.3501 2.1736 0.8022 0.6200 
3.1901 0.3201 2.1729 0.7527 0.6796 
3.1701 0.3501 2.1736 0.8022 0.6200 
3.1301 0.3601 2.1768 0.8065 0.5224 
3.1901 0.3201 2.1729 0.7527 0.6796 
3.1901 0.3201 2.1729 0.7527 0.6796 
3.1201 0.3201 2.1758 0.7372 0.5037 
3.1601 0.2901 2.1740 0.6875 0.6133 
3.2001 0.2701 2.1708 0.6595 0.7292 
3.1901 0.3201 2.1729 0.7527 0.6796 
3.1601 0.2901 2.1740 0.6875 0.6133 
3.1901 0.3201 2.1729 0.7527 0.6796 
3.1301 0.3601 2.1768 0.8065 0.5224 
3.1201 0.3201 2.1758 0.7372 0.5037 
3.1301 0.3601 2.1768 0.8065 0.5224 
3.0901 0.3501 2.1798 0.7771 0.4281 
3.1201 0.3201 2.1758 0.7372 0.5037 
3.1601 0.2901 2.1740 0.6875 0.6133 
3.1201 0.3201 2.1758 0.7372 0.5037 
3.1301 0.3001 2.1749 0.7019 0.5324 
3.1201 0.4001 2.1803 0.8592 0.4944 
3.0701 0.3901 2.1818 0.8356 0.3826 
3.0901 0.3701 2.1797 0.8112 0.4278 
3.0901 0.3701 2.1797 0.8112 0.4278 
3.0701 0.3901 2.1818 0.8356 0.3826 
3.0770 0.3801 2.1801 0.8252 0.3977 
3.0701 0.3701 2.1809 0.8060 0.3814 
3.0770 0.3801 2.1801 0.8252 0.3977 
3.0701 0.3901 2.1818 0.8356 0.3826 
3.0801 0.3701 2.1801 0.8092 0.4046 
3.0801 0.3701 2.1801 0.8092 0.4046 
3.0801 0.3701 2.1801 0.8092 0.4046 
3.0770 0.3801 2.1801 0.8252 0.3977 
3.0701 0.3701 2.1809 0.8060 0.3814 
3.0801 0.3701 2.1801 0.8092 0.4046 
3.0770 0.3801 2.1801 0.8252 0.3977 
3.0801 0.3701 2.1801 0.8092 0.4046 
3.0801 0.3701 2.1801 0.8092 0.4046 
3.0801 0.3701 2.1801 0.8092 0.4046 
3.0801 0.3701 2.1801 0.8092 0.4046 
3.0801 0.3701 2.1801 0.8092 0.4046 
3.0801 0.3701 2.1801 0.8092 0.4046 
3.0701 0.3701 2.1809 0.8060 0.3814 
3.0801 0.3701 2.1801 0.8092 0.4046 
3.0701 0.3701 2.1809 0.8060 0.3814 
3.0801 0.3401 2.1786 0.7620 0.4038 
3.0801 0.3701 2.1801 0.8092 0.4046 
3.0701 0.3701 2.1809 0.8060 0.3814 
3.0401 0.3701 2.1806 0.8043 0.3116 
3.0801 0.3401 2.1786 0.7620 0.4038 
3.0701 0.3701 2.1809 0.8060 0.3814 
3.0701 0.3901 2.1818 0.8356 0.3826 
3.0401 0.3701 2.1806 0.8043 0.3116 
3.0801 0.3701 2.1801 0.8092 0.4046 
3.0901 0.3701 2.1797 0.8112 0.4278 
3.0770 0.3801 2.1801 0.8252 0.3977 
3.0801 0.3701 2.1801 0.8092 0.4046 
3.0801 0.3701 2.1801 0.8092 0.4046 
3.0901 0.3701 2.1797 0.8112 0.4278 
3.0801 0.3701 2.1801 0.8092 0.4046 
3.0801 0.3701 2.1801 0.8092 0.4046 
3.0901 0.3701 2.1797 0.8112 0.4278 
3.0901 0.3501 2.1798 0.7771 0.4281 
3.0901 0.3701 2.1797 0.8112 0.4278 
3.0801 0.3701 2.1801 0.8092 0.4046 
3.0901 0.3501 2.1798 0.7771 0.4281 
3.0801 0.3701 2.1801 0.8092 0.4046 
3.0801 0.3401 2.1786 0.7620 0.4038 
3.0401 0.3701 2.1806 0.8043 0.3116 
3.0201 0.4001 2.1828 0.8444 0.2720 
3.0301 0.3801 2.1801 0.8212 0.2900 
3.0701 0.3901 2.1818 0.8356 0.3826 
3.0201 0.4001 2.1828 0.8444 0.2720 
3.0401 0.3701 2.1806 0.8043 0.3116 
3.0301 0.3701 2.1801 0.8049 0.2882 
3.0401 0.3701 2.1806 0.8043 0.3116 
3.0301 0.3801 2.1801 0.8212 0.2900 
3.0301 0.3801 2.1801 0.8212 0.2900 
3.0001 0.3701 2.1825 0.7955 0.2194 
3.0301 0.3701 2.1801 0.8049 0.2882 
3.0301 0.3701 2.1801 0.8049 0.2882 
3.0301 0.3601 2.1810 0.7854 0.2865 
3.0401 0.3701 2.1806 0.8043 0.3116 
3.0301 0.3701 2.1801 0.8049 0.2882 
3.0401 0.3701 2.1806 0.8043 0.3116 
3.0301 0.3701 2.1801 0.8049 0.2882 
3.0301 0.3701 2.1801 0.8049 0.2882 
3.0301 0.3601 2.1810 0.7854 0.2865 
3.0301 0.3701 2.1801 0.8049 0.2882 
3.0301 0.3701 2.1801 0.8049 0.2882 
3.0001 0.3701 2.1825 0.7955 0.2194 
3.0301 0.3601 2.1810 0.7854 0.2865 
3.0801 0.3401 2.1786 0.7620 0.4038 
3.0301 0.3601 2.1810 0.7854 0.2865 
3.0201 0.3410 2.1801 0.7535 0.2583 
3.0401 0.3701 2.1806 0.8043 0.3116 
3.0301 0.3601 2.1810 0.7854 0.2865 
3.0801 0.3401 2.1786 0.7620 0.4038 
3.0301 0.3801 2.1801 0.8212 0.2900 
3.0301 0.3701 2.1801 0.8049 0.2882 
3.0301 0.3701 2.1801 0.8049 0.2882 
3.0301 0.3701 2.1801 0.8049 0.2882 
3.0301 0.3801 2.1801 0.8212 0.2900 
3.0301 0.3701 2.1801 0.8049 0.2882 
3.0301 0.3701 2.1801 0.8049 0.2882 
3.0301 0.3701 2.1801 0.8049 0.2882 
3.0301 0.3701 2.1801 0.8049 0.2882 
3.0301 0.3701 2.1801 0.8049 0.2882 
3.0301 0.3701 2.1801 0.8049 0.2882 
3.0301 0.3701 2.1801 0.8049 0.2882 
3.0901 0.3501 2.1798 0.7771 0.4281 
3.0801 0.3401 2.1786 0.7620 0.4038 
3.1201 0.3201 2.1758 0.7372 0.5037 
3.1201 0.3201 2.1758 0.7372 0.5037 
3.0801 0.3401 2.1786 0.7620 0.4038 
3.0701 0.3101 2.1776 0.7075 0.3774 
3.0701 0.3101 2.1776 0.7075 0.3774 
3.0201 0.3410 2.1801 0.7535 0.2583 
3.0501 0.3201 2.1781 0.7233 0.3278 
3.0801 0.3401 2.1786 0.7620 0.4038 
3.0201 0.3410 2.1801 0.7535 0.2583 
3.0701 0.3101 2.1776 0.7075 0.3774 
3.1201 0.3201 2.1758 0.7372 0.5037 
3.0701 0.3101 2.1776 0.7075 0.3774 
3.1301 0.3001 2.1749 0.7019 0.5324 
3.0301 0.3601 2.1810 0.7854 0.2865 
3.0001 0.3701 2.1825 0.7955 0.2194 
3.0101 0.3401 2.1801 0.7509 0.2339 
3.0201 0.3410 2.1801 0.7535 0.2583 
3.0301 0.3601 2.1810 0.7854 0.2865 
3.0101 0.3401 2.1801 0.7509 0.2339 
3.0201 0.3410 2.1801 0.7535 0.2583 
3.0101 0.3401 2.1801 0.7509 0.2339 
3.0101 0.3401 2.1801 0.7509 0.2339 
3.0101 0.3401 2.1801 0.7509 0.2339 
3.0001 0.3701 2.1825 0.7955 0.2194 
3.0001 0.3501 2.1803 0.7673 0.2129 
3.0101 0.3401 2.1801 0.7509 0.2339 
3.0101 0.3401 2.1801 0.7509 0.2339 
3.0001 0.3501 2.1803 0.7673 0.2129 
3.0101 0.3401 2.1801 0.7509 0.2339 
3.0101 0.3401 2.1801 0.7509 0.2339 
3.0101 0.3401 2.1801 0.7509 0.2339 
3.0101 0.3401 2.1801 0.7509 0.2339 
3.0101 0.3401 2.1801 0.7509 0.2339 
3.0101 0.3401 2.1801 0.7509 0.2339 
3.0501 0.3201 2.1781 0.7233 0.3278 
3.0101 0.3301 2.1793 0.7349 0.2308 
3.0301 0.3001 2.1783 0.6810 0.2731 
3.0001 0.3501 2.1803 0.7673 0.2129 
3.0001 0.3401 2.1799 0.7507 0.2097 
3.0101 0.3401 2.1801 0.7509 0.2339 
3.0101 0.3401 2.1801 0.7509 0.2339 
3.0101 0.3301 2.1793 0.7349 0.2308 
3.0201 0.3410 2.1801 0.7535 0.2583 
3.0101 0.3401 2.1801 0.7509 0.2339 
3.0101 0.3401 2.1801 0.7509 0.2339 
3.0101 0.3301 2.1793 0.7349 0.2308 
3.0101 0.3401 2.1801 0.7509 0.2339 
3.0001 0.3401 2.1799 0.7507 0.2097 
3.0101 0.3301 2.1793 0.7349 0.2308 
3.0101 0.3401 2.1801 0.7509 0.2339 
3.0101 0.3401 2.1801 0.7509 0.2339 
3.0001 0.3401 2.1799 0.7507 0.2097 
3.0101 0.3301 2.1793 0.7349 0.2308 
3.0501 0.3201 2.1781 0.7233 0.3278 
3.0201 0.3410 2.1801 0.7535 0.2583 
3.2801 0.3001 2.1692 0.7347 0.9207 
3.2601 0.2901 2.1696 0.7117 0.8765 
3.2701 0.2901 2.1701 0.7111 0.9023 
3.2801 0.3001 2.1692 0.7347 0.9207 
3.2801 0.2892 2.1701 0.7102 0.9290 
3.2901 0.3001 2.1681 0.7389 0.9468 
3.2701 0.2901 2.1701 0.7111 0.9023 
3.2701 0.2901 2.1701 0.7111 0.9023 
3.2801 0.3001 2.1692 0.7347 0.9207 
3.2701 0.2901 2.1701 0.7111 0.9023 
3.2801 0.3001 2.1692 0.7347 0.9207 
3.2701 0.2901 2.1701 0.7111 0.9023 
3.2701 0.2901 2.1701 0.7111 0.9023 
3.2801 0.2892 2.1701 0.7102 0.9290 
3.2801 0.3001 2.1692 0.7347 0.9207 
3.2601 0.2901 2.1696 0.7117 0.8765 
3.2701 0.2901 2.1701 0.7111 0.9023 
3.2701 0.2901 2.1701 0.7111 0.9023 
3.2901 0.3001 2.1681 0.7389 0.9468 
3.2801 0.2892 2.1701 0.7102 0.9290 
3.2801 0.2601 2.1671 0.6583 0.9562 
3.2801 0.2892 2.1701 0.7102 0.9290 
3.2701 0.2701 2.1680 0.6762 0.9197 
3.2801 0.2601 2.1671 0.6583 0.9562 
3.2801 0.2892 2.1701 0.7102 0.9290 
3.2701 0.2901 2.1701 0.7111 0.9023 
3.2701 0.2701 2.1680 0.6762 0.9197 
3.2801 0.2892 2.1701 0.7102 0.9290 
3.2701 0.2901 2.1701 0.7111 0.9023 
3.2701 0.2901 2.1701 0.7111 0.9023 
3.2701 0.2901 2.1701 0.7111 0.9023 
3.2601 0.2901 2.1696 0.7117 0.8765 
3.2701 0.2701 2.1680 0.6762 0.9197 
3.2701 0.2701 2.1680 0.6762 0.9197 
3.2601 0.2901 2.1696 0.7117 0.8765 
3.2401 0.2901 2.1711 0.7049 0.8237 
3.2401 0.2901 2.1711 0.7049 0.8237 
3.1901 0.3201 2.1729 0.7527 0.6796 
3.2001 0.2701 2.1708 0.6595 0.7292 
3.2301 0.2501 2.1708 0.6180 0.8240 
3.2401 0.2901 2.1711 0.7049 0.8237 
3.2001 0.2701 2.1708 0.6595 0.7292 
3.2001 0.2701 2.1708 0.6595 0.7292 
3.2001 0.2201 2.1696 0.5447 0.7582 
3.2201 0.2301 2.1675 0.5793 0.8112 
3.2701 0.2701 2.1680 0.6762 0.9197 
3.2401 0.2901 2.1711 0.7049 0.8237 
3.2301 0.2501 2.1708 0.6180 0.8240 
3.2301 0.2501 2.1708 0.6180 0.8240 
3.2501 0.2501 2.1682 0.6287 0.8812 
3.2701 0.2701 2.1680 0.6762 0.9197 
3.2001 0.2701 2.1708 0.6595 0.7292 
3.2201 0.2301 2.1675 0.5793 0.8112 
3.2301 0.2501 2.1708 0.6180 0.8240 
3.2501 0.2001 2.1701 0.4966 0.9240 
3.2501 0.2001 2.1701 0.4966 0.9240 
3.2501 0.2001 2.1701 0.4966 0.9240 
3.2501 0.2001 2.1701 0.4966 0.9240 
3.2601 0.2001 2.1675 0.5064 0.9563 
3.2501 0.2101 2.1695 0.5256 0.9150 
3.2501 0.2001 2.1701 0.4966 0.9240 
3.2501 0.2001 2.1701 0.4966 0.9240 
3.2601 0.2001 2.1675 0.5064 0.9563 
3.2201 0.2301 2.1675 0.5793 0.8112 
3.2001 0.2201 2.1696 0.5447 0.7582 
3.2101 0.2201 2.1705 0.5430 0.7874 
3.2101 0.2201 2.1705 0.5430 0.7874 
3.2101 0.2061 2.1701 0.5074 0.7973 
3.2401 0.2001 2.1671 0.5051 0.8954 
3.2001 0.2101 2.1701 0.5167 0.7644 
3.2101 0.2061 2.1701 0.5074 0.7973 
3.2101 0.2201 2.1705 0.5430 0.7874 
3.2001 0.2101 2.1701 0.5167 0.7644 
3.2001 0.2101 2.1701 0.5167 0.7644 
3.2101 0.2201 2.1705 0.5430 0.7874 
3.2501 0.2001 2.1701 0.4966 0.9240 
3.2501 0.2001 2.1701 0.4966 0.9240 
3.2501 0.2001 2.1701 0.4966 0.9240 
3.2101 0.2061 2.1701 0.5074 0.7973 
3.2001 0.2101 2.1701 0.5167 0.7644 
3.2001 0.2101 2.1701 0.5167 0.7644 
3.2201 0.2301 2.1675 0.5793 0.8112 
3.2501 0.2501 2.1682 0.6287 0.8812 
3.2301 0.2501 2.1708 0.6180 0.8240 
3.2401 0.2001 2.1671 0.5051 0.8954 
3.2201 0.2301 2.1675 0.5793 0.8112 
3.2101 0.2201 2.1705 0.5430 0.7874 
3.2101 0.2201 2.1705 0.5430 0.7874 
3.2001 0.2201 2.1696 0.5447 0.7582 
3.2001 0.2101 2.1701 0.5167 0.7644 
3.2401 0.2001 2.1671 0.5051 0.8954 
3.2501 0.2101 2.1695 0.5256 0.9150 
3.2201 0.2301 2.1675 0.5793 0.8112 
3.2501 0.2001 2.1701 0.4966 0.9240 
3.2501 0.2101 2.1695 0.5256 0.9150 
3.2401 0.2001 2.1671 0.5051 0.8954 
3.2501 0.2001 2.1701 0.4966 0.9240 
3.2501 0.2001 2.1701 0.4966 0.9240 
3.2501 0.2101 2.1695 0.5256 0.9150 
3.2401 0.2001 2.1671 0.5051 0.8954 
3.2101 0.2061 2.1701 0.5074 0.7973 
3.2101 0.2001 2.1676 0.4990 0.8029 
3.2001 0.2101 2.1701 0.5167 0.7644 
3.2101 0.2001 2.1676 0.4990 0.8029 
3.2101 0.2061 2.1701 0.5074 0.7973 
3.2501 0.2001 2.1701 0.4966 0.9240 
3.2501 0.2001 2.1701 0.4966 0.9240 
3.2501 0.2001 2.1701 0.4966 0.9240 
3.2501 0.2001 2.1701 0.4966 0.9240 
3.2501 0.1901 2.1656 0.4833 0.9369 
3.2601 0.2001 2.1675 0.5064 0.9563 
3.2501 0.2001 2.1701 0.4966 0.9240 
3.2501 0.2001 2.1701 0.4966 0.9240 
3.2501 0.1901 2.1656 0.4833 0.9369 
3.2501 0.2001 2.1701 0.4966 0.9240 
3.2501 0.2001 2.1701 0.4966 0.9240 
3.2501 0.2001 2.1701 0.4966 0.9240 
3.2501 0.2001 2.1701 0.4966 0.9240 
3.2401 0.2001 2.1671 0.5051 0.8954 
3.2501 0.1901 2.1656 0.4833 0.9369 
3.2501 0.2001 2.1701 0.4966 0.9240 
3.2501 0.2001 2.1701 0.4966 0.9240 
3.2401 0.2001 2.1671 0.5051 0.8954 
3.2401 0.2001 2.1671 0.5051 0.8954 
3.2101 0.2001 2.1676 0.4990 0.8029 
3.2501 0.1901 2.1656 0.4833 0.9369 
3.2301 0.1701 2.1693 0.4085 0.8903 
3.2101 0.2001 2.1676 0.4990 0.8029 
3.1901 0.1901 2.1699 0.4603 0.7465 
3.2101 0.1601 2.1669 0.3816 0.8351 
3.1901 0.1901 2.1699 0.4603 0.7465 
3.1901 0.1501 2.1679 0.3421 0.7752 
3.2301 0.1701 2.1693 0.4085 0.8903 
3.1901 0.1901 2.1699 0.4603 0.7465 
3.2101 0.1601 2.1669 0.3816 0.8351 
3.2401 0.1601 2.1666 0.3876 0.9351 
3.2301 0.1701 2.1693 0.4085 0.8903 
3.2301 0.1501 2.1684 0.3474 0.9109 
3.2301 0.1701 2.1693 0.4085 0.8903 
3.2101 0.1601 2.1669 0.3816 0.8351 
3.2301 0.1501 2.1684 0.3474 0.9109 
3.2101 0.1601 2.1669 0.3816 0.8351 
3.2101 0.1301 2.1654 0.2846 0.8638 
3.2301 0.1501 2.1684 0.3474 0.9109 
3.2101 0.1601 2.1669 0.3816 0.8351 
3.1901 0.1501 2.1679 0.3421 0.7752 
3.2101 0.1301 2.1654 0.2846 0.8638 
3.2401 0.1601 2.1666 0.3876 0.9351 
3.2301 0.1501 2.1684 0.3474 0.9109 
3.2501 0.1401 2.1678 0.3191 0.9910 
3.2301 0.1301 2.1634 0.2946 0.9365 
3.2301 0.1501 2.1684 0.3474 0.9109 
3.2101 0.1301 2.1654 0.2846 0.8638 
3.2301 0.1301 2.1634 0.2946 0.9365 
3.2101 0.1301 2.1654 0.2846 0.8638 
3.2301 0.1101 2.1690 0.2025 0.9557 
3.2301 0.1101 2.1690 0.2025 0.9557 
3.2101 0.1301 2.1654 0.2846 0.8638 
3.2001 0.1201 2.1704 0.2297 0.8342 
3.2301 0.1101 2.1690 0.2025 0.9557 
3.2001 0.1201 2.1704 0.2297 0.8342 
3.2001 0.1101 2.1675 0.2012 0.8457 
3.2001 0.2701 2.1708 0.6595 0.7292 
3.1601 0.2901 2.1740 0.6875 0.6133 
3.1301 0.3001 2.1749 0.7019 0.5324 
3.2001 0.2201 2.1696 0.5447 0.7582 
3.2001 0.2701 2.1708 0.6595 0.7292 
3.1301 0.3001 2.1749 0.7019 0.5324 
3.2001 0.2201 2.1696 0.5447 0.7582 
3.1301 0.3001 2.1749 0.7019 0.5324 
3.1601 0.2501 2.1728 0.6033 0.6270 
3.1301 0.3001 2.1749 0.7019 0.5324 
3.1301 0.2701 2.1738 0.6420 0.5382 
3.1601 0.2501 2.1728 0.6033 0.6270 
3.1101 0.2601 2.1743 0.6158 0.4847 
3.1301 0.3001 2.1749 0.7019 0.5324 
3.0701 0.3101 2.1776 0.7075 0.3774 
3.1301 0.2701 2.1738 0.6420 0.5382 
3.1301 0.3001 2.1749 0.7019 0.5324 
3.1101 0.2601 2.1743 0.6158 0.4847 
3.2001 0.2201 2.1696 0.5447 0.7582 
3.1601 0.2501 2.1728 0.6033 0.6270 
3.1901 0.2101 2.1698 0.5162 0.7343 
3.1901 0.2101 2.1698 0.5162 0.7343 
3.1601 0.2501 2.1728 0.6033 0.6270 
3.1501 0.2201 2.1714 0.5322 0.6090 
3.1601 0.2501 2.1728 0.6033 0.6270 
3.1301 0.2701 2.1738 0.6420 0.5382 
3.1501 0.2201 2.1714 0.5322 0.6090 
3.2001 0.2101 2.1701 0.5167 0.7644 
3.2001 0.2101 2.1701 0.5167 0.7644 
3.2001 0.2101 2.1701 0.5167 0.7644 
3.2001 0.2101 2.1701 0.5167 0.7644 
3.2001 0.2101 2.1701 0.5167 0.7644 
3.2001 0.2101 2.1701 0.5167 0.7644 
3.1901 0.2101 2.1698 0.5162 0.7343 
3.1801 0.1701 2.1703 0.3974 0.7270 
3.1901 0.1901 2.1699 0.4603 0.7465 
3.1901 0.2101 2.1698 0.5162 0.7343 
3.1501 0.2201 2.1714 0.5322 0.6090 
3.1801 0.1701 2.1703 0.3974 0.7270 
3.2001 0.2101 2.1701 0.5167 0.7644 
3.2001 0.2201 2.1696 0.5447 0.7582 
3.1901 0.2101 2.1698 0.5162 0.7343 
3.2001 0.2101 2.1701 0.5167 0.7644 
3.2001 0.2101 2.1701 0.5167 0.7644 
3.2001 0.2201 2.1696 0.5447 0.7582 
3.2101 0.2001 2.1676 0.4990 0.8029 
3.1901 0.2101 2.1698 0.5162 0.7343 
3.1901 0.1901 2.1699 0.4603 0.7465 
3.2001 0.2101 2.1701 0.5167 0.7644 
3.1901 0.2101 2.1698 0.5162 0.7343 
3.2101 0.2001 2.1676 0.4990 0.8029 
3.2001 0.2101 2.1701 0.5167 0.7644 
3.2001 0.2101 2.1701 0.5167 0.7644 
3.1901 0.2101 2.1698 0.5162 0.7343 
3.1501 0.2201 2.1714 0.5322 0.6090 
3.1101 0.2601 2.1743 0.6158 0.4847 
3.1201 0.2301 2.1717 0.5529 0.5176 
3.1301 0.2701 2.1738 0.6420 0.5382 
3.1101 0.2601 2.1743 0.6158 0.4847 
3.1501 0.2201 2.1714 0.5322 0.6090 
3.1201 0.2301 2.1717 0.5529 0.5176 
3.1101 0.2601 2.1743 0.6158 0.4847 
3.1201 0.2201 2.1744 0.5184 0.5193 
3.1201 0.2201 2.1744 0.5184 0.5193 
3.0701 0.2601 2.1759 0.6059 0.3736 
3.0901 0.2301 2.1754 0.5371 0.4297 
3.1101 0.2601 2.1743 0.6158 0.4847 
3.0701 0.2601 2.1759 0.6059 0.3736 
3.1201 0.2201 2.1744 0.5184 0.5193 
3.1501 0.2201 2.1714 0.5322 0.6090 
3.1201 0.2301 2.1717 0.5529 0.5176 
3.1201 0.2201 2.1744 0.5184 0.5193 
3.1201 0.2201 2.1744 0.5184 0.5193 
3.0901 0.2301 2.1754 0.5371 0.4297 
3.1301 0.2101 2.1710 0.5039 0.5518 
3.1501 0.2201 2.1714 0.5322 0.6090 
3.1201 0.2201 2.1744 0.5184 0.5193 
3.1301 0.2101 2.1710 0.5039 0.5518 
3.0701 0.3101 2.1776 0.7075 0.3774 
3.0501 0.3201 2.1781 0.7233 0.3278 
3.0301 0.3001 2.1783 0.6810 0.2731 
3.1101 0.2601 2.1743 0.6158 0.4847 
3.0701 0.3101 2.1776 0.7075 0.3774 
3.0701 0.2601 2.1759 0.6059 0.3736 
3.0701 0.3101 2.1776 0.7075 0.3774 
3.0301 0.3001 2.1783 0.6810 0.2731 
3.0701 0.2601 2.1759 0.6059 0.3736 
3.0701 0.2601 2.1759 0.6059 0.3736 
3.0301 0.3001 2.1783 0.6810 0.2731 
3.0401 0.2601 2.1765 0.6006 0.2903 
3.0301 0.3001 2.1783 0.6810 0.2731 
3.0001 0.2801 2.1788 0.6340 0.1888 
3.0401 0.2601 2.1765 0.6006 0.2903 
3.0901 0.2301 2.1754 0.5371 0.4297 
3.0701 0.2601 2.1759 0.6059 0.3736 
3.0401 0.2601 2.1765 0.6006 0.2903 
3.0901 0.2001 2.1742 0.4600 0.4302 
3.0401 0.2601 2.1765 0.6006 0.2903 
3.0601 0.2001 2.1743 0.4554 0.3369 
3.1301 0.2101 2.1710 0.5039 0.5518 
3.0901 0.2301 2.1754 0.5371 0.4297 
3.0901 0.2001 2.1742 0.4600 0.4302 
3.0901 0.2301 2.1754 0.5371 0.4297 
3.0401 0.2601 2.1765 0.6006 0.2903 
3.0901 0.2001 2.1742 0.4600 0.4302 
3.0401 0.2601 2.1765 0.6006 0.2903 
3.0001 0.2801 2.1788 0.6340 0.1888 
3.0001 0.2501 2.1773 0.5695 0.1763 
3.0401 0.2601 2.1765 0.6006 0.2903 
3.0001 0.2501 2.1773 0.5695 0.1763 
3.0301 0.2201 2.1757 0.5020 0.2508 
3.0301 0.2201 2.1757 0.5020 0.2508 
3.0001 0.2501 2.1773 0.5695 0.1763 
3.0201 0.2001 2.1755 0.4455 0.2136 
3.0401 0.2601 2.1765 0.6006 0.2903 
3.0301 0.2201 2.1757 0.5020 0.2508 
3.0601 0.2001 2.1743 0.4554 0.3369 
3.0601 0.2001 2.1743 0.4554 0.3369 
3.0301 0.2201 2.1757 0.5020 0.2508 
3.0601 0.1801 2.1743 0.3961 0.3337 
3.0601 0.1801 2.1743 0.3961 0.3337 
3.0301 0.2201 2.1757 0.5020 0.2508 
3.0201 0.2001 2.1755 0.4455 0.2136 
3.1501 0.2201 2.1714 0.5322 0.6090 
3.1301 0.2101 2.1710 0.5039 0.5518 
3.1801 0.1701 2.1703 0.3974 0.7270 
3.1801 0.1701 2.1703 0.3974 0.7270 
3.1301 0.2101 2.1710 0.5039 0.5518 
3.1501 0.1701 2.1704 0.3920 0.6286 
3.1801 0.1701 2.1703 0.3974 0.7270 
3.1501 0.1701 2.1704 0.3920 0.6286 
3.1701 0.1601 2.1698 0.3654 0.7001 
3.1801 0.1701 2.1703 0.3974 0.7270 
3.1901 0.1501 2.1679 0.3421 0.7752 
3.1901 0.1901 2.1699 0.4603 0.7465 
3.1701 0.1601 2.1698 0.3654 0.7001 
3.1901 0.1501 2.1679 0.3421 0.7752 
3.1801 0.1701 2.1703 0.3974 0.7270 
3.1701 0.1601 2.1698 0.3654 0.7001 
3.1501 0.1701 2.1704 0.3920 0.6286 
3.1301 0.1601 2.1712 0.3540 0.5656 
3.1101 0.1701 2.1736 0.3752 0.4967 
3.1301 0.2101 2.1710 0.5039 0.5518 
3.1101 0.1801 2.1717 0.4124 0.4951 
3.1301 0.2101 2.1710 0.5039 0.5518 
3.0901 0.2001 2.1742 0.4600 0.4302 
3.1101 0.1801 2.1717 0.4124 0.4951 
3.1501 0.1701 2.1704 0.3920 0.6286 
3.1101 0.1701 2.1736 0.3752 0.4967 
3.1301 0.1601 2.1712 0.3540 0.5656 
3.1301 0.2101 2.1710 0.5039 0.5518 
3.1101 0.1701 2.1736 0.3752 0.4967 
3.1501 0.1701 2.1704 0.3920 0.6286 
3.1301 0.1601 2.1712 0.3540 0.5656 
3.1101 0.1701 2.1736 0.3752 0.4967 
3.1001 0.1601 2.1721 0.3459 0.4646 
3.1301 0.1601 2.1712 0.3540 0.5656 
3.1001 0.1601 2.1721 0.3459 0.4646 
3.1301 0.1401 2.1742 0.2766 0.5716 
3.1801 0.1301 2.1681 0.2699 0.7552 
3.1901 0.1501 2.1679 0.3421 0.7752 
3.1701 0.1601 2.1698 0.3654 0.7001 
3.1901 0.1501 2.1679 0.3421 0.7752 
3.1801 0.1301 2.1681 0.2699 0.7552 
3.2101 0.1301 2.1654 0.2846 0.8638 
3.1801 0.1301 2.1681 0.2699 0.7552 
3.1301 0.1601 2.1712 0.3540 0.5656 
3.1601 0.1301 2.1672 0.2689 0.6839 
3.1701 0.1601 2.1698 0.3654 0.7001 
3.1301 0.1601 2.1712 0.3540 0.5656 
3.1801 0.1301 2.1681 0.2699 0.7552 
3.2001 0.1201 2.1704 0.2297 0.8342 
3.2101 0.1301 2.1654 0.2846 0.8638 
3.1801 0.1301 2.1681 0.2699 0.7552 
3.2001 0.1101 2.1675 0.2012 0.8457 
3.1801 0.1301 2.1681 0.2699 0.7552 
3.1801 0.1001 2.1669 0.1608 0.7798 
3.2001 0.1201 2.1704 0.2297 0.8342 
3.1801 0.1301 2.1681 0.2699 0.7552 
3.2001 0.1101 2.1675 0.2012 0.8457 
3.1801 0.1001 2.1669 0.1608 0.7798 
3.1601 0.1301 2.1672 0.2689 0.6839 
3.1501 0.1201 2.1699 0.2214 0.6525 
3.1801 0.1301 2.1681 0.2699 0.7552 
3.1601 0.1301 2.1672 0.2689 0.6839 
3.1801 0.1001 2.1669 0.1608 0.7798 
3.1701 0.0901 2.1679 0.1186 0.7489 
3.1501 0.1201 2.1699 0.2214 0.6525 
3.1601 0.1001 2.1659 0.1598 0.7034 
3.1801 0.1001 2.1669 0.1608 0.7798 
3.1501 0.1201 2.1699 0.2214 0.6525 
3.1701 0.0901 2.1679 0.1186 0.7489 
3.1301 0.1401 2.1742 0.2766 0.5716 
3.1001 0.1601 2.1721 0.3459 0.4646 
3.0801 0.1401 2.1713 0.2767 0.3960 
3.1301 0.1401 2.1742 0.2766 0.5716 
3.1101 0.1301 2.1706 0.2484 0.5036 
3.1501 0.1201 2.1699 0.2214 0.6525 
3.1301 0.1401 2.1742 0.2766 0.5716 
3.0801 0.1401 2.1713 0.2767 0.3960 
3.1101 0.1301 2.1706 0.2484 0.5036 
3.1501 0.1201 2.1699 0.2214 0.6525 
3.1101 0.1301 2.1706 0.2484 0.5036 
3.1301 0.1101 2.1713 0.1757 0.5826 
3.1301 0.1101 2.1713 0.1757 0.5826 
3.1101 0.1301 2.1706 0.2484 0.5036 
3.1101 0.1130 2.1701 0.1863 0.5069 
3.1101 0.1130 2.1701 0.1863 0.5069 
3.1101 0.1301 2.1706 0.2484 0.5036 
3.1001 0.1101 2.1701 0.1733 0.4698 
3.1101 0.1130 2.1701 0.1863 0.5069 
3.1001 0.1101 2.1701 0.1733 0.4698 
3.1001 0.1101 2.1701 0.1733 0.4698 
3.1301 0.1001 2.1682 0.1471 0.5870 
3.1101 0.1130 2.1701 0.1863 0.5069 
3.1101 0.1101 2.1698 0.1762 0.5075 
3.1001 0.1101 2.1701 0.1733 0.4698 
3.1001 0.1101 2.1701 0.1733 0.4698 
3.1001 0.1101 2.1701 0.1733 0.4698 
3.1601 0.1301 2.1672 0.2689 0.6839 
3.1301 0.1601 2.1712 0.3540 0.5656 
3.1301 0.1401 2.1742 0.2766 0.5716 
3.1301 0.1401 2.1742 0.2766 0.5716 
3.1501 0.1201 2.1699 0.2214 0.6525 
3.1601 0.1301 2.1672 0.2689 0.6839 
3.1501 0.1201 2.1699 0.2214 0.6525 
3.1301 0.1101 2.1713 0.1757 0.5826 
3.1601 0.1001 2.1659 0.1598 0.7034 
3.1101 0.1101 2.1698 0.1762 0.5075 
3.1101 0.1130 2.1701 0.1863 0.5069 
3.1001 0.1101 2.1701 0.1733 0.4698 
3.1601 0.1001 2.1659 0.1598 0.7034 
3.1301 0.1101 2.1713 0.1757 0.5826 
3.1401 0.0901 2.1697 0.1085 0.6303 
3.1301 0.1101 2.1713 0.1757 0.5826 
3.1301 0.1001 2.1682 0.1471 0.5870 
3.1401 0.0901 2.1697 0.1085 0.6303 
3.1301 0.1101 2.1713 0.1757 0.5826 
3.1101 0.1130 2.1701 0.1863 0.5069 
3.1301 0.1001 2.1682 0.1471 0.5870 
3.1001 0.1101 2.1701 0.1733 0.4698 
3.1001 0.0801 2.1696 0.0770 0.4736 
3.1101 0.1101 2.1698 0.1762 0.5075 
3.1001 0.1101 2.1701 0.1733 0.4698 
3.1001 0.1101 2.1701 0.1733 0.4698 
3.1101 0.1101 2.1698 0.1762 0.5075 
3.0901 0.2001 2.1742 0.4600 0.4302 
3.0601 0.2001 2.1743 0.4554 0.3369 
3.1101 0.1801 2.1717 0.4124 0.4951 
3.1101 0.1701 2.1736 0.3752 0.4967 
3.1101 0.1801 2.1717 0.4124 0.4951 
3.1001 0.1601 2.1721 0.3459 0.4646 
3.1101 0.1801 2.1717 0.4124 0.4951 
3.0601 0.2001 2.1743 0.4554 0.3369 
3.1001 0.1601 2.1721 0.3459 0.4646 
3.0601 0.2001 2.1743 0.4554 0.3369 
3.0601 0.1801 2.1743 0.3961 0.3337 
3.1001 0.1601 2.1721 0.3459 0.4646 
3.1001 0.1601 2.1721 0.3459 0.4646 
3.0601 0.1801 2.1743 0.3961 0.3337 
3.0701 0.1501 2.1736 0.3024 0.3625 
3.0701 0.1501 2.1736 0.3024 0.3625 
3.0401 0.1701 2.1764 0.3546 0.2669 
3.0401 0.1401 2.1737 0.2616 0.2560 
3.0601 0.1801 2.1743 0.3961 0.3337 
3.0401 0.1701 2.1764 0.3546 0.2669 
3.0701 0.1501 2.1736 0.3024 0.3625 
3.0801 0.1401 2.1713 0.2767 0.3960 
3.1001 0.1601 2.1721 0.3459 0.4646 
3.0701 0.1501 2.1736 0.3024 0.3625 
3.0601 0.1801 2.1743 0.3961 0.3337 
3.0201 0.2001 2.1755 0.4455 0.2136 
3.0401 0.1701 2.1764 0.3546 0.2669 
3.0401 0.1701 2.1764 0.3546 0.2669 
3.0201 0.2001 2.1755 0.4455 0.2136 
3.0401 0.1401 2.1737 0.2616 0.2560 
3.0201 0.2001 2.1755 0.4455 0.2136 
3.0001 0.1801 2.1765 0.3793 0.1433 
3.0401 0.1401 2.1737 0.2616 0.2560 
3.1101 0.1301 2.1706 0.2484 0.5036 
3.0801 0.1401 2.1713 0.2767 0.3960 
3.0901 0.1201 2.1727 0.2010 0.4320 
3.0801 0.1401 2.1713 0.2767 0.3960 
3.0701 0.1501 2.1736 0.3024 0.3625 
3.0901 0.1201 2.1727 0.2010 0.4320 
3.0701 0.1501 2.1736 0.3024 0.3625 
3.0401 0.1401 2.1737 0.2616 0.2560 
3.0701 0.1201 2.1715 0.2009 0.3581 
3.0901 0.1201 2.1727 0.2010 0.4320 
3.0701 0.1501 2.1736 0.3024 0.3625 
3.0701 0.1201 2.1715 0.2009 0.3581 
3.1001 0.1101 2.1701 0.1733 0.4698 
3.1101 0.1301 2.1706 0.2484 0.5036 
3.0901 0.1201 2.1727 0.2010 0.4320 
3.1001 0.1101 2.1701 0.1733 0.4698 
3.1001 0.1101 2.1701 0.1733 0.4698 
3.0901 0.1201 2.1727 0.2010 0.4320 
3.1001 0.1101 2.1701 0.1733 0.4698 
3.1001 0.1101 2.1701 0.1733 0.4698 
3.1001 0.1101 2.1701 0.1733 0.4698 
3.0901 0.1201 2.1727 0.2010 0.4320 
3.0701 0.1201 2.1715 0.2009 0.3581 
3.0901 0.1101 2.1696 0.1728 0.4319 
3.0701 0.1201 2.1715 0.2009 0.3581 
3.0801 0.0901 2.1743 0.0889 0.3939 
3.0901 0.1101 2.1696 0.1728 0.4319 
3.0901 0.1201 2.1727 0.2010 0.4320 
3.0901 0.1101 2.1696 0.1728 0.4319 
3.1001 0.1101 2.1701 0.1733 0.4698 
3.1001 0.1101 2.1701 0.1733 0.4698 
3.0901 0.1101 2.1696 0.1728 0.4319 
3.1001 0.0801 2.1696 0.0770 0.4736 
3.1001 0.1101 2.1701 0.1733 0.4698 
3.1001 0.1101 2.1701 0.1733 0.4698 
3.0901 0.1101 2.1696 0.1728 0.4319 
3.0701 0.1201 2.1715 0.2009 0.3581 
3.0401 0.1401 2.1737 0.2616 0.2560 
3.0201 0.1301 2.1742 0.2201 0.1816 
3.0701 0.1201 2.1715 0.2009 0.3581 
3.0201 0.1301 2.1742 0.2201 0.1816 
3.0301 0.1201 2.1720 0.1915 0.2112 
3.0701 0.1201 2.1715 0.2009 0.3581 
3.0301 0.1201 2.1720 0.1915 0.2112 
3.0801 0.0901 2.1743 0.0889 0.3939 
3.0801 0.0901 2.1743 0.0889 0.3939 
3.0301 0.1201 2.1720 0.1915 0.2112 
3.0501 0.0901 2.1728 0.0877 0.2751 
3.0301 0.1201 2.1720 0.1915 0.2112 
3.0201 0.1301 2.1742 0.2201 0.1816 
3.0301 0.0901 2.1733 0.0842 0.1971 
3.0201 0.1301 2.1742 0.2201 0.1816 
3.0001 0.1101 2.1739 0.1426 0.1002 
3.0301 0.0901 2.1733 0.0842 0.1971 
3.2101 0.0901 2.1660 0.1314 0.9067 
3.2001 0.1101 2.1675 0.2012 0.8457 
3.2101 0.0801 2.1647 0.0995 0.9199 
3.2001 0.1101 2.1675 0.2012 0.8457 
3.1801 0.1001 2.1669 0.1608 0.7798 
3.2101 0.0801 2.1647 0.0995 0.9199 
3.1301 0.0801 2.1697 0.0795 0.5952 
3.1401 0.0901 2.1697 0.1085 0.6303 
3.1301 0.1001 2.1682 0.1471 0.5870 
3.1101 0.1101 2.1698 0.1762 0.5075 
3.1001 0.0801 2.1696 0.0770 0.4736 
3.1301 0.1001 2.1682 0.1471 0.5870 
3.1001 0.0801 2.1696 0.0770 0.4736 
3.1301 0.0801 2.1697 0.0795 0.5952 
3.1301 0.1001 2.1682 0.1471 0.5870 
3.1001 0.0801 2.1696 0.0770 0.4736 
3.0901 0.1101 2.1696 0.1728 0.4319 
3.0801 0.0901 2.1743 0.0889 0.3939 
3.0801 0.0901 2.1743 0.0889 0.3939 
3.0501 0.0901 2.1728 0.0877 0.2751 
3.0601 0.0801 2.1701 0.0743 0.3109 
3.1001 0.0801 2.1696 0.0770 0.4736 
3.0801 0.0901 2.1743 0.0889 0.3939 
3.0787 0.0801 2.1701 0.0752 0.3866 
3.0601 0.0801 2.1701 0.0743 0.3109 
3.0601 0.0801 2.1701 0.0743 0.3109 
3.0501 0.0901 2.1728 0.0877 0.2751 
3.0601 0.0801 2.1701 0.0743 0.3109 
3.0601 0.0801 2.1701 0.0743 0.3109 
3.0601 0.0801 2.1701 0.0743 0.3109 
3.0501 0.0901 2.1728 0.0877 0.2751 
3.0301 0.1201 2.1720 0.1915 0.2112 
3.0301 0.0901 2.1733 0.0842 0.1971 
3.0301 0.0901 2.1733 0.0842 0.1971 
3.0001 0.1101 2.1739 0.1426 0.1002 
3.0101 0.0901 2.1704 0.0867 0.1190 
3.0601 0.0801 2.1701 0.0743 0.3109 
3.0501 0.0901 2.1728 0.0877 0.2751 
3.0301 0.0901 2.1733 0.0842 0.1971 
2.9501 0.4701 2.1896 0.9198 0.1472 
2.9901 0.4701 2.1899 0.9217 0.2262 
2.9701 0.4820 2.1801 0.9612 0.1866 
2.9901 0.4501 2.1871 0.9026 0.2205 
2.9901 0.4701 2.1899 0.9217 0.2262 
2.9601 0.4601 2.1921 0.9007 0.1644 
2.9901 0.4701 2.1899 0.9217 0.2262 
2.9501 0.4701 2.1896 0.9198 0.1472 
2.9601 0.4601 2.1921 0.9007 0.1644 
2.9901 0.4501 2.1871 0.9026 0.2205 
2.9601 0.4601 2.1921 0.9007 0.1644 
2.9701 0.4401 2.1844 0.8945 0.1757 
2.9901 0.4701 2.1899 0.9217 0.2262 
3.0001 0.4801 2.1676 0.9942 0.2424 
2.9801 0.4801 2.1721 0.9809 0.2034 
2.9801 0.4801 2.1721 0.9809 0.2034 
2.9701 0.4820 2.1801 0.9612 0.1866 
2.9901 0.4701 2.1899 0.9217 0.2262 
2.9701 0.4820 2.1801 0.9612 0.1866 
2.9501 0.4801 2.1767 0.9666 0.1458 
2.9501 0.4701 2.1896 0.9198 0.1472 
2.9901 0.4501 2.1871 0.9026 0.2205 
3.0001 0.4601 2.1909 0.9066 0.2443 
2.9901 0.4701 2.1899 0.9217 0.2262 
2.9701 0.4401 2.1844 0.8945 0.1757 
2.9501 0.4701 2.1896 0.9198 0.1472 
2.9401 0.4546 2.1901 0.8972 0.1229 
2.9601 0.4601 2.1921 0.9007 0.1644 
2.9501 0.4701 2.1896 0.9198 0.1472 
2.9701 0.4401 2.1844 0.8945 0.1757 
2.9701 0.4901 2.1728 0.9905 0.1865 
2.9801 0.4801 2.1721 0.9809 0.2034 
3.0001 0.4801 2.1676 0.9942 0.2424 
2.9701 0.4901 2.1728 0.9905 0.1865 
2.9701 0.4820 2.1801 0.9612 0.1866 
2.9801 0.4801 2.1721 0.9809 0.2034 
2.9601 0.4901 2.1834 0.9620 0.1705 
2.9501 0.4801 2.1767 0.9666 0.1458 
2.9701 0.4901 2.1728 0.9905 0.1865 
2.9501 0.4801 2.1767 0.9666 0.1458 
2.9701 0.4820 2.1801 0.9612 0.1866 
2.9701 0.4901 2.1728 0.9905 0.1865 
2.9401 0.4701 2.1901 0.9178 0.1282 
2.9401 0.4701 2.1901 0.9178 0.1282 
2.9401 0.4701 2.1901 0.9178 0.1282 
2.9314 0.4801 2.1901 0.9301 0.1155 
2.9301 0.4701 2.1908 0.9153 0.1100 
2.9401 0.4701 2.1901 0.9178 0.1282 
2.9314 0.4801 2.1901 0.9301 0.1155 
2.9401 0.4701 2.1901 0.9178 0.1282 
2.9401 0.4701 2.1901 0.9178 0.1282 
2.9314 0.4801 2.1901 0.9301 0.1155 
2.9201 0.4801 2.1947 0.9174 0.0972 
2.9301 0.4701 2.1908 0.9153 0.1100 
2.9401 0.4701 2.1901 0.9178 0.1282 
2.9401 0.4601 2.1910 0.9022 0.1251 
2.9401 0.4701 2.1901 0.9178 0.1282 
2.9401 0.4701 2.1901 0.9178 0.1282 
2.9401 0.4601 2.1910 0.9022 0.1251 
2.9501 0.4701 2.1896 0.9198 0.1472 
2.9401 0.4601 2.1910 0.9022 0.1251 
2.9401 0.4701 2.1901 0.9178 0.1282 
2.9301 0.4701 2.1908 0.9153 0.1100 
2.9301 0.4601 2.1901 0.9039 0.1062 
2.9401 0.4601 2.1910 0.9022 0.1251 
2.9301 0.4701 2.1908 0.9153 0.1100 
2.9301 0.4601 2.1901 0.9039 0.1062 
2.9301 0.4701 2.1908 0.9153 0.1100 
2.9301 0.4601 2.1901 0.9039 0.1062 
2.9301 0.4701 2.1908 0.9153 0.1100 
2.9201 0.4801 2.1947 0.9174 0.0972 
2.9201 0.4601 2.1901 0.9032 0.0886 
2.9301 0.4601 2.1901 0.9039 0.1062 
2.9301 0.4701 2.1908 0.9153 0.1100 
2.9201 0.4601 2.1901 0.9032 0.0886 
2.9301 0.4601 2.1901 0.9039 0.1062 
2.9201 0.4601 2.1901 0.9032 0.0886 
2.9201 0.4601 2.1901 0.9032 0.0886 
2.9201 0.4801 2.1947 0.9174 0.0972 
2.9001 0.4701 2.1945 0.9036 0.0639 
2.9201 0.4601 2.1901 0.9032 0.0886 
2.9501 0.4701 2.1896 0.9198 0.1472 
2.9401 0.4601 2.1910 0.9022 0.1251 
2.9401 0.4546 2.1901 0.8972 0.1229 
2.9301 0.4601 2.1901 0.9039 0.1062 
2.9401 0.4546 2.1901 0.8972 0.1229 
2.9401 0.4601 2.1910 0.9022 0.1251 
2.9201 0.4601 2.1901 0.9032 0.0886 
2.9201 0.4601 2.1901 0.9032 0.0886 
2.9201 0.4601 2.1901 0.9032 0.0886 
2.9201 0.4601 2.1901 0.9032 0.0886 
2.9201 0.4601 2.1901 0.9032 0.0886 
2.9101 0.4501 2.1931 0.8809 0.0706 
2.9201 0.4601 2.1901 0.9032 0.0886 
2.9101 0.4501 2.1931 0.8809 0.0706 
2.9201 0.4501 2.1891 0.8923 0.0847 
2.9101 0.4501 2.1931 0.8809 0.0706 
2.9001 0.4701 2.1945 0.9036 0.0639 
2.8901 0.4501 2.1937 0.8779 0.0529 
2.9201 0.4601 2.1901 0.9032 0.0886 
2.9001 0.4701 2.1945 0.9036 0.0639 
2.9101 0.4501 2.1931 0.8809 0.0706 
2.9314 0.4801 2.1901 0.9301 0.1155 
2.9201 0.4901 2.1753 0.9806 0.0936 
2.9201 0.4801 2.1947 0.9174 0.0972 
2.9501 0.4701 2.1896 0.9198 0.1472 
2.9501 0.4801 2.1767 0.9666 0.1458 
2.9401 0.4701 2.1901 0.9178 0.1282 
2.9501 0.4701 2.1896 0.9198 0.1472 
2.9401 0.4701 2.1901 0.9178 0.1282 
2.9401 0.4701 2.1901 0.9178 0.1282 
2.9201 0.4801 2.1947 0.9174 0.0972 
2.8994 0.4901 2.1701 0.9933 0.0617 
2.9001 0.4701 2.1945 0.9036 0.0639 
2.9301 0.4601 2.1901 0.9039 0.1062 
2.9301 0.4601 2.1901 0.9039 0.1062 
2.9301 0.4601 2.1901 0.9039 0.1062 
2.9301 0.4601 2.1901 0.9039 0.1062 
2.9301 0.4601 2.1901 0.9039 0.1062 
2.9201 0.4601 2.1901 0.9032 0.0886 
2.9401 0.4546 2.1901 0.8972 0.1229 
2.9301 0.4601 2.1901 0.9039 0.1062 
2.9301 0.4601 2.1901 0.9039 0.1062 
2.9201 0.4601 2.1901 0.9032 0.0886 
2.9201 0.4501 2.1891 0.8923 0.0847 
2.9301 0.4601 2.1901 0.9039 0.1062 
2.9201 0.4601 2.1901 0.9032 0.0886 
2.9201 0.4601 2.1901 0.9032 0.0886 
2.9201 0.4501 2.1891 0.8923 0.0847 
2.9201 0.4901 2.1753 0.9806 0.0936 
2.9314 0.4801 2.1901 0.9301 0.1155 
2.9301 0.5001 2.1751 0.9939 0.1145 
3.0201 0.4301 2.1811 0.8931 0.2774 
2.9901 0.4501 2.1871 0.9026 0.2205 
2.9801 0.4401 2.1865 0.8898 0.1970 
2.9901 0.4501 2.1871 0.9026 0.2205 
2.9701 0.4401 2.1844 0.8945 0.1757 
2.9801 0.4401 2.1865 0.8898 0.1970 
2.9701 0.4401 2.1844 0.8945 0.1757 
2.9401 0.4546 2.1901 0.8972 0.1229 
2.9701 0.4201 2.1851 0.8642 0.1696 
3.0101 0.4201 2.1844 0.8692 0.2547 
2.9801 0.4401 2.1865 0.8898 0.1970 
2.9901 0.4301 2.1822 0.8878 0.2138 
3.0201 0.4301 2.1811 0.8931 0.2774 
2.9801 0.4401 2.1865 0.8898 0.1970 
3.0101 0.4201 2.1844 0.8692 0.2547 
2.9801 0.4401 2.1865 0.8898 0.1970 
2.9701 0.4401 2.1844 0.8945 0.1757 
2.9701 0.4201 2.1851 0.8642 0.1696 
2.9901 0.4301 2.1822 0.8878 0.2138 
2.9801 0.4401 2.1865 0.8898 0.1970 
2.9801 0.4201 2.1852 0.8647 0.1908 
2.9801 0.4401 2.1865 0.8898 0.1970 
2.9701 0.4201 2.1851 0.8642 0.1696 
2.9801 0.4201 2.1852 0.8647 0.1908 
2.9701 0.4201 2.1851 0.8642 0.1696 
2.9401 0.4546 2.1901 0.8972 0.1229 
2.9401 0.4201 2.1853 0.8612 0.1085 
2.9801 0.4201 2.1852 0.8647 0.1908 
2.9701 0.4201 2.1851 0.8642 0.1696 
2.9701 0.4101 2.1901 0.8355 0.1682 
2.9701 0.4201 2.1851 0.8642 0.1696 
2.9401 0.4201 2.1853 0.8612 0.1085 
2.9701 0.4101 2.1901 0.8355 0.1682 
3.0301 0.3801 2.1801 0.8212 0.2900 
2.9801 0.4201 2.1852 0.8647 0.1908 
2.9801 0.3901 2.1826 0.8260 0.1805 
2.9801 0.3901 2.1826 0.8260 0.1805 
2.9401 0.4201 2.1853 0.8612 0.1085 
2.9401 0.3801 2.1835 0.8041 0.0922 
2.9701 0.4101 2.1901 0.8355 0.1682 
2.9401 0.4201 2.1853 0.8612 0.1085 
2.9801 0.3901 2.1826 0.8260 0.1805 
2.9201 0.4501 2.1891 0.8923 0.0847 
2.9101 0.4501 2.1931 0.8809 0.0706 
2.9001 0.4301 2.1869 0.8685 0.0541 
2.9101 0.4501 2.1931 0.8809 0.0706 
2.8901 0.4501 2.1937 0.8779 0.0529 
2.9001 0.4301 2.1869 0.8685 0.0541 
2.9401 0.4546 2.1901 0.8972 0.1229 
2.9301 0.4601 2.1901 0.9039 0.1062 
2.9201 0.4501 2.1891 0.8923 0.0847 
2.9401 0.4546 2.1901 0.8972 0.1229 
2.9201 0.4501 2.1891 0.8923 0.0847 
2.9401 0.4201 2.1853 0.8612 0.1085 
2.9201 0.4501 2.1891 0.8923 0.0847 
2.9001 0.4301 2.1869 0.8685 0.0541 
2.9101 0.4101 2.1876 0.8375 0.0579 
2.9401 0.4201 2.1853 0.8612 0.1085 
2.9201 0.4501 2.1891 0.8923 0.0847 
2.9101 0.4101 2.1876 0.8375 0.0579 
2.9401 0.4201 2.1853 0.8612 0.1085 
2.9101 0.4101 2.1876 0.8375 0.0579 
2.9401 0.3801 2.1835 0.8041 0.0922 
2.9001 0.4701 2.1945 0.9036 0.0639 
2.8901 0.4601 2.1908 0.8993 0.0534 
2.8901 0.4501 2.1937 0.8779 0.0529 
2.8994 0.4901 2.1701 0.9933 0.0617 
2.8901 0.4801 2.1736 0.9709 0.0536 
2.9001 0.4701 2.1945 0.9036 0.0639 
2.9001 0.4701 2.1945 0.9036 0.0639 
2.8901 0.4801 2.1736 0.9709 0.0536 
2.8901 0.4601 2.1908 0.8993 0.0534 
2.8994 0.4901 2.1701 0.9933 0.0617 
2.8901 0.5001 2.1813 0.9752 0.0577 
2.8901 0.4801 2.1736 0.9709 0.0536 
2.9801 0.4201 2.1852 0.8647 0.1908 
2.9701 0.4101 2.1901 0.8355 0.1682 
2.9801 0.3901 2.1826 0.8260 0.1805 
3.0301 0.3801 2.1801 0.8212 0.2900 
2.9801 0.3901 2.1826 0.8260 0.1805 
3.0001 0.3701 2.1825 0.7955 0.2194 
2.9801 0.3901 2.1826 0.8260 0.1805 
2.9401 0.3801 2.1835 0.8041 0.0922 
2.9801 0.3501 2.1838 0.7555 0.1672 
3.0001 0.3701 2.1825 0.7955 0.2194 
2.9801 0.3901 2.1826 0.8260 0.1805 
3.0001 0.3501 2.1803 0.7673 0.2129 
2.9801 0.3901 2.1826 0.8260 0.1805 
2.9801 0.3501 2.1838 0.7555 0.1672 
3.0001 0.3501 2.1803 0.7673 0.2129 
2.9801 0.3501 2.1838 0.7555 0.1672 
2.9401 0.3801 2.1835 0.8041 0.0922 
2.9701 0.3401 2.1821 0.7412 0.1396 
2.9701 0.3401 2.1821 0.7412 0.1396 
2.9401 0.3801 2.1835 0.8041 0.0922 
2.9501 0.3501 2.1852 0.7486 0.1009 
3.0001 0.3501 2.1803 0.7673 0.2129 
2.9801 0.3501 2.1838 0.7555 0.1672 
3.0001 0.3401 2.1799 0.7507 0.2097 
2.9801 0.3501 2.1838 0.7555 0.1672 
2.9701 0.3401 2.1821 0.7412 0.1396 
3.0001 0.3401 2.1799 0.7507 0.2097 
3.0001 0.3401 2.1799 0.7507 0.2097 
2.9701 0.3401 2.1821 0.7412 0.1396 
3.0101 0.3301 2.1793 0.7349 0.2308 
3.0101 0.3301 2.1793 0.7349 0.2308 
2.9701 0.3401 2.1821 0.7412 0.1396 
2.9601 0.2701 2.1789 0.6065 0.0842 
2.9701 0.3401 2.1821 0.7412 0.1396 
2.9501 0.3101 2.1819 0.6821 0.0824 
2.9601 0.2701 2.1789 0.6065 0.0842 
3.0301 0.3001 2.1783 0.6810 0.2731 
3.0101 0.3301 2.1793 0.7349 0.2308 
3.0001 0.2801 2.1788 0.6340 0.1888 
3.0101 0.3301 2.1793 0.7349 0.2308 
2.9601 0.2701 2.1789 0.6065 0.0842 
3.0001 0.2801 2.1788 0.6340 0.1888 
2.9701 0.3401 2.1821 0.7412 0.1396 
2.9501 0.3501 2.1852 0.7486 0.1009 
2.9301 0.3401 2.1824 0.7366 0.0604 
2.9701 0.3401 2.1821 0.7412 0.1396 
2.9301 0.3401 2.1824 0.7366 0.0604 
2.9501 0.3101 2.1819 0.6821 0.0824 
2.9601 0.2701 2.1789 0.6065 0.0842 
2.9501 0.3101 2.1819 0.6821 0.0824 
2.9501 0.2901 2.1808 0.6438 0.0735 
2.9601 0.2701 2.1789 0.6065 0.0842 
2.9501 0.2901 2.1808 0.6438 0.0735 
2.9501 0.2801 2.1801 0.6242 0.0691 
2.9501 0.2801 2.1801 0.6242 0.0691 
2.9501 0.2901 2.1808 0.6438 0.0735 
2.9501 0.2801 2.1801 0.6242 0.0691 
2.9501 0.2801 2.1801 0.6242 0.0691 
2.9501 0.2801 2.1801 0.6242 0.0691 
2.9501 0.2801 2.1801 0.6242 0.0691 
3.0001 0.2801 2.1788 0.6340 0.1888 
2.9601 0.2701 2.1789 0.6065 0.0842 
2.9701 0.2601 2.1794 0.5828 0.1029 
2.9501 0.2801 2.1801 0.6242 0.0691 
2.9501 0.2801 2.1801 0.6242 0.0691 
2.9601 0.2701 2.1789 0.6065 0.0842 
2.9501 0.2801 2.1801 0.6242 0.0691 
2.9601 0.2701 2.1789 0.6065 0.0842 
2.9501 0.2801 2.1801 0.6242 0.0691 
2.9501 0.2801 2.1801 0.6242 0.0691 
2.9501 0.2701 2.1804 0.6008 0.0653 
2.9601 0.2701 2.1789 0.6065 0.0842 
3.0001 0.2801 2.1788 0.6340 0.1888 
2.9701 0.2601 2.1794 0.5828 0.1029 
3.0001 0.2501 2.1773 0.5695 0.1763 
2.9701 0.2601 2.1794 0.5828 0.1029 
2.9601 0.2701 2.1789 0.6065 0.0842 
2.9501 0.2701 2.1804 0.6008 0.0653 
3.0001 0.2501 2.1773 0.5695 0.1763 
2.9501 0.2701 2.1804 0.6008 0.0653 
2.9501 0.2501 2.1792 0.5570 0.0581 
2.9701 0.2601 2.1794 0.5828 0.1029 
2.9501 0.2701 2.1804 0.6008 0.0653 
3.0001 0.2501 2.1773 0.5695 0.1763 
2.9501 0.2801 2.1801 0.6242 0.0691 
2.9501 0.2901 2.1808 0.6438 0.0735 
2.9401 0.2801 2.1812 0.6198 0.0556 
2.9501 0.2801 2.1801 0.6242 0.0691 
2.9401 0.2801 2.1812 0.6198 0.0556 
2.9501 0.2801 2.1801 0.6242 0.0691 
2.9501 0.2801 2.1801 0.6242 0.0691 
2.9401 0.2801 2.1812 0.6198 0.0556 
2.9501 0.2701 2.1804 0.6008 0.0653 
2.9501 0.2801 2.1801 0.6242 0.0691 
2.9501 0.2701 2.1804 0.6008 0.0653 
2.9501 0.2801 2.1801 0.6242 0.0691 
2.9501 0.2801 2.1801 0.6242 0.0691 
2.9501 0.2801 2.1801 0.6242 0.0691 
2.9501 0.2801 2.1801 0.6242 0.0691 
2.9501 0.2801 2.1801 0.6242 0.0691 
2.9501 0.2801 2.1801 0.6242 0.0691 
2.9501 0.2801 2.1801 0.6242 0.0691 
3.0001 0.2501 2.1773 0.5695 0.1763 
2.9501 0.2501 2.1792 0.5570 0.0581 
3.0201 0.2001 2.1755 0.4455 0.2136 
3.0201 0.2001 2.1755 0.4455 0.2136 
2.9501 0.2501 2.1792 0.5570 0.0581 
2.9601 0.1901 2.1782 0.3982 0.0537 
3.0201 0.2001 2.1755 0.4455 0.2136 
2.9601 0.1901 2.1782 0.3982 0.0537 
3.0001 0.1801 2.1765 0.3793 0.1433 
3.0001 0.1801 2.1765 0.3793 0.1433 
2.9601 0.1901 2.1782 0.3982 0.0537 
2.9701 0.1701 2.1783 0.3368 0.0595 
3.0401 0.1401 2.1737 0.2616 0.2560 
3.0001 0.1801 2.1765 0.3793 0.1433 
3.0201 0.1301 2.1742 0.2201 0.1816 
3.0001 0.1801 2.1765 0.3793 0.1433 
2.9701 0.1701 2.1783 0.3368 0.0595 
3.0201 0.1301 2.1742 0.2201 0.1816 
3.0201 0.1301 2.1742 0.2201 0.1816 
2.9701 0.1701 2.1783 0.3368 0.0595 
2.9801 0.1401 2.1744 0.2481 0.0633 
3.0201 0.1301 2.1742 0.2201 0.1816 
2.9801 0.1401 2.1744 0.2481 0.0633 
3.0001 0.1101 2.1739 0.1426 0.1002 
