NUMPOLLIES 445.000000 

2.9401 -0.4199 2.1692 0.1546 0.0542 
2.9401 -0.4399 2.1665 0.0837 0.0555 
2.9601 -0.4299 2.1640 0.1124 0.0951 
2.9401 -0.4199 2.1692 0.1546 0.0542 
2.9601 -0.4299 2.1640 0.1124 0.0951 
2.9401 -0.3999 2.1682 0.2381 0.0528 
2.9701 -0.4399 2.1701 0.0915 0.1346 
2.9701 -0.4399 2.1701 0.0915 0.1346 
2.9601 -0.4399 2.1693 0.0892 0.1035 
2.9701 -0.4399 2.1701 0.0915 0.1346 
2.9601 -0.4399 2.1693 0.0892 0.1035 
2.9801 -0.4424 2.1701 0.0865 0.1673 
3.0001 -0.4399 2.1624 0.0865 0.2265 
2.9801 -0.4424 2.1701 0.0865 0.1673 
2.9901 -0.4499 2.1633 0.0734 0.1968 
2.9601 -0.4399 2.1693 0.0892 0.1035 
2.9601 -0.4299 2.1640 0.1124 0.0951 
2.9401 -0.4399 2.1665 0.0837 0.0555 
2.9701 -0.4399 2.1701 0.0915 0.1346 
2.9701 -0.4399 2.1701 0.0915 0.1346 
2.9701 -0.4299 2.1653 0.1162 0.1268 
2.9701 -0.4399 2.1701 0.0915 0.1346 
2.9701 -0.4299 2.1653 0.1162 0.1268 
2.9601 -0.4399 2.1693 0.0892 0.1035 
2.9601 -0.4399 2.1693 0.0892 0.1035 
2.9701 -0.4299 2.1653 0.1162 0.1268 
2.9601 -0.4299 2.1640 0.1124 0.0951 
2.9701 -0.4299 2.1653 0.1162 0.1268 
3.0001 -0.4399 2.1624 0.0865 0.2265 
2.9801 -0.4099 2.1647 0.1979 0.1518 
2.9701 -0.4299 2.1653 0.1162 0.1268 
2.9401 -0.3999 2.1682 0.2381 0.0528 
2.9601 -0.4299 2.1640 0.1124 0.0951 
3.0001 -0.4199 2.1677 0.1648 0.2243 
2.9801 -0.4099 2.1647 0.1979 0.1518 
3.0001 -0.4399 2.1624 0.0865 0.2265 
2.9601 -0.4099 2.1696 0.2012 0.0942 
2.9401 -0.3999 2.1682 0.2381 0.0528 
2.9701 -0.4299 2.1653 0.1162 0.1268 
2.9801 -0.4099 2.1647 0.1979 0.1518 
2.9601 -0.4099 2.1696 0.2012 0.0942 
2.9701 -0.4299 2.1653 0.1162 0.1268 
2.9901 -0.3899 2.1636 0.2882 0.1775 
2.9801 -0.4099 2.1647 0.1979 0.1518 
3.0001 -0.4199 2.1677 0.1648 0.2243 
2.9601 -0.4099 2.1696 0.2012 0.0942 
2.9501 -0.3999 2.1648 0.2351 0.0623 
2.9401 -0.3999 2.1682 0.2381 0.0528 
2.9801 -0.3999 2.1633 0.2398 0.1471 
2.9501 -0.3999 2.1648 0.2351 0.0623 
2.9601 -0.4099 2.1696 0.2012 0.0942 
2.9801 -0.4099 2.1647 0.1979 0.1518 
2.9801 -0.3999 2.1633 0.2398 0.1471 
2.9601 -0.4099 2.1696 0.2012 0.0942 
2.9901 -0.3899 2.1636 0.2882 0.1775 
2.9801 -0.3999 2.1633 0.2398 0.1471 
2.9801 -0.4099 2.1647 0.1979 0.1518 
2.9701 -0.4399 2.1701 0.0915 0.1346 
2.9701 -0.4399 2.1701 0.0915 0.1346 
2.9701 -0.4399 2.1701 0.0915 0.1346 
2.9801 -0.4424 2.1701 0.0865 0.1673 
2.9701 -0.4399 2.1701 0.0915 0.1346 
2.9701 -0.4399 2.1701 0.0915 0.1346 
2.9801 -0.4399 2.1711 0.0941 0.1673 
2.9701 -0.4399 2.1701 0.0915 0.1346 
2.9801 -0.4424 2.1701 0.0865 0.1673 
3.0001 -0.4399 2.1624 0.0865 0.2265 
2.9801 -0.4399 2.1711 0.0941 0.1673 
2.9801 -0.4424 2.1701 0.0865 0.1673 
2.9701 -0.4399 2.1701 0.0915 0.1346 
2.9701 -0.4399 2.1701 0.0915 0.1346 
2.9701 -0.4399 2.1701 0.0915 0.1346 
2.9701 -0.4399 2.1701 0.0915 0.1346 
2.9801 -0.4399 2.1711 0.0941 0.1673 
2.9701 -0.4299 2.1653 0.1162 0.1268 
2.9701 -0.4399 2.1701 0.0915 0.1346 
2.9801 -0.4399 2.1711 0.0941 0.1673 
2.9701 -0.4399 2.1701 0.0915 0.1346 
2.9701 -0.4299 2.1653 0.1162 0.1268 
2.9801 -0.4399 2.1711 0.0941 0.1673 
3.0001 -0.4399 2.1624 0.0865 0.2265 
2.9501 -0.3799 2.1708 0.3346 0.0621 
2.9401 -0.3999 2.1682 0.2381 0.0528 
2.9501 -0.3999 2.1648 0.2351 0.0623 
2.9701 -0.3899 2.1672 0.2887 0.1153 
2.9501 -0.3799 2.1708 0.3346 0.0621 
2.9801 -0.3999 2.1633 0.2398 0.1471 
2.9801 -0.3999 2.1633 0.2398 0.1471 
2.9501 -0.3799 2.1708 0.3346 0.0621 
2.9501 -0.3999 2.1648 0.2351 0.0623 
2.9501 -0.3799 2.1708 0.3346 0.0621 
2.9701 -0.3899 2.1672 0.2887 0.1153 
2.9801 -0.3799 2.1695 0.3400 0.1462 
2.9801 -0.3799 2.1695 0.3400 0.1462 
2.9601 -0.3699 2.1656 0.3772 0.0779 
2.9501 -0.3799 2.1708 0.3346 0.0621 
2.9901 -0.3899 2.1636 0.2882 0.1775 
2.9701 -0.3499 2.1639 0.4743 0.0985 
2.9801 -0.3799 2.1695 0.3400 0.1462 
2.9701 -0.3499 2.1639 0.4743 0.0985 
2.9601 -0.3699 2.1656 0.3772 0.0779 
2.9801 -0.3799 2.1695 0.3400 0.1462 
2.9901 -0.3599 2.1629 0.4296 0.1668 
2.9701 -0.3499 2.1639 0.4743 0.0985 
2.9901 -0.3899 2.1636 0.2882 0.1775 
3.0101 -0.3599 2.1623 0.4339 0.2360 
2.9901 -0.3599 2.1629 0.4296 0.1668 
3.0001 -0.3899 2.1680 0.2968 0.2152 
3.0001 -0.3899 2.1680 0.2968 0.2152 
2.9901 -0.3599 2.1629 0.4296 0.1668 
2.9901 -0.3899 2.1636 0.2882 0.1775 
2.9701 -0.3499 2.1639 0.4743 0.0985 
2.9501 -0.3499 2.1662 0.4714 0.0546 
2.9601 -0.3699 2.1656 0.3772 0.0779 
2.9901 -0.3599 2.1629 0.4296 0.1668 
2.9801 -0.3499 2.1701 0.4826 0.1366 
2.9701 -0.3499 2.1639 0.4743 0.0985 
3.0081 -0.3399 2.1601 0.5303 0.2208 
2.9901 -0.3599 2.1629 0.4296 0.1668 
3.0101 -0.3599 2.1623 0.4339 0.2360 
2.9701 -0.3899 2.1672 0.2887 0.1153 
2.9801 -0.3999 2.1633 0.2398 0.1471 
2.9901 -0.3899 2.1636 0.2882 0.1775 
2.9801 -0.3799 2.1695 0.3400 0.1462 
2.9701 -0.3899 2.1672 0.2887 0.1153 
2.9901 -0.3899 2.1636 0.2882 0.1775 
2.9701 -0.3499 2.1639 0.4743 0.0985 
2.9601 -0.3399 2.1690 0.5252 0.0723 
2.9501 -0.3499 2.1662 0.4714 0.0546 
2.9701 -0.3299 2.1700 0.5775 0.0979 
2.9701 -0.3499 2.1639 0.4743 0.0985 
2.9801 -0.3499 2.1701 0.4826 0.1366 
2.9901 -0.3399 2.1605 0.5259 0.1576 
2.9701 -0.3299 2.1700 0.5775 0.0979 
2.9901 -0.3599 2.1629 0.4296 0.1668 
2.9901 -0.3599 2.1629 0.4296 0.1668 
2.9701 -0.3299 2.1700 0.5775 0.0979 
2.9801 -0.3499 2.1701 0.4826 0.1366 
3.0081 -0.3399 2.1601 0.5303 0.2208 
2.9901 -0.3399 2.1605 0.5259 0.1576 
2.9901 -0.3599 2.1629 0.4296 0.1668 
2.9701 -0.3299 2.1700 0.5775 0.0979 
2.9601 -0.3399 2.1690 0.5252 0.0723 
2.9701 -0.3499 2.1639 0.4743 0.0985 
3.0001 -0.3299 2.1636 0.5810 0.1920 
2.9701 -0.3199 2.1617 0.6227 0.0863 
2.9901 -0.3399 2.1605 0.5259 0.1576 
2.9901 -0.3399 2.1605 0.5259 0.1576 
2.9701 -0.3199 2.1617 0.6227 0.0863 
2.9701 -0.3299 2.1700 0.5775 0.0979 
3.0081 -0.3399 2.1601 0.5303 0.2208 
3.0001 -0.3299 2.1636 0.5810 0.1920 
2.9901 -0.3399 2.1605 0.5259 0.1576 
2.9501 -0.3228 2.1701 0.6077 0.0533 
2.9701 -0.3299 2.1700 0.5775 0.0979 
2.9701 -0.3199 2.1617 0.6227 0.0863 
3.0001 -0.3299 2.1636 0.5810 0.1920 
2.9901 -0.3199 2.1673 0.6309 0.1572 
2.9701 -0.3199 2.1617 0.6227 0.0863 
2.9701 -0.3199 2.1617 0.6227 0.0863 
2.9601 -0.3099 2.1671 0.6736 0.0630 
2.9501 -0.3228 2.1701 0.6077 0.0533 
2.9801 -0.3099 2.1643 0.6778 0.1169 
2.9601 -0.3099 2.1671 0.6736 0.0630 
2.9701 -0.3199 2.1617 0.6227 0.0863 
2.9801 -0.3099 2.1643 0.6778 0.1169 
2.9701 -0.3199 2.1617 0.6227 0.0863 
2.9901 -0.3199 2.1673 0.6309 0.1572 
2.9901 -0.2999 2.1618 0.7315 0.1448 
2.9801 -0.3099 2.1643 0.6778 0.1169 
2.9901 -0.3199 2.1673 0.6309 0.1572 
2.9601 -0.3099 2.1671 0.6736 0.0630 
2.9801 -0.3099 2.1643 0.6778 0.1169 
2.9701 -0.2999 2.1646 0.7267 0.0827 
2.9901 -0.2999 2.1618 0.7315 0.1448 
2.9701 -0.2999 2.1646 0.7267 0.0827 
2.9801 -0.3099 2.1643 0.6778 0.1169 
2.9601 -0.3399 2.1690 0.5252 0.0723 
2.9501 -0.3399 2.1796 0.5310 0.0596 
2.9501 -0.3499 2.1662 0.4714 0.0546 
2.9501 -0.3299 2.1668 0.5702 0.0531 
2.9601 -0.3399 2.1690 0.5252 0.0723 
2.9601 -0.3299 2.1806 0.5818 0.0798 
2.9601 -0.3399 2.1690 0.5252 0.0723 
2.9501 -0.3299 2.1668 0.5702 0.0531 
2.9501 -0.3399 2.1796 0.5310 0.0596 
2.9601 -0.3299 2.1806 0.5818 0.0798 
2.9601 -0.3399 2.1690 0.5252 0.0723 
2.9701 -0.3299 2.1700 0.5775 0.0979 
2.9501 -0.3228 2.1701 0.6077 0.0533 
2.9501 -0.3299 2.1668 0.5702 0.0531 
2.9601 -0.3299 2.1806 0.5818 0.0798 
2.9601 -0.3299 2.1806 0.5818 0.0798 
2.9701 -0.3299 2.1700 0.5775 0.0979 
2.9501 -0.3228 2.1701 0.6077 0.0533 
2.9701 -0.2999 2.1646 0.7267 0.0827 
2.9601 -0.2799 2.1630 0.8288 0.0550 
2.9601 -0.2899 2.1713 0.7767 0.0614 
2.9801 -0.2899 2.1643 0.7815 0.1098 
2.9601 -0.2799 2.1630 0.8288 0.0550 
2.9701 -0.2999 2.1646 0.7267 0.0827 
2.9901 -0.2999 2.1618 0.7315 0.1448 
2.9801 -0.2899 2.1643 0.7815 0.1098 
2.9701 -0.2999 2.1646 0.7267 0.0827 
3.0001 -0.2899 2.1645 0.7870 0.1791 
2.9901 -0.2999 2.1618 0.7315 0.1448 
3.0101 -0.2999 2.1666 0.7379 0.2200 
2.9801 -0.2699 2.1614 0.8882 0.0997 
2.9701 -0.2799 2.1687 0.8312 0.0803 
2.9801 -0.2899 2.1643 0.7815 0.1098 
2.9801 -0.2899 2.1643 0.7815 0.1098 
2.9701 -0.2799 2.1687 0.8312 0.0803 
2.9601 -0.2799 2.1630 0.8288 0.0550 
2.9801 -0.2899 2.1643 0.7815 0.1098 
2.9901 -0.2799 2.1639 0.8370 0.1397 
2.9801 -0.2699 2.1614 0.8882 0.0997 
2.9901 -0.2799 2.1639 0.8370 0.1397 
3.0001 -0.2799 2.1799 0.8384 0.1895 
3.0001 -0.2699 2.1645 0.8930 0.1721 
2.9901 -0.2699 2.1809 0.8865 0.1529 
2.9901 -0.2799 2.1639 0.8370 0.1397 
3.0001 -0.2699 2.1645 0.8930 0.1721 
2.9701 -0.2799 2.1687 0.8312 0.0803 
2.9601 -0.2599 2.1614 0.9369 0.0529 
2.9601 -0.2799 2.1630 0.8288 0.0550 
2.9901 -0.2599 2.1609 0.9456 0.1293 
2.9601 -0.2599 2.1614 0.9369 0.0529 
2.9801 -0.2699 2.1614 0.8882 0.0997 
2.9801 -0.2699 2.1614 0.8882 0.0997 
2.9601 -0.2599 2.1614 0.9369 0.0529 
2.9701 -0.2799 2.1687 0.8312 0.0803 
2.9801 -0.2699 2.1614 0.8882 0.0997 
2.9901 -0.2699 2.1809 0.8865 0.1529 
2.9901 -0.2599 2.1609 0.9456 0.1293 
2.9901 -0.2699 2.1809 0.8865 0.1529 
3.0001 -0.2699 2.1645 0.8930 0.1721 
2.9901 -0.2599 2.1609 0.9456 0.1293 
3.0001 -0.2499 2.1677 0.9997 0.1680 
2.9901 -0.2599 2.1609 0.9456 0.1293 
3.0001 -0.2699 2.1645 0.8930 0.1721 
2.9601 -0.2899 2.1713 0.7767 0.0614 
2.9601 -0.3099 2.1671 0.6736 0.0630 
2.9701 -0.2999 2.1646 0.7267 0.0827 
2.9801 -0.2899 2.1643 0.7815 0.1098 
2.9901 -0.2999 2.1618 0.7315 0.1448 
3.0001 -0.2899 2.1645 0.7870 0.1791 
3.0001 -0.2899 2.1645 0.7870 0.1791 
2.9901 -0.2799 2.1639 0.8370 0.1397 
2.9801 -0.2899 2.1643 0.7815 0.1098 
2.9901 -0.2799 2.1639 0.8370 0.1397 
3.0001 -0.2899 2.1645 0.7870 0.1791 
3.0001 -0.2799 2.1799 0.8384 0.1895 
2.9901 -0.2799 2.1639 0.8370 0.1397 
2.9901 -0.2699 2.1809 0.8865 0.1529 
2.9801 -0.2699 2.1614 0.8882 0.0997 
2.9901 -0.2599 2.1609 0.9456 0.1293 
2.9901 -0.2499 2.1822 0.9891 0.1473 
2.9601 -0.2599 2.1614 0.9369 0.0529 
2.9601 -0.2599 2.1614 0.9369 0.0529 
2.9901 -0.2499 2.1822 0.9891 0.1473 
2.9601 -0.2499 2.1812 0.9815 0.0596 
2.9901 -0.2499 2.1822 0.9891 0.1473 
2.9901 -0.2599 2.1609 0.9456 0.1293 
3.0001 -0.2499 2.1677 0.9997 0.1680 
3.0201 -0.4499 2.1681 0.0754 0.3006 
3.0001 -0.4399 2.1624 0.0865 0.2265 
2.9901 -0.4499 2.1633 0.0734 0.1968 
3.0301 -0.4399 2.1654 0.0942 0.3304 
3.0001 -0.4399 2.1624 0.0865 0.2265 
3.0201 -0.4499 2.1681 0.0754 0.3006 
3.0201 -0.4499 2.1681 0.0754 0.3006 
3.0401 -0.4499 2.1683 0.0768 0.3681 
3.0301 -0.4399 2.1654 0.0942 0.3304 
3.0301 -0.4399 2.1654 0.0942 0.3304 
3.0001 -0.4199 2.1677 0.1648 0.2243 
3.0001 -0.4399 2.1624 0.0865 0.2265 
3.0201 -0.4199 2.1698 0.1725 0.2933 
3.0101 -0.4199 2.1633 0.1598 0.2552 
3.0301 -0.4399 2.1654 0.0942 0.3304 
3.0301 -0.4399 2.1654 0.0942 0.3304 
3.0101 -0.4199 2.1633 0.1598 0.2552 
3.0001 -0.4199 2.1677 0.1648 0.2243 
3.0301 -0.4099 2.1612 0.2036 0.3204 
3.0201 -0.4199 2.1698 0.1725 0.2933 
3.0301 -0.4399 2.1654 0.0942 0.3304 
3.0401 -0.4199 2.1630 0.1657 0.3587 
3.0301 -0.4099 2.1612 0.2036 0.3204 
3.0401 -0.4499 2.1683 0.0768 0.3681 
3.0401 -0.4499 2.1683 0.0768 0.3681 
3.0301 -0.4099 2.1612 0.2036 0.3204 
3.0301 -0.4399 2.1654 0.0942 0.3304 
3.0101 -0.3999 2.1621 0.2449 0.2483 
2.9901 -0.3899 2.1636 0.2882 0.1775 
3.0101 -0.4199 2.1633 0.1598 0.2552 
3.0101 -0.4199 2.1633 0.1598 0.2552 
2.9901 -0.3899 2.1636 0.2882 0.1775 
3.0001 -0.4199 2.1677 0.1648 0.2243 
3.0201 -0.4199 2.1698 0.1725 0.2933 
3.0101 -0.3999 2.1621 0.2449 0.2483 
3.0101 -0.4199 2.1633 0.1598 0.2552 
3.0301 -0.4099 2.1612 0.2036 0.3204 
3.0101 -0.3999 2.1621 0.2449 0.2483 
3.0201 -0.4199 2.1698 0.1725 0.2933 
3.0401 -0.3999 2.1614 0.2510 0.3530 
3.0301 -0.4099 2.1612 0.2036 0.3204 
3.0401 -0.4199 2.1630 0.1657 0.3587 
3.0601 -0.4099 2.1697 0.2238 0.4277 
3.0401 -0.3999 2.1614 0.2510 0.3530 
3.0401 -0.4199 2.1630 0.1657 0.3587 
3.0401 -0.3999 2.1614 0.2510 0.3530 
3.0101 -0.3799 2.1637 0.3399 0.2433 
3.0301 -0.4099 2.1612 0.2036 0.3204 
3.0301 -0.4099 2.1612 0.2036 0.3204 
3.0101 -0.3799 2.1637 0.3399 0.2433 
3.0101 -0.3999 2.1621 0.2449 0.2483 
3.1101 -0.4199 2.1607 0.1774 0.6043 
3.0901 -0.4099 2.1612 0.2173 0.5319 
3.0901 -0.4299 2.1608 0.1322 0.5353 
3.0801 -0.4399 2.1701 0.1087 0.5020 
3.0801 -0.4399 2.1701 0.1087 0.5020 
3.0701 -0.4399 2.1644 0.0990 0.4675 
3.0801 -0.4399 2.1701 0.1087 0.5020 
3.0701 -0.4399 2.1644 0.0990 0.4675 
3.0801 -0.4499 2.1622 0.0758 0.5038 
3.0801 -0.4399 2.1701 0.1087 0.5020 
3.0801 -0.4399 2.1701 0.1087 0.5020 
3.0801 -0.4499 2.1622 0.0758 0.5038 
3.0901 -0.4399 2.1701 0.1104 0.5361 
3.0801 -0.4399 2.1701 0.1087 0.5020 
3.0801 -0.4499 2.1622 0.0758 0.5038 
3.0901 -0.4399 2.1701 0.1104 0.5361 
3.0801 -0.4499 2.1622 0.0758 0.5038 
3.1001 -0.4499 2.1616 0.0766 0.5732 
3.0601 -0.4199 2.1665 0.1759 0.4292 
3.0401 -0.4199 2.1630 0.1657 0.3587 
3.0701 -0.4399 2.1644 0.0990 0.4675 
3.0801 -0.4299 2.1723 0.1487 0.5003 
3.0601 -0.4199 2.1665 0.1759 0.4292 
3.0701 -0.4399 2.1644 0.0990 0.4675 
3.0701 -0.4399 2.1644 0.0990 0.4675 
3.0801 -0.4399 2.1701 0.1087 0.5020 
3.0801 -0.4299 2.1723 0.1487 0.5003 
3.0901 -0.4399 2.1701 0.1104 0.5361 
3.0901 -0.4299 2.1608 0.1322 0.5353 
3.0820 -0.4299 2.1701 0.1456 0.5069 
3.0801 -0.4399 2.1701 0.1087 0.5020 
3.0901 -0.4399 2.1701 0.1104 0.5361 
3.0820 -0.4299 2.1701 0.1456 0.5069 
3.0801 -0.4199 2.1650 0.1777 0.4984 
3.0601 -0.4199 2.1665 0.1759 0.4292 
3.0801 -0.4299 2.1723 0.1487 0.5003 
3.0901 -0.4299 2.1608 0.1322 0.5353 
3.0801 -0.4199 2.1650 0.1777 0.4984 
3.0820 -0.4299 2.1701 0.1456 0.5069 
3.0901 -0.4299 2.1608 0.1322 0.5353 
3.0901 -0.4099 2.1612 0.2173 0.5319 
3.0801 -0.4199 2.1650 0.1777 0.4984 
3.0601 -0.4199 2.1665 0.1759 0.4292 
3.0601 -0.4099 2.1697 0.2238 0.4277 
3.0401 -0.4199 2.1630 0.1657 0.3587 
3.0701 -0.4099 2.1701 0.2266 0.4622 
3.0601 -0.4099 2.1697 0.2238 0.4277 
3.0801 -0.4199 2.1650 0.1777 0.4984 
3.0801 -0.4199 2.1650 0.1777 0.4984 
3.0601 -0.4099 2.1697 0.2238 0.4277 
3.0601 -0.4199 2.1665 0.1759 0.4292 
3.0701 -0.3999 2.1645 0.2627 0.4595 
3.0701 -0.4099 2.1701 0.2266 0.4622 
3.0801 -0.4199 2.1650 0.1777 0.4984 
3.0901 -0.4099 2.1612 0.2173 0.5319 
3.0701 -0.3999 2.1645 0.2627 0.4595 
3.0801 -0.4199 2.1650 0.1777 0.4984 
3.0701 -0.4099 2.1701 0.2266 0.4622 
3.0401 -0.3999 2.1614 0.2510 0.3530 
3.0601 -0.4099 2.1697 0.2238 0.4277 
3.0901 -0.4099 2.1612 0.2173 0.5319 
3.0901 -0.3999 2.1669 0.2710 0.5298 
3.0701 -0.3999 2.1645 0.2627 0.4595 
3.1101 -0.3899 2.1616 0.3144 0.6000 
3.0901 -0.3999 2.1669 0.2710 0.5298 
3.1101 -0.4199 2.1607 0.1774 0.6043 
3.1101 -0.4199 2.1607 0.1774 0.6043 
3.0901 -0.3999 2.1669 0.2710 0.5298 
3.0901 -0.4099 2.1612 0.2173 0.5319 
3.0801 -0.4399 2.1701 0.1087 0.5020 
3.0801 -0.4399 2.1701 0.1087 0.5020 
3.0801 -0.4399 2.1701 0.1087 0.5020 
3.0801 -0.4399 2.1701 0.1087 0.5020 
3.0801 -0.4399 2.1701 0.1087 0.5020 
3.0801 -0.4399 2.1701 0.1087 0.5020 
3.0801 -0.4299 2.1723 0.1487 0.5003 
3.0801 -0.4399 2.1701 0.1087 0.5020 
3.0801 -0.4399 2.1701 0.1087 0.5020 
3.0820 -0.4299 2.1701 0.1456 0.5069 
3.0801 -0.4399 2.1701 0.1087 0.5020 
3.0801 -0.4399 2.1701 0.1087 0.5020 
3.0801 -0.4299 2.1723 0.1487 0.5003 
3.0801 -0.4399 2.1701 0.1087 0.5020 
3.0820 -0.4299 2.1701 0.1456 0.5069 
3.0801 -0.4199 2.1650 0.1777 0.4984 
3.0801 -0.4299 2.1723 0.1487 0.5003 
3.0820 -0.4299 2.1701 0.1456 0.5069 
3.2001 -0.4499 2.1601 0.0849 0.9238 
3.2001 -0.4499 2.1601 0.0849 0.9238 
3.1901 -0.4542 2.1601 0.0762 0.8886 
3.1901 -0.4542 2.1601 0.0762 0.8886 
3.2101 -0.4599 2.1618 0.0735 0.9565 
3.2001 -0.4499 2.1601 0.0849 0.9238 
3.1401 -0.4399 2.1557 0.0982 0.7151 
3.1301 -0.4399 2.1604 0.1032 0.6772 
3.1401 -0.4499 2.1607 0.0792 0.7129 
3.1601 -0.4399 2.1596 0.1072 0.7833 
3.1401 -0.4399 2.1557 0.0982 0.7151 
3.1401 -0.4499 2.1607 0.0792 0.7129 
3.0901 -0.4399 2.1701 0.1104 0.5361 
3.1201 -0.4299 2.1563 0.1309 0.6426 
3.0901 -0.4299 2.1608 0.1322 0.5353 
3.0901 -0.4399 2.1701 0.1104 0.5361 
3.1301 -0.4399 2.1604 0.1032 0.6772 
3.1201 -0.4299 2.1563 0.1309 0.6426 
3.0901 -0.4299 2.1608 0.1322 0.5353 
3.1201 -0.4299 2.1563 0.1309 0.6426 
3.1101 -0.4199 2.1607 0.1774 0.6043 
3.1401 -0.4199 2.1619 0.1860 0.7099 
3.1401 -0.4099 2.1570 0.2223 0.7119 
3.1201 -0.4099 2.1575 0.2183 0.6398 
3.1201 -0.3999 2.1586 0.2657 0.6382 
3.1101 -0.3899 2.1616 0.3144 0.6000 
3.1201 -0.4099 2.1575 0.2183 0.6398 
3.1201 -0.4099 2.1575 0.2183 0.6398 
3.1101 -0.3899 2.1616 0.3144 0.6000 
3.1101 -0.4156 2.1601 0.1950 0.6039 
3.1401 -0.4099 2.1570 0.2223 0.7119 
3.1201 -0.3999 2.1586 0.2657 0.6382 
3.1201 -0.4099 2.1575 0.2183 0.6398 
3.1301 -0.4399 2.1604 0.1032 0.6772 
3.0901 -0.4399 2.1701 0.1104 0.5361 
3.1001 -0.4499 2.1616 0.0766 0.5732 
3.1201 -0.4299 2.1563 0.1309 0.6426 
3.1301 -0.4399 2.1604 0.1032 0.6772 
3.1301 -0.4199 2.1658 0.1901 0.6727 
3.1401 -0.4399 2.1557 0.0982 0.7151 
3.1301 -0.4199 2.1658 0.1901 0.6727 
3.1301 -0.4399 2.1604 0.1032 0.6772 
3.1501 -0.4199 2.1667 0.1959 0.7420 
3.1401 -0.4399 2.1557 0.0982 0.7151 
3.1601 -0.4399 2.1596 0.1072 0.7833 
3.1101 -0.4199 2.1607 0.1774 0.6043 
3.1201 -0.4199 2.1701 0.1947 0.6362 
3.1201 -0.4199 2.1701 0.1947 0.6362 
3.1101 -0.4199 2.1607 0.1774 0.6043 
3.1201 -0.4299 2.1563 0.1309 0.6426 
3.1201 -0.4199 2.1701 0.1947 0.6362 
3.1201 -0.4299 2.1563 0.1309 0.6426 
3.1301 -0.4199 2.1658 0.1901 0.6727 
3.1201 -0.4199 2.1701 0.1947 0.6362 
3.1201 -0.4199 2.1701 0.1947 0.6362 
3.1301 -0.4199 2.1658 0.1901 0.6727 
3.1201 -0.4199 2.1701 0.1947 0.6362 
3.1401 -0.4199 2.1619 0.1860 0.7099 
3.1301 -0.4199 2.1658 0.1901 0.6727 
3.1401 -0.4399 2.1557 0.0982 0.7151 
3.1501 -0.4199 2.1667 0.1959 0.7420 
3.1401 -0.4199 2.1619 0.1860 0.7099 
3.1401 -0.4399 2.1557 0.0982 0.7151 
3.1201 -0.4199 2.1701 0.1947 0.6362 
3.1101 -0.4156 2.1601 0.1950 0.6039 
3.1101 -0.4199 2.1607 0.1774 0.6043 
3.1201 -0.4199 2.1701 0.1947 0.6362 
3.1201 -0.4199 2.1701 0.1947 0.6362 
3.1101 -0.4156 2.1601 0.1950 0.6039 
3.1201 -0.4199 2.1701 0.1947 0.6362 
3.1201 -0.4099 2.1575 0.2183 0.6398 
3.1101 -0.4156 2.1601 0.1950 0.6039 
3.1301 -0.4199 2.1658 0.1901 0.6727 
3.1201 -0.4199 2.1701 0.1947 0.6362 
3.1201 -0.4199 2.1701 0.1947 0.6362 
3.1301 -0.4199 2.1658 0.1901 0.6727 
3.1201 -0.4099 2.1575 0.2183 0.6398 
3.1201 -0.4199 2.1701 0.1947 0.6362 
3.1301 -0.4199 2.1658 0.1901 0.6727 
3.1401 -0.4199 2.1619 0.1860 0.7099 
3.1201 -0.4099 2.1575 0.2183 0.6398 
3.1101 -0.3899 2.1616 0.3144 0.6000 
3.1101 -0.4199 2.1607 0.1774 0.6043 
3.1101 -0.4156 2.1601 0.1950 0.6039 
3.1201 -0.4199 2.1701 0.1947 0.6362 
3.1201 -0.4199 2.1701 0.1947 0.6362 
3.1201 -0.4199 2.1701 0.1947 0.6362 
3.1201 -0.4199 2.1701 0.1947 0.6362 
3.1201 -0.4199 2.1701 0.1947 0.6362 
3.1201 -0.4199 2.1701 0.1947 0.6362 
3.1201 -0.4199 2.1701 0.1947 0.6362 
3.1201 -0.4199 2.1701 0.1947 0.6362 
3.1201 -0.4199 2.1701 0.1947 0.6362 
3.1201 -0.4199 2.1701 0.1947 0.6362 
3.1201 -0.4199 2.1701 0.1947 0.6362 
3.1201 -0.4199 2.1701 0.1947 0.6362 
3.2001 -0.4499 2.1601 0.0849 0.9238 
3.1901 -0.4399 2.1581 0.1102 0.8909 
3.2001 -0.4499 2.1601 0.0849 0.9238 
3.2001 -0.4499 2.1601 0.0849 0.9238 
3.1901 -0.4399 2.1581 0.1102 0.8909 
3.1901 -0.4542 2.1601 0.0762 0.8886 
3.1901 -0.4299 2.1655 0.1606 0.8831 
3.1901 -0.4399 2.1581 0.1102 0.8909 
3.2101 -0.4199 2.1559 0.1920 0.9656 
3.1701 -0.3899 2.1572 0.3231 0.8193 
3.1401 -0.4099 2.1570 0.2223 0.7119 
3.1401 -0.4199 2.1619 0.1860 0.7099 
3.1401 -0.4499 2.1607 0.0792 0.7129 
3.1701 -0.4499 2.1625 0.0839 0.8163 
3.1601 -0.4399 2.1596 0.1072 0.7833 
3.1601 -0.4399 2.1596 0.1072 0.7833 
3.1701 -0.4499 2.1625 0.0839 0.8163 
3.1801 -0.4399 2.1635 0.1166 0.8502 
3.1801 -0.4499 2.1782 0.1047 0.8368 
3.1801 -0.4399 2.1635 0.1166 0.8502 
3.1701 -0.4499 2.1625 0.0839 0.8163 
3.1801 -0.4399 2.1635 0.1166 0.8502 
3.1801 -0.4499 2.1782 0.1047 0.8368 
3.1901 -0.4399 2.1581 0.1102 0.8909 
3.1801 -0.4499 2.1782 0.1047 0.8368 
3.1901 -0.4542 2.1601 0.0762 0.8886 
3.1901 -0.4399 2.1581 0.1102 0.8909 
3.1901 -0.4399 2.1581 0.1102 0.8909 
3.1901 -0.4299 2.1655 0.1606 0.8831 
3.1801 -0.4399 2.1635 0.1166 0.8502 
3.1701 -0.4199 2.1705 0.2064 0.8086 
3.1501 -0.4199 2.1667 0.1959 0.7420 
3.1601 -0.4399 2.1596 0.1072 0.7833 
3.1801 -0.4399 2.1635 0.1166 0.8502 
3.1701 -0.4199 2.1705 0.2064 0.8086 
3.1601 -0.4399 2.1596 0.1072 0.7833 
3.1901 -0.4299 2.1655 0.1606 0.8831 
3.1701 -0.4199 2.1705 0.2064 0.8086 
3.1801 -0.4399 2.1635 0.1166 0.8502 
3.1718 -0.4099 2.1601 0.2346 0.8233 
3.1401 -0.4199 2.1619 0.1860 0.7099 
3.1701 -0.4199 2.1705 0.2064 0.8086 
3.1701 -0.4199 2.1705 0.2064 0.8086 
3.1401 -0.4199 2.1619 0.1860 0.7099 
3.1501 -0.4199 2.1667 0.1959 0.7420 
3.1718 -0.4099 2.1601 0.2346 0.8233 
3.1701 -0.4199 2.1705 0.2064 0.8086 
3.1701 -0.3899 2.1572 0.3231 0.8193 
3.1901 -0.4099 2.1638 0.2445 0.8850 
3.1701 -0.3899 2.1572 0.3231 0.8193 
3.1901 -0.4299 2.1655 0.1606 0.8831 
3.1901 -0.4299 2.1655 0.1606 0.8831 
3.1701 -0.3899 2.1572 0.3231 0.8193 
3.1701 -0.4199 2.1705 0.2064 0.8086 
3.1401 -0.4199 2.1619 0.1860 0.7099 
3.1718 -0.4099 2.1601 0.2346 0.8233 
3.1701 -0.3899 2.1572 0.3231 0.8193 
3.0101 -0.3799 2.1637 0.3399 0.2433 
3.0001 -0.3899 2.1680 0.2968 0.2152 
3.0101 -0.3999 2.1621 0.2449 0.2483 
3.0101 -0.3999 2.1621 0.2449 0.2483 
3.0001 -0.3899 2.1680 0.2968 0.2152 
2.9901 -0.3899 2.1636 0.2882 0.1775 
3.0301 -0.3799 2.1610 0.3412 0.3121 
3.0101 -0.3799 2.1637 0.3399 0.2433 
3.0401 -0.3999 2.1614 0.2510 0.3530 
3.0501 -0.3899 2.1679 0.3085 0.3880 
3.0301 -0.3799 2.1610 0.3412 0.3121 
3.0401 -0.3999 2.1614 0.2510 0.3530 
3.0643 -0.3799 2.1601 0.3485 0.4339 
3.0301 -0.3799 2.1610 0.3412 0.3121 
3.0501 -0.3899 2.1679 0.3085 0.3880 
3.0101 -0.3599 2.1623 0.4339 0.2360 
3.0001 -0.3899 2.1680 0.2968 0.2152 
3.0101 -0.3799 2.1637 0.3399 0.2433 
3.0301 -0.3699 2.1635 0.3921 0.3106 
3.0101 -0.3599 2.1623 0.4339 0.2360 
3.0101 -0.3799 2.1637 0.3399 0.2433 
3.0301 -0.3799 2.1610 0.3412 0.3121 
3.0301 -0.3699 2.1635 0.3921 0.3106 
3.0101 -0.3799 2.1637 0.3399 0.2433 
3.0501 -0.3599 2.1688 0.4507 0.3811 
3.0301 -0.3699 2.1635 0.3921 0.3106 
3.0643 -0.3799 2.1601 0.3485 0.4339 
3.0643 -0.3799 2.1601 0.3485 0.4339 
3.0301 -0.3699 2.1635 0.3921 0.3106 
3.0301 -0.3799 2.1610 0.3412 0.3121 
3.0201 -0.3499 2.1589 0.4824 0.2662 
3.0101 -0.3599 2.1623 0.4339 0.2360 
3.0301 -0.3699 2.1635 0.3921 0.3106 
3.0501 -0.3599 2.1688 0.4507 0.3811 
3.0201 -0.3499 2.1589 0.4824 0.2662 
3.0301 -0.3699 2.1635 0.3921 0.3106 
3.0201 -0.3499 2.1589 0.4824 0.2662 
3.0081 -0.3399 2.1601 0.5303 0.2208 
3.0101 -0.3599 2.1623 0.4339 0.2360 
3.0201 -0.3499 2.1589 0.4824 0.2662 
3.0501 -0.3599 2.1688 0.4507 0.3811 
3.0401 -0.3499 2.1577 0.4863 0.3380 
3.0401 -0.3499 2.1577 0.4863 0.3380 
3.0501 -0.3599 2.1688 0.4507 0.3811 
3.0501 -0.3399 2.1597 0.5409 0.3728 
3.0801 -0.3799 2.1589 0.3509 0.4908 
3.0643 -0.3799 2.1601 0.3485 0.4339 
3.0701 -0.3899 2.1601 0.3025 0.4569 
3.0643 -0.3799 2.1601 0.3485 0.4339 
3.0801 -0.3799 2.1589 0.3509 0.4908 
3.0801 -0.3699 2.1601 0.4006 0.4889 
3.0701 -0.3699 2.1668 0.4058 0.4536 
3.0643 -0.3799 2.1601 0.3485 0.4339 
3.0801 -0.3699 2.1601 0.4006 0.4889 
3.0801 -0.3699 2.1601 0.4006 0.4889 
3.0801 -0.3699 2.1601 0.4006 0.4889 
3.0901 -0.3699 2.1579 0.4005 0.5252 
3.0801 -0.3699 2.1601 0.4006 0.4889 
3.0801 -0.3799 2.1589 0.3509 0.4908 
3.0901 -0.3699 2.1579 0.4005 0.5252 
3.0801 -0.3599 2.1567 0.4459 0.4867 
3.0766 -0.3599 2.1601 0.4485 0.4741 
3.0801 -0.3699 2.1601 0.4006 0.4889 
3.0801 -0.3699 2.1601 0.4006 0.4889 
3.0801 -0.3699 2.1601 0.4006 0.4889 
3.0901 -0.3699 2.1579 0.4005 0.5252 
3.0801 -0.3699 2.1601 0.4006 0.4889 
3.0901 -0.3699 2.1579 0.4005 0.5252 
3.0801 -0.3599 2.1567 0.4459 0.4867 
3.0601 -0.3599 2.1600 0.4442 0.4142 
3.0701 -0.3599 2.1663 0.4533 0.4515 
3.0801 -0.3399 2.1569 0.5467 0.4827 
3.0501 -0.3399 2.1597 0.5409 0.3728 
3.0601 -0.3599 2.1600 0.4442 0.4142 
3.0801 -0.3399 2.1569 0.5467 0.4827 
3.0701 -0.3599 2.1663 0.4533 0.4515 
3.0766 -0.3599 2.1601 0.4485 0.4741 
3.0801 -0.3599 2.1567 0.4459 0.4867 
3.0701 -0.3599 2.1663 0.4533 0.4515 
3.0801 -0.3599 2.1567 0.4459 0.4867 
3.0801 -0.3399 2.1569 0.5467 0.4827 
3.0901 -0.3499 2.1629 0.5041 0.5214 
3.0801 -0.3599 2.1567 0.4459 0.4867 
3.1001 -0.3499 2.1571 0.5014 0.5586 
3.0701 -0.3999 2.1645 0.2627 0.4595 
3.0501 -0.3899 2.1679 0.3085 0.3880 
3.0701 -0.4099 2.1701 0.2266 0.4622 
3.0701 -0.4099 2.1701 0.2266 0.4622 
3.0501 -0.3899 2.1679 0.3085 0.3880 
3.0401 -0.3999 2.1614 0.2510 0.3530 
3.0801 -0.3899 2.1636 0.3099 0.4928 
3.0701 -0.3899 2.1601 0.3025 0.4569 
3.0901 -0.3999 2.1669 0.2710 0.5298 
3.0901 -0.3999 2.1669 0.2710 0.5298 
3.0701 -0.3899 2.1601 0.3025 0.4569 
3.0701 -0.3999 2.1645 0.2627 0.4595 
3.0901 -0.3899 2.1582 0.3048 0.5287 
3.0801 -0.3899 2.1636 0.3099 0.4928 
3.0901 -0.3999 2.1669 0.2710 0.5298 
3.0701 -0.3999 2.1645 0.2627 0.4595 
3.0643 -0.3799 2.1601 0.3485 0.4339 
3.0501 -0.3899 2.1679 0.3085 0.3880 
3.0643 -0.3799 2.1601 0.3485 0.4339 
3.0701 -0.3899 2.1601 0.3025 0.4569 
3.0701 -0.3899 2.1601 0.3025 0.4569 
3.0643 -0.3799 2.1601 0.3485 0.4339 
3.0701 -0.3999 2.1645 0.2627 0.4595 
3.0701 -0.3899 2.1601 0.3025 0.4569 
3.0701 -0.3899 2.1601 0.3025 0.4569 
3.0801 -0.3899 2.1636 0.3099 0.4928 
3.0801 -0.3799 2.1589 0.3509 0.4908 
3.0701 -0.3899 2.1601 0.3025 0.4569 
3.0801 -0.3899 2.1636 0.3099 0.4928 
3.0701 -0.3899 2.1601 0.3025 0.4569 
3.0901 -0.3899 2.1582 0.3048 0.5287 
3.0901 -0.3799 2.1674 0.3640 0.5263 
3.0801 -0.3799 2.1589 0.3509 0.4908 
3.0901 -0.3899 2.1582 0.3048 0.5287 
3.0801 -0.3799 2.1589 0.3509 0.4908 
3.0801 -0.3899 2.1636 0.3099 0.4928 
3.1001 -0.3799 2.1595 0.3566 0.5630 
3.0901 -0.3799 2.1674 0.3640 0.5263 
3.0901 -0.3899 2.1582 0.3048 0.5287 
3.1001 -0.3799 2.1595 0.3566 0.5630 
3.0901 -0.3899 2.1582 0.3048 0.5287 
3.0901 -0.3999 2.1669 0.2710 0.5298 
3.0801 -0.3699 2.1601 0.4006 0.4889 
3.0701 -0.3699 2.1668 0.4058 0.4536 
3.0801 -0.3699 2.1601 0.4006 0.4889 
3.0801 -0.3699 2.1601 0.4006 0.4889 
3.0801 -0.3699 2.1601 0.4006 0.4889 
3.0801 -0.3699 2.1601 0.4006 0.4889 
3.0901 -0.3699 2.1579 0.4005 0.5252 
3.0801 -0.3799 2.1589 0.3509 0.4908 
3.0901 -0.3799 2.1674 0.3640 0.5263 
3.0901 -0.3699 2.1579 0.4005 0.5252 
3.0901 -0.3799 2.1674 0.3640 0.5263 
3.1001 -0.3799 2.1595 0.3566 0.5630 
3.0601 -0.3599 2.1600 0.4442 0.4142 
3.0501 -0.3599 2.1688 0.4507 0.3811 
3.0643 -0.3799 2.1601 0.3485 0.4339 
3.0601 -0.3599 2.1600 0.4442 0.4142 
3.0643 -0.3799 2.1601 0.3485 0.4339 
3.0701 -0.3599 2.1663 0.4533 0.4515 
3.0643 -0.3799 2.1601 0.3485 0.4339 
3.0701 -0.3699 2.1668 0.4058 0.4536 
3.0701 -0.3599 2.1663 0.4533 0.4515 
3.0766 -0.3599 2.1601 0.4485 0.4741 
3.0801 -0.3699 2.1601 0.4006 0.4889 
3.0801 -0.3699 2.1601 0.4006 0.4889 
3.0766 -0.3599 2.1601 0.4485 0.4741 
3.0701 -0.3599 2.1663 0.4533 0.4515 
3.0801 -0.3699 2.1601 0.4006 0.4889 
3.0701 -0.3599 2.1663 0.4533 0.4515 
3.0701 -0.3699 2.1668 0.4058 0.4536 
3.0801 -0.3699 2.1601 0.4006 0.4889 
3.0801 -0.3699 2.1601 0.4006 0.4889 
3.0801 -0.3699 2.1601 0.4006 0.4889 
3.0801 -0.3699 2.1601 0.4006 0.4889 
3.0801 -0.3599 2.1567 0.4459 0.4867 
3.0901 -0.3699 2.1579 0.4005 0.5252 
3.1101 -0.3599 2.1663 0.4632 0.5946 
3.0601 -0.3599 2.1600 0.4442 0.4142 
3.0501 -0.3399 2.1597 0.5409 0.3728 
3.0501 -0.3599 2.1688 0.4507 0.3811 
3.1001 -0.3499 2.1571 0.5014 0.5586 
3.0801 -0.3599 2.1567 0.4459 0.4867 
3.1101 -0.3599 2.1663 0.4632 0.5946 
3.0081 -0.3399 2.1601 0.5303 0.2208 
3.0101 -0.3299 2.1731 0.5897 0.2347 
3.0001 -0.3299 2.1636 0.5810 0.1920 
3.0081 -0.3399 2.1601 0.5303 0.2208 
3.0201 -0.3499 2.1589 0.4824 0.2662 
3.0101 -0.3299 2.1731 0.5897 0.2347 
3.0401 -0.3199 2.1630 0.6419 0.3324 
3.0101 -0.3299 2.1731 0.5897 0.2347 
3.0201 -0.3499 2.1589 0.4824 0.2662 
3.0401 -0.3199 2.1630 0.6419 0.3324 
3.0201 -0.3499 2.1589 0.4824 0.2662 
3.0401 -0.3499 2.1577 0.4863 0.3380 
3.0401 -0.3499 2.1577 0.4863 0.3380 
3.0501 -0.3399 2.1597 0.5409 0.3728 
3.0401 -0.3199 2.1630 0.6419 0.3324 
3.0101 -0.3299 2.1731 0.5897 0.2347 
3.0101 -0.3199 2.1611 0.6330 0.2221 
3.0001 -0.3299 2.1636 0.5810 0.1920 
3.0001 -0.3299 2.1636 0.5810 0.1920 
3.0101 -0.3199 2.1611 0.6330 0.2221 
2.9901 -0.3199 2.1673 0.6309 0.1572 
3.0301 -0.3199 2.1595 0.6375 0.2938 
3.0101 -0.3299 2.1731 0.5897 0.2347 
3.0401 -0.3199 2.1630 0.6419 0.3324 
3.0301 -0.3199 2.1595 0.6375 0.2938 
3.0101 -0.3199 2.1611 0.6330 0.2221 
3.0101 -0.3299 2.1731 0.5897 0.2347 
3.0501 -0.3199 2.1601 0.6432 0.3678 
3.0401 -0.3199 2.1630 0.6419 0.3324 
3.0601 -0.3299 2.1680 0.5994 0.4093 
3.0601 -0.3299 2.1680 0.5994 0.4093 
3.0401 -0.3199 2.1630 0.6419 0.3324 
3.0501 -0.3399 2.1597 0.5409 0.3728 
3.0101 -0.3199 2.1611 0.6330 0.2221 
2.9901 -0.2999 2.1618 0.7315 0.1448 
2.9901 -0.3199 2.1673 0.6309 0.1572 
3.0301 -0.3199 2.1595 0.6375 0.2938 
3.0201 -0.3099 2.1629 0.6879 0.2565 
3.0101 -0.3199 2.1611 0.6330 0.2221 
3.0301 -0.3199 2.1595 0.6375 0.2938 
3.0401 -0.3199 2.1630 0.6419 0.3324 
3.0201 -0.3099 2.1629 0.6879 0.2565 
3.0401 -0.3199 2.1630 0.6419 0.3324 
3.0468 -0.3099 2.1601 0.6941 0.3531 
3.0201 -0.3099 2.1629 0.6879 0.2565 
3.0468 -0.3099 2.1601 0.6941 0.3531 
3.0501 -0.3199 2.1601 0.6432 0.3678 
3.0501 -0.3199 2.1601 0.6432 0.3678 
3.0468 -0.3099 2.1601 0.6941 0.3531 
3.0401 -0.3199 2.1630 0.6419 0.3324 
3.0501 -0.3199 2.1601 0.6432 0.3678 
3.0101 -0.3199 2.1611 0.6330 0.2221 
3.0101 -0.2999 2.1666 0.7379 0.2200 
2.9901 -0.2999 2.1618 0.7315 0.1448 
3.0201 -0.3099 2.1629 0.6879 0.2565 
3.0101 -0.2999 2.1666 0.7379 0.2200 
3.0101 -0.3199 2.1611 0.6330 0.2221 
3.0201 -0.3099 2.1629 0.6879 0.2565 
3.0301 -0.2999 2.1824 0.7462 0.3014 
3.0101 -0.2999 2.1666 0.7379 0.2200 
3.0468 -0.3099 2.1601 0.6941 0.3531 
3.0301 -0.2999 2.1824 0.7462 0.3014 
3.0201 -0.3099 2.1629 0.6879 0.2565 
3.0301 -0.2999 2.1824 0.7462 0.3014 
3.0468 -0.3099 2.1601 0.6941 0.3531 
3.0501 -0.2999 2.1642 0.7482 0.3642 
3.0901 -0.3499 2.1629 0.5041 0.5214 
3.0901 -0.3299 2.1565 0.6003 0.5180 
3.0801 -0.3599 2.1567 0.4459 0.4867 
3.0801 -0.3599 2.1567 0.4459 0.4867 
3.0901 -0.3299 2.1565 0.6003 0.5180 
3.0801 -0.3399 2.1569 0.5467 0.4827 
3.0801 -0.3199 2.1572 0.6498 0.4787 
3.0901 -0.3299 2.1565 0.6003 0.5180 
3.0801 -0.3099 2.1639 0.7043 0.4771 
3.1101 -0.3199 2.1591 0.6588 0.5907 
3.0801 -0.3099 2.1639 0.7043 0.4771 
3.0901 -0.3299 2.1565 0.6003 0.5180 
3.0501 -0.3199 2.1601 0.6432 0.3678 
3.0501 -0.3199 2.1601 0.6432 0.3678 
3.0601 -0.3199 2.1557 0.6437 0.4034 
3.0501 -0.3199 2.1601 0.6432 0.3678 
3.0601 -0.3199 2.1557 0.6437 0.4034 
3.0468 -0.3099 2.1601 0.6941 0.3531 
3.0468 -0.3099 2.1601 0.6941 0.3531 
3.0601 -0.3199 2.1557 0.6437 0.4034 
3.0701 -0.2999 2.1624 0.7533 0.4377 
3.0801 -0.3199 2.1572 0.6498 0.4787 
3.0701 -0.2999 2.1624 0.7533 0.4377 
3.0601 -0.3199 2.1557 0.6437 0.4034 
3.0801 -0.3199 2.1572 0.6498 0.4787 
3.0801 -0.3099 2.1639 0.7043 0.4771 
3.0701 -0.2999 2.1624 0.7533 0.4377 
3.0501 -0.2999 2.1642 0.7482 0.3642 
3.0468 -0.3099 2.1601 0.6941 0.3531 
3.0701 -0.2999 2.1624 0.7533 0.4377 
3.0901 -0.3299 2.1565 0.6003 0.5180 
3.0901 -0.3499 2.1629 0.5041 0.5214 
3.1001 -0.3499 2.1571 0.5014 0.5586 
3.0601 -0.3299 2.1680 0.5994 0.4093 
3.0501 -0.3399 2.1597 0.5409 0.3728 
3.0701 -0.3299 2.1704 0.6034 0.4457 
3.0501 -0.3399 2.1597 0.5409 0.3728 
3.0801 -0.3399 2.1569 0.5467 0.4827 
3.0701 -0.3299 2.1704 0.6034 0.4457 
3.0901 -0.3299 2.1565 0.6003 0.5180 
3.0701 -0.3299 2.1704 0.6034 0.4457 
3.0801 -0.3399 2.1569 0.5467 0.4827 
3.0501 -0.3199 2.1601 0.6432 0.3678 
3.0601 -0.3299 2.1680 0.5994 0.4093 
3.0601 -0.3199 2.1557 0.6437 0.4034 
3.0501 -0.3199 2.1601 0.6432 0.3678 
3.0501 -0.3199 2.1601 0.6432 0.3678 
3.0601 -0.3299 2.1680 0.5994 0.4093 
3.0701 -0.3299 2.1704 0.6034 0.4457 
3.0601 -0.3199 2.1557 0.6437 0.4034 
3.0601 -0.3299 2.1680 0.5994 0.4093 
3.0701 -0.3299 2.1704 0.6034 0.4457 
3.0801 -0.3199 2.1572 0.6498 0.4787 
3.0601 -0.3199 2.1557 0.6437 0.4034 
3.0801 -0.3199 2.1572 0.6498 0.4787 
3.0701 -0.3299 2.1704 0.6034 0.4457 
3.0901 -0.3299 2.1565 0.6003 0.5180 
3.0501 -0.3199 2.1601 0.6432 0.3678 
3.0501 -0.3199 2.1601 0.6432 0.3678 
3.0501 -0.3199 2.1601 0.6432 0.3678 
3.1101 -0.3199 2.1591 0.6588 0.5907 
3.0701 -0.2999 2.1624 0.7533 0.4377 
3.0801 -0.3099 2.1639 0.7043 0.4771 
3.0901 -0.2999 2.1678 0.7595 0.5120 
3.0701 -0.2999 2.1624 0.7533 0.4377 
3.1101 -0.3199 2.1591 0.6588 0.5907 
3.1401 -0.3799 2.1605 0.3678 0.7074 
3.1201 -0.3999 2.1586 0.2657 0.6382 
3.1401 -0.4099 2.1570 0.2223 0.7119 
3.1101 -0.3899 2.1616 0.3144 0.6000 
3.1201 -0.3699 2.1576 0.4077 0.6349 
3.1001 -0.3799 2.1595 0.3566 0.5630 
3.1201 -0.3699 2.1576 0.4077 0.6349 
3.0901 -0.3699 2.1579 0.4005 0.5252 
3.1001 -0.3799 2.1595 0.3566 0.5630 
3.0901 -0.3699 2.1579 0.4005 0.5252 
3.1201 -0.3699 2.1576 0.4077 0.6349 
3.1401 -0.3599 2.1567 0.4614 0.7079 
3.1201 -0.3699 2.1576 0.4077 0.6349 
3.1301 -0.3699 2.1606 0.4137 0.6701 
3.1401 -0.3599 2.1567 0.4614 0.7079 
3.1601 -0.3699 2.1581 0.4185 0.7813 
3.1401 -0.3599 2.1567 0.4614 0.7079 
3.1301 -0.3699 2.1606 0.4137 0.6701 
3.1301 -0.3799 2.1685 0.3751 0.6674 
3.1101 -0.3899 2.1616 0.3144 0.6000 
3.1201 -0.3999 2.1586 0.2657 0.6382 
3.0901 -0.3999 2.1669 0.2710 0.5298 
3.1101 -0.3899 2.1616 0.3144 0.6000 
3.1001 -0.3799 2.1595 0.3566 0.5630 
3.1101 -0.3899 2.1616 0.3144 0.6000 
3.1301 -0.3799 2.1685 0.3751 0.6674 
3.1201 -0.3699 2.1576 0.4077 0.6349 
3.1401 -0.3799 2.1605 0.3678 0.7074 
3.1301 -0.3799 2.1685 0.3751 0.6674 
3.1201 -0.3999 2.1586 0.2657 0.6382 
3.1201 -0.3699 2.1576 0.4077 0.6349 
3.1301 -0.3799 2.1685 0.3751 0.6674 
3.1301 -0.3699 2.1606 0.4137 0.6701 
3.1401 -0.3799 2.1605 0.3678 0.7074 
3.1301 -0.3699 2.1606 0.4137 0.6701 
3.1301 -0.3799 2.1685 0.3751 0.6674 
3.1401 -0.3599 2.1567 0.4614 0.7079 
3.1101 -0.3599 2.1663 0.4632 0.5946 
3.0901 -0.3699 2.1579 0.4005 0.5252 
3.1001 -0.3499 2.1571 0.5014 0.5586 
3.1401 -0.3599 2.1567 0.4614 0.7079 
3.1201 -0.3399 2.1576 0.5577 0.6312 
3.1101 -0.3599 2.1663 0.4632 0.5946 
3.1401 -0.3599 2.1567 0.4614 0.7079 
3.1001 -0.3499 2.1571 0.5014 0.5586 
3.1401 -0.3799 2.1605 0.3678 0.7074 
3.1401 -0.4099 2.1570 0.2223 0.7119 
3.1701 -0.3899 2.1572 0.3231 0.8193 
3.1701 -0.3899 2.1572 0.3231 0.8193 
3.1901 -0.4099 2.1638 0.2445 0.8850 
3.1901 -0.3799 2.1547 0.3731 0.8952 
3.1901 -0.4099 2.1638 0.2445 0.8850 
3.2001 -0.3999 2.1656 0.2952 0.9185 
3.2001 -0.3899 2.1574 0.3307 0.9286 
3.1901 -0.4099 2.1638 0.2445 0.8850 
3.2001 -0.3899 2.1574 0.3307 0.9286 
3.1901 -0.3799 2.1547 0.3731 0.8952 
3.1401 -0.3799 2.1605 0.3678 0.7074 
3.1701 -0.3899 2.1572 0.3231 0.8193 
3.1601 -0.3699 2.1581 0.4185 0.7813 
3.1701 -0.3899 2.1572 0.3231 0.8193 
3.1701 -0.3799 2.1617 0.3768 0.8150 
3.1601 -0.3699 2.1581 0.4185 0.7813 
3.1701 -0.3799 2.1617 0.3768 0.8150 
3.1701 -0.3899 2.1572 0.3231 0.8193 
3.1901 -0.3799 2.1547 0.3731 0.8952 
3.1901 -0.3799 2.1547 0.3731 0.8952 
3.1701 -0.3599 2.1587 0.4711 0.8171 
3.1701 -0.3799 2.1617 0.3768 0.8150 
3.1901 -0.3799 2.1547 0.3731 0.8952 
3.1801 -0.3599 2.1644 0.4792 0.8482 
3.1701 -0.3599 2.1587 0.4711 0.8171 
3.1901 -0.3799 2.1547 0.3731 0.8952 
3.2001 -0.3899 2.1574 0.3307 0.9286 
3.2001 -0.3699 2.1580 0.4286 0.9284 
3.1701 -0.3499 2.1543 0.5174 0.8209 
3.1501 -0.3399 2.1558 0.5643 0.7442 
3.1701 -0.3599 2.1587 0.4711 0.8171 
3.1701 -0.3599 2.1587 0.4711 0.8171 
3.1501 -0.3399 2.1558 0.5643 0.7442 
3.1601 -0.3699 2.1581 0.4185 0.7813 
3.1801 -0.3599 2.1644 0.4792 0.8482 
3.1701 -0.3499 2.1543 0.5174 0.8209 
3.1701 -0.3599 2.1587 0.4711 0.8171 
3.1901 -0.3499 2.1571 0.5250 0.8928 
3.1701 -0.3499 2.1543 0.5174 0.8209 
3.1801 -0.3599 2.1644 0.4792 0.8482 
3.1601 -0.3699 2.1581 0.4185 0.7813 
3.1301 -0.3699 2.1606 0.4137 0.6701 
3.1401 -0.3799 2.1605 0.3678 0.7074 
3.2001 -0.3699 2.1580 0.4286 0.9284 
3.1801 -0.3599 2.1644 0.4792 0.8482 
3.1901 -0.3799 2.1547 0.3731 0.8952 
3.1701 -0.3599 2.1587 0.4711 0.8171 
3.1601 -0.3699 2.1581 0.4185 0.7813 
3.1701 -0.3799 2.1617 0.3768 0.8150 
3.1901 -0.3499 2.1571 0.5250 0.8928 
3.1801 -0.3599 2.1644 0.4792 0.8482 
3.2001 -0.3699 2.1580 0.4286 0.9284 
3.1101 -0.3399 2.1631 0.5592 0.5926 
3.0901 -0.3299 2.1565 0.6003 0.5180 
3.1001 -0.3499 2.1571 0.5014 0.5586 
3.1201 -0.3399 2.1576 0.5577 0.6312 
3.1101 -0.3399 2.1631 0.5592 0.5926 
3.1001 -0.3499 2.1571 0.5014 0.5586 
3.1501 -0.3399 2.1558 0.5643 0.7442 
3.1201 -0.3399 2.1576 0.5577 0.6312 
3.1401 -0.3599 2.1567 0.4614 0.7079 
3.1601 -0.3699 2.1581 0.4185 0.7813 
3.1501 -0.3399 2.1558 0.5643 0.7442 
3.1401 -0.3599 2.1567 0.4614 0.7079 
3.0901 -0.3299 2.1565 0.6003 0.5180 
3.1201 -0.3199 2.1638 0.6635 0.6264 
3.1101 -0.3199 2.1591 0.6588 0.5907 
3.1201 -0.3199 2.1638 0.6635 0.6264 
3.1201 -0.3099 2.1556 0.7127 0.6281 
3.1101 -0.3199 2.1591 0.6588 0.5907 
3.1101 -0.3099 2.1650 0.7127 0.5877 
3.1101 -0.3199 2.1591 0.6588 0.5907 
3.1201 -0.3099 2.1556 0.7127 0.6281 
3.1201 -0.3199 2.1638 0.6635 0.6264 
3.1301 -0.3199 2.1593 0.6643 0.6654 
3.1201 -0.3099 2.1556 0.7127 0.6281 
3.1501 -0.3199 2.1577 0.6690 0.7415 
3.1401 -0.3099 2.1581 0.7189 0.7027 
3.1301 -0.3199 2.1593 0.6643 0.6654 
3.1101 -0.3099 2.1650 0.7127 0.5877 
3.1201 -0.3099 2.1556 0.7127 0.6281 
3.1101 -0.2999 2.1566 0.7634 0.5884 
3.1401 -0.3099 2.1581 0.7189 0.7027 
3.1101 -0.2999 2.1566 0.7634 0.5884 
3.1301 -0.3199 2.1593 0.6643 0.6654 
3.1301 -0.3199 2.1593 0.6643 0.6654 
3.1101 -0.2999 2.1566 0.7634 0.5884 
3.1201 -0.3099 2.1556 0.7127 0.6281 
3.1401 -0.3099 2.1581 0.7189 0.7027 
3.1501 -0.2999 2.1559 0.7744 0.7414 
3.1401 -0.2999 2.1601 0.7721 0.7006 
3.1201 -0.3199 2.1638 0.6635 0.6264 
3.0901 -0.3299 2.1565 0.6003 0.5180 
3.1101 -0.3399 2.1631 0.5592 0.5926 
3.1201 -0.3399 2.1576 0.5577 0.6312 
3.1201 -0.3199 2.1638 0.6635 0.6264 
3.1101 -0.3399 2.1631 0.5592 0.5926 
3.1501 -0.3399 2.1558 0.5643 0.7442 
3.1401 -0.3299 2.1684 0.6204 0.6985 
3.1201 -0.3399 2.1576 0.5577 0.6312 
3.1301 -0.3199 2.1593 0.6643 0.6654 
3.1201 -0.3199 2.1638 0.6635 0.6264 
3.1401 -0.3299 2.1684 0.6204 0.6985 
3.1201 -0.3199 2.1638 0.6635 0.6264 
3.1201 -0.3399 2.1576 0.5577 0.6312 
3.1401 -0.3299 2.1684 0.6204 0.6985 
3.1301 -0.3199 2.1593 0.6643 0.6654 
3.1401 -0.3299 2.1684 0.6204 0.6985 
3.1501 -0.3199 2.1577 0.6690 0.7415 
3.1101 -0.3099 2.1650 0.7127 0.5877 
3.0901 -0.2999 2.1678 0.7595 0.5120 
3.1101 -0.3199 2.1591 0.6588 0.5907 
3.0901 -0.2999 2.1678 0.7595 0.5120 
3.1101 -0.3099 2.1650 0.7127 0.5877 
3.1101 -0.2999 2.1566 0.7634 0.5884 
3.1501 -0.2999 2.1559 0.7744 0.7414 
3.1401 -0.3099 2.1581 0.7189 0.7027 
3.1501 -0.3199 2.1577 0.6690 0.7415 
3.1901 -0.3399 2.1655 0.5816 0.8834 
3.1701 -0.3399 2.1583 0.5715 0.8169 
3.1701 -0.3499 2.1543 0.5174 0.8209 
3.1901 -0.3399 2.1655 0.5816 0.8834 
3.1701 -0.3499 2.1543 0.5174 0.8209 
3.1901 -0.3499 2.1571 0.5250 0.8928 
3.1901 -0.3399 2.1655 0.5816 0.8834 
3.1901 -0.3499 2.1571 0.5250 0.8928 
3.1901 -0.3299 2.1553 0.6265 0.8951 
3.1901 -0.3299 2.1553 0.6265 0.8951 
3.1901 -0.3499 2.1571 0.5250 0.8928 
3.2101 -0.3599 2.1569 0.4797 0.9672 
3.1601 -0.3299 2.1546 0.6180 0.7822 
3.1501 -0.3399 2.1558 0.5643 0.7442 
3.1701 -0.3499 2.1543 0.5174 0.8209 
3.1701 -0.3199 2.1617 0.6760 0.8131 
3.1601 -0.3299 2.1546 0.6180 0.7822 
3.1701 -0.3399 2.1583 0.5715 0.8169 
3.1701 -0.3399 2.1583 0.5715 0.8169 
3.1601 -0.3299 2.1546 0.6180 0.7822 
3.1701 -0.3499 2.1543 0.5174 0.8209 
3.1901 -0.3299 2.1553 0.6265 0.8951 
3.1701 -0.3399 2.1583 0.5715 0.8169 
3.1901 -0.3399 2.1655 0.5816 0.8834 
3.1501 -0.3199 2.1577 0.6690 0.7415 
3.1601 -0.3299 2.1546 0.6180 0.7822 
3.1701 -0.3199 2.1617 0.6760 0.8131 
3.1901 -0.3299 2.1553 0.6265 0.8951 
3.1701 -0.3199 2.1617 0.6760 0.8131 
3.1701 -0.3399 2.1583 0.5715 0.8169 
3.1901 -0.3199 2.1659 0.6829 0.8831 
3.1901 -0.3299 2.1553 0.6265 0.8951 
3.2101 -0.3199 2.1546 0.6841 0.9723 
3.1501 -0.2999 2.1559 0.7744 0.7414 
3.1501 -0.3199 2.1577 0.6690 0.7415 
3.1701 -0.3199 2.1617 0.6760 0.8131 
3.1701 -0.3199 2.1617 0.6760 0.8131 
3.1601 -0.2899 2.1575 0.8311 0.7778 
3.1501 -0.2999 2.1559 0.7744 0.7414 
3.1701 -0.3199 2.1617 0.6760 0.8131 
3.1901 -0.3199 2.1659 0.6829 0.8831 
3.1901 -0.3099 2.1545 0.7317 0.8962 
3.1701 -0.3199 2.1617 0.6760 0.8131 
3.1901 -0.3099 2.1545 0.7317 0.8962 
3.1601 -0.2899 2.1575 0.8311 0.7778 
3.1901 -0.3199 2.1659 0.6829 0.8831 
3.2101 -0.3199 2.1546 0.6841 0.9723 
3.1901 -0.3099 2.1545 0.7317 0.8962 
3.1901 -0.3099 2.1545 0.7317 0.8962 
3.1701 -0.2899 2.1594 0.8338 0.8143 
3.1601 -0.2899 2.1575 0.8311 0.7778 
3.1901 -0.2799 2.1531 0.8952 0.8983 
3.1701 -0.2899 2.1594 0.8338 0.8143 
3.2101 -0.3199 2.1546 0.6841 0.9723 
3.2101 -0.3199 2.1546 0.6841 0.9723 
3.1701 -0.2899 2.1594 0.8338 0.8143 
3.1901 -0.3099 2.1545 0.7317 0.8962 
3.1601 -0.3299 2.1546 0.6180 0.7822 
3.1401 -0.3299 2.1684 0.6204 0.6985 
3.1501 -0.3399 2.1558 0.5643 0.7442 
3.1501 -0.3199 2.1577 0.6690 0.7415 
3.1401 -0.3299 2.1684 0.6204 0.6985 
3.1601 -0.3299 2.1546 0.6180 0.7822 
3.1701 -0.3199 2.1617 0.6760 0.8131 
3.1901 -0.3299 2.1553 0.6265 0.8951 
3.1901 -0.3199 2.1659 0.6829 0.8831 
3.2001 -0.4499 2.1601 0.0849 0.9238 
3.2001 -0.4499 2.1601 0.0849 0.9238 
3.2001 -0.4499 2.1601 0.0849 0.9238 
3.2001 -0.4499 2.1601 0.0849 0.9238 
3.2101 -0.4499 2.1678 0.0954 0.9494 
3.2001 -0.4499 2.1601 0.0849 0.9238 
3.2001 -0.4499 2.1601 0.0849 0.9238 
3.2101 -0.4599 2.1618 0.0735 0.9565 
3.2101 -0.4499 2.1678 0.0954 0.9494 
3.2001 -0.4499 2.1601 0.0849 0.9238 
3.2101 -0.4399 2.1596 0.1162 0.9600 
3.2001 -0.4499 2.1601 0.0849 0.9238 
3.2001 -0.4499 2.1601 0.0849 0.9238 
3.2001 -0.4499 2.1601 0.0849 0.9238 
3.2101 -0.4399 2.1596 0.1162 0.9600 
3.1901 -0.4299 2.1655 0.1606 0.8831 
3.2101 -0.4199 2.1559 0.1920 0.9656 
3.1901 -0.4099 2.1638 0.2445 0.8850 
3.1901 -0.4099 2.1638 0.2445 0.8850 
3.2101 -0.4199 2.1559 0.1920 0.9656 
3.2101 -0.3999 2.1576 0.2861 0.9643 
3.2101 -0.4399 2.1596 0.1162 0.9600 
3.1901 -0.4399 2.1581 0.1102 0.8909 
3.2001 -0.4499 2.1601 0.0849 0.9238 
3.2101 -0.4399 2.1596 0.1162 0.9600 
3.2001 -0.4499 2.1601 0.0849 0.9238 
3.2101 -0.4499 2.1678 0.0954 0.9494 
3.2101 -0.4199 2.1559 0.1920 0.9656 
3.1901 -0.4399 2.1581 0.1102 0.8909 
3.2101 -0.4399 2.1596 0.1162 0.9600 
3.2001 -0.3999 2.1656 0.2952 0.9185 
3.1901 -0.4099 2.1638 0.2445 0.8850 
3.2101 -0.3999 2.1576 0.2861 0.9643 
3.2001 -0.3999 2.1656 0.2952 0.9185 
3.2101 -0.3999 2.1576 0.2861 0.9643 
3.2001 -0.3899 2.1574 0.3307 0.9286 
3.2001 -0.3899 2.1574 0.3307 0.9286 
3.2101 -0.3999 2.1576 0.2861 0.9643 
3.2101 -0.3799 2.1555 0.3791 0.9681 
3.2001 -0.3899 2.1574 0.3307 0.9286 
3.2101 -0.3799 2.1555 0.3791 0.9681 
3.2001 -0.3699 2.1580 0.4286 0.9284 
3.2001 -0.3699 2.1580 0.4286 0.9284 
3.2101 -0.3799 2.1555 0.3791 0.9681 
3.2201 -0.3699 2.1599 0.4358 0.9993 
3.2101 -0.3599 2.1569 0.4797 0.9672 
3.1901 -0.3499 2.1571 0.5250 0.8928 
3.2201 -0.3699 2.1599 0.4358 0.9993 
3.2201 -0.3699 2.1599 0.4358 0.9993 
3.1901 -0.3499 2.1571 0.5250 0.8928 
3.2001 -0.3699 2.1580 0.4286 0.9284 
3.2101 -0.3599 2.1569 0.4797 0.9672 
3.2178 -0.3299 2.1601 0.6365 0.9929 
3.1901 -0.3299 2.1553 0.6265 0.8951 
3.1901 -0.3299 2.1553 0.6265 0.8951 
3.2178 -0.3299 2.1601 0.6365 0.9929 
3.2101 -0.3199 2.1546 0.6841 0.9723 
3.2201 -0.2899 2.1643 0.8472 0.9979 
3.1901 -0.2799 2.1531 0.8952 0.8983 
3.2101 -0.3199 2.1546 0.6841 0.9723 
3.0401 -0.2799 2.1586 0.8515 0.3187 
3.0701 -0.2599 2.1552 0.9712 0.4268 
3.0501 -0.2699 2.1567 0.9093 0.3529 
3.0101 -0.2999 2.1666 0.7379 0.2200 
3.0301 -0.2899 2.1636 0.7951 0.2874 
3.0001 -0.2899 2.1645 0.7870 0.1791 
3.0001 -0.2799 2.1799 0.8384 0.1895 
3.0001 -0.2899 2.1645 0.7870 0.1791 
3.0101 -0.2799 2.1636 0.8425 0.2109 
3.0301 -0.2899 2.1636 0.7951 0.2874 
3.0101 -0.2799 2.1636 0.8425 0.2109 
3.0001 -0.2899 2.1645 0.7870 0.1791 
3.0401 -0.2799 2.1586 0.8515 0.3187 
3.0301 -0.2899 2.1636 0.7951 0.2874 
3.0401 -0.2899 2.1820 0.7985 0.3334 
3.0601 -0.2799 2.1621 0.8566 0.3955 
3.0401 -0.2799 2.1586 0.8515 0.3187 
3.0401 -0.2899 2.1820 0.7985 0.3334 
3.0001 -0.2799 2.1799 0.8384 0.1895 
3.0101 -0.2799 2.1636 0.8425 0.2109 
3.0001 -0.2699 2.1645 0.8930 0.1721 
3.0001 -0.2699 2.1645 0.8930 0.1721 
3.0101 -0.2799 2.1636 0.8425 0.2109 
3.0201 -0.2699 2.1636 0.8989 0.2442 
3.0401 -0.2799 2.1586 0.8515 0.3187 
3.0201 -0.2699 2.1636 0.8989 0.2442 
3.0301 -0.2899 2.1636 0.7951 0.2874 
3.0201 -0.2699 2.1636 0.8989 0.2442 
3.0101 -0.2799 2.1636 0.8425 0.2109 
3.0301 -0.2899 2.1636 0.7951 0.2874 
3.0001 -0.2499 2.1677 0.9997 0.1680 
3.0001 -0.2699 2.1645 0.8930 0.1721 
3.0201 -0.2699 2.1636 0.8989 0.2442 
3.0301 -0.2899 2.1636 0.7951 0.2874 
3.0101 -0.2999 2.1666 0.7379 0.2200 
3.0301 -0.2999 2.1824 0.7462 0.3014 
3.0301 -0.2999 2.1824 0.7462 0.3014 
3.0401 -0.2899 2.1820 0.7985 0.3334 
3.0301 -0.2899 2.1636 0.7951 0.2874 
3.0401 -0.2899 2.1820 0.7985 0.3334 
3.0301 -0.2999 2.1824 0.7462 0.3014 
3.0501 -0.2999 2.1642 0.7482 0.3642 
3.0901 -0.2999 2.1678 0.7595 0.5120 
3.1101 -0.2999 2.1566 0.7634 0.5884 
3.0801 -0.2899 2.1633 0.8088 0.4729 
3.0801 -0.2899 2.1633 0.8088 0.4729 
3.1101 -0.2999 2.1566 0.7634 0.5884 
3.0901 -0.2799 2.1577 0.8657 0.5085 
3.0701 -0.2699 2.1613 0.9136 0.4305 
3.0701 -0.2599 2.1552 0.9712 0.4268 
3.0601 -0.2799 2.1621 0.8566 0.3955 
3.0801 -0.2699 2.1591 0.9171 0.4682 
3.0901 -0.2799 2.1577 0.8657 0.5085 
3.0901 -0.2599 2.1549 0.9772 0.5045 
3.0701 -0.2699 2.1613 0.9136 0.4305 
3.0801 -0.2699 2.1591 0.9171 0.4682 
3.0701 -0.2599 2.1552 0.9712 0.4268 
3.0801 -0.2899 2.1633 0.8088 0.4729 
3.0701 -0.2999 2.1624 0.7533 0.4377 
3.0901 -0.2999 2.1678 0.7595 0.5120 
3.0801 -0.2899 2.1633 0.8088 0.4729 
3.0901 -0.2799 2.1577 0.8657 0.5085 
3.0801 -0.2799 2.1834 0.8590 0.4726 
3.0401 -0.2799 2.1586 0.8515 0.3187 
3.0601 -0.2799 2.1621 0.8566 0.3955 
3.0701 -0.2599 2.1552 0.9712 0.4268 
3.0801 -0.2699 2.1591 0.9171 0.4682 
3.0701 -0.2699 2.1613 0.9136 0.4305 
3.0801 -0.2799 2.1834 0.8590 0.4726 
3.0801 -0.2799 2.1834 0.8590 0.4726 
3.0901 -0.2799 2.1577 0.8657 0.5085 
3.0801 -0.2699 2.1591 0.9171 0.4682 
3.0501 -0.2999 2.1642 0.7482 0.3642 
3.0601 -0.2899 2.1829 0.8037 0.4041 
3.0401 -0.2899 2.1820 0.7985 0.3334 
3.0701 -0.2999 2.1624 0.7533 0.4377 
3.0601 -0.2899 2.1829 0.8037 0.4041 
3.0501 -0.2999 2.1642 0.7482 0.3642 
3.0601 -0.2899 2.1829 0.8037 0.4041 
3.0701 -0.2999 2.1624 0.7533 0.4377 
3.0801 -0.2899 2.1633 0.8088 0.4729 
3.0601 -0.2799 2.1621 0.8566 0.3955 
3.0401 -0.2899 2.1820 0.7985 0.3334 
3.0601 -0.2899 2.1829 0.8037 0.4041 
3.0601 -0.2899 2.1829 0.8037 0.4041 
3.0801 -0.2799 2.1834 0.8590 0.4726 
3.0601 -0.2799 2.1621 0.8566 0.3955 
3.0601 -0.2799 2.1621 0.8566 0.3955 
3.0801 -0.2799 2.1834 0.8590 0.4726 
3.0701 -0.2699 2.1613 0.9136 0.4305 
3.0801 -0.2799 2.1834 0.8590 0.4726 
3.0601 -0.2899 2.1829 0.8037 0.4041 
3.0801 -0.2899 2.1633 0.8088 0.4729 
3.1201 -0.2899 2.1568 0.8199 0.6250 
3.0901 -0.2799 2.1577 0.8657 0.5085 
3.1101 -0.2999 2.1566 0.7634 0.5884 
3.1401 -0.3099 2.1581 0.7189 0.7027 
3.1201 -0.2899 2.1568 0.8199 0.6250 
3.1101 -0.2999 2.1566 0.7634 0.5884 
3.1201 -0.2899 2.1568 0.8199 0.6250 
3.1401 -0.3099 2.1581 0.7189 0.7027 
3.1401 -0.2999 2.1601 0.7721 0.7006 
3.1201 -0.2899 2.1568 0.8199 0.6250 
3.0901 -0.2599 2.1549 0.9772 0.5045 
3.0901 -0.2799 2.1577 0.8657 0.5085 
3.1201 -0.2899 2.1568 0.8199 0.6250 
3.1301 -0.2899 2.1629 0.8225 0.6604 
3.1501 -0.2799 2.1576 0.8827 0.7387 
3.1501 -0.2799 2.1576 0.8827 0.7387 
3.1201 -0.2699 2.1540 0.9303 0.6234 
3.1201 -0.2899 2.1568 0.8199 0.6250 
3.1601 -0.2699 2.1559 0.9411 0.7781 
3.1201 -0.2699 2.1540 0.9303 0.6234 
3.1501 -0.2799 2.1576 0.8827 0.7387 
3.1301 -0.2899 2.1629 0.8225 0.6604 
3.1201 -0.2899 2.1568 0.8199 0.6250 
3.1401 -0.2999 2.1601 0.7721 0.7006 
3.1601 -0.2899 2.1575 0.8311 0.7778 
3.1401 -0.2999 2.1601 0.7721 0.7006 
3.1501 -0.2999 2.1559 0.7744 0.7414 
3.1401 -0.2899 2.1833 0.8244 0.6869 
3.1501 -0.2799 2.1576 0.8827 0.7387 
3.1301 -0.2899 2.1629 0.8225 0.6604 
3.1601 -0.2899 2.1575 0.8311 0.7778 
3.1501 -0.2799 2.1576 0.8827 0.7387 
3.1401 -0.2899 2.1833 0.8244 0.6869 
3.1401 -0.2999 2.1601 0.7721 0.7006 
3.1401 -0.2899 2.1833 0.8244 0.6869 
3.1301 -0.2899 2.1629 0.8225 0.6604 
3.1401 -0.2899 2.1833 0.8244 0.6869 
3.1401 -0.2999 2.1601 0.7721 0.7006 
3.1601 -0.2899 2.1575 0.8311 0.7778 
3.1901 -0.2799 2.1531 0.8952 0.8983 
3.1801 -0.2799 2.1519 0.8926 0.8604 
3.1701 -0.2899 2.1594 0.8338 0.8143 
3.1701 -0.2699 2.1568 0.9437 0.8162 
3.1801 -0.2799 2.1519 0.8926 0.8604 
3.1801 -0.2599 2.1602 1.0003 0.8512 
3.1901 -0.2799 2.1531 0.8952 0.8983 
3.1901 -0.2699 2.1662 0.9455 0.8830 
3.1801 -0.2599 2.1602 1.0003 0.8512 
3.1901 -0.2799 2.1531 0.8952 0.8983 
3.1801 -0.2599 2.1602 1.0003 0.8512 
3.1801 -0.2799 2.1519 0.8926 0.8604 
3.1901 -0.2699 2.1662 0.9455 0.8830 
3.1901 -0.2799 2.1531 0.8952 0.8983 
3.2001 -0.2699 2.1544 0.9534 0.9360 
3.1701 -0.2599 2.1818 0.9859 0.7934 
3.1601 -0.2599 2.1549 0.9976 0.7784 
3.1701 -0.2699 2.1568 0.9437 0.8162 
3.1701 -0.2699 2.1568 0.9437 0.8162 
3.1601 -0.2599 2.1549 0.9976 0.7784 
3.1601 -0.2699 2.1559 0.9411 0.7781 
3.1701 -0.2599 2.1818 0.9859 0.7934 
3.1701 -0.2699 2.1568 0.9437 0.8162 
3.1801 -0.2599 2.1602 1.0003 0.8512 
3.1901 -0.2699 2.1662 0.9455 0.8830 
3.2001 -0.2699 2.1544 0.9534 0.9360 
3.1901 -0.2599 2.1616 1.0024 0.8883 
3.1501 -0.2799 2.1576 0.8827 0.7387 
3.1601 -0.2899 2.1575 0.8311 0.7778 
3.1601 -0.2799 2.1795 0.8808 0.7600 
3.1601 -0.2899 2.1575 0.8311 0.7778 
3.1701 -0.2899 2.1594 0.8338 0.8143 
3.1601 -0.2799 2.1795 0.8808 0.7600 
3.1501 -0.2799 2.1576 0.8827 0.7387 
3.1601 -0.2799 2.1795 0.8808 0.7600 
3.1601 -0.2699 2.1559 0.9411 0.7781 
3.1701 -0.2699 2.1568 0.9437 0.8162 
3.1601 -0.2699 2.1559 0.9411 0.7781 
3.1701 -0.2799 2.1819 0.8829 0.7941 
3.1601 -0.2699 2.1559 0.9411 0.7781 
3.1601 -0.2799 2.1795 0.8808 0.7600 
3.1701 -0.2799 2.1819 0.8829 0.7941 
3.1701 -0.2799 2.1819 0.8829 0.7941 
3.1801 -0.2799 2.1519 0.8926 0.8604 
3.1701 -0.2699 2.1568 0.9437 0.8162 
3.1901 -0.2699 2.1662 0.9455 0.8830 
3.1901 -0.2599 2.1616 1.0024 0.8883 
3.1801 -0.2599 2.1602 1.0003 0.8512 
3.1601 -0.2799 2.1795 0.8808 0.7600 
3.1701 -0.2899 2.1594 0.8338 0.8143 
3.1701 -0.2799 2.1819 0.8829 0.7941 
3.1701 -0.2799 2.1819 0.8829 0.7941 
3.1701 -0.2899 2.1594 0.8338 0.8143 
3.1801 -0.2799 2.1519 0.8926 0.8604 
3.2201 -0.2899 2.1643 0.8472 0.9979 
3.2001 -0.2699 2.1544 0.9534 0.9360 
3.1901 -0.2799 2.1531 0.8952 0.8983 
