NUMPOLLIES  99.000000 

4.1815 0.8701 1.2601 0.0734 0.5497 
4.1801 0.8701 1.2563 0.0739 0.5475 
4.1801 0.8692 1.2601 0.0734 0.5477 
4.1815 0.8701 1.2601 0.0734 0.5497 
4.1801 0.8715 1.2501 0.0757 0.5471 
4.1801 0.8701 1.2563 0.0739 0.5475 
4.2701 0.8901 1.2475 0.0734 0.6701 
4.2673 0.8901 1.2401 0.0746 0.6653 
4.2601 0.8821 1.2401 0.0765 0.6569 
4.2701 0.8932 1.2401 0.0741 0.6685 
4.2673 0.8901 1.2401 0.0746 0.6653 
4.2701 0.8901 1.2475 0.0734 0.6701 
4.4001 0.9201 1.2177 0.0751 0.8317 
4.3901 0.9201 1.2160 0.0759 0.8182 
4.3901 0.9175 1.2201 0.0749 0.8199 
4.4001 0.9178 1.2201 0.0747 0.8330 
4.4001 0.9201 1.2177 0.0751 0.8317 
4.3901 0.9175 1.2201 0.0749 0.8199 
4.3901 0.9238 1.2101 0.0777 0.8156 
4.4001 0.9201 1.2177 0.0751 0.8317 
4.4001 0.9274 1.2101 0.0765 0.8275 
4.3901 0.9201 1.2160 0.0759 0.8182 
4.4001 0.9201 1.2177 0.0751 0.8317 
4.3901 0.9238 1.2101 0.0777 0.8156 
4.3679 0.9101 1.2301 0.0736 0.7950 
4.3601 0.9101 1.2286 0.0739 0.7843 
4.3601 0.9087 1.2301 0.0738 0.7850 
4.3801 0.9101 1.2289 0.0738 0.8110 
4.3731 0.9101 1.2301 0.0736 0.8019 
4.3801 0.9091 1.2301 0.0737 0.8116 
4.3863 0.9101 1.2301 0.0736 0.8196 
4.3801 0.9101 1.2289 0.0738 0.8110 
4.3801 0.9091 1.2301 0.0737 0.8116 
4.3679 0.9101 1.2301 0.0736 0.7950 
4.3601 0.9180 1.2201 0.0751 0.7802 
4.3601 0.9101 1.2286 0.0739 0.7843 
4.3679 0.9101 1.2301 0.0736 0.7950 
4.3701 0.9105 1.2301 0.0736 0.7978 
4.3601 0.9180 1.2201 0.0751 0.7802 
4.3701 0.9105 1.2301 0.0736 0.7978 
4.3701 0.9152 1.2201 0.0756 0.7942 
4.3601 0.9180 1.2201 0.0751 0.7802 
4.3801 0.9101 1.2289 0.0738 0.8110 
4.3701 0.9105 1.2301 0.0736 0.7978 
4.3731 0.9101 1.2301 0.0736 0.8019 
4.3801 0.9101 1.2289 0.0738 0.8110 
4.3801 0.9172 1.2201 0.0750 0.8068 
4.3701 0.9105 1.2301 0.0736 0.7978 
4.3801 0.9172 1.2201 0.0750 0.8068 
4.3701 0.9152 1.2201 0.0756 0.7942 
4.3701 0.9105 1.2301 0.0736 0.7978 
4.3863 0.9101 1.2301 0.0736 0.8196 
4.3801 0.9172 1.2201 0.0750 0.8068 
4.3801 0.9101 1.2289 0.0738 0.8110 
4.3863 0.9101 1.2301 0.0736 0.8196 
4.3901 0.9107 1.2301 0.0735 0.8245 
4.3801 0.9172 1.2201 0.0750 0.8068 
4.3901 0.9107 1.2301 0.0735 0.8245 
4.3901 0.9175 1.2201 0.0749 0.8199 
4.3801 0.9172 1.2201 0.0750 0.8068 
4.4001 0.9178 1.2201 0.0747 0.8330 
4.3901 0.9175 1.2201 0.0749 0.8199 
4.4001 0.9113 1.2301 0.0735 0.8376 
4.3901 0.9175 1.2201 0.0749 0.8199 
4.3901 0.9107 1.2301 0.0735 0.8245 
4.4001 0.9113 1.2301 0.0735 0.8376 
4.3901 0.9101 1.2319 0.0734 0.8251 
4.3863 0.9101 1.2301 0.0736 0.8196 
4.3801 0.9091 1.2301 0.0737 0.8116 
4.3701 0.9105 1.2301 0.0736 0.7978 
4.3679 0.9101 1.2301 0.0736 0.7950 
4.3701 0.9101 1.2305 0.0736 0.7980 
4.3701 0.9105 1.2301 0.0736 0.7978 
4.3701 0.9101 1.2305 0.0736 0.7980 
4.3731 0.9101 1.2301 0.0736 0.8019 
4.3901 0.9107 1.2301 0.0735 0.8245 
4.3863 0.9101 1.2301 0.0736 0.8196 
4.3901 0.9101 1.2319 0.0734 0.8251 
4.3901 0.9107 1.2301 0.0735 0.8245 
4.4001 0.9101 1.2322 0.0734 0.8386 
4.4001 0.9113 1.2301 0.0735 0.8376 
4.3901 0.9101 1.2319 0.0734 0.8251 
4.4001 0.9101 1.2322 0.0734 0.8386 
4.3901 0.9107 1.2301 0.0735 0.8245 
4.4301 0.9201 1.2055 0.0812 0.8676 
4.4238 0.9201 1.2101 0.0784 0.8607 
4.4301 0.9186 1.2101 0.0788 0.8694 
4.4401 0.9201 1.2062 0.0805 0.8808 
4.4301 0.9201 1.2055 0.0812 0.8676 
4.4301 0.9186 1.2101 0.0788 0.8694 
4.4401 0.9188 1.2101 0.0785 0.8823 
4.4401 0.9201 1.2062 0.0805 0.8808 
4.4301 0.9186 1.2101 0.0788 0.8694 
4.4201 0.9263 1.2001 0.0827 0.8512 
4.4101 0.9297 1.2001 0.0815 0.8373 
4.4201 0.9210 1.2101 0.0781 0.8556 
4.4101 0.9297 1.2001 0.0815 0.8373 
4.4101 0.9241 1.2101 0.0773 0.8416 
4.4201 0.9210 1.2101 0.0781 0.8556 
4.4301 0.9201 1.2055 0.0812 0.8676 
4.4201 0.9210 1.2101 0.0781 0.8556 
4.4238 0.9201 1.2101 0.0784 0.8607 
4.4301 0.9201 1.2055 0.0812 0.8676 
4.4301 0.9219 1.2001 0.0845 0.8656 
4.4201 0.9210 1.2101 0.0781 0.8556 
4.4301 0.9219 1.2001 0.0845 0.8656 
4.4201 0.9263 1.2001 0.0827 0.8512 
4.4201 0.9210 1.2101 0.0781 0.8556 
4.4301 0.9219 1.2001 0.0845 0.8656 
4.4401 0.9201 1.2062 0.0805 0.8808 
4.4401 0.9221 1.2001 0.0841 0.8784 
4.4301 0.9201 1.2055 0.0812 0.8676 
4.4401 0.9201 1.2062 0.0805 0.8808 
4.4301 0.9219 1.2001 0.0845 0.8656 
4.4101 0.9201 1.2159 0.0757 0.8443 
4.4001 0.9201 1.2177 0.0751 0.8317 
4.4001 0.9178 1.2201 0.0747 0.8330 
4.4101 0.9172 1.2201 0.0747 0.8463 
4.4101 0.9201 1.2159 0.0757 0.8443 
4.4001 0.9178 1.2201 0.0747 0.8330 
4.4201 0.9201 1.2119 0.0774 0.8563 
4.4101 0.9201 1.2159 0.0757 0.8443 
4.4101 0.9172 1.2201 0.0747 0.8463 
4.4201 0.9159 1.2201 0.0749 0.8599 
4.4201 0.9201 1.2119 0.0774 0.8563 
4.4101 0.9172 1.2201 0.0747 0.8463 
4.4238 0.9201 1.2101 0.0784 0.8607 
4.4201 0.9201 1.2119 0.0774 0.8563 
4.4201 0.9159 1.2201 0.0749 0.8599 
4.4238 0.9201 1.2101 0.0784 0.8607 
4.4201 0.9159 1.2201 0.0749 0.8599 
4.4301 0.9186 1.2101 0.0788 0.8694 
4.4301 0.9186 1.2101 0.0788 0.8694 
4.4201 0.9159 1.2201 0.0749 0.8599 
4.4301 0.9147 1.2201 0.0750 0.8735 
4.4401 0.9188 1.2101 0.0785 0.8823 
4.4301 0.9186 1.2101 0.0788 0.8694 
4.4401 0.9129 1.2201 0.0753 0.8873 
4.4301 0.9186 1.2101 0.0788 0.8694 
4.4301 0.9147 1.2201 0.0750 0.8735 
4.4401 0.9129 1.2201 0.0753 0.8873 
4.4501 0.9165 1.2101 0.0791 0.8962 
4.4401 0.9188 1.2101 0.0785 0.8823 
4.4501 0.9128 1.2201 0.0752 0.9005 
4.4401 0.9188 1.2101 0.0785 0.8823 
4.4401 0.9129 1.2201 0.0753 0.8873 
4.4501 0.9128 1.2201 0.0752 0.9005 
4.4001 0.9274 1.2101 0.0765 0.8275 
4.4101 0.9201 1.2159 0.0757 0.8443 
4.4101 0.9241 1.2101 0.0773 0.8416 
4.4001 0.9201 1.2177 0.0751 0.8317 
4.4101 0.9201 1.2159 0.0757 0.8443 
4.4001 0.9274 1.2101 0.0765 0.8275 
4.4101 0.9241 1.2101 0.0773 0.8416 
4.4201 0.9201 1.2119 0.0774 0.8563 
4.4201 0.9210 1.2101 0.0781 0.8556 
4.4101 0.9201 1.2159 0.0757 0.8443 
4.4201 0.9201 1.2119 0.0774 0.8563 
4.4101 0.9241 1.2101 0.0773 0.8416 
4.4201 0.9210 1.2101 0.0781 0.8556 
4.4201 0.9201 1.2119 0.0774 0.8563 
4.4238 0.9201 1.2101 0.0784 0.8607 
4.4301 0.9101 1.2286 0.0736 0.8775 
4.4277 0.9101 1.2301 0.0735 0.8747 
4.4301 0.9093 1.2301 0.0735 0.8783 
4.4401 0.9101 1.2257 0.0741 0.8900 
4.4301 0.9101 1.2286 0.0736 0.8775 
4.4301 0.9093 1.2301 0.0735 0.8783 
4.4401 0.9079 1.2301 0.0735 0.8921 
4.4401 0.9101 1.2257 0.0741 0.8900 
4.4301 0.9093 1.2301 0.0735 0.8783 
4.4501 0.9101 1.2268 0.0738 0.9035 
4.4401 0.9101 1.2257 0.0741 0.8900 
4.4401 0.9079 1.2301 0.0735 0.8921 
4.4501 0.9087 1.2301 0.0735 0.9051 
4.4501 0.9101 1.2268 0.0738 0.9035 
4.4401 0.9079 1.2301 0.0735 0.8921 
4.4101 0.9172 1.2201 0.0747 0.8463 
4.4001 0.9178 1.2201 0.0747 0.8330 
4.4101 0.9139 1.2301 0.0734 0.8501 
4.4001 0.9178 1.2201 0.0747 0.8330 
4.4001 0.9113 1.2301 0.0735 0.8376 
4.4101 0.9139 1.2301 0.0734 0.8501 
4.4201 0.9159 1.2201 0.0749 0.8599 
4.4101 0.9172 1.2201 0.0747 0.8463 
4.4201 0.9127 1.2301 0.0734 0.8638 
4.4101 0.9172 1.2201 0.0747 0.8463 
4.4101 0.9139 1.2301 0.0734 0.8501 
4.4201 0.9127 1.2301 0.0734 0.8638 
4.4301 0.9101 1.2286 0.0736 0.8775 
4.4201 0.9127 1.2301 0.0734 0.8638 
4.4277 0.9101 1.2301 0.0735 0.8747 
4.4301 0.9101 1.2286 0.0736 0.8775 
4.4301 0.9147 1.2201 0.0750 0.8735 
4.4201 0.9127 1.2301 0.0734 0.8638 
4.4301 0.9147 1.2201 0.0750 0.8735 
4.4201 0.9159 1.2201 0.0749 0.8599 
4.4201 0.9127 1.2301 0.0734 0.8638 
4.4301 0.9147 1.2201 0.0750 0.8735 
4.4401 0.9101 1.2257 0.0741 0.8900 
4.4401 0.9129 1.2201 0.0753 0.8873 
4.4301 0.9101 1.2286 0.0736 0.8775 
4.4401 0.9101 1.2257 0.0741 0.8900 
4.4301 0.9147 1.2201 0.0750 0.8735 
4.4401 0.9129 1.2201 0.0753 0.8873 
4.4501 0.9101 1.2268 0.0738 0.9035 
4.4501 0.9128 1.2201 0.0752 0.9005 
4.4401 0.9101 1.2257 0.0741 0.8900 
4.4501 0.9101 1.2268 0.0738 0.9035 
4.4401 0.9129 1.2201 0.0753 0.8873 
4.4601 0.9101 1.2205 0.0755 0.9148 
4.4501 0.9101 1.2268 0.0738 0.9035 
4.4501 0.9087 1.2301 0.0735 0.9051 
4.4601 0.9070 1.2301 0.0735 0.9191 
4.4601 0.9101 1.2205 0.0755 0.9148 
4.4501 0.9087 1.2301 0.0735 0.9051 
4.4701 0.9101 1.2219 0.0749 0.9284 
4.4601 0.9101 1.2205 0.0755 0.9148 
4.4601 0.9070 1.2301 0.0735 0.9191 
4.4701 0.9085 1.2301 0.0734 0.9318 
4.4701 0.9101 1.2219 0.0749 0.9284 
4.4601 0.9070 1.2301 0.0735 0.9191 
4.4739 0.9101 1.2201 0.0755 0.9329 
4.4701 0.9101 1.2219 0.0749 0.9284 
4.4701 0.9085 1.2301 0.0734 0.9318 
4.4739 0.9101 1.2201 0.0755 0.9329 
4.4701 0.9085 1.2301 0.0734 0.9318 
4.4801 0.9095 1.2201 0.0756 0.9413 
4.4801 0.9095 1.2201 0.0756 0.9413 
4.4701 0.9085 1.2301 0.0734 0.9318 
4.4801 0.9077 1.2301 0.0734 0.9453 
4.4901 0.9101 1.2285 0.0734 0.9571 
4.4808 0.9101 1.2201 0.0754 0.9419 
4.4801 0.9095 1.2201 0.0756 0.9413 
4.4901 0.9101 1.2285 0.0734 0.9571 
4.4801 0.9095 1.2201 0.0756 0.9413 
4.4901 0.9086 1.2301 0.0734 0.9583 
4.4901 0.9086 1.2301 0.0734 0.9583 
4.4801 0.9095 1.2201 0.0756 0.9413 
4.4801 0.9077 1.2301 0.0734 0.9453 
4.4501 0.9128 1.2201 0.0752 0.9005 
4.4601 0.9101 1.2205 0.0755 0.9148 
4.4601 0.9102 1.2201 0.0756 0.9146 
4.4501 0.9101 1.2268 0.0738 0.9035 
4.4601 0.9101 1.2205 0.0755 0.9148 
4.4501 0.9128 1.2201 0.0752 0.9005 
4.4601 0.9102 1.2201 0.0756 0.9146 
4.4701 0.9101 1.2219 0.0749 0.9284 
4.4701 0.9105 1.2201 0.0755 0.9277 
4.4601 0.9101 1.2205 0.0755 0.9148 
4.4701 0.9101 1.2219 0.0749 0.9284 
4.4601 0.9102 1.2201 0.0756 0.9146 
4.4701 0.9105 1.2201 0.0755 0.9277 
4.4701 0.9101 1.2219 0.0749 0.9284 
4.4739 0.9101 1.2201 0.0755 0.9329 
4.4901 0.9180 1.2201 0.0740 0.9510 
4.4808 0.9101 1.2201 0.0754 0.9419 
4.4901 0.9101 1.2285 0.0734 0.9571 
4.5001 0.9220 1.2201 0.0736 0.9624 
4.4954 0.9201 1.2201 0.0738 0.9570 
4.5001 0.9201 1.2219 0.0735 0.9638 
4.5301 0.9201 1.2024 0.0813 0.9957 
4.5273 0.9201 1.2101 0.0767 0.9949 
4.5301 0.9183 1.2101 0.0772 0.9993 
4.5301 0.9201 1.2024 0.0813 0.9957 
4.5201 0.9247 1.2101 0.0757 0.9836 
4.5273 0.9201 1.2101 0.0767 0.9949 
4.5301 0.9201 1.2024 0.0813 0.9957 
4.5301 0.9206 1.2001 0.0827 0.9946 
4.5201 0.9247 1.2101 0.0757 0.9836 
4.5301 0.9206 1.2001 0.0827 0.9946 
4.5201 0.9252 1.2001 0.0810 0.9799 
4.5201 0.9247 1.2101 0.0757 0.9836 
4.5201 0.9201 1.2142 0.0751 0.9871 
4.5149 0.9201 1.2101 0.0769 0.9789 
4.5101 0.9158 1.2101 0.0783 0.9745 
4.5201 0.9201 1.2142 0.0751 0.9871 
4.5101 0.9158 1.2101 0.0783 0.9745 
4.5201 0.9135 1.2201 0.0744 0.9921 
4.5201 0.9135 1.2201 0.0744 0.9921 
4.5101 0.9158 1.2101 0.0783 0.9745 
4.5101 0.9142 1.2201 0.0744 0.9787 
4.5273 0.9201 1.2101 0.0767 0.9949 
4.5201 0.9201 1.2142 0.0751 0.9871 
4.5201 0.9135 1.2201 0.0744 0.9921 
4.5273 0.9201 1.2101 0.0767 0.9949 
4.5201 0.9135 1.2201 0.0744 0.9921 
4.5301 0.9183 1.2101 0.0772 0.9993 
4.5201 0.9247 1.2101 0.0757 0.9836 
4.5149 0.9201 1.2101 0.0769 0.9789 
4.5201 0.9201 1.2142 0.0751 0.9871 
4.5201 0.9247 1.2101 0.0757 0.9836 
4.5201 0.9201 1.2142 0.0751 0.9871 
4.5273 0.9201 1.2101 0.0767 0.9949 
4.5001 0.9220 1.2201 0.0736 0.9624 
4.5001 0.9201 1.2219 0.0735 0.9638 
4.5025 0.9201 1.2201 0.0737 0.9663 
