NUMPOLLIES 844.000000 

5.2201 0.2801 2.1068 0.9056 0.9310 
5.2101 0.2801 2.1065 0.9090 0.9771 
5.2201 0.2701 2.1014 0.9740 0.9398 
5.2201 0.2701 2.1014 0.9740 0.9398 
5.2101 0.2801 2.1065 0.9090 0.9771 
5.2101 0.2701 2.1050 0.9753 0.9803 
5.2301 0.2801 2.1059 0.9025 0.8865 
5.2201 0.2801 2.1068 0.9056 0.9310 
5.2301 0.2701 2.1053 0.9683 0.8875 
5.2301 0.2701 2.1053 0.9683 0.8875 
5.2201 0.2801 2.1068 0.9056 0.9310 
5.2201 0.2701 2.1014 0.9740 0.9398 
5.2401 0.2801 2.1060 0.8991 0.8406 
5.2301 0.2801 2.1059 0.9025 0.8865 
5.2401 0.2701 2.1064 0.9642 0.8400 
5.2401 0.2701 2.1064 0.9642 0.8400 
5.2301 0.2801 2.1059 0.9025 0.8865 
5.2301 0.2701 2.1053 0.9683 0.8875 
5.2501 0.2801 2.1059 0.8958 0.7951 
5.2401 0.2801 2.1060 0.8991 0.8406 
5.2501 0.2701 2.1028 0.9628 0.7979 
5.2501 0.2701 2.1028 0.9628 0.7979 
5.2401 0.2801 2.1060 0.8991 0.8406 
5.2401 0.2701 2.1064 0.9642 0.8400 
5.2201 0.2901 2.1065 0.8412 0.9311 
5.2101 0.2901 2.1038 0.8449 0.9811 
5.2201 0.2801 2.1068 0.9056 0.9310 
5.2201 0.2801 2.1068 0.9056 0.9310 
5.2101 0.2901 2.1038 0.8449 0.9811 
5.2101 0.2801 2.1065 0.9090 0.9771 
5.2301 0.2901 2.1062 0.8379 0.8861 
5.2201 0.2901 2.1065 0.8412 0.9311 
5.2301 0.2801 2.1059 0.9025 0.8865 
5.2301 0.2801 2.1059 0.9025 0.8865 
5.2201 0.2901 2.1065 0.8412 0.9311 
5.2201 0.2801 2.1068 0.9056 0.9310 
5.2401 0.2901 2.1051 0.8347 0.8420 
5.2301 0.2901 2.1062 0.8379 0.8861 
5.2401 0.2801 2.1060 0.8991 0.8406 
5.2401 0.2801 2.1060 0.8991 0.8406 
5.2301 0.2901 2.1062 0.8379 0.8861 
5.2301 0.2801 2.1059 0.9025 0.8865 
5.2501 0.2901 2.1061 0.8313 0.7954 
5.2401 0.2901 2.1051 0.8347 0.8420 
5.2501 0.2801 2.1059 0.8958 0.7951 
5.2501 0.2801 2.1059 0.8958 0.7951 
5.2401 0.2901 2.1051 0.8347 0.8420 
5.2401 0.2801 2.1060 0.8991 0.8406 
5.2201 0.3001 2.1059 0.7775 0.9317 
5.2101 0.3001 2.1052 0.7807 0.9781 
5.2201 0.2901 2.1065 0.8412 0.9311 
5.2201 0.2901 2.1065 0.8412 0.9311 
5.2101 0.3001 2.1052 0.7807 0.9781 
5.2101 0.2901 2.1038 0.8449 0.9811 
5.2301 0.3001 2.1035 0.7739 0.8897 
5.2201 0.3001 2.1059 0.7775 0.9317 
5.2301 0.2901 2.1062 0.8379 0.8861 
5.2301 0.2901 2.1062 0.8379 0.8861 
5.2201 0.3001 2.1059 0.7775 0.9317 
5.2201 0.2901 2.1065 0.8412 0.9311 
5.2401 0.3001 2.1045 0.7707 0.8429 
5.2301 0.3001 2.1035 0.7739 0.8897 
5.2401 0.2901 2.1051 0.8347 0.8420 
5.2401 0.2901 2.1051 0.8347 0.8420 
5.2301 0.3001 2.1035 0.7739 0.8897 
5.2301 0.2901 2.1062 0.8379 0.8861 
5.2501 0.3001 2.1058 0.7676 0.7962 
5.2401 0.3001 2.1045 0.7707 0.8429 
5.2501 0.2901 2.1061 0.8313 0.7954 
5.2501 0.2901 2.1061 0.8313 0.7954 
5.2401 0.3001 2.1045 0.7707 0.8429 
5.2401 0.2901 2.1051 0.8347 0.8420 
5.2601 0.2801 2.1049 0.8927 0.7503 
5.2501 0.2801 2.1059 0.8958 0.7951 
5.2601 0.2701 2.1037 0.9589 0.7506 
5.2601 0.2701 2.1037 0.9589 0.7506 
5.2501 0.2801 2.1059 0.8958 0.7951 
5.2501 0.2701 2.1028 0.9628 0.7979 
5.2701 0.2801 2.1063 0.8889 0.7036 
5.2601 0.2801 2.1049 0.8927 0.7503 
5.2701 0.2701 2.1069 0.9537 0.7020 
5.2701 0.2701 2.1069 0.9537 0.7020 
5.2601 0.2801 2.1049 0.8927 0.7503 
5.2601 0.2701 2.1037 0.9589 0.7506 
5.2801 0.2801 2.1063 0.8856 0.6580 
5.2701 0.2801 2.1063 0.8889 0.7036 
5.2801 0.2701 2.1059 0.9509 0.6569 
5.2801 0.2701 2.1059 0.9509 0.6569 
5.2701 0.2801 2.1063 0.8889 0.7036 
5.2701 0.2701 2.1069 0.9537 0.7020 
5.2901 0.2801 2.1072 0.8820 0.6122 
5.2801 0.2801 2.1063 0.8856 0.6580 
5.2901 0.2701 2.1050 0.9479 0.6114 
5.2901 0.2701 2.1050 0.9479 0.6114 
5.2801 0.2801 2.1063 0.8856 0.6580 
5.2801 0.2701 2.1059 0.9509 0.6569 
5.3001 0.2801 2.1063 0.8789 0.5672 
5.2901 0.2801 2.1072 0.8820 0.6122 
5.3001 0.2701 2.1061 0.9440 0.5653 
5.3001 0.2701 2.1061 0.9440 0.5653 
5.2901 0.2801 2.1072 0.8820 0.6122 
5.2901 0.2701 2.1050 0.9479 0.6114 
5.2601 0.2901 2.1061 0.8280 0.7501 
5.2501 0.2901 2.1061 0.8313 0.7954 
5.2601 0.2801 2.1049 0.8927 0.7503 
5.2601 0.2801 2.1049 0.8927 0.7503 
5.2501 0.2901 2.1061 0.8313 0.7954 
5.2501 0.2801 2.1059 0.8958 0.7951 
5.2701 0.2901 2.1048 0.8247 0.7057 
5.2601 0.2901 2.1061 0.8280 0.7501 
5.2701 0.2801 2.1063 0.8889 0.7036 
5.2701 0.2801 2.1063 0.8889 0.7036 
5.2601 0.2901 2.1061 0.8280 0.7501 
5.2601 0.2801 2.1049 0.8927 0.7503 
5.2801 0.2901 2.1058 0.8213 0.6597 
5.2701 0.2901 2.1048 0.8247 0.7057 
5.2801 0.2801 2.1063 0.8856 0.6580 
5.2801 0.2801 2.1063 0.8856 0.6580 
5.2701 0.2901 2.1048 0.8247 0.7057 
5.2701 0.2801 2.1063 0.8889 0.7036 
5.2901 0.2901 2.1019 0.8181 0.6160 
5.2801 0.2901 2.1058 0.8213 0.6597 
5.2901 0.2801 2.1072 0.8820 0.6122 
5.2901 0.2801 2.1072 0.8820 0.6122 
5.2801 0.2901 2.1058 0.8213 0.6597 
5.2801 0.2801 2.1063 0.8856 0.6580 
5.3001 0.2901 2.1060 0.8147 0.5692 
5.2901 0.2901 2.1019 0.8181 0.6160 
5.3001 0.2801 2.1063 0.8789 0.5672 
5.3001 0.2801 2.1063 0.8789 0.5672 
5.2901 0.2901 2.1019 0.8181 0.6160 
5.2901 0.2801 2.1072 0.8820 0.6122 
5.2601 0.3001 2.1038 0.7640 0.7529 
5.2501 0.3001 2.1058 0.7676 0.7962 
5.2601 0.2901 2.1061 0.8280 0.7501 
5.2601 0.2901 2.1061 0.8280 0.7501 
5.2501 0.3001 2.1058 0.7676 0.7962 
5.2501 0.2901 2.1061 0.8313 0.7954 
5.2701 0.3001 2.1057 0.7611 0.7061 
5.2601 0.3001 2.1038 0.7640 0.7529 
5.2701 0.2901 2.1048 0.8247 0.7057 
5.2701 0.2901 2.1048 0.8247 0.7057 
5.2601 0.3001 2.1038 0.7640 0.7529 
5.2601 0.2901 2.1061 0.8280 0.7501 
5.2801 0.3001 2.1053 0.7577 0.6613 
5.2701 0.3001 2.1057 0.7611 0.7061 
5.2801 0.2901 2.1058 0.8213 0.6597 
5.2801 0.2901 2.1058 0.8213 0.6597 
5.2701 0.3001 2.1057 0.7611 0.7061 
5.2701 0.2901 2.1048 0.8247 0.7057 
5.2901 0.3001 2.1035 0.7541 0.6170 
5.2801 0.3001 2.1053 0.7577 0.6613 
5.2901 0.2901 2.1019 0.8181 0.6160 
5.2901 0.2901 2.1019 0.8181 0.6160 
5.2801 0.3001 2.1053 0.7577 0.6613 
5.2801 0.2901 2.1058 0.8213 0.6597 
5.3001 0.3001 2.1048 0.7511 0.5714 
5.2901 0.3001 2.1035 0.7541 0.6170 
5.3001 0.2901 2.1060 0.8147 0.5692 
5.3001 0.2901 2.1060 0.8147 0.5692 
5.2901 0.3001 2.1035 0.7541 0.6170 
5.2901 0.2901 2.1019 0.8181 0.6160 
5.3601 0.2601 2.0995 0.9937 0.2839 
5.3583 0.2601 2.1001 0.9939 0.2928 
5.3601 0.2588 2.1001 1.0019 0.2839 
5.3701 0.2601 2.0995 0.9901 0.2378 
5.3601 0.2601 2.0995 0.9937 0.2839 
5.3601 0.2588 2.1001 1.0019 0.2839 
5.3601 0.2601 2.0995 0.9937 0.2839 
5.3601 0.2701 2.0995 0.9264 0.2877 
5.3592 0.2701 2.1001 0.9265 0.2924 
5.3583 0.2601 2.1001 0.9939 0.2928 
5.3601 0.2601 2.0995 0.9937 0.2839 
5.3592 0.2701 2.1001 0.9265 0.2924 
5.3701 0.2647 2.1001 0.9591 0.2402 
5.3648 0.2701 2.1001 0.9245 0.2665 
5.3601 0.2701 2.0995 0.9264 0.2877 
5.3701 0.2647 2.1001 0.9591 0.2402 
5.3601 0.2701 2.0995 0.9264 0.2877 
5.3701 0.2601 2.0995 0.9901 0.2378 
5.3701 0.2601 2.0995 0.9901 0.2378 
5.3601 0.2701 2.0995 0.9264 0.2877 
5.3601 0.2601 2.0995 0.9937 0.2839 
5.3701 0.2647 2.1001 0.9591 0.2402 
5.3701 0.2601 2.0995 0.9901 0.2378 
5.3712 0.2601 2.1001 0.9894 0.2333 
5.3601 0.2701 2.0995 0.9264 0.2877 
5.3601 0.2714 2.1001 0.9176 0.2886 
5.3592 0.2701 2.1001 0.9265 0.2924 
5.3601 0.2714 2.1001 0.9176 0.2886 
5.3601 0.2701 2.0995 0.9264 0.2877 
5.3648 0.2701 2.1001 0.9245 0.2665 
5.3901 0.2901 2.0995 0.7844 0.1607 
5.3884 0.2901 2.1001 0.7851 0.1691 
5.3901 0.2871 2.1001 0.8039 0.1602 
5.4001 0.2901 2.0983 0.7809 0.1166 
5.3901 0.2901 2.0995 0.7844 0.1607 
5.3901 0.2871 2.1001 0.8039 0.1602 
5.4001 0.2865 2.1001 0.8045 0.1174 
5.4001 0.2901 2.0983 0.7809 0.1166 
5.3901 0.2871 2.1001 0.8039 0.1602 
5.3901 0.2901 2.0995 0.7844 0.1607 
5.3901 0.2922 2.1001 0.7712 0.1624 
5.3884 0.2901 2.1001 0.7851 0.1691 
5.3901 0.2901 2.0995 0.7844 0.1607 
5.4001 0.2901 2.0983 0.7809 0.1166 
5.4001 0.2942 2.1001 0.7548 0.1207 
5.3901 0.2922 2.1001 0.7712 0.1624 
5.3901 0.2901 2.0995 0.7844 0.1607 
5.4001 0.2942 2.1001 0.7548 0.1207 
5.4063 0.2901 2.1001 0.7790 0.0941 
5.4001 0.2901 2.0983 0.7809 0.1166 
5.4001 0.2865 2.1001 0.8045 0.1174 
5.4201 0.2801 2.0993 0.8396 0.0533 
5.4201 0.2901 2.0968 0.7740 0.0534 
5.4125 0.2901 2.1001 0.7769 0.0723 
5.4187 0.2801 2.1001 0.8400 0.0550 
5.4201 0.2801 2.0993 0.8396 0.0533 
5.4125 0.2901 2.1001 0.7769 0.0723 
5.4001 0.2942 2.1001 0.7548 0.1207 
5.4001 0.2901 2.0983 0.7809 0.1166 
5.4063 0.2901 2.1001 0.7790 0.0941 
5.4201 0.2901 2.0968 0.7740 0.0534 
5.4201 0.2991 2.1001 0.7169 0.0562 
5.4125 0.2901 2.1001 0.7769 0.0723 
5.4212 0.3001 2.1001 0.7098 0.0548 
5.4201 0.2991 2.1001 0.7169 0.0562 
5.4201 0.2901 2.0968 0.7740 0.0534 
5.3301 0.2701 2.1065 0.9336 0.4286 
5.3201 0.2701 2.1052 0.9376 0.4739 
5.3301 0.2601 2.1038 1.0012 0.4250 
5.3401 0.2701 2.1034 0.9316 0.3819 
5.3301 0.2701 2.1065 0.9336 0.4286 
5.3401 0.2601 2.1051 0.9968 0.3795 
5.3401 0.2601 2.1051 0.9968 0.3795 
5.3301 0.2701 2.1065 0.9336 0.4286 
5.3301 0.2601 2.1038 1.0012 0.4250 
5.3501 0.2701 2.1060 0.9271 0.3378 
5.3401 0.2701 2.1034 0.9316 0.3819 
5.3501 0.2601 2.1027 0.9950 0.3323 
5.3501 0.2601 2.1027 0.9950 0.3323 
5.3401 0.2701 2.1034 0.9316 0.3819 
5.3401 0.2601 2.1051 0.9968 0.3795 
5.3101 0.2801 2.1032 0.8762 0.5220 
5.3001 0.2801 2.1063 0.8789 0.5672 
5.3101 0.2701 2.1063 0.9405 0.5196 
5.3101 0.2701 2.1063 0.9405 0.5196 
5.3001 0.2801 2.1063 0.8789 0.5672 
5.3001 0.2701 2.1061 0.9440 0.5653 
5.3201 0.2801 2.1034 0.8728 0.4763 
5.3101 0.2801 2.1032 0.8762 0.5220 
5.3201 0.2701 2.1052 0.9376 0.4739 
5.3201 0.2701 2.1052 0.9376 0.4739 
5.3101 0.2801 2.1032 0.8762 0.5220 
5.3101 0.2701 2.1063 0.9405 0.5196 
5.3301 0.2801 2.1062 0.8688 0.4313 
5.3201 0.2801 2.1034 0.8728 0.4763 
5.3301 0.2701 2.1065 0.9336 0.4286 
5.3301 0.2701 2.1065 0.9336 0.4286 
5.3201 0.2801 2.1034 0.8728 0.4763 
5.3201 0.2701 2.1052 0.9376 0.4739 
5.3401 0.2801 2.1034 0.8661 0.3851 
5.3301 0.2801 2.1062 0.8688 0.4313 
5.3401 0.2701 2.1034 0.9316 0.3819 
5.3401 0.2701 2.1034 0.9316 0.3819 
5.3301 0.2801 2.1062 0.8688 0.4313 
5.3301 0.2701 2.1065 0.9336 0.4286 
5.3501 0.2801 2.1060 0.8622 0.3412 
5.3401 0.2801 2.1034 0.8661 0.3851 
5.3501 0.2701 2.1060 0.9271 0.3378 
5.3501 0.2701 2.1060 0.9271 0.3378 
5.3401 0.2801 2.1034 0.8661 0.3851 
5.3401 0.2701 2.1034 0.9316 0.3819 
5.3101 0.2901 2.1032 0.8114 0.5243 
5.3001 0.2901 2.1060 0.8147 0.5692 
5.3101 0.2801 2.1032 0.8762 0.5220 
5.3101 0.2801 2.1032 0.8762 0.5220 
5.3001 0.2901 2.1060 0.8147 0.5692 
5.3001 0.2801 2.1063 0.8789 0.5672 
5.3201 0.2901 2.1051 0.8081 0.4790 
5.3101 0.2901 2.1032 0.8114 0.5243 
5.3201 0.2801 2.1034 0.8728 0.4763 
5.3201 0.2801 2.1034 0.8728 0.4763 
5.3101 0.2901 2.1032 0.8114 0.5243 
5.3101 0.2801 2.1032 0.8762 0.5220 
5.3301 0.2901 2.1054 0.8048 0.4339 
5.3201 0.2901 2.1051 0.8081 0.4790 
5.3301 0.2801 2.1062 0.8688 0.4313 
5.3301 0.2801 2.1062 0.8688 0.4313 
5.3201 0.2901 2.1051 0.8081 0.4790 
5.3201 0.2801 2.1034 0.8728 0.4763 
5.3401 0.2901 2.1050 0.8015 0.3888 
5.3301 0.2901 2.1054 0.8048 0.4339 
5.3401 0.2801 2.1034 0.8661 0.3851 
5.3401 0.2801 2.1034 0.8661 0.3851 
5.3301 0.2901 2.1054 0.8048 0.4339 
5.3301 0.2801 2.1062 0.8688 0.4313 
5.3501 0.2901 2.1044 0.7981 0.3436 
5.3401 0.2901 2.1050 0.8015 0.3888 
5.3501 0.2801 2.1060 0.8622 0.3412 
5.3501 0.2801 2.1060 0.8622 0.3412 
5.3401 0.2901 2.1050 0.8015 0.3888 
5.3401 0.2801 2.1034 0.8661 0.3851 
5.3101 0.3001 2.1027 0.7473 0.5265 
5.3001 0.3001 2.1048 0.7511 0.5714 
5.3101 0.2901 2.1032 0.8114 0.5243 
5.3101 0.2901 2.1032 0.8114 0.5243 
5.3001 0.3001 2.1048 0.7511 0.5714 
5.3001 0.2901 2.1060 0.8147 0.5692 
5.3201 0.3001 2.1006 0.7435 0.4811 
5.3101 0.3001 2.1027 0.7473 0.5265 
5.3201 0.2901 2.1051 0.8081 0.4790 
5.3201 0.2901 2.1051 0.8081 0.4790 
5.3101 0.3001 2.1027 0.7473 0.5265 
5.3101 0.2901 2.1032 0.8114 0.5243 
5.3301 0.3001 2.1013 0.7404 0.4357 
5.3201 0.3001 2.1006 0.7435 0.4811 
5.3301 0.2901 2.1054 0.8048 0.4339 
5.3301 0.2901 2.1054 0.8048 0.4339 
5.3201 0.3001 2.1006 0.7435 0.4811 
5.3201 0.2901 2.1051 0.8081 0.4790 
5.3401 0.3001 2.1044 0.7379 0.3916 
5.3301 0.3001 2.1013 0.7404 0.4357 
5.3401 0.2901 2.1050 0.8015 0.3888 
5.3401 0.2901 2.1050 0.8015 0.3888 
5.3301 0.3001 2.1013 0.7404 0.4357 
5.3301 0.2901 2.1054 0.8048 0.4339 
5.3501 0.3001 2.1027 0.7341 0.3460 
5.3401 0.3001 2.1044 0.7379 0.3916 
5.3501 0.2901 2.1044 0.7981 0.3436 
5.3501 0.2901 2.1044 0.7981 0.3436 
5.3401 0.3001 2.1044 0.7379 0.3916 
5.3401 0.2901 2.1050 0.8015 0.3888 
5.3592 0.2701 2.1001 0.9265 0.2924 
5.3501 0.2601 2.1027 0.9950 0.3323 
5.3583 0.2601 2.1001 0.9939 0.2928 
5.3501 0.2701 2.1060 0.9271 0.3378 
5.3501 0.2601 2.1027 0.9950 0.3323 
5.3592 0.2701 2.1001 0.9265 0.2924 
5.3648 0.2701 2.1001 0.9245 0.2665 
5.3701 0.2647 2.1001 0.9591 0.2402 
5.3701 0.2701 2.1008 0.9224 0.2430 
5.3712 0.2601 2.1001 0.9894 0.2333 
5.3701 0.2701 2.1008 0.9224 0.2430 
5.3701 0.2647 2.1001 0.9591 0.2402 
5.3712 0.2601 2.1001 0.9894 0.2333 
5.3801 0.2601 2.1046 0.9833 0.1978 
5.3701 0.2701 2.1008 0.9224 0.2430 
5.3801 0.2601 2.1046 0.9833 0.1978 
5.3801 0.2701 2.1032 0.9180 0.2004 
5.3701 0.2701 2.1008 0.9224 0.2430 
5.3901 0.2701 2.1012 0.9154 0.1540 
5.3801 0.2701 2.1032 0.9180 0.2004 
5.3901 0.2601 2.1028 0.9810 0.1516 
5.3901 0.2601 2.1028 0.9810 0.1516 
5.3801 0.2701 2.1032 0.9180 0.2004 
5.3801 0.2601 2.1046 0.9833 0.1978 
5.4001 0.2701 2.1052 0.9104 0.1167 
5.3901 0.2701 2.1012 0.9154 0.1540 
5.4001 0.2601 2.1053 0.9761 0.1125 
5.4001 0.2601 2.1053 0.9761 0.1125 
5.3901 0.2701 2.1012 0.9154 0.1540 
5.3901 0.2601 2.1028 0.9810 0.1516 
5.3601 0.2714 2.1001 0.9176 0.2886 
5.3501 0.2701 2.1060 0.9271 0.3378 
5.3592 0.2701 2.1001 0.9265 0.2924 
5.3601 0.2714 2.1001 0.9176 0.2886 
5.3601 0.2801 2.1042 0.8592 0.2950 
5.3501 0.2701 2.1060 0.9271 0.3378 
5.3601 0.2801 2.1042 0.8592 0.2950 
5.3501 0.2801 2.1060 0.8622 0.3412 
5.3501 0.2701 2.1060 0.9271 0.3378 
5.3648 0.2701 2.1001 0.9245 0.2665 
5.3601 0.2801 2.1042 0.8592 0.2950 
5.3601 0.2714 2.1001 0.9176 0.2886 
5.3648 0.2701 2.1001 0.9245 0.2665 
5.3701 0.2701 2.1008 0.9224 0.2430 
5.3601 0.2801 2.1042 0.8592 0.2950 
5.3701 0.2701 2.1008 0.9224 0.2430 
5.3701 0.2801 2.1050 0.8557 0.2508 
5.3601 0.2801 2.1042 0.8592 0.2950 
5.3801 0.2801 2.1044 0.8524 0.2059 
5.3701 0.2801 2.1050 0.8557 0.2508 
5.3801 0.2701 2.1032 0.9180 0.2004 
5.3801 0.2701 2.1032 0.9180 0.2004 
5.3701 0.2801 2.1050 0.8557 0.2508 
5.3701 0.2701 2.1008 0.9224 0.2430 
5.3901 0.2801 2.1016 0.8495 0.1589 
5.3801 0.2801 2.1044 0.8524 0.2059 
5.3901 0.2701 2.1012 0.9154 0.1540 
5.3901 0.2701 2.1012 0.9154 0.1540 
5.3801 0.2801 2.1044 0.8524 0.2059 
5.3801 0.2701 2.1032 0.9180 0.2004 
5.4001 0.2801 2.1033 0.8459 0.1186 
5.3901 0.2801 2.1016 0.8495 0.1589 
5.4001 0.2701 2.1052 0.9104 0.1167 
5.4001 0.2701 2.1052 0.9104 0.1167 
5.3901 0.2801 2.1016 0.8495 0.1589 
5.3901 0.2701 2.1012 0.9154 0.1540 
5.3601 0.2901 2.1017 0.7947 0.2968 
5.3501 0.2901 2.1044 0.7981 0.3436 
5.3601 0.2801 2.1042 0.8592 0.2950 
5.3601 0.2801 2.1042 0.8592 0.2950 
5.3501 0.2901 2.1044 0.7981 0.3436 
5.3501 0.2801 2.1060 0.8622 0.3412 
5.3701 0.2901 2.1042 0.7915 0.2541 
5.3601 0.2901 2.1017 0.7947 0.2968 
5.3701 0.2801 2.1050 0.8557 0.2508 
5.3701 0.2801 2.1050 0.8557 0.2508 
5.3601 0.2901 2.1017 0.7947 0.2968 
5.3601 0.2801 2.1042 0.8592 0.2950 
5.3801 0.2901 2.1031 0.7881 0.2087 
5.3701 0.2901 2.1042 0.7915 0.2541 
5.3801 0.2801 2.1044 0.8524 0.2059 
5.3801 0.2801 2.1044 0.8524 0.2059 
5.3701 0.2901 2.1042 0.7915 0.2541 
5.3701 0.2801 2.1050 0.8557 0.2508 
5.3884 0.2901 2.1001 0.7851 0.1691 
5.3901 0.2801 2.1016 0.8495 0.1589 
5.3901 0.2871 2.1001 0.8039 0.1602 
5.3884 0.2901 2.1001 0.7851 0.1691 
5.3801 0.2901 2.1031 0.7881 0.2087 
5.3901 0.2801 2.1016 0.8495 0.1589 
5.3801 0.2901 2.1031 0.7881 0.2087 
5.3801 0.2801 2.1044 0.8524 0.2059 
5.3901 0.2801 2.1016 0.8495 0.1589 
5.3901 0.2871 2.1001 0.8039 0.1602 
5.4001 0.2801 2.1033 0.8459 0.1186 
5.4001 0.2865 2.1001 0.8045 0.1174 
5.3901 0.2801 2.1016 0.8495 0.1589 
5.4001 0.2801 2.1033 0.8459 0.1186 
5.3901 0.2871 2.1001 0.8039 0.1602 
5.3601 0.3001 2.1003 0.7301 0.2994 
5.3501 0.3001 2.1027 0.7341 0.3460 
5.3601 0.2901 2.1017 0.7947 0.2968 
5.3601 0.2901 2.1017 0.7947 0.2968 
5.3501 0.3001 2.1027 0.7341 0.3460 
5.3501 0.2901 2.1044 0.7981 0.3436 
5.3701 0.3001 2.1024 0.7274 0.2563 
5.3601 0.3001 2.1003 0.7301 0.2994 
5.3701 0.2901 2.1042 0.7915 0.2541 
5.3701 0.2901 2.1042 0.7915 0.2541 
5.3601 0.3001 2.1003 0.7301 0.2994 
5.3601 0.2901 2.1017 0.7947 0.2968 
5.3801 0.3001 2.1043 0.7248 0.2141 
5.3701 0.3001 2.1024 0.7274 0.2563 
5.3801 0.2901 2.1031 0.7881 0.2087 
5.3801 0.2901 2.1031 0.7881 0.2087 
5.3701 0.3001 2.1024 0.7274 0.2563 
5.3701 0.2901 2.1042 0.7915 0.2541 
5.3901 0.2922 2.1001 0.7712 0.1624 
5.3801 0.2901 2.1031 0.7881 0.2087 
5.3884 0.2901 2.1001 0.7851 0.1691 
5.3901 0.2922 2.1001 0.7712 0.1624 
5.3901 0.3001 2.1025 0.7209 0.1687 
5.3801 0.2901 2.1031 0.7881 0.2087 
5.3901 0.3001 2.1025 0.7209 0.1687 
5.3801 0.3001 2.1043 0.7248 0.2141 
5.3801 0.2901 2.1031 0.7881 0.2087 
5.4001 0.2942 2.1001 0.7548 0.1207 
5.3901 0.3001 2.1025 0.7209 0.1687 
5.3901 0.2922 2.1001 0.7712 0.1624 
5.4001 0.3001 2.1027 0.7177 0.1266 
5.3901 0.3001 2.1025 0.7209 0.1687 
5.4001 0.2942 2.1001 0.7548 0.1207 
5.4101 0.2701 2.1020 0.9082 0.0749 
5.4001 0.2701 2.1052 0.9104 0.1167 
5.4101 0.2601 2.1014 0.9750 0.0706 
5.4101 0.2601 2.1014 0.9750 0.0706 
5.4001 0.2701 2.1052 0.9104 0.1167 
5.4001 0.2601 2.1053 0.9761 0.1125 
5.4141 0.2701 2.1001 0.9075 0.0615 
5.4101 0.2601 2.1014 0.9750 0.0706 
5.4161 0.2601 2.1001 0.9737 0.0553 
5.4101 0.2701 2.1020 0.9082 0.0749 
5.4101 0.2601 2.1014 0.9750 0.0706 
5.4141 0.2701 2.1001 0.9075 0.0615 
5.4101 0.2801 2.1047 0.8423 0.0819 
5.4001 0.2801 2.1033 0.8459 0.1186 
5.4101 0.2701 2.1020 0.9082 0.0749 
5.4101 0.2701 2.1020 0.9082 0.0749 
5.4001 0.2801 2.1033 0.8459 0.1186 
5.4001 0.2701 2.1052 0.9104 0.1167 
5.4187 0.2801 2.1001 0.8400 0.0550 
5.4101 0.2701 2.1020 0.9082 0.0749 
5.4141 0.2701 2.1001 0.9075 0.0615 
5.4101 0.2801 2.1047 0.8423 0.0819 
5.4101 0.2701 2.1020 0.9082 0.0749 
5.4187 0.2801 2.1001 0.8400 0.0550 
5.4001 0.2865 2.1001 0.8045 0.1174 
5.4101 0.2901 2.1012 0.7779 0.0817 
5.4063 0.2901 2.1001 0.7790 0.0941 
5.4001 0.2865 2.1001 0.8045 0.1174 
5.4001 0.2801 2.1033 0.8459 0.1186 
5.4101 0.2901 2.1012 0.7779 0.0817 
5.4001 0.2801 2.1033 0.8459 0.1186 
5.4101 0.2801 2.1047 0.8423 0.0819 
5.4101 0.2901 2.1012 0.7779 0.0817 
5.4125 0.2901 2.1001 0.7769 0.0723 
5.4101 0.2801 2.1047 0.8423 0.0819 
5.4187 0.2801 2.1001 0.8400 0.0550 
5.4101 0.2901 2.1012 0.7779 0.0817 
5.4101 0.2801 2.1047 0.8423 0.0819 
5.4125 0.2901 2.1001 0.7769 0.0723 
5.4063 0.2901 2.1001 0.7790 0.0941 
5.4001 0.3001 2.1027 0.7177 0.1266 
5.4001 0.2942 2.1001 0.7548 0.1207 
5.4063 0.2901 2.1001 0.7790 0.0941 
5.4101 0.2901 2.1012 0.7779 0.0817 
5.4001 0.3001 2.1027 0.7177 0.1266 
5.4101 0.2901 2.1012 0.7779 0.0817 
5.4101 0.3001 2.1029 0.7145 0.0877 
5.4001 0.3001 2.1027 0.7177 0.1266 
5.4201 0.2991 2.1001 0.7169 0.0562 
5.4101 0.2901 2.1012 0.7779 0.0817 
5.4125 0.2901 2.1001 0.7769 0.0723 
5.4201 0.2991 2.1001 0.7169 0.0562 
5.4201 0.3001 2.1005 0.7103 0.0567 
5.4101 0.2901 2.1012 0.7779 0.0817 
5.4201 0.3001 2.1005 0.7103 0.0567 
5.4101 0.3001 2.1029 0.7145 0.0877 
5.4101 0.2901 2.1012 0.7779 0.0817 
5.4212 0.3001 2.1001 0.7098 0.0548 
5.4201 0.3001 2.1005 0.7103 0.0567 
5.4201 0.2991 2.1001 0.7169 0.0562 
5.3001 0.3801 2.0989 0.2628 0.5876 
5.2947 0.3801 2.1001 0.2666 0.6109 
5.3001 0.3766 2.1001 0.2846 0.5866 
5.2901 0.3901 2.1001 0.2126 0.6323 
5.2901 0.3901 2.1001 0.2126 0.6323 
5.2901 0.3901 2.1001 0.2126 0.6323 
5.2901 0.3901 2.1001 0.2126 0.6323 
5.2947 0.3801 2.1001 0.2666 0.6109 
5.3001 0.3801 2.0989 0.2628 0.5876 
5.2901 0.3901 2.1001 0.2126 0.6323 
5.3001 0.3801 2.0989 0.2628 0.5876 
5.2901 0.3901 2.1001 0.2126 0.6323 
5.3001 0.3869 2.1001 0.2272 0.5884 
5.2901 0.3901 2.1001 0.2126 0.6323 
5.3001 0.3801 2.0989 0.2628 0.5876 
5.2901 0.3901 2.1001 0.2126 0.6323 
5.2901 0.3901 2.1001 0.2126 0.6323 
5.3001 0.3801 2.0989 0.2628 0.5876 
5.2801 0.4001 2.0987 0.1597 0.6778 
5.2728 0.4001 2.1001 0.1645 0.7086 
5.2801 0.3920 2.1001 0.2053 0.6760 
5.2801 0.3920 2.1001 0.2053 0.6760 
5.2901 0.3901 2.1001 0.2126 0.6323 
5.2901 0.3901 2.1001 0.2126 0.6323 
5.2801 0.3920 2.1001 0.2053 0.6760 
5.2901 0.3901 2.1001 0.2126 0.6323 
5.2801 0.4001 2.0987 0.1597 0.6778 
5.2801 0.4001 2.0987 0.1597 0.6778 
5.2901 0.3901 2.1001 0.2126 0.6323 
5.2901 0.4001 2.0953 0.1501 0.6360 
5.2901 0.3901 2.1001 0.2126 0.6323 
5.3001 0.3907 2.1001 0.2064 0.5891 
5.3001 0.4001 2.0918 0.1403 0.5932 
5.2901 0.3901 2.1001 0.2126 0.6323 
5.3001 0.4001 2.0918 0.1403 0.5932 
5.2901 0.3901 2.1001 0.2126 0.6323 
5.2901 0.3901 2.1001 0.2126 0.6323 
5.3001 0.4001 2.0918 0.1403 0.5932 
5.2901 0.4001 2.0953 0.1501 0.6360 
5.2201 0.4101 2.0993 0.1273 0.9374 
5.2101 0.4101 2.0990 0.1291 0.9813 
5.2101 0.4078 2.1001 0.1424 0.9796 
5.2201 0.4081 2.1001 0.1385 0.9364 
5.2201 0.4101 2.0993 0.1273 0.9374 
5.2101 0.4078 2.1001 0.1424 0.9796 
5.2301 0.4101 2.0964 0.1192 0.8982 
5.2201 0.4101 2.0993 0.1273 0.9374 
5.2201 0.4081 2.1001 0.1385 0.9364 
5.2301 0.4037 2.1001 0.1577 0.8933 
5.2301 0.4101 2.0964 0.1192 0.8982 
5.2201 0.4081 2.1001 0.1385 0.9364 
5.2401 0.4101 2.0968 0.1176 0.8541 
5.2301 0.4101 2.0964 0.1192 0.8982 
5.2301 0.4037 2.1001 0.1577 0.8933 
5.2401 0.4040 2.1001 0.1534 0.8500 
5.2401 0.4101 2.0968 0.1176 0.8541 
5.2301 0.4037 2.1001 0.1577 0.8933 
5.2501 0.4101 2.0952 0.1123 0.8123 
5.2401 0.4101 2.0968 0.1176 0.8541 
5.2401 0.4040 2.1001 0.1534 0.8500 
5.2501 0.4033 2.1001 0.1544 0.8068 
5.2501 0.4101 2.0952 0.1123 0.8123 
5.2401 0.4040 2.1001 0.1534 0.8500 
5.2201 0.4201 2.0949 0.0817 0.9437 
5.2101 0.4201 2.0959 0.0843 0.9858 
5.2201 0.4101 2.0993 0.1273 0.9374 
5.2201 0.4101 2.0993 0.1273 0.9374 
5.2101 0.4201 2.0959 0.0843 0.9858 
5.2101 0.4101 2.0990 0.1291 0.9813 
5.2301 0.4201 2.0952 0.0808 0.8996 
5.2201 0.4201 2.0949 0.0817 0.9437 
5.2301 0.4101 2.0964 0.1192 0.8982 
5.2301 0.4101 2.0964 0.1192 0.8982 
5.2201 0.4201 2.0949 0.0817 0.9437 
5.2201 0.4101 2.0993 0.1273 0.9374 
5.2401 0.4201 2.0957 0.0801 0.8555 
5.2301 0.4201 2.0952 0.0808 0.8996 
5.2401 0.4101 2.0968 0.1176 0.8541 
5.2401 0.4101 2.0968 0.1176 0.8541 
5.2301 0.4201 2.0952 0.0808 0.8996 
5.2301 0.4101 2.0964 0.1192 0.8982 
5.2501 0.4201 2.0941 0.0776 0.8137 
5.2401 0.4201 2.0957 0.0801 0.8555 
5.2501 0.4101 2.0952 0.1123 0.8123 
5.2501 0.4101 2.0952 0.1123 0.8123 
5.2401 0.4201 2.0957 0.0801 0.8555 
5.2401 0.4101 2.0968 0.1176 0.8541 
5.2101 0.4220 2.0901 0.0749 0.9954 
5.2201 0.4201 2.0949 0.0817 0.9437 
5.2201 0.4230 2.0901 0.0737 0.9510 
5.2101 0.4201 2.0959 0.0843 0.9858 
5.2201 0.4201 2.0949 0.0817 0.9437 
5.2101 0.4220 2.0901 0.0749 0.9954 
5.2201 0.4201 2.0949 0.0817 0.9437 
5.2301 0.4201 2.0952 0.0808 0.8996 
5.2201 0.4230 2.0901 0.0737 0.9510 
5.2401 0.4217 2.0901 0.0738 0.8624 
5.2501 0.4201 2.0941 0.0776 0.8137 
5.2501 0.4212 2.0901 0.0738 0.8182 
5.2401 0.4201 2.0957 0.0801 0.8555 
5.2501 0.4201 2.0941 0.0776 0.8137 
5.2401 0.4217 2.0901 0.0738 0.8624 
5.2601 0.4101 2.0934 0.1067 0.7702 
5.2501 0.4101 2.0952 0.1123 0.8123 
5.2501 0.4033 2.1001 0.1544 0.8068 
5.2601 0.4005 2.1001 0.1657 0.7634 
5.2601 0.4101 2.0934 0.1067 0.7702 
5.2501 0.4033 2.1001 0.1544 0.8068 
5.2701 0.4101 2.0953 0.1082 0.7246 
5.2601 0.4101 2.0934 0.1067 0.7702 
5.2601 0.4005 2.1001 0.1657 0.7634 
5.2701 0.4011 2.1001 0.1602 0.7202 
5.2701 0.4101 2.0953 0.1082 0.7246 
5.2601 0.4005 2.1001 0.1657 0.7634 
5.2701 0.4011 2.1001 0.1602 0.7202 
5.2728 0.4001 2.1001 0.1645 0.7086 
5.2801 0.4001 2.0987 0.1597 0.6778 
5.2701 0.4011 2.1001 0.1602 0.7202 
5.2801 0.4001 2.0987 0.1597 0.6778 
5.2701 0.4101 2.0953 0.1082 0.7246 
5.2701 0.4101 2.0953 0.1082 0.7246 
5.2801 0.4001 2.0987 0.1597 0.6778 
5.2801 0.4101 2.0914 0.0989 0.6835 
5.2901 0.4101 2.0928 0.0994 0.6386 
5.2801 0.4101 2.0914 0.0989 0.6835 
5.2901 0.4001 2.0953 0.1501 0.6360 
5.2901 0.4001 2.0953 0.1501 0.6360 
5.2801 0.4101 2.0914 0.0989 0.6835 
5.2801 0.4001 2.0987 0.1597 0.6778 
5.3001 0.4101 2.0940 0.0994 0.5943 
5.2901 0.4101 2.0928 0.0994 0.6386 
5.3001 0.4001 2.0918 0.1403 0.5932 
5.3001 0.4001 2.0918 0.1403 0.5932 
5.2901 0.4101 2.0928 0.0994 0.6386 
5.2901 0.4001 2.0953 0.1501 0.6360 
5.2601 0.4201 2.0952 0.0775 0.7691 
5.2501 0.4201 2.0941 0.0776 0.8137 
5.2601 0.4101 2.0934 0.1067 0.7702 
5.2601 0.4101 2.0934 0.1067 0.7702 
5.2501 0.4201 2.0941 0.0776 0.8137 
5.2501 0.4101 2.0952 0.1123 0.8123 
5.2701 0.4201 2.0922 0.0747 0.7280 
5.2601 0.4201 2.0952 0.0775 0.7691 
5.2701 0.4101 2.0953 0.1082 0.7246 
5.2701 0.4101 2.0953 0.1082 0.7246 
5.2601 0.4201 2.0952 0.0775 0.7691 
5.2601 0.4101 2.0934 0.1067 0.7702 
5.2801 0.4201 2.0912 0.0738 0.6848 
5.2701 0.4201 2.0922 0.0747 0.7280 
5.2801 0.4101 2.0914 0.0989 0.6835 
5.2801 0.4101 2.0914 0.0989 0.6835 
5.2701 0.4201 2.0922 0.0747 0.7280 
5.2701 0.4101 2.0953 0.1082 0.7246 
5.2901 0.4201 2.0927 0.0740 0.6401 
5.2801 0.4201 2.0912 0.0738 0.6848 
5.2901 0.4101 2.0928 0.0994 0.6386 
5.2901 0.4101 2.0928 0.0994 0.6386 
5.2801 0.4201 2.0912 0.0738 0.6848 
5.2801 0.4101 2.0914 0.0989 0.6835 
5.3001 0.4201 2.0935 0.0739 0.5961 
5.2901 0.4201 2.0927 0.0740 0.6401 
5.3001 0.4101 2.0940 0.0994 0.5943 
5.3001 0.4101 2.0940 0.0994 0.5943 
5.2901 0.4201 2.0927 0.0740 0.6401 
5.2901 0.4101 2.0928 0.0994 0.6386 
5.2501 0.4212 2.0901 0.0738 0.8182 
5.2601 0.4201 2.0952 0.0775 0.7691 
5.2601 0.4217 2.0901 0.0734 0.7740 
5.2501 0.4201 2.0941 0.0776 0.8137 
5.2601 0.4201 2.0952 0.0775 0.7691 
5.2501 0.4212 2.0901 0.0738 0.8182 
5.2601 0.4217 2.0901 0.0734 0.7740 
5.2701 0.4201 2.0922 0.0747 0.7280 
5.2701 0.4210 2.0901 0.0735 0.7297 
5.2601 0.4201 2.0952 0.0775 0.7691 
5.2701 0.4201 2.0922 0.0747 0.7280 
5.2601 0.4217 2.0901 0.0734 0.7740 
5.2701 0.4210 2.0901 0.0735 0.7297 
5.2801 0.4201 2.0912 0.0738 0.6848 
5.2801 0.4208 2.0901 0.0734 0.6855 
5.2701 0.4201 2.0922 0.0747 0.7280 
5.2801 0.4201 2.0912 0.0738 0.6848 
5.2701 0.4210 2.0901 0.0735 0.7297 
5.2801 0.4201 2.0912 0.0738 0.6848 
5.2901 0.4201 2.0927 0.0740 0.6401 
5.2801 0.4208 2.0901 0.0734 0.6855 
5.2201 0.3101 2.1072 0.7150 0.9293 
5.2101 0.3101 2.1045 0.7174 0.9785 
5.2201 0.3001 2.1059 0.7775 0.9317 
5.2201 0.3001 2.1059 0.7775 0.9317 
5.2101 0.3101 2.1045 0.7174 0.9785 
5.2101 0.3001 2.1052 0.7807 0.9781 
5.2301 0.3101 2.1041 0.7107 0.8888 
5.2201 0.3101 2.1072 0.7150 0.9293 
5.2301 0.3001 2.1035 0.7739 0.8897 
5.2301 0.3001 2.1035 0.7739 0.8897 
5.2201 0.3101 2.1072 0.7150 0.9293 
5.2201 0.3001 2.1059 0.7775 0.9317 
5.2401 0.3101 2.1055 0.7080 0.8419 
5.2301 0.3101 2.1041 0.7107 0.8888 
5.2401 0.3001 2.1045 0.7707 0.8429 
5.2401 0.3001 2.1045 0.7707 0.8429 
5.2301 0.3101 2.1041 0.7107 0.8888 
5.2301 0.3001 2.1035 0.7739 0.8897 
5.2501 0.3101 2.1046 0.7044 0.7980 
5.2401 0.3101 2.1055 0.7080 0.8419 
5.2501 0.3001 2.1058 0.7676 0.7962 
5.2501 0.3001 2.1058 0.7676 0.7962 
5.2401 0.3101 2.1055 0.7080 0.8419 
5.2401 0.3001 2.1045 0.7707 0.8429 
5.2201 0.3201 2.1060 0.6526 0.9307 
5.2101 0.3201 2.1031 0.6542 0.9803 
5.2201 0.3101 2.1072 0.7150 0.9293 
5.2201 0.3101 2.1072 0.7150 0.9293 
5.2101 0.3201 2.1031 0.6542 0.9803 
5.2101 0.3101 2.1045 0.7174 0.9785 
5.2301 0.3201 2.1050 0.6488 0.8875 
5.2201 0.3201 2.1060 0.6526 0.9307 
5.2301 0.3101 2.1041 0.7107 0.8888 
5.2301 0.3101 2.1041 0.7107 0.8888 
5.2201 0.3201 2.1060 0.6526 0.9307 
5.2201 0.3101 2.1072 0.7150 0.9293 
5.2401 0.3201 2.1057 0.6460 0.8419 
5.2301 0.3201 2.1050 0.6488 0.8875 
5.2401 0.3101 2.1055 0.7080 0.8419 
5.2401 0.3101 2.1055 0.7080 0.8419 
5.2301 0.3201 2.1050 0.6488 0.8875 
5.2301 0.3101 2.1041 0.7107 0.8888 
5.2501 0.3201 2.1051 0.6425 0.7979 
5.2401 0.3201 2.1057 0.6460 0.8419 
5.2501 0.3101 2.1046 0.7044 0.7980 
5.2501 0.3101 2.1046 0.7044 0.7980 
5.2401 0.3201 2.1057 0.6460 0.8419 
5.2401 0.3101 2.1055 0.7080 0.8419 
5.2201 0.3301 2.1033 0.5893 0.9345 
5.2101 0.3301 2.1038 0.5928 0.9785 
5.2201 0.3201 2.1060 0.6526 0.9307 
5.2201 0.3201 2.1060 0.6526 0.9307 
5.2101 0.3301 2.1038 0.5928 0.9785 
5.2101 0.3201 2.1031 0.6542 0.9803 
5.2301 0.3301 2.1056 0.5879 0.8865 
5.2201 0.3301 2.1033 0.5893 0.9345 
5.2301 0.3201 2.1050 0.6488 0.8875 
5.2301 0.3201 2.1050 0.6488 0.8875 
5.2201 0.3301 2.1033 0.5893 0.9345 
5.2201 0.3201 2.1060 0.6526 0.9307 
5.2401 0.3301 2.1048 0.5841 0.8431 
5.2301 0.3301 2.1056 0.5879 0.8865 
5.2401 0.3201 2.1057 0.6460 0.8419 
5.2401 0.3201 2.1057 0.6460 0.8419 
5.2301 0.3301 2.1056 0.5879 0.8865 
5.2301 0.3201 2.1050 0.6488 0.8875 
5.2501 0.3301 2.1044 0.5806 0.7991 
5.2401 0.3301 2.1048 0.5841 0.8431 
5.2501 0.3201 2.1051 0.6425 0.7979 
5.2501 0.3201 2.1051 0.6425 0.7979 
5.2401 0.3301 2.1048 0.5841 0.8431 
5.2401 0.3201 2.1057 0.6460 0.8419 
5.2201 0.3401 2.1056 0.5306 0.9307 
5.2101 0.3401 2.1046 0.5328 0.9764 
5.2201 0.3301 2.1033 0.5893 0.9345 
5.2201 0.3301 2.1033 0.5893 0.9345 
5.2101 0.3401 2.1046 0.5328 0.9764 
5.2101 0.3301 2.1038 0.5928 0.9785 
5.2301 0.3401 2.1041 0.5260 0.8885 
5.2201 0.3401 2.1056 0.5306 0.9307 
5.2301 0.3301 2.1056 0.5879 0.8865 
5.2301 0.3301 2.1056 0.5879 0.8865 
5.2201 0.3401 2.1056 0.5306 0.9307 
5.2201 0.3301 2.1033 0.5893 0.9345 
5.2401 0.3401 2.1057 0.5245 0.8423 
5.2301 0.3401 2.1041 0.5260 0.8885 
5.2401 0.3301 2.1048 0.5841 0.8431 
5.2401 0.3301 2.1048 0.5841 0.8431 
5.2301 0.3401 2.1041 0.5260 0.8885 
5.2301 0.3301 2.1056 0.5879 0.8865 
5.2501 0.3401 2.1041 0.5198 0.7999 
5.2401 0.3401 2.1057 0.5245 0.8423 
5.2501 0.3301 2.1044 0.5806 0.7991 
5.2501 0.3301 2.1044 0.5806 0.7991 
5.2401 0.3401 2.1057 0.5245 0.8423 
5.2401 0.3301 2.1048 0.5841 0.8431 
5.2201 0.3501 2.1051 0.4704 0.9310 
5.2101 0.3501 2.1050 0.4734 0.9752 
5.2201 0.3401 2.1056 0.5306 0.9307 
5.2201 0.3401 2.1056 0.5306 0.9307 
5.2101 0.3501 2.1050 0.4734 0.9752 
5.2101 0.3401 2.1046 0.5328 0.9764 
5.2301 0.3501 2.1052 0.4675 0.8869 
5.2201 0.3501 2.1051 0.4704 0.9310 
5.2301 0.3401 2.1041 0.5260 0.8885 
5.2301 0.3401 2.1041 0.5260 0.8885 
5.2201 0.3501 2.1051 0.4704 0.9310 
5.2201 0.3401 2.1056 0.5306 0.9307 
5.2401 0.3501 2.1048 0.4639 0.8436 
5.2301 0.3501 2.1052 0.4675 0.8869 
5.2401 0.3401 2.1057 0.5245 0.8423 
5.2401 0.3401 2.1057 0.5245 0.8423 
5.2301 0.3501 2.1052 0.4675 0.8869 
5.2301 0.3401 2.1041 0.5260 0.8885 
5.2501 0.3501 2.1046 0.4607 0.7998 
5.2401 0.3501 2.1048 0.4639 0.8436 
5.2501 0.3401 2.1041 0.5198 0.7999 
5.2501 0.3401 2.1041 0.5198 0.7999 
5.2401 0.3501 2.1048 0.4639 0.8436 
5.2401 0.3401 2.1057 0.5245 0.8423 
5.2601 0.3101 2.1056 0.7015 0.7521 
5.2501 0.3101 2.1046 0.7044 0.7980 
5.2601 0.3001 2.1038 0.7640 0.7529 
5.2601 0.3001 2.1038 0.7640 0.7529 
5.2501 0.3101 2.1046 0.7044 0.7980 
5.2501 0.3001 2.1058 0.7676 0.7962 
5.2701 0.3101 2.1048 0.6980 0.7078 
5.2601 0.3101 2.1056 0.7015 0.7521 
5.2701 0.3001 2.1057 0.7611 0.7061 
5.2701 0.3001 2.1057 0.7611 0.7061 
5.2601 0.3101 2.1056 0.7015 0.7521 
5.2601 0.3001 2.1038 0.7640 0.7529 
5.2801 0.3101 2.1040 0.6944 0.6633 
5.2701 0.3101 2.1048 0.6980 0.7078 
5.2801 0.3001 2.1053 0.7577 0.6613 
5.2801 0.3001 2.1053 0.7577 0.6613 
5.2701 0.3101 2.1048 0.6980 0.7078 
5.2701 0.3001 2.1057 0.7611 0.7061 
5.2901 0.3101 2.1046 0.6914 0.6181 
5.2801 0.3101 2.1040 0.6944 0.6633 
5.2901 0.3001 2.1035 0.7541 0.6170 
5.2901 0.3001 2.1035 0.7541 0.6170 
5.2801 0.3101 2.1040 0.6944 0.6633 
5.2801 0.3001 2.1053 0.7577 0.6613 
5.3001 0.3101 2.1045 0.6881 0.5733 
5.2901 0.3101 2.1046 0.6914 0.6181 
5.3001 0.3001 2.1048 0.7511 0.5714 
5.3001 0.3001 2.1048 0.7511 0.5714 
5.2901 0.3101 2.1046 0.6914 0.6181 
5.2901 0.3001 2.1035 0.7541 0.6170 
5.2601 0.3201 2.1036 0.6384 0.7546 
5.2501 0.3201 2.1051 0.6425 0.7979 
5.2601 0.3101 2.1056 0.7015 0.7521 
5.2601 0.3101 2.1056 0.7015 0.7521 
5.2501 0.3201 2.1051 0.6425 0.7979 
5.2501 0.3101 2.1046 0.7044 0.7980 
5.2701 0.3201 2.1044 0.6356 0.7091 
5.2601 0.3201 2.1036 0.6384 0.7546 
5.2701 0.3101 2.1048 0.6980 0.7078 
5.2701 0.3101 2.1048 0.6980 0.7078 
5.2601 0.3201 2.1036 0.6384 0.7546 
5.2601 0.3101 2.1056 0.7015 0.7521 
5.2801 0.3201 2.1052 0.6329 0.6640 
5.2701 0.3201 2.1044 0.6356 0.7091 
5.2801 0.3101 2.1040 0.6944 0.6633 
5.2801 0.3101 2.1040 0.6944 0.6633 
5.2701 0.3201 2.1044 0.6356 0.7091 
5.2701 0.3101 2.1048 0.6980 0.7078 
5.2901 0.3201 2.1041 0.6291 0.6199 
5.2801 0.3201 2.1052 0.6329 0.6640 
5.2901 0.3101 2.1046 0.6914 0.6181 
5.2901 0.3101 2.1046 0.6914 0.6181 
5.2801 0.3201 2.1052 0.6329 0.6640 
5.2801 0.3101 2.1040 0.6944 0.6633 
5.3001 0.3201 2.1047 0.6262 0.5751 
5.2901 0.3201 2.1041 0.6291 0.6199 
5.3001 0.3101 2.1045 0.6881 0.5733 
5.3001 0.3101 2.1045 0.6881 0.5733 
5.2901 0.3201 2.1041 0.6291 0.6199 
5.2901 0.3101 2.1046 0.6914 0.6181 
5.2601 0.3301 2.1034 0.5766 0.7555 
5.2501 0.3301 2.1044 0.5806 0.7991 
5.2601 0.3201 2.1036 0.6384 0.7546 
5.2601 0.3201 2.1036 0.6384 0.7546 
5.2501 0.3301 2.1044 0.5806 0.7991 
5.2501 0.3201 2.1051 0.6425 0.7979 
5.2701 0.3301 2.1045 0.5744 0.7101 
5.2601 0.3301 2.1034 0.5766 0.7555 
5.2701 0.3201 2.1044 0.6356 0.7091 
5.2701 0.3201 2.1044 0.6356 0.7091 
5.2601 0.3301 2.1034 0.5766 0.7555 
5.2601 0.3201 2.1036 0.6384 0.7546 
5.2801 0.3301 2.1041 0.5709 0.6659 
5.2701 0.3301 2.1045 0.5744 0.7101 
5.2801 0.3201 2.1052 0.6329 0.6640 
5.2801 0.3201 2.1052 0.6329 0.6640 
5.2701 0.3301 2.1045 0.5744 0.7101 
5.2701 0.3201 2.1044 0.6356 0.7091 
5.2901 0.3301 2.1045 0.5681 0.6213 
5.2801 0.3301 2.1041 0.5709 0.6659 
5.2901 0.3201 2.1041 0.6291 0.6199 
5.2901 0.3201 2.1041 0.6291 0.6199 
5.2801 0.3301 2.1041 0.5709 0.6659 
5.2801 0.3201 2.1052 0.6329 0.6640 
5.3001 0.3301 2.1049 0.5652 0.5770 
5.2901 0.3301 2.1045 0.5681 0.6213 
5.3001 0.3201 2.1047 0.6262 0.5751 
5.3001 0.3201 2.1047 0.6262 0.5751 
5.2901 0.3301 2.1045 0.5681 0.6213 
5.2901 0.3201 2.1041 0.6291 0.6199 
5.2601 0.3401 2.1036 0.5162 0.7560 
5.2501 0.3401 2.1041 0.5198 0.7999 
5.2601 0.3301 2.1034 0.5766 0.7555 
5.2601 0.3301 2.1034 0.5766 0.7555 
5.2501 0.3401 2.1041 0.5198 0.7999 
5.2501 0.3301 2.1044 0.5806 0.7991 
5.2701 0.3401 2.1025 0.5119 0.7126 
5.2601 0.3401 2.1036 0.5162 0.7560 
5.2701 0.3301 2.1045 0.5744 0.7101 
5.2701 0.3301 2.1045 0.5744 0.7101 
5.2601 0.3401 2.1036 0.5162 0.7560 
5.2601 0.3301 2.1034 0.5766 0.7555 
5.2801 0.3401 2.1042 0.5105 0.6671 
5.2701 0.3401 2.1025 0.5119 0.7126 
5.2801 0.3301 2.1041 0.5709 0.6659 
5.2801 0.3301 2.1041 0.5709 0.6659 
5.2701 0.3401 2.1025 0.5119 0.7126 
5.2701 0.3301 2.1045 0.5744 0.7101 
5.2901 0.3401 2.1024 0.5055 0.6238 
5.2801 0.3401 2.1042 0.5105 0.6671 
5.2901 0.3301 2.1045 0.5681 0.6213 
5.2901 0.3301 2.1045 0.5681 0.6213 
5.2801 0.3401 2.1042 0.5105 0.6671 
5.2801 0.3301 2.1041 0.5709 0.6659 
5.3001 0.3401 2.1030 0.5030 0.5793 
5.2901 0.3401 2.1024 0.5055 0.6238 
5.3001 0.3301 2.1049 0.5652 0.5770 
5.3001 0.3301 2.1049 0.5652 0.5770 
5.2901 0.3401 2.1024 0.5055 0.6238 
5.2901 0.3301 2.1045 0.5681 0.6213 
5.2601 0.3501 2.1022 0.4546 0.7580 
5.2501 0.3501 2.1046 0.4607 0.7998 
5.2601 0.3401 2.1036 0.5162 0.7560 
5.2601 0.3401 2.1036 0.5162 0.7560 
5.2501 0.3501 2.1046 0.4607 0.7998 
5.2501 0.3401 2.1041 0.5198 0.7999 
5.2701 0.3501 2.1032 0.4528 0.7130 
5.2601 0.3501 2.1022 0.4546 0.7580 
5.2701 0.3401 2.1025 0.5119 0.7126 
5.2701 0.3401 2.1025 0.5119 0.7126 
5.2601 0.3501 2.1022 0.4546 0.7580 
5.2601 0.3401 2.1036 0.5162 0.7560 
5.2801 0.3501 2.1030 0.4495 0.6691 
5.2701 0.3501 2.1032 0.4528 0.7130 
5.2801 0.3401 2.1042 0.5105 0.6671 
5.2801 0.3401 2.1042 0.5105 0.6671 
5.2701 0.3501 2.1032 0.4528 0.7130 
5.2701 0.3401 2.1025 0.5119 0.7126 
5.2901 0.3501 2.1028 0.4461 0.6251 
5.2801 0.3501 2.1030 0.4495 0.6691 
5.2901 0.3401 2.1024 0.5055 0.6238 
5.2901 0.3401 2.1024 0.5055 0.6238 
5.2801 0.3501 2.1030 0.4495 0.6691 
5.2801 0.3401 2.1042 0.5105 0.6671 
5.3001 0.3501 2.1037 0.4442 0.5809 
5.2901 0.3501 2.1028 0.4461 0.6251 
5.3001 0.3401 2.1030 0.5030 0.5793 
5.3001 0.3401 2.1030 0.5030 0.5793 
5.2901 0.3501 2.1028 0.4461 0.6251 
5.2901 0.3401 2.1024 0.5055 0.6238 
5.2201 0.3601 2.1026 0.4083 0.9344 
5.2101 0.3601 2.1043 0.4136 0.9757 
5.2201 0.3501 2.1051 0.4704 0.9310 
5.2201 0.3501 2.1051 0.4704 0.9310 
5.2101 0.3601 2.1043 0.4136 0.9757 
5.2101 0.3501 2.1050 0.4734 0.9752 
5.2301 0.3601 2.1028 0.4055 0.8901 
5.2201 0.3601 2.1026 0.4083 0.9344 
5.2301 0.3501 2.1052 0.4675 0.8869 
5.2301 0.3501 2.1052 0.4675 0.8869 
5.2201 0.3601 2.1026 0.4083 0.9344 
5.2201 0.3501 2.1051 0.4704 0.9310 
5.2401 0.3601 2.1048 0.4052 0.8437 
5.2301 0.3601 2.1028 0.4055 0.8901 
5.2401 0.3501 2.1048 0.4639 0.8436 
5.2401 0.3501 2.1048 0.4639 0.8436 
5.2301 0.3601 2.1028 0.4055 0.8901 
5.2301 0.3501 2.1052 0.4675 0.8869 
5.2501 0.3601 2.1029 0.3995 0.8020 
5.2401 0.3601 2.1048 0.4052 0.8437 
5.2501 0.3501 2.1046 0.4607 0.7998 
5.2501 0.3501 2.1046 0.4607 0.7998 
5.2401 0.3601 2.1048 0.4052 0.8437 
5.2401 0.3501 2.1048 0.4639 0.8436 
5.2201 0.3701 2.1041 0.3523 0.9318 
5.2101 0.3701 2.1044 0.3558 0.9750 
5.2201 0.3601 2.1026 0.4083 0.9344 
5.2201 0.3601 2.1026 0.4083 0.9344 
5.2101 0.3701 2.1044 0.3558 0.9750 
5.2101 0.3601 2.1043 0.4136 0.9757 
5.2301 0.3701 2.1028 0.3474 0.8900 
5.2201 0.3701 2.1041 0.3523 0.9318 
5.2301 0.3601 2.1028 0.4055 0.8901 
5.2301 0.3601 2.1028 0.4055 0.8901 
5.2201 0.3701 2.1041 0.3523 0.9318 
5.2201 0.3601 2.1026 0.4083 0.9344 
5.2401 0.3701 2.1025 0.3438 0.8467 
5.2301 0.3701 2.1028 0.3474 0.8900 
5.2401 0.3601 2.1048 0.4052 0.8437 
5.2401 0.3601 2.1048 0.4052 0.8437 
5.2301 0.3701 2.1028 0.3474 0.8900 
5.2301 0.3601 2.1028 0.4055 0.8901 
5.2501 0.3701 2.1032 0.3420 0.8021 
5.2401 0.3701 2.1025 0.3438 0.8467 
5.2501 0.3601 2.1029 0.3995 0.8020 
5.2501 0.3601 2.1029 0.3995 0.8020 
5.2401 0.3701 2.1025 0.3438 0.8467 
5.2401 0.3601 2.1048 0.4052 0.8437 
5.2201 0.3801 2.1040 0.2954 0.9316 
5.2101 0.3801 2.1029 0.2963 0.9769 
5.2201 0.3701 2.1041 0.3523 0.9318 
5.2201 0.3701 2.1041 0.3523 0.9318 
5.2101 0.3801 2.1029 0.2963 0.9769 
5.2101 0.3701 2.1044 0.3558 0.9750 
5.2301 0.3801 2.1027 0.2901 0.8901 
5.2201 0.3801 2.1040 0.2954 0.9316 
5.2301 0.3701 2.1028 0.3474 0.8900 
5.2301 0.3701 2.1028 0.3474 0.8900 
5.2201 0.3801 2.1040 0.2954 0.9316 
5.2201 0.3701 2.1041 0.3523 0.9318 
5.2401 0.3801 2.1023 0.2866 0.8470 
5.2301 0.3801 2.1027 0.2901 0.8901 
5.2401 0.3701 2.1025 0.3438 0.8467 
5.2401 0.3701 2.1025 0.3438 0.8467 
5.2301 0.3801 2.1027 0.2901 0.8901 
5.2301 0.3701 2.1028 0.3474 0.8900 
5.2501 0.3801 2.1023 0.2836 0.8036 
5.2401 0.3801 2.1023 0.2866 0.8470 
5.2501 0.3701 2.1032 0.3420 0.8021 
5.2501 0.3701 2.1032 0.3420 0.8021 
5.2401 0.3801 2.1023 0.2866 0.8470 
5.2401 0.3701 2.1025 0.3438 0.8467 
5.2201 0.3901 2.1033 0.2386 0.9323 
5.2101 0.3901 2.1024 0.2397 0.9770 
5.2201 0.3801 2.1040 0.2954 0.9316 
5.2201 0.3801 2.1040 0.2954 0.9316 
5.2101 0.3901 2.1024 0.2397 0.9770 
5.2101 0.3801 2.1029 0.2963 0.9769 
5.2301 0.3901 2.1026 0.2344 0.8901 
5.2201 0.3901 2.1033 0.2386 0.9323 
5.2301 0.3801 2.1027 0.2901 0.8901 
5.2301 0.3801 2.1027 0.2901 0.8901 
5.2201 0.3901 2.1033 0.2386 0.9323 
5.2201 0.3801 2.1040 0.2954 0.9316 
5.2401 0.3901 2.1036 0.2334 0.8457 
5.2301 0.3901 2.1026 0.2344 0.8901 
5.2401 0.3801 2.1023 0.2866 0.8470 
5.2401 0.3801 2.1023 0.2866 0.8470 
5.2301 0.3901 2.1026 0.2344 0.8901 
5.2301 0.3801 2.1027 0.2901 0.8901 
5.2501 0.3901 2.1026 0.2286 0.8037 
5.2401 0.3901 2.1036 0.2334 0.8457 
5.2501 0.3801 2.1023 0.2836 0.8036 
5.2501 0.3801 2.1023 0.2836 0.8036 
5.2401 0.3901 2.1036 0.2334 0.8457 
5.2401 0.3801 2.1023 0.2866 0.8470 
5.2201 0.4001 2.1030 0.1845 0.9324 
5.2101 0.4001 2.1038 0.1886 0.9742 
5.2201 0.3901 2.1033 0.2386 0.9323 
5.2201 0.3901 2.1033 0.2386 0.9323 
5.2101 0.4001 2.1038 0.1886 0.9742 
5.2101 0.3901 2.1024 0.2397 0.9770 
5.2301 0.4001 2.1022 0.1801 0.8906 
5.2201 0.4001 2.1030 0.1845 0.9324 
5.2301 0.3901 2.1026 0.2344 0.8901 
5.2301 0.3901 2.1026 0.2344 0.8901 
5.2201 0.4001 2.1030 0.1845 0.9324 
5.2201 0.3901 2.1033 0.2386 0.9323 
5.2401 0.4001 2.1022 0.1775 0.8475 
5.2301 0.4001 2.1022 0.1801 0.8906 
5.2401 0.3901 2.1036 0.2334 0.8457 
5.2401 0.3901 2.1036 0.2334 0.8457 
5.2301 0.4001 2.1022 0.1801 0.8906 
5.2301 0.3901 2.1026 0.2344 0.8901 
5.2501 0.4001 2.1024 0.1752 0.8043 
5.2401 0.4001 2.1022 0.1775 0.8475 
5.2501 0.3901 2.1026 0.2286 0.8037 
5.2501 0.3901 2.1026 0.2286 0.8037 
5.2401 0.4001 2.1022 0.1775 0.8475 
5.2401 0.3901 2.1036 0.2334 0.8457 
5.2601 0.3601 2.1034 0.3972 0.7576 
5.2501 0.3601 2.1029 0.3995 0.8020 
5.2601 0.3501 2.1022 0.4546 0.7580 
5.2601 0.3501 2.1022 0.4546 0.7580 
5.2501 0.3601 2.1029 0.3995 0.8020 
5.2501 0.3501 2.1046 0.4607 0.7998 
5.2701 0.3601 2.1027 0.3931 0.7144 
5.2601 0.3601 2.1034 0.3972 0.7576 
5.2701 0.3501 2.1032 0.4528 0.7130 
5.2701 0.3501 2.1032 0.4528 0.7130 
5.2601 0.3601 2.1034 0.3972 0.7576 
5.2601 0.3501 2.1022 0.4546 0.7580 
5.2801 0.3601 2.1031 0.3908 0.6703 
5.2701 0.3601 2.1027 0.3931 0.7144 
5.2801 0.3501 2.1030 0.4495 0.6691 
5.2801 0.3501 2.1030 0.4495 0.6691 
5.2701 0.3601 2.1027 0.3931 0.7144 
5.2701 0.3501 2.1032 0.4528 0.7130 
5.2901 0.3601 2.1033 0.3880 0.6265 
5.2801 0.3601 2.1031 0.3908 0.6703 
5.2901 0.3501 2.1028 0.4461 0.6251 
5.2901 0.3501 2.1028 0.4461 0.6251 
5.2801 0.3601 2.1031 0.3908 0.6703 
5.2801 0.3501 2.1030 0.4495 0.6691 
5.3001 0.3601 2.1026 0.3840 0.5830 
5.2901 0.3601 2.1033 0.3880 0.6265 
5.3001 0.3501 2.1037 0.4442 0.5809 
5.3001 0.3501 2.1037 0.4442 0.5809 
5.2901 0.3601 2.1033 0.3880 0.6265 
5.2901 0.3501 2.1028 0.4461 0.6251 
5.2601 0.3701 2.1015 0.3362 0.7601 
5.2501 0.3701 2.1032 0.3420 0.8021 
5.2601 0.3601 2.1034 0.3972 0.7576 
5.2601 0.3601 2.1034 0.3972 0.7576 
5.2501 0.3701 2.1032 0.3420 0.8021 
5.2501 0.3601 2.1029 0.3995 0.8020 
5.2701 0.3701 2.1035 0.3365 0.7148 
5.2601 0.3701 2.1015 0.3362 0.7601 
5.2701 0.3601 2.1027 0.3931 0.7144 
5.2701 0.3601 2.1027 0.3931 0.7144 
5.2601 0.3701 2.1015 0.3362 0.7601 
5.2601 0.3601 2.1034 0.3972 0.7576 
5.2801 0.3701 2.1019 0.3309 0.6723 
5.2701 0.3701 2.1035 0.3365 0.7148 
5.2801 0.3601 2.1031 0.3908 0.6703 
5.2801 0.3601 2.1031 0.3908 0.6703 
5.2701 0.3701 2.1035 0.3365 0.7148 
5.2701 0.3601 2.1027 0.3931 0.7144 
5.2901 0.3701 2.1011 0.3266 0.6289 
5.2801 0.3701 2.1019 0.3309 0.6723 
5.2901 0.3601 2.1033 0.3880 0.6265 
5.2901 0.3601 2.1033 0.3880 0.6265 
5.2801 0.3701 2.1019 0.3309 0.6723 
5.2801 0.3601 2.1031 0.3908 0.6703 
5.3001 0.3701 2.1024 0.3258 0.5848 
5.2901 0.3701 2.1011 0.3266 0.6289 
5.3001 0.3601 2.1026 0.3840 0.5830 
5.3001 0.3601 2.1026 0.3840 0.5830 
5.2901 0.3701 2.1011 0.3266 0.6289 
5.2901 0.3601 2.1033 0.3880 0.6265 
5.2601 0.3801 2.1035 0.2829 0.7590 
5.2501 0.3801 2.1023 0.2836 0.8036 
5.2601 0.3701 2.1015 0.3362 0.7601 
5.2601 0.3701 2.1015 0.3362 0.7601 
5.2501 0.3801 2.1023 0.2836 0.8036 
5.2501 0.3701 2.1032 0.3420 0.8021 
5.2701 0.3801 2.1035 0.2799 0.7157 
5.2601 0.3801 2.1035 0.2829 0.7590 
5.2701 0.3701 2.1035 0.3365 0.7148 
5.2701 0.3701 2.1035 0.3365 0.7148 
5.2601 0.3801 2.1035 0.2829 0.7590 
5.2601 0.3701 2.1015 0.3362 0.7601 
5.2801 0.3801 2.1011 0.2728 0.6739 
5.2701 0.3801 2.1035 0.2799 0.7157 
5.2801 0.3701 2.1019 0.3309 0.6723 
5.2801 0.3701 2.1019 0.3309 0.6723 
5.2701 0.3801 2.1035 0.2799 0.7157 
5.2701 0.3701 2.1035 0.3365 0.7148 
5.2901 0.3801 2.1011 0.2698 0.6304 
5.2801 0.3801 2.1011 0.2728 0.6739 
5.2901 0.3701 2.1011 0.3266 0.6289 
5.2901 0.3701 2.1011 0.3266 0.6289 
5.2801 0.3801 2.1011 0.2728 0.6739 
5.2801 0.3701 2.1019 0.3309 0.6723 
5.2947 0.3801 2.1001 0.2666 0.6109 
5.3001 0.3701 2.1024 0.3258 0.5848 
5.3001 0.3766 2.1001 0.2846 0.5866 
5.2947 0.3801 2.1001 0.2666 0.6109 
5.2901 0.3801 2.1011 0.2698 0.6304 
5.3001 0.3701 2.1024 0.3258 0.5848 
5.2901 0.3801 2.1011 0.2698 0.6304 
5.2901 0.3701 2.1011 0.3266 0.6289 
5.3001 0.3701 2.1024 0.3258 0.5848 
5.2601 0.3901 2.1025 0.2258 0.7605 
5.2501 0.3901 2.1026 0.2286 0.8037 
5.2601 0.3801 2.1035 0.2829 0.7590 
5.2601 0.3801 2.1035 0.2829 0.7590 
5.2501 0.3901 2.1026 0.2286 0.8037 
5.2501 0.3801 2.1023 0.2836 0.8036 
5.2701 0.3901 2.1011 0.2202 0.7185 
5.2601 0.3901 2.1025 0.2258 0.7605 
5.2701 0.3801 2.1035 0.2799 0.7157 
5.2701 0.3801 2.1035 0.2799 0.7157 
5.2601 0.3901 2.1025 0.2258 0.7605 
5.2601 0.3801 2.1035 0.2829 0.7590 
5.2801 0.3901 2.1004 0.2161 0.6755 
5.2701 0.3901 2.1011 0.2202 0.7185 
5.2801 0.3801 2.1011 0.2728 0.6739 
5.2801 0.3801 2.1011 0.2728 0.6739 
5.2701 0.3901 2.1011 0.2202 0.7185 
5.2701 0.3801 2.1035 0.2799 0.7157 
5.2901 0.3901 2.1001 0.2126 0.6323 
5.2901 0.3801 2.1011 0.2698 0.6304 
5.2901 0.3901 2.1001 0.2126 0.6323 
5.2901 0.3901 2.1001 0.2126 0.6323 
5.2801 0.3901 2.1004 0.2161 0.6755 
5.2901 0.3801 2.1011 0.2698 0.6304 
5.2801 0.3901 2.1004 0.2161 0.6755 
5.2801 0.3801 2.1011 0.2728 0.6739 
5.2901 0.3801 2.1011 0.2698 0.6304 
5.3001 0.3869 2.1001 0.2272 0.5884 
5.3001 0.3901 2.1007 0.2109 0.5888 
5.2901 0.3901 2.1001 0.2126 0.6323 
5.2947 0.3801 2.1001 0.2666 0.6109 
5.2901 0.3901 2.1001 0.2126 0.6323 
5.2901 0.3801 2.1011 0.2698 0.6304 
5.2601 0.4001 2.1004 0.1685 0.7631 
5.2501 0.4001 2.1024 0.1752 0.8043 
5.2601 0.3901 2.1025 0.2258 0.7605 
5.2601 0.3901 2.1025 0.2258 0.7605 
5.2501 0.4001 2.1024 0.1752 0.8043 
5.2501 0.3901 2.1026 0.2286 0.8037 
5.2701 0.4001 2.1006 0.1663 0.7197 
5.2601 0.4001 2.1004 0.1685 0.7631 
5.2701 0.3901 2.1011 0.2202 0.7185 
5.2701 0.3901 2.1011 0.2202 0.7185 
5.2601 0.4001 2.1004 0.1685 0.7631 
5.2601 0.3901 2.1025 0.2258 0.7605 
5.2728 0.4001 2.1001 0.1645 0.7086 
5.2801 0.3901 2.1004 0.2161 0.6755 
5.2801 0.3920 2.1001 0.2053 0.6760 
5.2728 0.4001 2.1001 0.1645 0.7086 
5.2701 0.4001 2.1006 0.1663 0.7197 
5.2801 0.3901 2.1004 0.2161 0.6755 
5.2701 0.4001 2.1006 0.1663 0.7197 
5.2701 0.3901 2.1011 0.2202 0.7185 
5.2801 0.3901 2.1004 0.2161 0.6755 
5.2801 0.3920 2.1001 0.2053 0.6760 
5.2801 0.3901 2.1004 0.2161 0.6755 
5.2901 0.3901 2.1001 0.2126 0.6323 
5.3001 0.3907 2.1001 0.2064 0.5891 
5.2901 0.3901 2.1001 0.2126 0.6323 
5.3001 0.3901 2.1007 0.2109 0.5888 
5.2101 0.4078 2.1001 0.1424 0.9796 
5.2201 0.4001 2.1030 0.1845 0.9324 
5.2201 0.4081 2.1001 0.1385 0.9364 
5.2101 0.4001 2.1038 0.1886 0.9742 
5.2201 0.4001 2.1030 0.1845 0.9324 
5.2101 0.4078 2.1001 0.1424 0.9796 
5.2201 0.4081 2.1001 0.1385 0.9364 
5.2301 0.4001 2.1022 0.1801 0.8906 
5.2301 0.4037 2.1001 0.1577 0.8933 
5.2201 0.4001 2.1030 0.1845 0.9324 
5.2301 0.4001 2.1022 0.1801 0.8906 
5.2201 0.4081 2.1001 0.1385 0.9364 
5.2301 0.4037 2.1001 0.1577 0.8933 
5.2401 0.4001 2.1022 0.1775 0.8475 
5.2401 0.4040 2.1001 0.1534 0.8500 
5.2301 0.4001 2.1022 0.1801 0.8906 
5.2401 0.4001 2.1022 0.1775 0.8475 
5.2301 0.4037 2.1001 0.1577 0.8933 
5.2401 0.4040 2.1001 0.1534 0.8500 
5.2501 0.4001 2.1024 0.1752 0.8043 
5.2501 0.4033 2.1001 0.1544 0.8068 
5.2401 0.4001 2.1022 0.1775 0.8475 
5.2501 0.4001 2.1024 0.1752 0.8043 
5.2401 0.4040 2.1001 0.1534 0.8500 
5.2501 0.4033 2.1001 0.1544 0.8068 
5.2601 0.4001 2.1004 0.1685 0.7631 
5.2601 0.4005 2.1001 0.1657 0.7634 
5.2501 0.4001 2.1024 0.1752 0.8043 
5.2601 0.4001 2.1004 0.1685 0.7631 
5.2501 0.4033 2.1001 0.1544 0.8068 
5.2601 0.4005 2.1001 0.1657 0.7634 
5.2701 0.4001 2.1006 0.1663 0.7197 
5.2701 0.4011 2.1001 0.1602 0.7202 
5.2601 0.4001 2.1004 0.1685 0.7631 
5.2701 0.4001 2.1006 0.1663 0.7197 
5.2601 0.4005 2.1001 0.1657 0.7634 
5.2701 0.4011 2.1001 0.1602 0.7202 
5.2701 0.4001 2.1006 0.1663 0.7197 
5.2728 0.4001 2.1001 0.1645 0.7086 
5.4001 0.3101 2.0975 0.6520 0.1245 
5.3921 0.3101 2.1001 0.6560 0.1615 
5.4001 0.3051 2.1001 0.6849 0.1255 
5.3901 0.3201 2.0961 0.5910 0.1698 
5.3847 0.3201 2.1001 0.5958 0.1978 
5.3901 0.3115 2.1001 0.6480 0.1707 
5.3901 0.3115 2.1001 0.6480 0.1707 
5.3921 0.3101 2.1001 0.6560 0.1615 
5.4001 0.3101 2.0975 0.6520 0.1245 
5.3901 0.3115 2.1001 0.6480 0.1707 
5.4001 0.3101 2.0975 0.6520 0.1245 
5.3901 0.3201 2.0961 0.5910 0.1698 
5.4001 0.3144 2.1001 0.6266 0.1296 
5.3955 0.3201 2.1001 0.5924 0.1514 
5.4001 0.3101 2.0975 0.6520 0.1245 
5.3955 0.3201 2.1001 0.5924 0.1514 
5.3901 0.3201 2.0961 0.5910 0.1698 
5.4001 0.3101 2.0975 0.6520 0.1245 
5.3901 0.3201 2.0961 0.5910 0.1698 
5.3901 0.3259 2.1001 0.5583 0.1768 
5.3847 0.3201 2.1001 0.5958 0.1978 
5.3901 0.3259 2.1001 0.5583 0.1768 
5.3901 0.3201 2.0961 0.5910 0.1698 
5.3955 0.3201 2.1001 0.5924 0.1514 
5.3801 0.3401 2.0954 0.4691 0.2213 
5.3708 0.3401 2.1001 0.4776 0.2664 
5.3801 0.3312 2.1001 0.5286 0.2224 
5.3901 0.3401 2.0960 0.4667 0.1782 
5.3801 0.3401 2.0954 0.4691 0.2213 
5.3801 0.3312 2.1001 0.5286 0.2224 
5.3901 0.3343 2.1001 0.5069 0.1804 
5.3901 0.3401 2.0960 0.4667 0.1782 
5.3801 0.3312 2.1001 0.5286 0.2224 
5.4001 0.3401 2.0956 0.4630 0.1352 
5.3901 0.3401 2.0960 0.4667 0.1782 
5.3901 0.3343 2.1001 0.5069 0.1804 
5.4001 0.3328 2.1001 0.5125 0.1376 
5.4001 0.3401 2.0956 0.4630 0.1352 
5.3901 0.3343 2.1001 0.5069 0.1804 
5.3701 0.3501 2.0994 0.4170 0.2727 
5.3676 0.3501 2.1001 0.4187 0.2841 
5.3701 0.3436 2.1001 0.4568 0.2708 
5.3701 0.3436 2.1001 0.4568 0.2708 
5.3708 0.3401 2.1001 0.4776 0.2664 
5.3801 0.3401 2.0954 0.4691 0.2213 
5.3701 0.3436 2.1001 0.4568 0.2708 
5.3801 0.3401 2.0954 0.4691 0.2213 
5.3701 0.3501 2.0994 0.4170 0.2727 
5.3801 0.3492 2.1001 0.4205 0.2294 
5.3759 0.3501 2.1001 0.4161 0.2482 
5.3801 0.3401 2.0954 0.4691 0.2213 
5.3759 0.3501 2.1001 0.4161 0.2482 
5.3701 0.3501 2.0994 0.4170 0.2727 
5.3801 0.3401 2.0954 0.4691 0.2213 
5.3801 0.3401 2.0954 0.4691 0.2213 
5.3901 0.3401 2.0960 0.4667 0.1782 
5.3901 0.3494 2.1001 0.4158 0.1866 
5.3801 0.3492 2.1001 0.4205 0.2294 
5.3801 0.3401 2.0954 0.4691 0.2213 
5.3901 0.3494 2.1001 0.4158 0.1866 
5.3939 0.3501 2.1001 0.4106 0.1710 
5.3901 0.3494 2.1001 0.4158 0.1866 
5.3901 0.3401 2.0960 0.4667 0.1782 
5.3939 0.3501 2.1001 0.4106 0.1710 
5.3901 0.3401 2.0960 0.4667 0.1782 
5.4001 0.3501 2.0996 0.4080 0.1444 
5.4001 0.3501 2.0996 0.4080 0.1444 
5.3901 0.3401 2.0960 0.4667 0.1782 
5.4001 0.3401 2.0956 0.4630 0.1352 
5.3401 0.3901 2.0678 0.1299 0.4053 
5.3392 0.3901 2.0701 0.1353 0.4106 
5.3401 0.3894 2.0701 0.1387 0.4060 
5.3501 0.3901 2.0652 0.1213 0.3555 
5.3401 0.3901 2.0678 0.1299 0.4053 
5.3401 0.3894 2.0701 0.1387 0.4060 
5.3501 0.3884 2.0701 0.1416 0.3577 
5.3501 0.3901 2.0652 0.1213 0.3555 
5.3401 0.3894 2.0701 0.1387 0.4060 
5.3401 0.3901 2.0678 0.1299 0.4053 
5.3401 0.3937 2.0701 0.1166 0.4073 
5.3392 0.3901 2.0701 0.1353 0.4106 
5.3467 0.4001 2.0701 0.0876 0.3778 
5.3401 0.3937 2.0701 0.1166 0.4073 
5.3401 0.3901 2.0678 0.1299 0.4053 
5.3467 0.4001 2.0701 0.0876 0.3778 
5.3401 0.3901 2.0678 0.1299 0.4053 
5.3501 0.4001 2.0680 0.0839 0.3606 
5.3501 0.4001 2.0680 0.0839 0.3606 
5.3401 0.3901 2.0678 0.1299 0.4053 
5.3501 0.3901 2.0652 0.1213 0.3555 
5.3392 0.3901 2.0701 0.1353 0.4106 
5.3352 0.3901 2.0801 0.1584 0.4322 
5.3401 0.3865 2.0801 0.1772 0.4086 
5.3401 0.3894 2.0701 0.1387 0.4060 
5.3392 0.3901 2.0701 0.1353 0.4106 
5.3401 0.3865 2.0801 0.1772 0.4086 
5.3501 0.3884 2.0701 0.1416 0.3577 
5.3401 0.3894 2.0701 0.1387 0.4060 
5.3501 0.3848 2.0801 0.1835 0.3619 
5.3401 0.3894 2.0701 0.1387 0.4060 
5.3401 0.3865 2.0801 0.1772 0.4086 
5.3501 0.3848 2.0801 0.1835 0.3619 
5.3401 0.3937 2.0701 0.1166 0.4073 
5.3401 0.4001 2.0743 0.0959 0.4108 
5.3366 0.4001 2.0801 0.1076 0.4287 
5.3401 0.3937 2.0701 0.1166 0.4073 
5.3366 0.4001 2.0801 0.1076 0.4287 
5.3392 0.3901 2.0701 0.1353 0.4106 
5.3392 0.3901 2.0701 0.1353 0.4106 
5.3366 0.4001 2.0801 0.1076 0.4287 
5.3352 0.3901 2.0801 0.1584 0.4322 
5.3467 0.4001 2.0701 0.0876 0.3778 
5.3401 0.4001 2.0743 0.0959 0.4108 
5.3401 0.3937 2.0701 0.1166 0.4073 
5.3352 0.3901 2.0801 0.1584 0.4322 
5.3313 0.3901 2.0901 0.1808 0.4524 
5.3401 0.3835 2.0901 0.2149 0.4111 
5.3401 0.3865 2.0801 0.1772 0.4086 
5.3352 0.3901 2.0801 0.1584 0.4322 
5.3401 0.3835 2.0901 0.2149 0.4111 
5.3501 0.3848 2.0801 0.1835 0.3619 
5.3401 0.3865 2.0801 0.1772 0.4086 
5.3501 0.3813 2.0901 0.2244 0.3657 
5.3401 0.3865 2.0801 0.1772 0.4086 
5.3401 0.3835 2.0901 0.2149 0.4111 
5.3501 0.3813 2.0901 0.2244 0.3657 
5.3366 0.4001 2.0801 0.1076 0.4287 
5.3307 0.4001 2.0901 0.1291 0.4578 
5.3352 0.3901 2.0801 0.1584 0.4322 
5.3307 0.4001 2.0901 0.1291 0.4578 
5.3313 0.3901 2.0901 0.1808 0.4524 
5.3352 0.3901 2.0801 0.1584 0.4322 
5.3101 0.3701 2.0997 0.3183 0.5417 
5.3085 0.3701 2.1001 0.3195 0.5486 
5.3101 0.3690 2.1001 0.3252 0.5414 
5.3124 0.3701 2.1001 0.3183 0.5316 
5.3101 0.3701 2.0997 0.3183 0.5417 
5.3101 0.3690 2.1001 0.3252 0.5414 
5.3001 0.3766 2.1001 0.2846 0.5866 
5.3085 0.3701 2.1001 0.3195 0.5486 
5.3101 0.3701 2.0997 0.3183 0.5417 
5.3001 0.3766 2.1001 0.2846 0.5866 
5.3101 0.3701 2.0997 0.3183 0.5417 
5.3001 0.3801 2.0989 0.2628 0.5876 
5.3001 0.3801 2.0989 0.2628 0.5876 
5.3101 0.3701 2.0997 0.3183 0.5417 
5.3101 0.3801 2.0996 0.2613 0.5437 
5.3124 0.3701 2.1001 0.3183 0.5316 
5.3120 0.3801 2.1001 0.2616 0.5353 
5.3101 0.3801 2.0996 0.2613 0.5437 
5.3101 0.3701 2.0997 0.3183 0.5417 
5.3124 0.3701 2.1001 0.3183 0.5316 
5.3101 0.3801 2.0996 0.2613 0.5437 
5.3301 0.3801 2.0991 0.2545 0.4565 
5.3268 0.3801 2.1001 0.2573 0.4711 
5.3301 0.3768 2.1001 0.2749 0.4559 
5.3341 0.3801 2.1001 0.2552 0.4393 
5.3301 0.3801 2.0991 0.2545 0.4565 
5.3301 0.3768 2.1001 0.2749 0.4559 
5.3501 0.3801 2.0935 0.2379 0.3670 
5.3420 0.3801 2.1001 0.2529 0.4053 
5.3501 0.3708 2.1001 0.3030 0.3672 
5.3029 0.3901 2.1001 0.2090 0.5767 
5.3001 0.3869 2.1001 0.2272 0.5884 
5.3001 0.3801 2.0989 0.2628 0.5876 
5.3029 0.3901 2.1001 0.2090 0.5767 
5.3001 0.3801 2.0989 0.2628 0.5876 
5.3101 0.3901 2.0987 0.2042 0.5459 
5.3101 0.3901 2.0987 0.2042 0.5459 
5.3001 0.3801 2.0989 0.2628 0.5876 
5.3101 0.3801 2.0996 0.2613 0.5437 
5.3120 0.3801 2.1001 0.2616 0.5353 
5.3201 0.3857 2.1001 0.2282 0.5014 
5.3201 0.3901 2.0985 0.2011 0.5024 
5.3120 0.3801 2.1001 0.2616 0.5353 
5.3201 0.3901 2.0985 0.2011 0.5024 
5.3101 0.3801 2.0996 0.2613 0.5437 
5.3101 0.3801 2.0996 0.2613 0.5437 
5.3201 0.3901 2.0985 0.2011 0.5024 
5.3101 0.3901 2.0987 0.2042 0.5459 
5.3201 0.3857 2.1001 0.2282 0.5014 
5.3268 0.3801 2.1001 0.2573 0.4711 
5.3301 0.3801 2.0991 0.2545 0.4565 
5.3201 0.3857 2.1001 0.2282 0.5014 
5.3301 0.3801 2.0991 0.2545 0.4565 
5.3201 0.3901 2.0985 0.2011 0.5024 
5.3201 0.3901 2.0985 0.2011 0.5024 
5.3301 0.3801 2.0991 0.2545 0.4565 
5.3301 0.3901 2.0931 0.1873 0.4581 
5.3313 0.3901 2.0901 0.1808 0.4524 
5.3301 0.3901 2.0931 0.1873 0.4581 
5.3301 0.3801 2.0991 0.2545 0.4565 
5.3313 0.3901 2.0901 0.1808 0.4524 
5.3301 0.3801 2.0991 0.2545 0.4565 
5.3401 0.3805 2.1001 0.2510 0.4135 
5.3313 0.3901 2.0901 0.1808 0.4524 
5.3401 0.3805 2.1001 0.2510 0.4135 
5.3401 0.3835 2.0901 0.2149 0.4111 
5.3401 0.3805 2.1001 0.2510 0.4135 
5.3301 0.3801 2.0991 0.2545 0.4565 
5.3341 0.3801 2.1001 0.2552 0.4393 
5.3501 0.3801 2.0935 0.2379 0.3670 
5.3401 0.3805 2.1001 0.2510 0.4135 
5.3420 0.3801 2.1001 0.2529 0.4053 
5.3501 0.3801 2.0935 0.2379 0.3670 
5.3501 0.3813 2.0901 0.2244 0.3657 
5.3401 0.3805 2.1001 0.2510 0.4135 
5.3501 0.3813 2.0901 0.2244 0.3657 
5.3401 0.3835 2.0901 0.2149 0.4111 
5.3401 0.3805 2.1001 0.2510 0.4135 
5.3001 0.3907 2.1001 0.2064 0.5891 
5.3029 0.3901 2.1001 0.2090 0.5767 
5.3101 0.3901 2.0987 0.2042 0.5459 
5.3001 0.3907 2.1001 0.2064 0.5891 
5.3101 0.3901 2.0987 0.2042 0.5459 
5.3001 0.4001 2.0918 0.1403 0.5932 
5.3001 0.4001 2.0918 0.1403 0.5932 
5.3101 0.3901 2.0987 0.2042 0.5459 
5.3101 0.4001 2.0947 0.1438 0.5485 
5.3201 0.4001 2.0912 0.1340 0.5047 
5.3101 0.4001 2.0947 0.1438 0.5485 
5.3201 0.3901 2.0985 0.2011 0.5024 
5.3201 0.3901 2.0985 0.2011 0.5024 
5.3101 0.4001 2.0947 0.1438 0.5485 
5.3101 0.3901 2.0987 0.2042 0.5459 
5.3301 0.4001 2.0910 0.1311 0.4604 
5.3201 0.4001 2.0912 0.1340 0.5047 
5.3301 0.3901 2.0931 0.1873 0.4581 
5.3301 0.3901 2.0931 0.1873 0.4581 
5.3201 0.4001 2.0912 0.1340 0.5047 
5.3201 0.3901 2.0985 0.2011 0.5024 
5.3307 0.4001 2.0901 0.1291 0.4578 
5.3301 0.3901 2.0931 0.1873 0.4581 
5.3313 0.3901 2.0901 0.1808 0.4524 
5.3301 0.4001 2.0910 0.1311 0.4604 
5.3301 0.3901 2.0931 0.1873 0.4581 
5.3307 0.4001 2.0901 0.1291 0.4578 
5.3601 0.3901 2.0613 0.1102 0.3039 
5.3501 0.3901 2.0652 0.1213 0.3555 
5.3501 0.3884 2.0701 0.1416 0.3577 
5.3601 0.3877 2.0701 0.1425 0.3097 
5.3601 0.3901 2.0613 0.1102 0.3039 
5.3501 0.3884 2.0701 0.1416 0.3577 
5.3631 0.3901 2.0701 0.1287 0.2961 
5.3601 0.3901 2.0613 0.1102 0.3039 
5.3601 0.3877 2.0701 0.1425 0.3097 
5.3601 0.4001 2.0665 0.0804 0.3117 
5.3501 0.4001 2.0680 0.0839 0.3606 
5.3601 0.3901 2.0613 0.1102 0.3039 
5.3601 0.3901 2.0613 0.1102 0.3039 
5.3501 0.4001 2.0680 0.0839 0.3606 
5.3501 0.3901 2.0652 0.1213 0.3555 
5.3631 0.3901 2.0701 0.1287 0.2961 
5.3701 0.3997 2.0701 0.0849 0.2670 
5.3701 0.4001 2.0693 0.0826 0.2664 
5.3631 0.3901 2.0701 0.1287 0.2961 
5.3701 0.4001 2.0693 0.0826 0.2664 
5.3601 0.3901 2.0613 0.1102 0.3039 
5.3601 0.3901 2.0613 0.1102 0.3039 
5.3701 0.4001 2.0693 0.0826 0.2664 
5.3601 0.4001 2.0665 0.0804 0.3117 
5.3749 0.4001 2.0701 0.0829 0.2448 
5.3701 0.4001 2.0693 0.0826 0.2664 
5.3701 0.3997 2.0701 0.0849 0.2670 
5.3601 0.3877 2.0701 0.1425 0.3097 
5.3501 0.3884 2.0701 0.1416 0.3577 
5.3601 0.3849 2.0801 0.1800 0.3157 
5.3501 0.3884 2.0701 0.1416 0.3577 
5.3501 0.3848 2.0801 0.1835 0.3619 
5.3601 0.3849 2.0801 0.1800 0.3157 
5.3666 0.3901 2.0801 0.1496 0.2879 
5.3631 0.3901 2.0701 0.1287 0.2961 
5.3601 0.3877 2.0701 0.1425 0.3097 
5.3601 0.3849 2.0801 0.1800 0.3157 
5.3666 0.3901 2.0801 0.1496 0.2879 
5.3601 0.3877 2.0701 0.1425 0.3097 
5.3701 0.3997 2.0701 0.0849 0.2670 
5.3666 0.3901 2.0801 0.1496 0.2879 
5.3701 0.3950 2.0801 0.1236 0.2737 
5.3631 0.3901 2.0701 0.1287 0.2961 
5.3666 0.3901 2.0801 0.1496 0.2879 
5.3701 0.3997 2.0701 0.0849 0.2670 
5.3801 0.4001 2.0710 0.0834 0.2213 
5.3749 0.4001 2.0701 0.0829 0.2448 
5.3701 0.3997 2.0701 0.0849 0.2670 
5.3801 0.4001 2.0710 0.0834 0.2213 
5.3701 0.3997 2.0701 0.0849 0.2670 
5.3801 0.3948 2.0801 0.1217 0.2284 
5.3801 0.3948 2.0801 0.1217 0.2284 
5.3701 0.3997 2.0701 0.0849 0.2670 
5.3701 0.3950 2.0801 0.1236 0.2737 
5.3901 0.4001 2.0708 0.0816 0.1750 
5.3801 0.4001 2.0710 0.0834 0.2213 
5.3801 0.3948 2.0801 0.1217 0.2284 
5.3901 0.3948 2.0801 0.1196 0.1836 
5.3901 0.4001 2.0708 0.0816 0.1750 
5.3801 0.3948 2.0801 0.1217 0.2284 
5.4001 0.4001 2.0717 0.0814 0.1315 
5.3901 0.4001 2.0708 0.0816 0.1750 
5.3901 0.3948 2.0801 0.1196 0.1836 
5.4001 0.3931 2.0801 0.1252 0.1391 
5.4001 0.4001 2.0717 0.0814 0.1315 
5.3901 0.3948 2.0801 0.1196 0.1836 
5.3901 0.3801 2.0879 0.2150 0.1861 
5.3848 0.3801 2.0901 0.2210 0.2115 
5.3901 0.3778 2.0901 0.2324 0.1875 
5.4001 0.3801 2.0880 0.2122 0.1432 
5.3901 0.3801 2.0879 0.2150 0.1861 
5.3901 0.3778 2.0901 0.2324 0.1875 
5.4001 0.3767 2.0901 0.2358 0.1443 
5.4001 0.3801 2.0880 0.2122 0.1432 
5.3901 0.3778 2.0901 0.2324 0.1875 
5.3601 0.3849 2.0801 0.1800 0.3157 
5.3501 0.3848 2.0801 0.1835 0.3619 
5.3601 0.3822 2.0901 0.2164 0.3214 
5.3501 0.3848 2.0801 0.1835 0.3619 
5.3501 0.3813 2.0901 0.2244 0.3657 
5.3601 0.3822 2.0901 0.2164 0.3214 
5.3700 0.3901 2.0901 0.1700 0.2803 
5.3666 0.3901 2.0801 0.1496 0.2879 
5.3601 0.3849 2.0801 0.1800 0.3157 
5.3601 0.3822 2.0901 0.2164 0.3214 
5.3700 0.3901 2.0901 0.1700 0.2803 
5.3601 0.3849 2.0801 0.1800 0.3157 
5.3801 0.3901 2.0883 0.1634 0.2344 
5.3713 0.3901 2.0901 0.1696 0.2746 
5.3801 0.3853 2.0901 0.1931 0.2342 
5.3801 0.3853 2.0901 0.1931 0.2342 
5.3848 0.3801 2.0901 0.2210 0.2115 
5.3901 0.3801 2.0879 0.2150 0.1861 
5.3801 0.3853 2.0901 0.1931 0.2342 
5.3901 0.3801 2.0879 0.2150 0.1861 
5.3801 0.3901 2.0883 0.1634 0.2344 
5.3801 0.3901 2.0883 0.1634 0.2344 
5.3901 0.3801 2.0879 0.2150 0.1861 
5.3901 0.3901 2.0882 0.1604 0.1906 
5.4001 0.3901 2.0837 0.1481 0.1423 
5.3901 0.3901 2.0882 0.1604 0.1906 
5.4001 0.3801 2.0880 0.2122 0.1432 
5.4001 0.3801 2.0880 0.2122 0.1432 
5.3901 0.3901 2.0882 0.1604 0.1906 
5.3901 0.3801 2.0879 0.2150 0.1861 
5.3701 0.3950 2.0801 0.1236 0.2737 
5.3700 0.3901 2.0901 0.1700 0.2803 
5.3701 0.3902 2.0901 0.1693 0.2800 
5.3666 0.3901 2.0801 0.1496 0.2879 
5.3700 0.3901 2.0901 0.1700 0.2803 
5.3701 0.3950 2.0801 0.1236 0.2737 
5.3801 0.3901 2.0883 0.1634 0.2344 
5.3701 0.3902 2.0901 0.1693 0.2800 
5.3713 0.3901 2.0901 0.1696 0.2746 
5.3801 0.3901 2.0883 0.1634 0.2344 
5.3801 0.3948 2.0801 0.1217 0.2284 
5.3701 0.3902 2.0901 0.1693 0.2800 
5.3801 0.3948 2.0801 0.1217 0.2284 
5.3701 0.3950 2.0801 0.1236 0.2737 
5.3701 0.3902 2.0901 0.1693 0.2800 
5.3801 0.3948 2.0801 0.1217 0.2284 
5.3901 0.3901 2.0882 0.1604 0.1906 
5.3901 0.3948 2.0801 0.1196 0.1836 
5.3801 0.3901 2.0883 0.1634 0.2344 
5.3901 0.3901 2.0882 0.1604 0.1906 
5.3801 0.3948 2.0801 0.1217 0.2284 
5.3901 0.3948 2.0801 0.1196 0.1836 
5.4001 0.3901 2.0837 0.1481 0.1423 
5.4001 0.3931 2.0801 0.1252 0.1391 
5.3901 0.3901 2.0882 0.1604 0.1906 
5.4001 0.3901 2.0837 0.1481 0.1423 
5.3901 0.3948 2.0801 0.1196 0.1836 
5.3701 0.3501 2.0994 0.4170 0.2727 
5.3701 0.3601 2.0988 0.3570 0.2758 
5.3659 0.3601 2.1001 0.3602 0.2949 
5.3676 0.3501 2.1001 0.4187 0.2841 
5.3701 0.3501 2.0994 0.4170 0.2727 
5.3659 0.3601 2.1001 0.3602 0.2949 
5.3759 0.3501 2.1001 0.4161 0.2482 
5.3801 0.3526 2.1001 0.3997 0.2308 
5.3801 0.3601 2.0987 0.3537 0.2323 
5.3759 0.3501 2.1001 0.4161 0.2482 
5.3801 0.3601 2.0987 0.3537 0.2323 
5.3701 0.3501 2.0994 0.4170 0.2727 
5.3701 0.3501 2.0994 0.4170 0.2727 
5.3801 0.3601 2.0987 0.3537 0.2323 
5.3701 0.3601 2.0988 0.3570 0.2758 
5.3901 0.3601 2.0999 0.3527 0.1908 
5.3801 0.3601 2.0987 0.3537 0.2323 
5.3801 0.3526 2.1001 0.3997 0.2308 
5.3901 0.3567 2.1001 0.3728 0.1896 
5.3901 0.3601 2.0999 0.3527 0.1908 
5.3801 0.3526 2.1001 0.3997 0.2308 
5.3901 0.3567 2.1001 0.3728 0.1896 
5.3939 0.3501 2.1001 0.4106 0.1710 
5.4001 0.3501 2.0996 0.4080 0.1444 
5.3901 0.3567 2.1001 0.3728 0.1896 
5.4001 0.3501 2.0996 0.4080 0.1444 
5.3901 0.3601 2.0999 0.3527 0.1908 
5.3901 0.3601 2.0999 0.3527 0.1908 
5.4001 0.3501 2.0996 0.4080 0.1444 
5.4001 0.3601 2.0977 0.3460 0.1463 
5.3701 0.3601 2.0988 0.3570 0.2758 
5.3701 0.3701 2.0977 0.2970 0.2786 
5.3614 0.3701 2.1001 0.3038 0.3181 
5.3659 0.3601 2.1001 0.3602 0.2949 
5.3701 0.3601 2.0988 0.3570 0.2758 
5.3614 0.3701 2.1001 0.3038 0.3181 
5.3801 0.3701 2.0980 0.2945 0.2356 
5.3701 0.3701 2.0977 0.2970 0.2786 
5.3801 0.3601 2.0987 0.3537 0.2323 
5.3801 0.3601 2.0987 0.3537 0.2323 
5.3701 0.3701 2.0977 0.2970 0.2786 
5.3701 0.3601 2.0988 0.3570 0.2758 
5.3901 0.3701 2.0976 0.2909 0.1924 
5.3801 0.3701 2.0980 0.2945 0.2356 
5.3901 0.3601 2.0999 0.3527 0.1908 
5.3901 0.3601 2.0999 0.3527 0.1908 
5.3801 0.3701 2.0980 0.2945 0.2356 
5.3801 0.3601 2.0987 0.3537 0.2323 
5.4001 0.3701 2.0942 0.2818 0.1465 
5.3901 0.3701 2.0976 0.2909 0.1924 
5.4001 0.3601 2.0977 0.3460 0.1463 
5.4001 0.3601 2.0977 0.3460 0.1463 
5.3901 0.3701 2.0976 0.2909 0.1924 
5.3901 0.3601 2.0999 0.3527 0.1908 
5.3601 0.3801 2.0977 0.2432 0.3255 
5.3501 0.3801 2.0935 0.2379 0.3670 
5.3501 0.3708 2.1001 0.3030 0.3672 
5.3601 0.3714 2.1001 0.2967 0.3241 
5.3601 0.3801 2.0977 0.2432 0.3255 
5.3501 0.3708 2.1001 0.3030 0.3672 
5.3601 0.3714 2.1001 0.2967 0.3241 
5.3614 0.3701 2.1001 0.3038 0.3181 
5.3701 0.3701 2.0977 0.2970 0.2786 
5.3601 0.3714 2.1001 0.2967 0.3241 
5.3701 0.3701 2.0977 0.2970 0.2786 
5.3601 0.3801 2.0977 0.2432 0.3255 
5.3601 0.3801 2.0977 0.2432 0.3255 
5.3701 0.3701 2.0977 0.2970 0.2786 
5.3701 0.3801 2.0963 0.2375 0.2811 
5.3801 0.3801 2.0921 0.2264 0.2340 
5.3701 0.3801 2.0963 0.2375 0.2811 
5.3801 0.3701 2.0980 0.2945 0.2356 
5.3801 0.3701 2.0980 0.2945 0.2356 
5.3701 0.3801 2.0963 0.2375 0.2811 
5.3701 0.3701 2.0977 0.2970 0.2786 
5.3848 0.3801 2.0901 0.2210 0.2115 
5.3901 0.3701 2.0976 0.2909 0.1924 
5.3901 0.3778 2.0901 0.2324 0.1875 
5.3848 0.3801 2.0901 0.2210 0.2115 
5.3801 0.3801 2.0921 0.2264 0.2340 
5.3901 0.3701 2.0976 0.2909 0.1924 
5.3801 0.3801 2.0921 0.2264 0.2340 
5.3801 0.3701 2.0980 0.2945 0.2356 
5.3901 0.3701 2.0976 0.2909 0.1924 
5.3901 0.3778 2.0901 0.2324 0.1875 
5.4001 0.3701 2.0942 0.2818 0.1465 
5.4001 0.3767 2.0901 0.2358 0.1443 
5.3901 0.3701 2.0976 0.2909 0.1924 
5.4001 0.3701 2.0942 0.2818 0.1465 
5.3901 0.3778 2.0901 0.2324 0.1875 
5.3501 0.3813 2.0901 0.2244 0.3657 
5.3601 0.3801 2.0977 0.2432 0.3255 
5.3601 0.3822 2.0901 0.2164 0.3214 
5.3501 0.3801 2.0935 0.2379 0.3670 
5.3601 0.3801 2.0977 0.2432 0.3255 
5.3501 0.3813 2.0901 0.2244 0.3657 
5.3601 0.3822 2.0901 0.2164 0.3214 
5.3701 0.3901 2.0904 0.1705 0.2802 
5.3700 0.3901 2.0901 0.1700 0.2803 
5.3601 0.3822 2.0901 0.2164 0.3214 
5.3601 0.3801 2.0977 0.2432 0.3255 
5.3701 0.3901 2.0904 0.1705 0.2802 
5.3601 0.3801 2.0977 0.2432 0.3255 
5.3701 0.3801 2.0963 0.2375 0.2811 
5.3701 0.3901 2.0904 0.1705 0.2802 
5.3713 0.3901 2.0901 0.1696 0.2746 
5.3801 0.3801 2.0921 0.2264 0.2340 
5.3801 0.3853 2.0901 0.1931 0.2342 
5.3713 0.3901 2.0901 0.1696 0.2746 
5.3701 0.3901 2.0904 0.1705 0.2802 
5.3801 0.3801 2.0921 0.2264 0.2340 
5.3701 0.3901 2.0904 0.1705 0.2802 
5.3701 0.3801 2.0963 0.2375 0.2811 
5.3801 0.3801 2.0921 0.2264 0.2340 
5.3801 0.3853 2.0901 0.1931 0.2342 
5.3801 0.3801 2.0921 0.2264 0.2340 
5.3848 0.3801 2.0901 0.2210 0.2115 
5.3701 0.3902 2.0901 0.1693 0.2800 
5.3700 0.3901 2.0901 0.1700 0.2803 
5.3701 0.3901 2.0904 0.1705 0.2802 
5.3701 0.3902 2.0901 0.1693 0.2800 
5.3701 0.3901 2.0904 0.1705 0.2802 
5.3713 0.3901 2.0901 0.1696 0.2746 
5.4101 0.3101 2.0990 0.6495 0.0870 
5.4001 0.3101 2.0975 0.6520 0.1245 
5.4001 0.3051 2.1001 0.6849 0.1255 
5.4101 0.3072 2.1001 0.6685 0.0872 
5.4101 0.3101 2.0990 0.6495 0.0870 
5.4001 0.3051 2.1001 0.6849 0.1255 
5.4126 0.3101 2.1001 0.6493 0.0797 
5.4101 0.3101 2.0990 0.6495 0.0870 
5.4101 0.3072 2.1001 0.6685 0.0872 
5.4101 0.3201 2.1001 0.5877 0.0925 
5.4001 0.3144 2.1001 0.6266 0.1296 
5.4001 0.3101 2.0975 0.6520 0.1245 
5.4101 0.3201 2.1001 0.5877 0.0925 
5.4001 0.3101 2.0975 0.6520 0.1245 
5.4101 0.3201 2.1001 0.5877 0.0925 
5.4101 0.3201 2.1001 0.5877 0.0925 
5.4001 0.3101 2.0975 0.6520 0.1245 
5.4101 0.3101 2.0990 0.6495 0.0870 
5.4126 0.3101 2.1001 0.6493 0.0797 
5.4101 0.3201 2.1001 0.5877 0.0925 
5.4101 0.3201 2.1001 0.5877 0.0925 
5.4101 0.3101 2.0990 0.6495 0.0870 
5.4126 0.3101 2.1001 0.6493 0.0797 
5.4101 0.3201 2.1001 0.5877 0.0925 
5.4101 0.3201 2.1001 0.5877 0.0925 
5.4101 0.3301 2.1001 0.5261 0.0966 
5.4101 0.3301 2.1001 0.5261 0.0966 
5.4101 0.3201 2.1001 0.5877 0.0925 
5.4101 0.3201 2.1001 0.5877 0.0925 
5.4101 0.3301 2.1001 0.5261 0.0966 
5.4101 0.3201 2.1001 0.5877 0.0925 
5.4101 0.3301 2.1001 0.5261 0.0966 
5.4101 0.3301 2.1001 0.5261 0.0966 
5.4101 0.3201 2.1001 0.5877 0.0925 
5.4101 0.3201 2.1001 0.5877 0.0925 
5.4101 0.3301 2.1001 0.5261 0.0966 
5.4001 0.3328 2.1001 0.5125 0.1376 
5.4101 0.3301 2.1001 0.5261 0.0966 
5.4101 0.3301 2.1001 0.5261 0.0966 
5.4001 0.3328 2.1001 0.5125 0.1376 
5.4101 0.3301 2.1001 0.5261 0.0966 
5.4001 0.3401 2.0956 0.4630 0.1352 
5.4101 0.3301 2.1001 0.5261 0.0966 
5.4075 0.3401 2.1001 0.4662 0.1110 
5.4101 0.3301 2.1001 0.5261 0.0966 
5.4075 0.3401 2.1001 0.4662 0.1110 
5.4001 0.3401 2.0956 0.4630 0.1352 
5.4101 0.3301 2.1001 0.5261 0.0966 
5.4101 0.3301 2.1001 0.5261 0.0966 
5.4201 0.3308 2.1001 0.5189 0.0641 
5.4201 0.3401 2.0971 0.4585 0.0641 
5.4101 0.3301 2.1001 0.5261 0.0966 
5.4201 0.3401 2.0971 0.4585 0.0641 
5.4101 0.3301 2.1001 0.5261 0.0966 
5.4136 0.3401 2.1001 0.4643 0.0879 
5.4101 0.3301 2.1001 0.5261 0.0966 
5.4201 0.3401 2.0971 0.4585 0.0641 
5.4101 0.3301 2.1001 0.5261 0.0966 
5.4101 0.3301 2.1001 0.5261 0.0966 
5.4201 0.3401 2.0971 0.4585 0.0641 
5.4075 0.3401 2.1001 0.4662 0.1110 
5.4101 0.3449 2.1001 0.4363 0.1028 
5.4101 0.3501 2.0984 0.4032 0.1028 
5.4075 0.3401 2.1001 0.4662 0.1110 
5.4101 0.3501 2.0984 0.4032 0.1028 
5.4001 0.3401 2.0956 0.4630 0.1352 
5.4001 0.3401 2.0956 0.4630 0.1352 
5.4101 0.3501 2.0984 0.4032 0.1028 
5.4001 0.3501 2.0996 0.4080 0.1444 
5.4101 0.3449 2.1001 0.4363 0.1028 
5.4136 0.3401 2.1001 0.4643 0.0879 
5.4201 0.3401 2.0971 0.4585 0.0641 
5.4101 0.3449 2.1001 0.4363 0.1028 
5.4201 0.3401 2.0971 0.4585 0.0641 
5.4101 0.3501 2.0984 0.4032 0.1028 
5.4101 0.3501 2.0984 0.4032 0.1028 
5.4201 0.3401 2.0971 0.4585 0.0641 
5.4201 0.3501 2.0952 0.3955 0.0653 
5.4101 0.3701 2.0867 0.2646 0.0964 
5.4056 0.3701 2.0901 0.2725 0.1188 
5.4101 0.3653 2.0901 0.2995 0.0988 
5.4201 0.3701 2.0862 0.2605 0.0628 
5.4101 0.3701 2.0867 0.2646 0.0964 
5.4101 0.3653 2.0901 0.2995 0.0988 
5.4201 0.3667 2.0901 0.2880 0.0655 
5.4201 0.3701 2.0862 0.2605 0.0628 
5.4101 0.3653 2.0901 0.2995 0.0988 
5.4261 0.3701 2.0901 0.2663 0.0544 
5.4201 0.3701 2.0862 0.2605 0.0628 
5.4201 0.3667 2.0901 0.2880 0.0655 
5.4001 0.3767 2.0901 0.2358 0.1443 
5.4056 0.3701 2.0901 0.2725 0.1188 
5.4101 0.3701 2.0867 0.2646 0.0964 
5.4001 0.3767 2.0901 0.2358 0.1443 
5.4101 0.3701 2.0867 0.2646 0.0964 
5.4001 0.3801 2.0880 0.2122 0.1432 
5.4001 0.3801 2.0880 0.2122 0.1432 
5.4101 0.3701 2.0867 0.2646 0.0964 
5.4101 0.3801 2.0863 0.2058 0.1002 
5.4201 0.3801 2.0853 0.2007 0.0649 
5.4101 0.3801 2.0863 0.2058 0.1002 
5.4201 0.3701 2.0862 0.2605 0.0628 
5.4201 0.3701 2.0862 0.2605 0.0628 
5.4101 0.3801 2.0863 0.2058 0.1002 
5.4101 0.3701 2.0867 0.2646 0.0964 
5.4101 0.3601 2.0938 0.3366 0.1012 
5.4001 0.3601 2.0977 0.3460 0.1463 
5.4101 0.3501 2.0984 0.4032 0.1028 
5.4101 0.3501 2.0984 0.4032 0.1028 
5.4001 0.3601 2.0977 0.3460 0.1463 
5.4001 0.3501 2.0996 0.4080 0.1444 
5.4201 0.3601 2.0978 0.3401 0.0712 
5.4101 0.3601 2.0938 0.3366 0.1012 
5.4201 0.3501 2.0952 0.3955 0.0653 
5.4201 0.3501 2.0952 0.3955 0.0653 
5.4101 0.3601 2.0938 0.3366 0.1012 
5.4101 0.3501 2.0984 0.4032 0.1028 
5.4056 0.3701 2.0901 0.2725 0.1188 
5.4101 0.3601 2.0938 0.3366 0.1012 
5.4101 0.3653 2.0901 0.2995 0.0988 
5.4056 0.3701 2.0901 0.2725 0.1188 
5.4001 0.3701 2.0942 0.2818 0.1465 
5.4101 0.3601 2.0938 0.3366 0.1012 
5.4001 0.3701 2.0942 0.2818 0.1465 
5.4001 0.3601 2.0977 0.3460 0.1463 
5.4101 0.3601 2.0938 0.3366 0.1012 
5.4101 0.3653 2.0901 0.2995 0.0988 
5.4201 0.3601 2.0978 0.3401 0.0712 
5.4201 0.3667 2.0901 0.2880 0.0655 
5.4101 0.3601 2.0938 0.3366 0.1012 
5.4201 0.3601 2.0978 0.3401 0.0712 
5.4101 0.3653 2.0901 0.2995 0.0988 
5.4201 0.3667 2.0901 0.2880 0.0655 
5.4301 0.3701 2.0928 0.2700 0.0527 
5.4261 0.3701 2.0901 0.2663 0.0544 
5.4201 0.3667 2.0901 0.2880 0.0655 
5.4201 0.3601 2.0978 0.3401 0.0712 
5.4301 0.3701 2.0928 0.2700 0.0527 
5.4201 0.3601 2.0978 0.3401 0.0712 
5.4301 0.3601 2.0997 0.3401 0.0532 
5.4301 0.3701 2.0928 0.2700 0.0527 
5.4001 0.3767 2.0901 0.2358 0.1443 
5.4001 0.3701 2.0942 0.2818 0.1465 
5.4056 0.3701 2.0901 0.2725 0.1188 
5.3401 0.4001 2.0743 0.0959 0.4108 
5.3401 0.4038 2.0801 0.0920 0.4138 
5.3366 0.4001 2.0801 0.1076 0.4287 
5.3401 0.4001 2.0743 0.0959 0.4108 
5.3451 0.4101 2.0801 0.0750 0.3927 
5.3401 0.4038 2.0801 0.0920 0.4138 
5.3401 0.4001 2.0743 0.0959 0.4108 
5.3467 0.4001 2.0701 0.0876 0.3778 
5.3451 0.4101 2.0801 0.0750 0.3927 
5.3401 0.4038 2.0801 0.0920 0.4138 
5.3401 0.4100 2.0901 0.0863 0.4187 
5.3307 0.4001 2.0901 0.1291 0.4578 
5.3366 0.4001 2.0801 0.1076 0.4287 
5.3401 0.4038 2.0801 0.0920 0.4138 
5.3307 0.4001 2.0901 0.1291 0.4578 
5.3402 0.4101 2.0901 0.0860 0.4184 
5.3401 0.4038 2.0801 0.0920 0.4138 
5.3451 0.4101 2.0801 0.0750 0.3927 
5.3401 0.4100 2.0901 0.0863 0.4187 
5.3401 0.4038 2.0801 0.0920 0.4138 
5.3402 0.4101 2.0901 0.0860 0.4184 
5.3402 0.4101 2.0901 0.0860 0.4184 
5.3451 0.4101 2.0801 0.0750 0.3927 
5.3401 0.4102 2.0901 0.0856 0.4187 
5.3101 0.4101 2.0906 0.0918 0.5511 
5.3001 0.4101 2.0940 0.0994 0.5943 
5.3101 0.4001 2.0947 0.1438 0.5485 
5.3101 0.4001 2.0947 0.1438 0.5485 
5.3001 0.4101 2.0940 0.0994 0.5943 
5.3001 0.4001 2.0918 0.1403 0.5932 
5.3201 0.4101 2.0917 0.0918 0.5069 
5.3101 0.4101 2.0906 0.0918 0.5511 
5.3201 0.4001 2.0912 0.1340 0.5047 
5.3201 0.4001 2.0912 0.1340 0.5047 
5.3101 0.4101 2.0906 0.0918 0.5511 
5.3101 0.4001 2.0947 0.1438 0.5485 
5.3301 0.4101 2.0920 0.0905 0.4631 
5.3201 0.4101 2.0917 0.0918 0.5069 
5.3301 0.4001 2.0910 0.1311 0.4604 
5.3301 0.4001 2.0910 0.1311 0.4604 
5.3201 0.4101 2.0917 0.0918 0.5069 
5.3201 0.4001 2.0912 0.1340 0.5047 
5.3401 0.4100 2.0901 0.0863 0.4187 
5.3301 0.4001 2.0910 0.1311 0.4604 
5.3307 0.4001 2.0901 0.1291 0.4578 
5.3401 0.4100 2.0901 0.0863 0.4187 
5.3401 0.4101 2.0903 0.0863 0.4188 
5.3301 0.4001 2.0910 0.1311 0.4604 
5.3401 0.4101 2.0903 0.0863 0.4188 
5.3301 0.4101 2.0920 0.0905 0.4631 
5.3301 0.4001 2.0910 0.1311 0.4604 
5.3402 0.4101 2.0901 0.0860 0.4184 
5.3401 0.4101 2.0903 0.0863 0.4188 
5.3401 0.4100 2.0901 0.0863 0.4187 
5.3101 0.4101 2.0906 0.0918 0.5511 
5.3001 0.4201 2.0935 0.0739 0.5961 
5.3001 0.4101 2.0940 0.0994 0.5943 
5.3401 0.4102 2.0901 0.0856 0.4187 
5.3401 0.4101 2.0903 0.0863 0.4188 
5.3402 0.4101 2.0901 0.0860 0.4184 
5.3101 0.3101 2.1040 0.6847 0.5286 
5.3001 0.3101 2.1045 0.6881 0.5733 
5.3101 0.3001 2.1027 0.7473 0.5265 
5.3101 0.3001 2.1027 0.7473 0.5265 
5.3001 0.3101 2.1045 0.6881 0.5733 
5.3001 0.3001 2.1048 0.7511 0.5714 
5.3201 0.3101 2.1030 0.6809 0.4837 
5.3101 0.3101 2.1040 0.6847 0.5286 
5.3201 0.3001 2.1006 0.7435 0.4811 
5.3201 0.3001 2.1006 0.7435 0.4811 
5.3101 0.3101 2.1040 0.6847 0.5286 
5.3101 0.3001 2.1027 0.7473 0.5265 
5.3301 0.3101 2.1040 0.6782 0.4391 
5.3201 0.3101 2.1030 0.6809 0.4837 
5.3301 0.3001 2.1013 0.7404 0.4357 
5.3301 0.3001 2.1013 0.7404 0.4357 
5.3201 0.3101 2.1030 0.6809 0.4837 
5.3201 0.3001 2.1006 0.7435 0.4811 
5.3401 0.3101 2.1033 0.6746 0.3942 
5.3301 0.3101 2.1040 0.6782 0.4391 
5.3401 0.3001 2.1044 0.7379 0.3916 
5.3401 0.3001 2.1044 0.7379 0.3916 
5.3301 0.3101 2.1040 0.6782 0.4391 
5.3301 0.3001 2.1013 0.7404 0.4357 
5.3501 0.3101 2.1032 0.6713 0.3495 
5.3401 0.3101 2.1033 0.6746 0.3942 
5.3501 0.3001 2.1027 0.7341 0.3460 
5.3501 0.3001 2.1027 0.7341 0.3460 
5.3401 0.3101 2.1033 0.6746 0.3942 
5.3401 0.3001 2.1044 0.7379 0.3916 
5.3101 0.3201 2.1034 0.6222 0.5308 
5.3001 0.3201 2.1047 0.6262 0.5751 
5.3101 0.3101 2.1040 0.6847 0.5286 
5.3101 0.3101 2.1040 0.6847 0.5286 
5.3001 0.3201 2.1047 0.6262 0.5751 
5.3001 0.3101 2.1045 0.6881 0.5733 
5.3201 0.3201 2.1026 0.6184 0.4861 
5.3101 0.3201 2.1034 0.6222 0.5308 
5.3201 0.3101 2.1030 0.6809 0.4837 
5.3201 0.3101 2.1030 0.6809 0.4837 
5.3101 0.3201 2.1034 0.6222 0.5308 
5.3101 0.3101 2.1040 0.6847 0.5286 
5.3301 0.3201 2.1015 0.6145 0.4412 
5.3201 0.3201 2.1026 0.6184 0.4861 
5.3301 0.3101 2.1040 0.6782 0.4391 
5.3301 0.3101 2.1040 0.6782 0.4391 
5.3201 0.3201 2.1026 0.6184 0.4861 
5.3201 0.3101 2.1030 0.6809 0.4837 
5.3401 0.3201 2.1010 0.6109 0.3963 
5.3301 0.3201 2.1015 0.6145 0.4412 
5.3401 0.3101 2.1033 0.6746 0.3942 
5.3401 0.3101 2.1033 0.6746 0.3942 
5.3301 0.3201 2.1015 0.6145 0.4412 
5.3301 0.3101 2.1040 0.6782 0.4391 
5.3501 0.3201 2.1040 0.6098 0.3532 
5.3401 0.3201 2.1010 0.6109 0.3963 
5.3501 0.3101 2.1032 0.6713 0.3495 
5.3501 0.3101 2.1032 0.6713 0.3495 
5.3401 0.3201 2.1010 0.6109 0.3963 
5.3401 0.3101 2.1033 0.6746 0.3942 
5.3101 0.3301 2.1031 0.5605 0.5330 
5.3001 0.3301 2.1049 0.5652 0.5770 
5.3101 0.3201 2.1034 0.6222 0.5308 
5.3101 0.3201 2.1034 0.6222 0.5308 
5.3001 0.3301 2.1049 0.5652 0.5770 
5.3001 0.3201 2.1047 0.6262 0.5751 
5.3201 0.3301 2.1028 0.5571 0.4886 
5.3101 0.3301 2.1031 0.5605 0.5330 
5.3201 0.3201 2.1026 0.6184 0.4861 
5.3201 0.3201 2.1026 0.6184 0.4861 
5.3101 0.3301 2.1031 0.5605 0.5330 
5.3101 0.3201 2.1034 0.6222 0.5308 
5.3301 0.3301 2.1016 0.5529 0.4440 
5.3201 0.3301 2.1028 0.5571 0.4886 
5.3301 0.3201 2.1015 0.6145 0.4412 
5.3301 0.3201 2.1015 0.6145 0.4412 
5.3201 0.3301 2.1028 0.5571 0.4886 
5.3201 0.3201 2.1026 0.6184 0.4861 
5.3401 0.3301 2.1028 0.5508 0.3999 
5.3301 0.3301 2.1016 0.5529 0.4440 
5.3401 0.3201 2.1010 0.6109 0.3963 
5.3401 0.3201 2.1010 0.6109 0.3963 
5.3301 0.3301 2.1016 0.5529 0.4440 
5.3301 0.3201 2.1015 0.6145 0.4412 
5.3501 0.3301 2.1003 0.5453 0.3545 
5.3401 0.3301 2.1028 0.5508 0.3999 
5.3501 0.3201 2.1040 0.6098 0.3532 
5.3501 0.3201 2.1040 0.6098 0.3532 
5.3401 0.3301 2.1028 0.5508 0.3999 
5.3401 0.3201 2.1010 0.6109 0.3963 
5.3101 0.3401 2.1042 0.5011 0.5349 
5.3001 0.3401 2.1030 0.5030 0.5793 
5.3101 0.3301 2.1031 0.5605 0.5330 
5.3101 0.3301 2.1031 0.5605 0.5330 
5.3001 0.3401 2.1030 0.5030 0.5793 
5.3001 0.3301 2.1049 0.5652 0.5770 
5.3201 0.3401 2.1037 0.4975 0.4910 
5.3101 0.3401 2.1042 0.5011 0.5349 
5.3201 0.3301 2.1028 0.5571 0.4886 
5.3201 0.3301 2.1028 0.5571 0.4886 
5.3101 0.3401 2.1042 0.5011 0.5349 
5.3101 0.3301 2.1031 0.5605 0.5330 
5.3301 0.3401 2.1015 0.4920 0.4466 
5.3201 0.3401 2.1037 0.4975 0.4910 
5.3301 0.3301 2.1016 0.5529 0.4440 
5.3301 0.3301 2.1016 0.5529 0.4440 
5.3201 0.3401 2.1037 0.4975 0.4910 
5.3201 0.3301 2.1028 0.5571 0.4886 
5.3401 0.3401 2.1013 0.4886 0.4023 
5.3301 0.3401 2.1015 0.4920 0.4466 
5.3401 0.3301 2.1028 0.5508 0.3999 
5.3401 0.3301 2.1028 0.5508 0.3999 
5.3301 0.3401 2.1015 0.4920 0.4466 
5.3301 0.3301 2.1016 0.5529 0.4440 
5.3501 0.3401 2.1027 0.4871 0.3589 
5.3401 0.3401 2.1013 0.4886 0.4023 
5.3501 0.3301 2.1003 0.5453 0.3545 
5.3501 0.3301 2.1003 0.5453 0.3545 
5.3401 0.3401 2.1013 0.4886 0.4023 
5.3401 0.3301 2.1028 0.5508 0.3999 
5.3101 0.3501 2.1022 0.4392 0.5372 
5.3001 0.3501 2.1037 0.4442 0.5809 
5.3101 0.3401 2.1042 0.5011 0.5349 
5.3101 0.3401 2.1042 0.5011 0.5349 
5.3001 0.3501 2.1037 0.4442 0.5809 
5.3001 0.3401 2.1030 0.5030 0.5793 
5.3201 0.3501 2.1025 0.4365 0.4933 
5.3101 0.3501 2.1022 0.4392 0.5372 
5.3201 0.3401 2.1037 0.4975 0.4910 
5.3201 0.3401 2.1037 0.4975 0.4910 
5.3101 0.3501 2.1022 0.4392 0.5372 
5.3101 0.3401 2.1042 0.5011 0.5349 
5.3301 0.3501 2.1027 0.4337 0.4494 
5.3201 0.3501 2.1025 0.4365 0.4933 
5.3301 0.3401 2.1015 0.4920 0.4466 
5.3301 0.3401 2.1015 0.4920 0.4466 
5.3201 0.3501 2.1025 0.4365 0.4933 
5.3201 0.3401 2.1037 0.4975 0.4910 
5.3401 0.3501 2.1020 0.4297 0.4055 
5.3301 0.3501 2.1027 0.4337 0.4494 
5.3401 0.3401 2.1013 0.4886 0.4023 
5.3401 0.3401 2.1013 0.4886 0.4023 
5.3301 0.3501 2.1027 0.4337 0.4494 
5.3301 0.3401 2.1015 0.4920 0.4466 
5.3501 0.3501 2.1024 0.4272 0.3619 
5.3401 0.3501 2.1020 0.4297 0.4055 
5.3501 0.3401 2.1027 0.4871 0.3589 
5.3501 0.3401 2.1027 0.4871 0.3589 
5.3401 0.3501 2.1020 0.4297 0.4055 
5.3401 0.3401 2.1013 0.4886 0.4023 
5.3601 0.3101 2.1030 0.6680 0.3049 
5.3501 0.3101 2.1032 0.6713 0.3495 
5.3601 0.3001 2.1003 0.7301 0.2994 
5.3601 0.3001 2.1003 0.7301 0.2994 
5.3501 0.3101 2.1032 0.6713 0.3495 
5.3501 0.3001 2.1027 0.7341 0.3460 
5.3701 0.3101 2.1027 0.6646 0.2604 
5.3601 0.3101 2.1030 0.6680 0.3049 
5.3701 0.3001 2.1024 0.7274 0.2563 
5.3701 0.3001 2.1024 0.7274 0.2563 
5.3601 0.3101 2.1030 0.6680 0.3049 
5.3601 0.3001 2.1003 0.7301 0.2994 
5.3801 0.3101 2.1030 0.6615 0.2168 
5.3701 0.3101 2.1027 0.6646 0.2604 
5.3801 0.3001 2.1043 0.7248 0.2141 
5.3801 0.3001 2.1043 0.7248 0.2141 
5.3701 0.3101 2.1027 0.6646 0.2604 
5.3701 0.3001 2.1024 0.7274 0.2563 
5.3901 0.3101 2.1007 0.6570 0.1709 
5.3801 0.3101 2.1030 0.6615 0.2168 
5.3901 0.3001 2.1025 0.7209 0.1687 
5.3901 0.3001 2.1025 0.7209 0.1687 
5.3801 0.3101 2.1030 0.6615 0.2168 
5.3801 0.3001 2.1043 0.7248 0.2141 
5.3921 0.3101 2.1001 0.6560 0.1615 
5.4001 0.3001 2.1027 0.7177 0.1266 
5.4001 0.3051 2.1001 0.6849 0.1255 
5.3921 0.3101 2.1001 0.6560 0.1615 
5.3901 0.3101 2.1007 0.6570 0.1709 
5.4001 0.3001 2.1027 0.7177 0.1266 
5.3901 0.3101 2.1007 0.6570 0.1709 
5.3901 0.3001 2.1025 0.7209 0.1687 
5.4001 0.3001 2.1027 0.7177 0.1266 
5.3601 0.3201 2.1036 0.6063 0.3088 
5.3501 0.3201 2.1040 0.6098 0.3532 
5.3601 0.3101 2.1030 0.6680 0.3049 
5.3601 0.3101 2.1030 0.6680 0.3049 
5.3501 0.3201 2.1040 0.6098 0.3532 
5.3501 0.3101 2.1032 0.6713 0.3495 
5.3701 0.3201 2.1021 0.6021 0.2637 
5.3601 0.3201 2.1036 0.6063 0.3088 
5.3701 0.3101 2.1027 0.6646 0.2604 
5.3701 0.3101 2.1027 0.6646 0.2604 
5.3601 0.3201 2.1036 0.6063 0.3088 
5.3601 0.3101 2.1030 0.6680 0.3049 
5.3801 0.3201 2.1035 0.5999 0.2213 
5.3701 0.3201 2.1021 0.6021 0.2637 
5.3801 0.3101 2.1030 0.6615 0.2168 
5.3801 0.3101 2.1030 0.6615 0.2168 
5.3701 0.3201 2.1021 0.6021 0.2637 
5.3701 0.3101 2.1027 0.6646 0.2604 
5.3847 0.3201 2.1001 0.5958 0.1978 
5.3901 0.3101 2.1007 0.6570 0.1709 
5.3901 0.3115 2.1001 0.6480 0.1707 
5.3847 0.3201 2.1001 0.5958 0.1978 
5.3801 0.3201 2.1035 0.5999 0.2213 
5.3901 0.3101 2.1007 0.6570 0.1709 
5.3801 0.3201 2.1035 0.5999 0.2213 
5.3801 0.3101 2.1030 0.6615 0.2168 
5.3901 0.3101 2.1007 0.6570 0.1709 
5.4001 0.3144 2.1001 0.6266 0.1296 
5.4001 0.3201 2.1035 0.5935 0.1363 
5.3955 0.3201 2.1001 0.5924 0.1514 
5.3921 0.3101 2.1001 0.6560 0.1615 
5.3901 0.3115 2.1001 0.6480 0.1707 
5.3901 0.3101 2.1007 0.6570 0.1709 
5.3601 0.3301 2.1026 0.5443 0.3117 
5.3501 0.3301 2.1003 0.5453 0.3545 
5.3601 0.3201 2.1036 0.6063 0.3088 
5.3601 0.3201 2.1036 0.6063 0.3088 
5.3501 0.3301 2.1003 0.5453 0.3545 
5.3501 0.3201 2.1040 0.6098 0.3532 
5.3701 0.3301 2.1024 0.5409 0.2677 
5.3601 0.3301 2.1026 0.5443 0.3117 
5.3701 0.3201 2.1021 0.6021 0.2637 
5.3701 0.3201 2.1021 0.6021 0.2637 
5.3601 0.3301 2.1026 0.5443 0.3117 
5.3601 0.3201 2.1036 0.6063 0.3088 
5.3801 0.3301 2.1007 0.5362 0.2225 
5.3701 0.3301 2.1024 0.5409 0.2677 
5.3801 0.3201 2.1035 0.5999 0.2213 
5.3801 0.3201 2.1035 0.5999 0.2213 
5.3701 0.3301 2.1024 0.5409 0.2677 
5.3701 0.3201 2.1021 0.6021 0.2637 
5.3901 0.3259 2.1001 0.5583 0.1768 
5.3801 0.3201 2.1035 0.5999 0.2213 
5.3847 0.3201 2.1001 0.5958 0.1978 
5.3901 0.3259 2.1001 0.5583 0.1768 
5.3901 0.3301 2.1030 0.5353 0.1819 
5.3801 0.3201 2.1035 0.5999 0.2213 
5.3901 0.3301 2.1030 0.5353 0.1819 
5.3801 0.3301 2.1007 0.5362 0.2225 
5.3801 0.3201 2.1035 0.5999 0.2213 
5.3955 0.3201 2.1001 0.5924 0.1514 
5.3901 0.3301 2.1030 0.5353 0.1819 
5.3901 0.3259 2.1001 0.5583 0.1768 
5.3955 0.3201 2.1001 0.5924 0.1514 
5.4001 0.3201 2.1035 0.5935 0.1363 
5.3901 0.3301 2.1030 0.5353 0.1819 
5.4001 0.3201 2.1035 0.5935 0.1363 
5.4001 0.3301 2.1018 0.5309 0.1385 
5.3901 0.3301 2.1030 0.5353 0.1819 
5.3601 0.3401 2.1032 0.4846 0.3155 
5.3501 0.3401 2.1027 0.4871 0.3589 
5.3601 0.3301 2.1026 0.5443 0.3117 
5.3601 0.3301 2.1026 0.5443 0.3117 
5.3501 0.3401 2.1027 0.4871 0.3589 
5.3501 0.3301 2.1003 0.5453 0.3545 
5.3701 0.3401 2.1005 0.4783 0.2698 
5.3601 0.3401 2.1032 0.4846 0.3155 
5.3701 0.3301 2.1024 0.5409 0.2677 
5.3701 0.3301 2.1024 0.5409 0.2677 
5.3601 0.3401 2.1032 0.4846 0.3155 
5.3601 0.3301 2.1026 0.5443 0.3117 
5.3708 0.3401 2.1001 0.4776 0.2664 
5.3801 0.3301 2.1007 0.5362 0.2225 
5.3801 0.3312 2.1001 0.5286 0.2224 
5.3708 0.3401 2.1001 0.4776 0.2664 
5.3701 0.3401 2.1005 0.4783 0.2698 
5.3801 0.3301 2.1007 0.5362 0.2225 
5.3701 0.3401 2.1005 0.4783 0.2698 
5.3701 0.3301 2.1024 0.5409 0.2677 
5.3801 0.3301 2.1007 0.5362 0.2225 
5.3801 0.3312 2.1001 0.5286 0.2224 
5.3901 0.3301 2.1030 0.5353 0.1819 
5.3901 0.3343 2.1001 0.5069 0.1804 
5.3801 0.3301 2.1007 0.5362 0.2225 
5.3901 0.3301 2.1030 0.5353 0.1819 
5.3801 0.3312 2.1001 0.5286 0.2224 
5.3901 0.3343 2.1001 0.5069 0.1804 
5.4001 0.3301 2.1018 0.5309 0.1385 
5.4001 0.3328 2.1001 0.5125 0.1376 
5.3901 0.3301 2.1030 0.5353 0.1819 
5.4001 0.3301 2.1018 0.5309 0.1385 
5.3901 0.3343 2.1001 0.5069 0.1804 
5.3601 0.3501 2.1021 0.4237 0.3182 
5.3501 0.3501 2.1024 0.4272 0.3619 
5.3601 0.3401 2.1032 0.4846 0.3155 
5.3601 0.3401 2.1032 0.4846 0.3155 
5.3501 0.3501 2.1024 0.4272 0.3619 
5.3501 0.3401 2.1027 0.4871 0.3589 
5.3676 0.3501 2.1001 0.4187 0.2841 
5.3701 0.3401 2.1005 0.4783 0.2698 
5.3701 0.3436 2.1001 0.4568 0.2708 
5.3676 0.3501 2.1001 0.4187 0.2841 
5.3601 0.3501 2.1021 0.4237 0.3182 
5.3701 0.3401 2.1005 0.4783 0.2698 
5.3601 0.3501 2.1021 0.4237 0.3182 
5.3601 0.3401 2.1032 0.4846 0.3155 
5.3701 0.3401 2.1005 0.4783 0.2698 
5.3801 0.3492 2.1001 0.4205 0.2294 
5.3801 0.3501 2.1006 0.4155 0.2303 
5.3759 0.3501 2.1001 0.4161 0.2482 
5.3708 0.3401 2.1001 0.4776 0.2664 
5.3701 0.3436 2.1001 0.4568 0.2708 
5.3701 0.3401 2.1005 0.4783 0.2698 
5.3901 0.3494 2.1001 0.4158 0.1866 
5.3801 0.3501 2.1006 0.4155 0.2303 
5.3801 0.3492 2.1001 0.4205 0.2294 
5.3901 0.3501 2.1004 0.4122 0.1872 
5.3801 0.3501 2.1006 0.4155 0.2303 
5.3901 0.3494 2.1001 0.4158 0.1866 
5.3939 0.3501 2.1001 0.4106 0.1710 
5.3901 0.3501 2.1004 0.4122 0.1872 
5.3901 0.3494 2.1001 0.4158 0.1866 
5.3101 0.3601 2.1037 0.3826 0.5391 
5.3001 0.3601 2.1026 0.3840 0.5830 
5.3101 0.3501 2.1022 0.4392 0.5372 
5.3101 0.3501 2.1022 0.4392 0.5372 
5.3001 0.3601 2.1026 0.3840 0.5830 
5.3001 0.3501 2.1037 0.4442 0.5809 
5.3201 0.3601 2.1015 0.3763 0.4956 
5.3101 0.3601 2.1037 0.3826 0.5391 
5.3201 0.3501 2.1025 0.4365 0.4933 
5.3201 0.3501 2.1025 0.4365 0.4933 
5.3101 0.3601 2.1037 0.3826 0.5391 
5.3101 0.3501 2.1022 0.4392 0.5372 
5.3301 0.3601 2.1017 0.3735 0.4519 
5.3201 0.3601 2.1015 0.3763 0.4956 
5.3301 0.3501 2.1027 0.4337 0.4494 
5.3301 0.3501 2.1027 0.4337 0.4494 
5.3201 0.3601 2.1015 0.3763 0.4956 
5.3201 0.3501 2.1025 0.4365 0.4933 
5.3401 0.3601 2.1019 0.3709 0.4083 
5.3301 0.3601 2.1017 0.3735 0.4519 
5.3401 0.3501 2.1020 0.4297 0.4055 
5.3401 0.3501 2.1020 0.4297 0.4055 
5.3301 0.3601 2.1017 0.3735 0.4519 
5.3301 0.3501 2.1027 0.4337 0.4494 
5.3501 0.3601 2.1012 0.3668 0.3644 
5.3401 0.3601 2.1019 0.3709 0.4083 
5.3501 0.3501 2.1024 0.4272 0.3619 
5.3501 0.3501 2.1024 0.4272 0.3619 
5.3401 0.3601 2.1019 0.3709 0.4083 
5.3401 0.3501 2.1020 0.4297 0.4055 
5.3085 0.3701 2.1001 0.3195 0.5486 
5.3101 0.3601 2.1037 0.3826 0.5391 
5.3101 0.3690 2.1001 0.3252 0.5414 
5.3085 0.3701 2.1001 0.3195 0.5486 
5.3001 0.3701 2.1024 0.3258 0.5848 
5.3101 0.3601 2.1037 0.3826 0.5391 
5.3001 0.3701 2.1024 0.3258 0.5848 
5.3001 0.3601 2.1026 0.3840 0.5830 
5.3101 0.3601 2.1037 0.3826 0.5391 
5.3101 0.3690 2.1001 0.3252 0.5414 
5.3201 0.3701 2.1016 0.3185 0.4979 
5.3124 0.3701 2.1001 0.3183 0.5316 
5.3101 0.3690 2.1001 0.3252 0.5414 
5.3101 0.3601 2.1037 0.3826 0.5391 
5.3201 0.3701 2.1016 0.3185 0.4979 
5.3101 0.3601 2.1037 0.3826 0.5391 
5.3201 0.3601 2.1015 0.3763 0.4956 
5.3201 0.3701 2.1016 0.3185 0.4979 
5.3301 0.3701 2.1022 0.3165 0.4545 
5.3201 0.3701 2.1016 0.3185 0.4979 
5.3301 0.3601 2.1017 0.3735 0.4519 
5.3301 0.3601 2.1017 0.3735 0.4519 
5.3201 0.3701 2.1016 0.3185 0.4979 
5.3201 0.3601 2.1015 0.3763 0.4956 
5.3401 0.3701 2.1027 0.3145 0.4114 
5.3301 0.3701 2.1022 0.3165 0.4545 
5.3401 0.3601 2.1019 0.3709 0.4083 
5.3401 0.3601 2.1019 0.3709 0.4083 
5.3301 0.3701 2.1022 0.3165 0.4545 
5.3301 0.3601 2.1017 0.3735 0.4519 
5.3501 0.3701 2.1006 0.3080 0.3672 
5.3401 0.3701 2.1027 0.3145 0.4114 
5.3501 0.3601 2.1012 0.3668 0.3644 
5.3501 0.3601 2.1012 0.3668 0.3644 
5.3401 0.3701 2.1027 0.3145 0.4114 
5.3401 0.3601 2.1019 0.3709 0.4083 
5.3001 0.3766 2.1001 0.2846 0.5866 
5.3001 0.3701 2.1024 0.3258 0.5848 
5.3085 0.3701 2.1001 0.3195 0.5486 
5.3201 0.3801 2.1021 0.2630 0.5002 
5.3124 0.3701 2.1001 0.3183 0.5316 
5.3201 0.3701 2.1016 0.3185 0.4979 
5.3120 0.3801 2.1001 0.2616 0.5353 
5.3124 0.3701 2.1001 0.3183 0.5316 
5.3201 0.3801 2.1021 0.2630 0.5002 
5.3268 0.3801 2.1001 0.2573 0.4711 
5.3301 0.3701 2.1022 0.3165 0.4545 
5.3301 0.3768 2.1001 0.2749 0.4559 
5.3268 0.3801 2.1001 0.2573 0.4711 
5.3201 0.3801 2.1021 0.2630 0.5002 
5.3301 0.3701 2.1022 0.3165 0.4545 
5.3201 0.3801 2.1021 0.2630 0.5002 
5.3201 0.3701 2.1016 0.3185 0.4979 
5.3301 0.3701 2.1022 0.3165 0.4545 
5.3301 0.3768 2.1001 0.2749 0.4559 
5.3401 0.3801 2.1016 0.2562 0.4138 
5.3341 0.3801 2.1001 0.2552 0.4393 
5.3301 0.3768 2.1001 0.2749 0.4559 
5.3301 0.3701 2.1022 0.3165 0.4545 
5.3401 0.3801 2.1016 0.2562 0.4138 
5.3301 0.3701 2.1022 0.3165 0.4545 
5.3401 0.3701 2.1027 0.3145 0.4114 
5.3401 0.3801 2.1016 0.2562 0.4138 
5.3420 0.3801 2.1001 0.2529 0.4053 
5.3501 0.3701 2.1006 0.3080 0.3672 
5.3501 0.3708 2.1001 0.3030 0.3672 
5.3420 0.3801 2.1001 0.2529 0.4053 
5.3401 0.3801 2.1016 0.2562 0.4138 
5.3501 0.3701 2.1006 0.3080 0.3672 
5.3401 0.3801 2.1016 0.2562 0.4138 
5.3401 0.3701 2.1027 0.3145 0.4114 
5.3501 0.3701 2.1006 0.3080 0.3672 
5.3029 0.3901 2.1001 0.2090 0.5767 
5.3001 0.3901 2.1007 0.2109 0.5888 
5.3001 0.3869 2.1001 0.2272 0.5884 
5.3201 0.3857 2.1001 0.2282 0.5014 
5.3120 0.3801 2.1001 0.2616 0.5353 
5.3201 0.3801 2.1021 0.2630 0.5002 
5.3201 0.3857 2.1001 0.2282 0.5014 
5.3201 0.3801 2.1021 0.2630 0.5002 
5.3268 0.3801 2.1001 0.2573 0.4711 
5.3401 0.3805 2.1001 0.2510 0.4135 
5.3341 0.3801 2.1001 0.2552 0.4393 
5.3401 0.3801 2.1016 0.2562 0.4138 
5.3401 0.3805 2.1001 0.2510 0.4135 
5.3401 0.3801 2.1016 0.2562 0.4138 
5.3420 0.3801 2.1001 0.2529 0.4053 
5.3001 0.3907 2.1001 0.2064 0.5891 
5.3001 0.3901 2.1007 0.2109 0.5888 
5.3029 0.3901 2.1001 0.2090 0.5767 
5.3601 0.3601 2.1019 0.3647 0.3214 
5.3501 0.3601 2.1012 0.3668 0.3644 
5.3601 0.3501 2.1021 0.4237 0.3182 
5.3601 0.3501 2.1021 0.4237 0.3182 
5.3501 0.3601 2.1012 0.3668 0.3644 
5.3501 0.3501 2.1024 0.4272 0.3619 
5.3659 0.3601 2.1001 0.3602 0.2949 
5.3601 0.3501 2.1021 0.4237 0.3182 
5.3676 0.3501 2.1001 0.4187 0.2841 
5.3601 0.3601 2.1019 0.3647 0.3214 
5.3601 0.3501 2.1021 0.4237 0.3182 
5.3659 0.3601 2.1001 0.3602 0.2949 
5.3801 0.3526 2.1001 0.3997 0.2308 
5.3759 0.3501 2.1001 0.4161 0.2482 
5.3801 0.3501 2.1006 0.4155 0.2303 
5.3801 0.3526 2.1001 0.3997 0.2308 
5.3901 0.3501 2.1004 0.4122 0.1872 
5.3901 0.3567 2.1001 0.3728 0.1896 
5.3801 0.3501 2.1006 0.4155 0.2303 
5.3901 0.3501 2.1004 0.4122 0.1872 
5.3801 0.3526 2.1001 0.3997 0.2308 
5.3901 0.3567 2.1001 0.3728 0.1896 
5.3901 0.3501 2.1004 0.4122 0.1872 
5.3939 0.3501 2.1001 0.4106 0.1710 
5.3601 0.3701 2.1005 0.3047 0.3238 
5.3501 0.3701 2.1006 0.3080 0.3672 
5.3601 0.3601 2.1019 0.3647 0.3214 
5.3601 0.3601 2.1019 0.3647 0.3214 
5.3501 0.3701 2.1006 0.3080 0.3672 
5.3501 0.3601 2.1012 0.3668 0.3644 
5.3614 0.3701 2.1001 0.3038 0.3181 
5.3601 0.3601 2.1019 0.3647 0.3214 
5.3659 0.3601 2.1001 0.3602 0.2949 
5.3601 0.3701 2.1005 0.3047 0.3238 
5.3601 0.3601 2.1019 0.3647 0.3214 
5.3614 0.3701 2.1001 0.3038 0.3181 
5.3501 0.3708 2.1001 0.3030 0.3672 
5.3601 0.3701 2.1005 0.3047 0.3238 
5.3601 0.3714 2.1001 0.2967 0.3241 
5.3501 0.3701 2.1006 0.3080 0.3672 
5.3601 0.3701 2.1005 0.3047 0.3238 
5.3501 0.3708 2.1001 0.3030 0.3672 
5.3601 0.3714 2.1001 0.2967 0.3241 
5.3601 0.3701 2.1005 0.3047 0.3238 
5.3614 0.3701 2.1001 0.3038 0.3181 
5.4001 0.3051 2.1001 0.6849 0.1255 
5.4101 0.3001 2.1029 0.7145 0.0877 
5.4101 0.3072 2.1001 0.6685 0.0872 
5.4001 0.3001 2.1027 0.7177 0.1266 
5.4101 0.3001 2.1029 0.7145 0.0877 
5.4001 0.3051 2.1001 0.6849 0.1255 
5.4101 0.3072 2.1001 0.6685 0.0872 
5.4201 0.3101 2.1036 0.6489 0.0614 
5.4126 0.3101 2.1001 0.6493 0.0797 
5.4101 0.3072 2.1001 0.6685 0.0872 
5.4101 0.3001 2.1029 0.7145 0.0877 
5.4201 0.3101 2.1036 0.6489 0.0614 
5.4101 0.3001 2.1029 0.7145 0.0877 
5.4201 0.3001 2.1005 0.7103 0.0567 
5.4201 0.3101 2.1036 0.6489 0.0614 
5.4101 0.3201 2.1001 0.5877 0.0925 
5.4001 0.3201 2.1035 0.5935 0.1363 
5.4001 0.3144 2.1001 0.6266 0.1296 
5.4201 0.3201 2.1007 0.5849 0.0616 
5.4126 0.3101 2.1001 0.6493 0.0797 
5.4201 0.3101 2.1036 0.6489 0.0614 
5.4101 0.3201 2.1001 0.5877 0.0925 
5.4126 0.3101 2.1001 0.6493 0.0797 
5.4201 0.3201 2.1007 0.5849 0.0616 
5.4101 0.3301 2.1001 0.5261 0.0966 
5.4001 0.3201 2.1035 0.5935 0.1363 
5.4101 0.3201 2.1001 0.5877 0.0925 
5.4001 0.3301 2.1018 0.5309 0.1385 
5.4001 0.3201 2.1035 0.5935 0.1363 
5.4101 0.3301 2.1001 0.5261 0.0966 
5.4201 0.3301 2.1003 0.5231 0.0641 
5.4101 0.3201 2.1001 0.5877 0.0925 
5.4201 0.3201 2.1007 0.5849 0.0616 
5.4101 0.3301 2.1001 0.5261 0.0966 
5.4101 0.3201 2.1001 0.5877 0.0925 
5.4201 0.3301 2.1003 0.5231 0.0641 
5.4261 0.3301 2.1001 0.5210 0.0535 
5.4201 0.3201 2.1007 0.5849 0.0616 
5.4220 0.3201 2.1001 0.5838 0.0572 
5.4201 0.3301 2.1003 0.5231 0.0641 
5.4201 0.3201 2.1007 0.5849 0.0616 
5.4261 0.3301 2.1001 0.5210 0.0535 
5.4101 0.3301 2.1001 0.5261 0.0966 
5.4101 0.3401 2.1017 0.4673 0.1028 
5.4075 0.3401 2.1001 0.4662 0.1110 
5.4101 0.3301 2.1001 0.5261 0.0966 
5.4001 0.3328 2.1001 0.5125 0.1376 
5.4001 0.3301 2.1018 0.5309 0.1385 
5.4136 0.3401 2.1001 0.4643 0.0879 
5.4101 0.3401 2.1017 0.4673 0.1028 
5.4101 0.3301 2.1001 0.5261 0.0966 
5.4201 0.3308 2.1001 0.5189 0.0641 
5.4101 0.3301 2.1001 0.5261 0.0966 
5.4201 0.3301 2.1003 0.5231 0.0641 
5.4201 0.3308 2.1001 0.5189 0.0641 
5.4201 0.3301 2.1003 0.5231 0.0641 
5.4261 0.3301 2.1001 0.5210 0.0535 
5.4101 0.3449 2.1001 0.4363 0.1028 
5.4075 0.3401 2.1001 0.4662 0.1110 
5.4101 0.3401 2.1017 0.4673 0.1028 
5.4101 0.3449 2.1001 0.4363 0.1028 
5.4101 0.3401 2.1017 0.4673 0.1028 
5.4136 0.3401 2.1001 0.4643 0.0879 
