NUMPOLLIES 504.000000 

5.2801 -0.1299 2.1001 0.9889 0.4358 
5.2801 -0.1299 2.1001 0.9889 0.4358 
5.2801 -0.1299 2.1001 0.9889 0.4358 
5.2901 -0.1299 2.0994 0.9948 0.4875 
5.2801 -0.1299 2.1001 0.9889 0.4358 
5.2801 -0.1299 2.1001 0.9889 0.4358 
5.2901 -0.1326 2.1001 0.9740 0.4882 
5.2901 -0.1299 2.0994 0.9948 0.4875 
5.2801 -0.1299 2.1001 0.9889 0.4358 
5.3001 -0.1299 2.0981 1.0027 0.5396 
5.2901 -0.1299 2.0994 0.9948 0.4875 
5.2901 -0.1326 2.1001 0.9740 0.4882 
5.3001 -0.1373 2.1001 0.9454 0.5415 
5.3001 -0.1299 2.0981 1.0027 0.5396 
5.2901 -0.1326 2.1001 0.9740 0.4882 
5.2401 -0.2499 2.1070 0.1090 0.2468 
5.2301 -0.2499 2.1071 0.1060 0.1931 
5.2401 -0.2599 2.1080 0.0734 0.2488 
5.2501 -0.2499 2.1077 0.1123 0.3019 
5.2401 -0.2499 2.1070 0.1090 0.2468 
5.2501 -0.2599 2.1097 0.0737 0.3049 
5.2501 -0.2599 2.1097 0.0737 0.3049 
5.2401 -0.2499 2.1070 0.1090 0.2468 
5.2401 -0.2599 2.1080 0.0734 0.2488 
5.2601 -0.2499 2.1079 0.1155 0.3565 
5.2501 -0.2499 2.1077 0.1123 0.3019 
5.2601 -0.2599 2.1087 0.0741 0.3587 
5.2601 -0.2599 2.1087 0.0741 0.3587 
5.2501 -0.2499 2.1077 0.1123 0.3019 
5.2501 -0.2599 2.1097 0.0737 0.3049 
5.2701 -0.2499 2.1083 0.1188 0.4114 
5.2601 -0.2499 2.1079 0.1155 0.3565 
5.2701 -0.2599 2.1086 0.0748 0.4136 
5.2701 -0.2599 2.1086 0.0748 0.4136 
5.2601 -0.2499 2.1079 0.1155 0.3565 
5.2601 -0.2599 2.1087 0.0741 0.3587 
5.2801 -0.2499 2.1071 0.1216 0.4658 
5.2701 -0.2499 2.1083 0.1188 0.4114 
5.2801 -0.2599 2.1086 0.0757 0.4687 
5.2801 -0.2599 2.1086 0.0757 0.4687 
5.2701 -0.2499 2.1083 0.1188 0.4114 
5.2701 -0.2599 2.1086 0.0748 0.4136 
5.2901 -0.2499 2.1068 0.1248 0.5208 
5.2801 -0.2499 2.1071 0.1216 0.4658 
5.2901 -0.2599 2.1057 0.0762 0.5240 
5.2901 -0.2599 2.1057 0.0762 0.5240 
5.2801 -0.2499 2.1071 0.1216 0.4658 
5.2801 -0.2599 2.1086 0.0757 0.4687 
5.3001 -0.2499 2.1071 0.1283 0.5758 
5.2901 -0.2499 2.1068 0.1248 0.5208 
5.3001 -0.2599 2.1070 0.0778 0.5793 
5.3001 -0.2599 2.1070 0.0778 0.5793 
5.2901 -0.2499 2.1068 0.1248 0.5208 
5.2901 -0.2599 2.1057 0.0762 0.5240 
5.2101 -0.2399 2.1072 0.1644 0.0918 
5.2001 -0.2399 2.1063 0.1606 0.0557 
5.2101 -0.2499 2.1075 0.1004 0.0918 
5.2101 -0.2499 2.1075 0.1004 0.0918 
5.2001 -0.2399 2.1063 0.1606 0.0557 
5.2001 -0.2499 2.1078 0.0977 0.0565 
5.2201 -0.2399 2.1074 0.1680 0.1408 
5.2101 -0.2399 2.1072 0.1644 0.0918 
5.2201 -0.2499 2.1065 0.1029 0.1395 
5.2201 -0.2499 2.1065 0.1029 0.1395 
5.2101 -0.2399 2.1072 0.1644 0.0918 
5.2101 -0.2499 2.1075 0.1004 0.0918 
5.2301 -0.2399 2.1068 0.1716 0.1922 
5.2201 -0.2399 2.1074 0.1680 0.1408 
5.2301 -0.2499 2.1071 0.1060 0.1931 
5.2301 -0.2499 2.1071 0.1060 0.1931 
5.2201 -0.2399 2.1074 0.1680 0.1408 
5.2201 -0.2499 2.1065 0.1029 0.1395 
5.2401 -0.2399 2.1070 0.1753 0.2459 
5.2301 -0.2399 2.1068 0.1716 0.1922 
5.2401 -0.2499 2.1070 0.1090 0.2468 
5.2401 -0.2499 2.1070 0.1090 0.2468 
5.2301 -0.2399 2.1068 0.1716 0.1922 
5.2301 -0.2499 2.1071 0.1060 0.1931 
5.2501 -0.2399 2.1070 0.1789 0.3000 
5.2401 -0.2399 2.1070 0.1753 0.2459 
5.2501 -0.2499 2.1077 0.1123 0.3019 
5.2501 -0.2499 2.1077 0.1123 0.3019 
5.2401 -0.2399 2.1070 0.1753 0.2459 
5.2401 -0.2499 2.1070 0.1090 0.2468 
5.2101 -0.2299 2.1063 0.2364 0.0906 
5.2001 -0.2299 2.1059 0.2326 0.0557 
5.2101 -0.2399 2.1072 0.1644 0.0918 
5.2101 -0.2399 2.1072 0.1644 0.0918 
5.2001 -0.2299 2.1059 0.2326 0.0557 
5.2001 -0.2399 2.1063 0.1606 0.0557 
5.2201 -0.2299 2.1068 0.2401 0.1399 
5.2101 -0.2299 2.1063 0.2364 0.0906 
5.2201 -0.2399 2.1074 0.1680 0.1408 
5.2201 -0.2399 2.1074 0.1680 0.1408 
5.2101 -0.2299 2.1063 0.2364 0.0906 
5.2101 -0.2399 2.1072 0.1644 0.0918 
5.2301 -0.2299 2.1064 0.2440 0.1913 
5.2201 -0.2299 2.1068 0.2401 0.1399 
5.2301 -0.2399 2.1068 0.1716 0.1922 
5.2301 -0.2399 2.1068 0.1716 0.1922 
5.2201 -0.2299 2.1068 0.2401 0.1399 
5.2201 -0.2399 2.1074 0.1680 0.1408 
5.2401 -0.2299 2.1081 0.2475 0.2462 
5.2301 -0.2299 2.1064 0.2440 0.1913 
5.2401 -0.2399 2.1070 0.1753 0.2459 
5.2401 -0.2399 2.1070 0.1753 0.2459 
5.2301 -0.2299 2.1064 0.2440 0.1913 
5.2301 -0.2399 2.1068 0.1716 0.1922 
5.2501 -0.2299 2.1066 0.2516 0.2984 
5.2401 -0.2299 2.1081 0.2475 0.2462 
5.2501 -0.2399 2.1070 0.1789 0.3000 
5.2501 -0.2399 2.1070 0.1789 0.3000 
5.2401 -0.2299 2.1081 0.2475 0.2462 
5.2401 -0.2399 2.1070 0.1753 0.2459 
5.2101 -0.2199 2.1064 0.3101 0.0911 
5.2001 -0.2199 2.1051 0.3068 0.0554 
5.2101 -0.2299 2.1063 0.2364 0.0906 
5.2101 -0.2299 2.1063 0.2364 0.0906 
5.2001 -0.2199 2.1051 0.3068 0.0554 
5.2001 -0.2299 2.1059 0.2326 0.0557 
5.2201 -0.2199 2.1067 0.3138 0.1397 
5.2101 -0.2199 2.1064 0.3101 0.0911 
5.2201 -0.2299 2.1068 0.2401 0.1399 
5.2201 -0.2299 2.1068 0.2401 0.1399 
5.2101 -0.2199 2.1064 0.3101 0.0911 
5.2101 -0.2299 2.1063 0.2364 0.0906 
5.2301 -0.2199 2.1083 0.3169 0.1932 
5.2201 -0.2199 2.1067 0.3138 0.1397 
5.2301 -0.2299 2.1064 0.2440 0.1913 
5.2301 -0.2299 2.1064 0.2440 0.1913 
5.2201 -0.2199 2.1067 0.3138 0.1397 
5.2201 -0.2299 2.1068 0.2401 0.1399 
5.2401 -0.2199 2.1068 0.3214 0.2440 
5.2301 -0.2199 2.1083 0.3169 0.1932 
5.2401 -0.2299 2.1081 0.2475 0.2462 
5.2401 -0.2299 2.1081 0.2475 0.2462 
5.2301 -0.2199 2.1083 0.3169 0.1932 
5.2301 -0.2299 2.1064 0.2440 0.1913 
5.2501 -0.2199 2.1051 0.3261 0.2958 
5.2401 -0.2199 2.1068 0.3214 0.2440 
5.2501 -0.2299 2.1066 0.2516 0.2984 
5.2501 -0.2299 2.1066 0.2516 0.2984 
5.2401 -0.2199 2.1068 0.3214 0.2440 
5.2401 -0.2299 2.1081 0.2475 0.2462 
5.2101 -0.2099 2.1075 0.3830 0.0932 
5.2001 -0.2099 2.1061 0.3803 0.0564 
5.2101 -0.2199 2.1064 0.3101 0.0911 
5.2101 -0.2199 2.1064 0.3101 0.0911 
5.2001 -0.2099 2.1061 0.3803 0.0564 
5.2001 -0.2199 2.1051 0.3068 0.0554 
5.2201 -0.2099 2.1091 0.3856 0.1431 
5.2101 -0.2099 2.1075 0.3830 0.0932 
5.2201 -0.2199 2.1067 0.3138 0.1397 
5.2201 -0.2199 2.1067 0.3138 0.1397 
5.2101 -0.2099 2.1075 0.3830 0.0932 
5.2101 -0.2199 2.1064 0.3101 0.0911 
5.2301 -0.2099 2.1049 0.3926 0.1885 
5.2201 -0.2099 2.1091 0.3856 0.1431 
5.2301 -0.2199 2.1083 0.3169 0.1932 
5.2301 -0.2199 2.1083 0.3169 0.1932 
5.2201 -0.2099 2.1091 0.3856 0.1431 
5.2201 -0.2199 2.1067 0.3138 0.1397 
5.2401 -0.2099 2.1056 0.3959 0.2419 
5.2301 -0.2099 2.1049 0.3926 0.1885 
5.2401 -0.2199 2.1068 0.3214 0.2440 
5.2401 -0.2199 2.1068 0.3214 0.2440 
5.2301 -0.2099 2.1049 0.3926 0.1885 
5.2301 -0.2199 2.1083 0.3169 0.1932 
5.2501 -0.2099 2.1048 0.4004 0.2943 
5.2401 -0.2099 2.1056 0.3959 0.2419 
5.2501 -0.2199 2.1051 0.3261 0.2958 
5.2501 -0.2199 2.1051 0.3261 0.2958 
5.2401 -0.2099 2.1056 0.3959 0.2419 
5.2401 -0.2199 2.1068 0.3214 0.2440 
5.2101 -0.1999 2.1062 0.4572 0.0916 
5.2001 -0.1999 2.1048 0.4549 0.0558 
5.2101 -0.2099 2.1075 0.3830 0.0932 
5.2101 -0.2099 2.1075 0.3830 0.0932 
5.2001 -0.1999 2.1048 0.4549 0.0558 
5.2001 -0.2099 2.1061 0.3803 0.0564 
5.2201 -0.1999 2.1039 0.4636 0.1355 
5.2101 -0.1999 2.1062 0.4572 0.0916 
5.2201 -0.2099 2.1091 0.3856 0.1431 
5.2201 -0.2099 2.1091 0.3856 0.1431 
5.2101 -0.1999 2.1062 0.4572 0.0916 
5.2101 -0.2099 2.1075 0.3830 0.0932 
5.2301 -0.1999 2.1049 0.4663 0.1880 
5.2201 -0.1999 2.1039 0.4636 0.1355 
5.2301 -0.2099 2.1049 0.3926 0.1885 
5.2301 -0.2099 2.1049 0.3926 0.1885 
5.2201 -0.1999 2.1039 0.4636 0.1355 
5.2201 -0.2099 2.1091 0.3856 0.1431 
5.2401 -0.1999 2.1060 0.4688 0.2415 
5.2301 -0.1999 2.1049 0.4663 0.1880 
5.2401 -0.2099 2.1056 0.3959 0.2419 
5.2401 -0.2099 2.1056 0.3959 0.2419 
5.2301 -0.1999 2.1049 0.4663 0.1880 
5.2301 -0.2099 2.1049 0.3926 0.1885 
5.2501 -0.1999 2.1039 0.4750 0.2923 
5.2401 -0.1999 2.1060 0.4688 0.2415 
5.2501 -0.2099 2.1048 0.4004 0.2943 
5.2501 -0.2099 2.1048 0.4004 0.2943 
5.2401 -0.1999 2.1060 0.4688 0.2415 
5.2401 -0.2099 2.1056 0.3959 0.2419 
5.2601 -0.2399 2.1082 0.1828 0.3550 
5.2501 -0.2399 2.1070 0.1789 0.3000 
5.2601 -0.2499 2.1079 0.1155 0.3565 
5.2601 -0.2499 2.1079 0.1155 0.3565 
5.2501 -0.2399 2.1070 0.1789 0.3000 
5.2501 -0.2499 2.1077 0.1123 0.3019 
5.2701 -0.2399 2.1069 0.1863 0.4087 
5.2601 -0.2399 2.1082 0.1828 0.3550 
5.2701 -0.2499 2.1083 0.1188 0.4114 
5.2701 -0.2499 2.1083 0.1188 0.4114 
5.2601 -0.2399 2.1082 0.1828 0.3550 
5.2601 -0.2499 2.1079 0.1155 0.3565 
5.2801 -0.2399 2.1065 0.1900 0.4632 
5.2701 -0.2399 2.1069 0.1863 0.4087 
5.2801 -0.2499 2.1071 0.1216 0.4658 
5.2801 -0.2499 2.1071 0.1216 0.4658 
5.2701 -0.2399 2.1069 0.1863 0.4087 
5.2701 -0.2499 2.1083 0.1188 0.4114 
5.2901 -0.2399 2.1060 0.1937 0.5179 
5.2801 -0.2399 2.1065 0.1900 0.4632 
5.2901 -0.2499 2.1068 0.1248 0.5208 
5.2901 -0.2499 2.1068 0.1248 0.5208 
5.2801 -0.2399 2.1065 0.1900 0.4632 
5.2801 -0.2499 2.1071 0.1216 0.4658 
5.3001 -0.2399 2.1044 0.1974 0.5733 
5.2901 -0.2399 2.1060 0.1937 0.5179 
5.3001 -0.2499 2.1071 0.1283 0.5758 
5.3001 -0.2499 2.1071 0.1283 0.5758 
5.2901 -0.2399 2.1060 0.1937 0.5179 
5.2901 -0.2499 2.1068 0.1248 0.5208 
5.2601 -0.2299 2.1069 0.2553 0.3525 
5.2501 -0.2299 2.1066 0.2516 0.2984 
5.2601 -0.2399 2.1082 0.1828 0.3550 
5.2601 -0.2399 2.1082 0.1828 0.3550 
5.2501 -0.2299 2.1066 0.2516 0.2984 
5.2501 -0.2399 2.1070 0.1789 0.3000 
5.2701 -0.2299 2.1061 0.2593 0.4063 
5.2601 -0.2299 2.1069 0.2553 0.3525 
5.2701 -0.2399 2.1069 0.1863 0.4087 
5.2701 -0.2399 2.1069 0.1863 0.4087 
5.2601 -0.2299 2.1069 0.2553 0.3525 
5.2601 -0.2399 2.1082 0.1828 0.3550 
5.2801 -0.2299 2.1055 0.2633 0.4605 
5.2701 -0.2299 2.1061 0.2593 0.4063 
5.2801 -0.2399 2.1065 0.1900 0.4632 
5.2801 -0.2399 2.1065 0.1900 0.4632 
5.2701 -0.2299 2.1061 0.2593 0.4063 
5.2701 -0.2399 2.1069 0.1863 0.4087 
5.2901 -0.2299 2.1049 0.2673 0.5150 
5.2801 -0.2299 2.1055 0.2633 0.4605 
5.2901 -0.2399 2.1060 0.1937 0.5179 
5.2901 -0.2399 2.1060 0.1937 0.5179 
5.2801 -0.2299 2.1055 0.2633 0.4605 
5.2801 -0.2399 2.1065 0.1900 0.4632 
5.3001 -0.2299 2.1044 0.2713 0.5699 
5.2901 -0.2299 2.1049 0.2673 0.5150 
5.3001 -0.2399 2.1044 0.1974 0.5733 
5.3001 -0.2399 2.1044 0.1974 0.5733 
5.2901 -0.2299 2.1049 0.2673 0.5150 
5.2901 -0.2399 2.1060 0.1937 0.5179 
5.2601 -0.2199 2.1059 0.3295 0.3503 
5.2501 -0.2199 2.1051 0.3261 0.2958 
5.2601 -0.2299 2.1069 0.2553 0.3525 
5.2601 -0.2299 2.1069 0.2553 0.3525 
5.2501 -0.2199 2.1051 0.3261 0.2958 
5.2501 -0.2299 2.1066 0.2516 0.2984 
5.2701 -0.2199 2.1070 0.3327 0.4046 
5.2601 -0.2199 2.1059 0.3295 0.3503 
5.2701 -0.2299 2.1061 0.2593 0.4063 
5.2701 -0.2299 2.1061 0.2593 0.4063 
5.2601 -0.2199 2.1059 0.3295 0.3503 
5.2601 -0.2299 2.1069 0.2553 0.3525 
5.2801 -0.2199 2.1056 0.3373 0.4580 
5.2701 -0.2199 2.1070 0.3327 0.4046 
5.2801 -0.2299 2.1055 0.2633 0.4605 
5.2801 -0.2299 2.1055 0.2633 0.4605 
5.2701 -0.2199 2.1070 0.3327 0.4046 
5.2701 -0.2299 2.1061 0.2593 0.4063 
5.2901 -0.2199 2.1040 0.3421 0.5122 
5.2801 -0.2199 2.1056 0.3373 0.4580 
5.2901 -0.2299 2.1049 0.2673 0.5150 
5.2901 -0.2299 2.1049 0.2673 0.5150 
5.2801 -0.2199 2.1056 0.3373 0.4580 
5.2801 -0.2299 2.1055 0.2633 0.4605 
5.3001 -0.2199 2.1044 0.3458 0.5665 
5.2901 -0.2199 2.1040 0.3421 0.5122 
5.3001 -0.2299 2.1044 0.2713 0.5699 
5.3001 -0.2299 2.1044 0.2713 0.5699 
5.2901 -0.2199 2.1040 0.3421 0.5122 
5.2901 -0.2299 2.1049 0.2673 0.5150 
5.2601 -0.2099 2.1047 0.4043 0.3478 
5.2501 -0.2099 2.1048 0.4004 0.2943 
5.2601 -0.2199 2.1059 0.3295 0.3503 
5.2601 -0.2199 2.1059 0.3295 0.3503 
5.2501 -0.2099 2.1048 0.4004 0.2943 
5.2501 -0.2199 2.1051 0.3261 0.2958 
5.2701 -0.2099 2.1042 0.4086 0.4014 
5.2601 -0.2099 2.1047 0.4043 0.3478 
5.2701 -0.2199 2.1070 0.3327 0.4046 
5.2701 -0.2199 2.1070 0.3327 0.4046 
5.2601 -0.2099 2.1047 0.4043 0.3478 
5.2601 -0.2199 2.1059 0.3295 0.3503 
5.2801 -0.2099 2.1045 0.4122 0.4554 
5.2701 -0.2099 2.1042 0.4086 0.4014 
5.2801 -0.2199 2.1056 0.3373 0.4580 
5.2801 -0.2199 2.1056 0.3373 0.4580 
5.2701 -0.2099 2.1042 0.4086 0.4014 
5.2701 -0.2199 2.1070 0.3327 0.4046 
5.2901 -0.2099 2.1039 0.4166 0.5093 
5.2801 -0.2099 2.1045 0.4122 0.4554 
5.2901 -0.2199 2.1040 0.3421 0.5122 
5.2901 -0.2199 2.1040 0.3421 0.5122 
5.2801 -0.2099 2.1045 0.4122 0.4554 
5.2801 -0.2199 2.1056 0.3373 0.4580 
5.3001 -0.2099 2.1032 0.4211 0.5636 
5.2901 -0.2099 2.1039 0.4166 0.5093 
5.3001 -0.2199 2.1044 0.3458 0.5665 
5.3001 -0.2199 2.1044 0.3458 0.5665 
5.2901 -0.2099 2.1039 0.4166 0.5093 
5.2901 -0.2199 2.1040 0.3421 0.5122 
5.2601 -0.1999 2.1046 0.4780 0.3461 
5.2501 -0.1999 2.1039 0.4750 0.2923 
5.2601 -0.2099 2.1047 0.4043 0.3478 
5.2601 -0.2099 2.1047 0.4043 0.3478 
5.2501 -0.1999 2.1039 0.4750 0.2923 
5.2501 -0.2099 2.1048 0.4004 0.2943 
5.2701 -0.1999 2.1036 0.4830 0.3990 
5.2601 -0.1999 2.1046 0.4780 0.3461 
5.2701 -0.2099 2.1042 0.4086 0.4014 
5.2701 -0.2099 2.1042 0.4086 0.4014 
5.2601 -0.1999 2.1046 0.4780 0.3461 
5.2601 -0.2099 2.1047 0.4043 0.3478 
5.2801 -0.1999 2.1055 0.4845 0.4531 
5.2701 -0.1999 2.1036 0.4830 0.3990 
5.2801 -0.2099 2.1045 0.4122 0.4554 
5.2801 -0.2099 2.1045 0.4122 0.4554 
5.2701 -0.1999 2.1036 0.4830 0.3990 
5.2701 -0.2099 2.1042 0.4086 0.4014 
5.2901 -0.1999 2.1047 0.4893 0.5065 
5.2801 -0.1999 2.1055 0.4845 0.4531 
5.2901 -0.2099 2.1039 0.4166 0.5093 
5.2901 -0.2099 2.1039 0.4166 0.5093 
5.2801 -0.1999 2.1055 0.4845 0.4531 
5.2801 -0.2099 2.1045 0.4122 0.4554 
5.3001 -0.1999 2.1054 0.4922 0.5598 
5.2901 -0.1999 2.1047 0.4893 0.5065 
5.3001 -0.2099 2.1032 0.4211 0.5636 
5.3001 -0.2099 2.1032 0.4211 0.5636 
5.2901 -0.1999 2.1047 0.4893 0.5065 
5.2901 -0.2099 2.1039 0.4166 0.5093 
5.2101 -0.1899 2.1045 0.5321 0.0894 
5.2001 -0.1899 2.1039 0.5291 0.0555 
5.2101 -0.1999 2.1062 0.4572 0.0916 
5.2101 -0.1999 2.1062 0.4572 0.0916 
5.2001 -0.1899 2.1039 0.5291 0.0555 
5.2001 -0.1999 2.1048 0.4549 0.0558 
5.2201 -0.1899 2.1040 0.5366 0.1357 
5.2101 -0.1899 2.1045 0.5321 0.0894 
5.2201 -0.1999 2.1039 0.4636 0.1355 
5.2201 -0.1999 2.1039 0.4636 0.1355 
5.2101 -0.1899 2.1045 0.5321 0.0894 
5.2101 -0.1999 2.1062 0.4572 0.0916 
5.2301 -0.1899 2.1057 0.5380 0.1887 
5.2201 -0.1899 2.1040 0.5366 0.1357 
5.2301 -0.1999 2.1049 0.4663 0.1880 
5.2301 -0.1999 2.1049 0.4663 0.1880 
5.2201 -0.1899 2.1040 0.5366 0.1357 
5.2201 -0.1999 2.1039 0.4636 0.1355 
5.2401 -0.1899 2.1056 0.5418 0.2403 
5.2301 -0.1899 2.1057 0.5380 0.1887 
5.2401 -0.1999 2.1060 0.4688 0.2415 
5.2401 -0.1999 2.1060 0.4688 0.2415 
5.2301 -0.1899 2.1057 0.5380 0.1887 
5.2301 -0.1999 2.1049 0.4663 0.1880 
5.2501 -0.1899 2.1070 0.5435 0.2938 
5.2401 -0.1899 2.1056 0.5418 0.2403 
5.2501 -0.1999 2.1039 0.4750 0.2923 
5.2501 -0.1999 2.1039 0.4750 0.2923 
5.2401 -0.1899 2.1056 0.5418 0.2403 
5.2401 -0.1999 2.1060 0.4688 0.2415 
5.2101 -0.1799 2.1027 0.6073 0.0870 
5.2001 -0.1799 2.1041 0.6011 0.0558 
5.2101 -0.1899 2.1045 0.5321 0.0894 
5.2101 -0.1899 2.1045 0.5321 0.0894 
5.2001 -0.1799 2.1041 0.6011 0.0558 
5.2001 -0.1899 2.1039 0.5291 0.0555 
5.2201 -0.1799 2.1048 0.6074 0.1369 
5.2101 -0.1799 2.1027 0.6073 0.0870 
5.2201 -0.1899 2.1040 0.5366 0.1357 
5.2201 -0.1899 2.1040 0.5366 0.1357 
5.2101 -0.1799 2.1027 0.6073 0.0870 
5.2101 -0.1899 2.1045 0.5321 0.0894 
5.2301 -0.1799 2.1029 0.6143 0.1848 
5.2201 -0.1799 2.1048 0.6074 0.1369 
5.2301 -0.1899 2.1057 0.5380 0.1887 
5.2301 -0.1899 2.1057 0.5380 0.1887 
5.2201 -0.1799 2.1048 0.6074 0.1369 
5.2201 -0.1899 2.1040 0.5366 0.1357 
5.2401 -0.1799 2.1040 0.6162 0.2378 
5.2301 -0.1799 2.1029 0.6143 0.1848 
5.2401 -0.1899 2.1056 0.5418 0.2403 
5.2401 -0.1899 2.1056 0.5418 0.2403 
5.2301 -0.1799 2.1029 0.6143 0.1848 
5.2301 -0.1899 2.1057 0.5380 0.1887 
5.2501 -0.1799 2.1037 0.6205 0.2898 
5.2401 -0.1799 2.1040 0.6162 0.2378 
5.2501 -0.1899 2.1070 0.5435 0.2938 
5.2501 -0.1899 2.1070 0.5435 0.2938 
5.2401 -0.1799 2.1040 0.6162 0.2378 
5.2401 -0.1899 2.1056 0.5418 0.2403 
5.2101 -0.1699 2.1037 0.6769 0.0889 
5.2001 -0.1699 2.1039 0.6728 0.0560 
5.2101 -0.1799 2.1027 0.6073 0.0870 
5.2101 -0.1799 2.1027 0.6073 0.0870 
5.2001 -0.1699 2.1039 0.6728 0.0560 
5.2001 -0.1799 2.1041 0.6011 0.0558 
5.2201 -0.1699 2.1041 0.6799 0.1359 
5.2101 -0.1699 2.1037 0.6769 0.0889 
5.2201 -0.1799 2.1048 0.6074 0.1369 
5.2201 -0.1799 2.1048 0.6074 0.1369 
5.2101 -0.1699 2.1037 0.6769 0.0889 
5.2101 -0.1799 2.1027 0.6073 0.0870 
5.2301 -0.1699 2.1042 0.6832 0.1861 
5.2201 -0.1699 2.1041 0.6799 0.1359 
5.2301 -0.1799 2.1029 0.6143 0.1848 
5.2301 -0.1799 2.1029 0.6143 0.1848 
5.2201 -0.1699 2.1041 0.6799 0.1359 
5.2201 -0.1799 2.1048 0.6074 0.1369 
5.2401 -0.1699 2.1026 0.6903 0.2355 
5.2301 -0.1699 2.1042 0.6832 0.1861 
5.2401 -0.1799 2.1040 0.6162 0.2378 
5.2401 -0.1799 2.1040 0.6162 0.2378 
5.2301 -0.1699 2.1042 0.6832 0.1861 
5.2301 -0.1799 2.1029 0.6143 0.1848 
5.2501 -0.1699 2.1039 0.6913 0.2888 
5.2401 -0.1699 2.1026 0.6903 0.2355 
5.2501 -0.1799 2.1037 0.6205 0.2898 
5.2501 -0.1799 2.1037 0.6205 0.2898 
5.2401 -0.1699 2.1026 0.6903 0.2355 
5.2401 -0.1799 2.1040 0.6162 0.2378 
5.2101 -0.1599 2.1049 0.7446 0.0910 
5.2001 -0.1599 2.1030 0.7454 0.0556 
5.2101 -0.1699 2.1037 0.6769 0.0889 
5.2101 -0.1699 2.1037 0.6769 0.0889 
5.2001 -0.1599 2.1030 0.7454 0.0556 
5.2001 -0.1699 2.1039 0.6728 0.0560 
5.2201 -0.1599 2.1034 0.7517 0.1349 
5.2101 -0.1599 2.1049 0.7446 0.0910 
5.2201 -0.1699 2.1041 0.6799 0.1359 
5.2201 -0.1699 2.1041 0.6799 0.1359 
5.2101 -0.1599 2.1049 0.7446 0.0910 
5.2101 -0.1699 2.1037 0.6769 0.0889 
5.2301 -0.1599 2.1021 0.7585 0.1829 
5.2201 -0.1599 2.1034 0.7517 0.1349 
5.2301 -0.1699 2.1042 0.6832 0.1861 
5.2301 -0.1699 2.1042 0.6832 0.1861 
5.2201 -0.1599 2.1034 0.7517 0.1349 
5.2201 -0.1699 2.1041 0.6799 0.1359 
5.2401 -0.1599 2.1026 0.7608 0.2348 
5.2301 -0.1599 2.1021 0.7585 0.1829 
5.2401 -0.1699 2.1026 0.6903 0.2355 
5.2401 -0.1699 2.1026 0.6903 0.2355 
5.2301 -0.1599 2.1021 0.7585 0.1829 
5.2301 -0.1699 2.1042 0.6832 0.1861 
5.2501 -0.1599 2.1045 0.7600 0.2883 
5.2401 -0.1599 2.1026 0.7608 0.2348 
5.2501 -0.1699 2.1039 0.6913 0.2888 
5.2501 -0.1699 2.1039 0.6913 0.2888 
5.2401 -0.1599 2.1026 0.7608 0.2348 
5.2401 -0.1699 2.1026 0.6903 0.2355 
5.2101 -0.1499 2.1024 0.8202 0.0876 
5.2001 -0.1499 2.1036 0.8135 0.0563 
5.2101 -0.1599 2.1049 0.7446 0.0910 
5.2101 -0.1599 2.1049 0.7446 0.0910 
5.2001 -0.1499 2.1036 0.8135 0.0563 
5.2001 -0.1599 2.1030 0.7454 0.0556 
5.2201 -0.1499 2.1012 0.8270 0.1317 
5.2101 -0.1499 2.1024 0.8202 0.0876 
5.2201 -0.1599 2.1034 0.7517 0.1349 
5.2201 -0.1599 2.1034 0.7517 0.1349 
5.2101 -0.1499 2.1024 0.8202 0.0876 
5.2101 -0.1599 2.1049 0.7446 0.0910 
5.2301 -0.1499 2.1056 0.8193 0.1870 
5.2201 -0.1499 2.1012 0.8270 0.1317 
5.2301 -0.1599 2.1021 0.7585 0.1829 
5.2301 -0.1599 2.1021 0.7585 0.1829 
5.2201 -0.1499 2.1012 0.8270 0.1317 
5.2201 -0.1599 2.1034 0.7517 0.1349 
5.2401 -0.1499 2.1017 0.8329 0.2330 
5.2301 -0.1499 2.1056 0.8193 0.1870 
5.2401 -0.1599 2.1026 0.7608 0.2348 
5.2401 -0.1599 2.1026 0.7608 0.2348 
5.2301 -0.1499 2.1056 0.8193 0.1870 
5.2301 -0.1599 2.1021 0.7585 0.1829 
5.2501 -0.1499 2.1017 0.8365 0.2846 
5.2401 -0.1499 2.1017 0.8329 0.2330 
5.2501 -0.1599 2.1045 0.7600 0.2883 
5.2501 -0.1599 2.1045 0.7600 0.2883 
5.2401 -0.1499 2.1017 0.8329 0.2330 
5.2401 -0.1599 2.1026 0.7608 0.2348 
5.2601 -0.1899 2.1062 0.5484 0.3456 
5.2501 -0.1899 2.1070 0.5435 0.2938 
5.2601 -0.1999 2.1046 0.4780 0.3461 
5.2601 -0.1999 2.1046 0.4780 0.3461 
5.2501 -0.1899 2.1070 0.5435 0.2938 
5.2501 -0.1999 2.1039 0.4750 0.2923 
5.2701 -0.1899 2.1045 0.5547 0.3975 
5.2601 -0.1899 2.1062 0.5484 0.3456 
5.2701 -0.1999 2.1036 0.4830 0.3990 
5.2701 -0.1999 2.1036 0.4830 0.3990 
5.2601 -0.1899 2.1062 0.5484 0.3456 
5.2601 -0.1999 2.1046 0.4780 0.3461 
5.2801 -0.1899 2.1020 0.5622 0.4500 
5.2701 -0.1899 2.1045 0.5547 0.3975 
5.2801 -0.1999 2.1055 0.4845 0.4531 
5.2801 -0.1999 2.1055 0.4845 0.4531 
5.2701 -0.1899 2.1045 0.5547 0.3975 
5.2701 -0.1999 2.1036 0.4830 0.3990 
5.2901 -0.1899 2.1037 0.5633 0.5037 
5.2801 -0.1899 2.1020 0.5622 0.4500 
5.2901 -0.1999 2.1047 0.4893 0.5065 
5.2901 -0.1999 2.1047 0.4893 0.5065 
5.2801 -0.1899 2.1020 0.5622 0.4500 
5.2801 -0.1999 2.1055 0.4845 0.4531 
5.3001 -0.1899 2.1027 0.5687 0.5572 
5.2901 -0.1899 2.1037 0.5633 0.5037 
5.3001 -0.1999 2.1054 0.4922 0.5598 
5.3001 -0.1999 2.1054 0.4922 0.5598 
5.2901 -0.1899 2.1037 0.5633 0.5037 
5.2901 -0.1999 2.1047 0.4893 0.5065 
5.2601 -0.1799 2.1042 0.6234 0.3427 
5.2501 -0.1799 2.1037 0.6205 0.2898 
5.2601 -0.1899 2.1062 0.5484 0.3456 
5.2601 -0.1899 2.1062 0.5484 0.3456 
5.2501 -0.1799 2.1037 0.6205 0.2898 
5.2501 -0.1899 2.1070 0.5435 0.2938 
5.2701 -0.1799 2.1041 0.6271 0.3954 
5.2601 -0.1799 2.1042 0.6234 0.3427 
5.2701 -0.1899 2.1045 0.5547 0.3975 
5.2701 -0.1899 2.1045 0.5547 0.3975 
5.2601 -0.1799 2.1042 0.6234 0.3427 
5.2601 -0.1899 2.1062 0.5484 0.3456 
5.2801 -0.1799 2.1029 0.6330 0.4478 
5.2701 -0.1799 2.1041 0.6271 0.3954 
5.2801 -0.1899 2.1020 0.5622 0.4500 
5.2801 -0.1899 2.1020 0.5622 0.4500 
5.2701 -0.1799 2.1041 0.6271 0.3954 
5.2701 -0.1899 2.1045 0.5547 0.3975 
5.2901 -0.1799 2.1015 0.6393 0.5009 
5.2801 -0.1799 2.1029 0.6330 0.4478 
5.2901 -0.1899 2.1037 0.5633 0.5037 
5.2901 -0.1899 2.1037 0.5633 0.5037 
5.2801 -0.1799 2.1029 0.6330 0.4478 
5.2801 -0.1899 2.1020 0.5622 0.4500 
5.3001 -0.1799 2.1035 0.6394 0.5539 
5.2901 -0.1799 2.1015 0.6393 0.5009 
5.3001 -0.1899 2.1027 0.5687 0.5572 
5.3001 -0.1899 2.1027 0.5687 0.5572 
5.2901 -0.1799 2.1015 0.6393 0.5009 
5.2901 -0.1899 2.1037 0.5633 0.5037 
5.2601 -0.1699 2.1038 0.6950 0.3410 
5.2501 -0.1699 2.1039 0.6913 0.2888 
5.2601 -0.1799 2.1042 0.6234 0.3427 
5.2601 -0.1799 2.1042 0.6234 0.3427 
5.2501 -0.1699 2.1039 0.6913 0.2888 
5.2501 -0.1799 2.1037 0.6205 0.2898 
5.2701 -0.1699 2.1034 0.6997 0.3931 
5.2601 -0.1699 2.1038 0.6950 0.3410 
5.2701 -0.1799 2.1041 0.6271 0.3954 
5.2701 -0.1799 2.1041 0.6271 0.3954 
5.2601 -0.1699 2.1038 0.6950 0.3410 
5.2601 -0.1799 2.1042 0.6234 0.3427 
5.2801 -0.1699 2.1034 0.7033 0.4456 
5.2701 -0.1699 2.1034 0.6997 0.3931 
5.2801 -0.1799 2.1029 0.6330 0.4478 
5.2801 -0.1799 2.1029 0.6330 0.4478 
5.2701 -0.1699 2.1034 0.6997 0.3931 
5.2701 -0.1799 2.1041 0.6271 0.3954 
5.2901 -0.1699 2.1030 0.7079 0.4982 
5.2801 -0.1699 2.1034 0.7033 0.4456 
5.2901 -0.1799 2.1015 0.6393 0.5009 
5.2901 -0.1799 2.1015 0.6393 0.5009 
5.2801 -0.1699 2.1034 0.7033 0.4456 
5.2801 -0.1799 2.1029 0.6330 0.4478 
5.3001 -0.1699 2.1010 0.7159 0.5513 
5.2901 -0.1699 2.1030 0.7079 0.4982 
5.3001 -0.1799 2.1035 0.6394 0.5539 
5.3001 -0.1799 2.1035 0.6394 0.5539 
5.2901 -0.1699 2.1030 0.7079 0.4982 
5.2901 -0.1799 2.1015 0.6393 0.5009 
5.2601 -0.1604 2.1101 0.7477 0.3436 
5.2596 -0.1599 2.1101 0.7507 0.3409 
5.2501 -0.1599 2.1045 0.7600 0.2883 
5.2601 -0.1604 2.1101 0.7477 0.3436 
5.2501 -0.1599 2.1045 0.7600 0.2883 
5.2601 -0.1699 2.1038 0.6950 0.3410 
5.2601 -0.1699 2.1038 0.6950 0.3410 
5.2501 -0.1599 2.1045 0.7600 0.2883 
5.2501 -0.1699 2.1039 0.6913 0.2888 
5.2606 -0.1599 2.1101 0.7511 0.3462 
5.2601 -0.1604 2.1101 0.7477 0.3436 
5.2601 -0.1699 2.1038 0.6950 0.3410 
5.2606 -0.1599 2.1101 0.7511 0.3462 
5.2601 -0.1699 2.1038 0.6950 0.3410 
5.2701 -0.1599 2.1045 0.7672 0.3917 
5.2701 -0.1599 2.1045 0.7672 0.3917 
5.2601 -0.1699 2.1038 0.6950 0.3410 
5.2701 -0.1699 2.1034 0.6997 0.3931 
5.2801 -0.1599 2.1018 0.7773 0.4429 
5.2701 -0.1599 2.1045 0.7672 0.3917 
5.2801 -0.1699 2.1034 0.7033 0.4456 
5.2801 -0.1699 2.1034 0.7033 0.4456 
5.2701 -0.1599 2.1045 0.7672 0.3917 
5.2701 -0.1699 2.1034 0.6997 0.3931 
5.2901 -0.1599 2.1022 0.7799 0.4955 
5.2801 -0.1599 2.1018 0.7773 0.4429 
5.2901 -0.1699 2.1030 0.7079 0.4982 
5.2901 -0.1699 2.1030 0.7079 0.4982 
5.2801 -0.1599 2.1018 0.7773 0.4429 
5.2801 -0.1699 2.1034 0.7033 0.4456 
5.3001 -0.1599 2.1010 0.7865 0.5482 
5.2901 -0.1599 2.1022 0.7799 0.4955 
5.3001 -0.1699 2.1010 0.7159 0.5513 
5.3001 -0.1699 2.1010 0.7159 0.5513 
5.2901 -0.1599 2.1022 0.7799 0.4955 
5.2901 -0.1699 2.1030 0.7079 0.4982 
5.2596 -0.1599 2.1101 0.7507 0.3409 
5.2601 -0.1592 2.1101 0.7558 0.3434 
5.2601 -0.1499 2.1061 0.8285 0.3395 
5.2596 -0.1599 2.1101 0.7507 0.3409 
5.2601 -0.1499 2.1061 0.8285 0.3395 
5.2501 -0.1599 2.1045 0.7600 0.2883 
5.2501 -0.1599 2.1045 0.7600 0.2883 
5.2601 -0.1499 2.1061 0.8285 0.3395 
5.2501 -0.1499 2.1017 0.8365 0.2846 
5.2601 -0.1592 2.1101 0.7558 0.3434 
5.2606 -0.1599 2.1101 0.7511 0.3462 
5.2701 -0.1599 2.1045 0.7672 0.3917 
5.2601 -0.1592 2.1101 0.7558 0.3434 
5.2701 -0.1599 2.1045 0.7672 0.3917 
5.2601 -0.1499 2.1061 0.8285 0.3395 
5.2601 -0.1499 2.1061 0.8285 0.3395 
5.2701 -0.1599 2.1045 0.7672 0.3917 
5.2701 -0.1499 2.1045 0.8363 0.3898 
5.2801 -0.1499 2.1074 0.8322 0.4421 
5.2701 -0.1499 2.1045 0.8363 0.3898 
5.2801 -0.1599 2.1018 0.7773 0.4429 
5.2801 -0.1599 2.1018 0.7773 0.4429 
5.2701 -0.1499 2.1045 0.8363 0.3898 
5.2701 -0.1599 2.1045 0.7672 0.3917 
5.2901 -0.1499 2.1075 0.8356 0.4931 
5.2801 -0.1499 2.1074 0.8322 0.4421 
5.2901 -0.1599 2.1022 0.7799 0.4955 
5.2901 -0.1599 2.1022 0.7799 0.4955 
5.2801 -0.1499 2.1074 0.8322 0.4421 
5.2801 -0.1599 2.1018 0.7773 0.4429 
5.2596 -0.1599 2.1101 0.7507 0.3409 
5.2601 -0.1604 2.1101 0.7477 0.3436 
5.2601 -0.1599 2.1104 0.7502 0.3437 
5.2606 -0.1599 2.1101 0.7511 0.3462 
5.2601 -0.1599 2.1104 0.7502 0.3437 
5.2601 -0.1604 2.1101 0.7477 0.3436 
5.2601 -0.1592 2.1101 0.7558 0.3434 
5.2596 -0.1599 2.1101 0.7507 0.3409 
5.2601 -0.1599 2.1104 0.7502 0.3437 
5.2601 -0.1592 2.1101 0.7558 0.3434 
5.2601 -0.1599 2.1104 0.7502 0.3437 
5.2606 -0.1599 2.1101 0.7511 0.3462 
5.2101 -0.1399 2.1049 0.8821 0.0915 
5.2001 -0.1399 2.1026 0.8850 0.0559 
5.2101 -0.1499 2.1024 0.8202 0.0876 
5.2101 -0.1499 2.1024 0.8202 0.0876 
5.2001 -0.1399 2.1026 0.8850 0.0559 
5.2001 -0.1499 2.1036 0.8135 0.0563 
5.2201 -0.1399 2.1048 0.8860 0.1369 
5.2101 -0.1399 2.1049 0.8821 0.0915 
5.2201 -0.1499 2.1012 0.8270 0.1317 
5.2201 -0.1499 2.1012 0.8270 0.1317 
5.2101 -0.1399 2.1049 0.8821 0.0915 
5.2101 -0.1499 2.1024 0.8202 0.0876 
5.2301 -0.1399 2.1033 0.8936 0.1838 
5.2201 -0.1399 2.1048 0.8860 0.1369 
5.2301 -0.1499 2.1056 0.8193 0.1870 
5.2301 -0.1499 2.1056 0.8193 0.1870 
5.2201 -0.1399 2.1048 0.8860 0.1369 
5.2201 -0.1499 2.1012 0.8270 0.1317 
5.2401 -0.1399 2.1043 0.8944 0.2352 
5.2301 -0.1399 2.1033 0.8936 0.1838 
5.2401 -0.1499 2.1017 0.8329 0.2330 
5.2401 -0.1499 2.1017 0.8329 0.2330 
5.2301 -0.1399 2.1033 0.8936 0.1838 
5.2301 -0.1499 2.1056 0.8193 0.1870 
5.2501 -0.1399 2.1028 0.9023 0.2845 
5.2401 -0.1399 2.1043 0.8944 0.2352 
5.2501 -0.1499 2.1017 0.8365 0.2846 
5.2501 -0.1499 2.1017 0.8365 0.2846 
5.2401 -0.1399 2.1043 0.8944 0.2352 
5.2401 -0.1499 2.1017 0.8329 0.2330 
5.2101 -0.1299 2.1042 0.9517 0.0908 
5.2001 -0.1299 2.1031 0.9516 0.0565 
5.2101 -0.1399 2.1049 0.8821 0.0915 
5.2101 -0.1399 2.1049 0.8821 0.0915 
5.2001 -0.1299 2.1031 0.9516 0.0565 
5.2001 -0.1399 2.1026 0.8850 0.0559 
5.2201 -0.1299 2.1032 0.9581 0.1347 
5.2101 -0.1299 2.1042 0.9517 0.0908 
5.2201 -0.1399 2.1048 0.8860 0.1369 
5.2201 -0.1399 2.1048 0.8860 0.1369 
5.2101 -0.1299 2.1042 0.9517 0.0908 
5.2101 -0.1399 2.1049 0.8821 0.0915 
5.2301 -0.1299 2.1005 0.9701 0.1799 
5.2201 -0.1299 2.1032 0.9581 0.1347 
5.2301 -0.1399 2.1033 0.8936 0.1838 
5.2301 -0.1399 2.1033 0.8936 0.1838 
5.2201 -0.1299 2.1032 0.9581 0.1347 
5.2201 -0.1399 2.1048 0.8860 0.1369 
5.2401 -0.1299 2.1040 0.9625 0.2342 
5.2301 -0.1299 2.1005 0.9701 0.1799 
5.2401 -0.1399 2.1043 0.8944 0.2352 
5.2401 -0.1399 2.1043 0.8944 0.2352 
5.2301 -0.1299 2.1005 0.9701 0.1799 
5.2301 -0.1399 2.1033 0.8936 0.1838 
5.2501 -0.1299 2.1016 0.9736 0.2824 
5.2401 -0.1299 2.1040 0.9625 0.2342 
5.2501 -0.1399 2.1028 0.9023 0.2845 
5.2501 -0.1399 2.1028 0.9023 0.2845 
5.2401 -0.1299 2.1040 0.9625 0.2342 
5.2401 -0.1399 2.1043 0.8944 0.2352 
5.2601 -0.1399 2.1031 0.9048 0.3360 
5.2501 -0.1399 2.1028 0.9023 0.2845 
5.2601 -0.1499 2.1061 0.8285 0.3395 
5.2601 -0.1499 2.1061 0.8285 0.3395 
5.2501 -0.1399 2.1028 0.9023 0.2845 
5.2501 -0.1499 2.1017 0.8365 0.2846 
5.2701 -0.1399 2.1049 0.9032 0.3882 
5.2601 -0.1399 2.1031 0.9048 0.3360 
5.2701 -0.1499 2.1045 0.8363 0.3898 
5.2701 -0.1499 2.1045 0.8363 0.3898 
5.2601 -0.1399 2.1031 0.9048 0.3360 
5.2601 -0.1499 2.1061 0.8285 0.3395 
5.2801 -0.1399 2.1021 0.9148 0.4385 
5.2701 -0.1399 2.1049 0.9032 0.3882 
5.2801 -0.1499 2.1074 0.8322 0.4421 
5.2801 -0.1499 2.1074 0.8322 0.4421 
5.2701 -0.1399 2.1049 0.9032 0.3882 
5.2701 -0.1499 2.1045 0.8363 0.3898 
5.2901 -0.1399 2.1020 0.9186 0.4902 
5.2801 -0.1399 2.1021 0.9148 0.4385 
5.2901 -0.1499 2.1075 0.8356 0.4931 
5.2901 -0.1499 2.1075 0.8356 0.4931 
5.2801 -0.1399 2.1021 0.9148 0.4385 
5.2801 -0.1499 2.1074 0.8322 0.4421 
5.2601 -0.1299 2.1024 0.9745 0.3341 
5.2501 -0.1299 2.1016 0.9736 0.2824 
5.2601 -0.1399 2.1031 0.9048 0.3360 
5.2601 -0.1399 2.1031 0.9048 0.3360 
5.2501 -0.1299 2.1016 0.9736 0.2824 
5.2501 -0.1399 2.1028 0.9023 0.2845 
5.2701 -0.1299 2.1003 0.9849 0.3842 
5.2601 -0.1299 2.1024 0.9745 0.3341 
5.2701 -0.1399 2.1049 0.9032 0.3882 
5.2701 -0.1399 2.1049 0.9032 0.3882 
5.2601 -0.1299 2.1024 0.9745 0.3341 
5.2601 -0.1399 2.1031 0.9048 0.3360 
5.2801 -0.1299 2.1001 0.9889 0.4358 
5.2801 -0.1399 2.1021 0.9148 0.4385 
5.2801 -0.1299 2.1001 0.9889 0.4358 
5.2801 -0.1299 2.1001 0.9889 0.4358 
5.2701 -0.1299 2.1003 0.9849 0.3842 
5.2801 -0.1399 2.1021 0.9148 0.4385 
5.2701 -0.1299 2.1003 0.9849 0.3842 
5.2701 -0.1399 2.1049 0.9032 0.3882 
5.2801 -0.1399 2.1021 0.9148 0.4385 
5.2801 -0.1299 2.1001 0.9889 0.4358 
5.2901 -0.1399 2.1020 0.9186 0.4902 
5.2901 -0.1326 2.1001 0.9740 0.4882 
5.2801 -0.1399 2.1021 0.9148 0.4385 
5.2901 -0.1399 2.1020 0.9186 0.4902 
5.2801 -0.1299 2.1001 0.9889 0.4358 
5.2901 -0.1326 2.1001 0.9740 0.4882 
5.3001 -0.1399 2.1008 0.9258 0.5422 
5.3001 -0.1373 2.1001 0.9454 0.5415 
5.2901 -0.1399 2.1020 0.9186 0.4902 
5.3001 -0.1399 2.1008 0.9258 0.5422 
5.2901 -0.1326 2.1001 0.9740 0.4882 
5.3501 -0.1899 2.0997 0.5925 0.8291 
5.3484 -0.1899 2.1001 0.5911 0.8190 
5.3501 -0.1925 2.1001 0.5726 0.8299 
5.3501 -0.1899 2.0997 0.5925 0.8291 
5.3501 -0.1887 2.1001 0.6004 0.8279 
5.3484 -0.1899 2.1001 0.5911 0.8190 
5.3501 -0.1699 2.1001 0.7363 0.8181 
5.3501 -0.1699 2.1001 0.7363 0.8181 
5.3501 -0.1699 2.1001 0.7363 0.8181 
5.3201 -0.1599 2.1000 0.7964 0.6544 
5.3162 -0.1599 2.1001 0.7947 0.6338 
5.3201 -0.1606 2.1001 0.7909 0.6546 
5.3301 -0.1599 2.0999 0.8003 0.7074 
5.3201 -0.1599 2.1000 0.7964 0.6544 
5.3201 -0.1606 2.1001 0.7909 0.6546 
5.3301 -0.1699 2.1001 0.7289 0.7115 
5.3301 -0.1599 2.0999 0.8003 0.7074 
5.3201 -0.1606 2.1001 0.7909 0.6546 
5.3401 -0.1599 2.0991 0.8060 0.7612 
5.3301 -0.1599 2.0999 0.8003 0.7074 
5.3301 -0.1699 2.1001 0.7289 0.7115 
5.3401 -0.1681 2.1001 0.7450 0.7640 
5.3401 -0.1599 2.0991 0.8060 0.7612 
5.3301 -0.1699 2.1001 0.7289 0.7115 
5.3401 -0.1681 2.1001 0.7450 0.7640 
5.3501 -0.1699 2.1001 0.7363 0.8181 
5.3501 -0.1699 2.1001 0.7363 0.8181 
5.3401 -0.1681 2.1001 0.7450 0.7640 
5.3501 -0.1699 2.1001 0.7363 0.8181 
5.3401 -0.1599 2.0991 0.8060 0.7612 
5.3501 -0.1699 2.1001 0.7363 0.8181 
5.3451 -0.1599 2.1001 0.8052 0.7864 
5.3501 -0.1699 2.1001 0.7363 0.8181 
5.3451 -0.1599 2.1001 0.8052 0.7864 
5.3401 -0.1599 2.0991 0.8060 0.7612 
5.3501 -0.1699 2.1001 0.7363 0.8181 
5.3201 -0.1599 2.1000 0.7964 0.6544 
5.3201 -0.1597 2.1001 0.7976 0.6542 
5.3162 -0.1599 2.1001 0.7947 0.6338 
5.3295 -0.1499 2.1001 0.8694 0.6997 
5.3201 -0.1597 2.1001 0.7976 0.6542 
5.3201 -0.1599 2.1000 0.7964 0.6544 
5.3295 -0.1499 2.1001 0.8694 0.6997 
5.3201 -0.1599 2.1000 0.7964 0.6544 
5.3301 -0.1499 2.0997 0.8707 0.7033 
5.3301 -0.1499 2.0997 0.8707 0.7033 
5.3201 -0.1599 2.1000 0.7964 0.6544 
5.3301 -0.1599 2.0999 0.8003 0.7074 
5.3401 -0.1499 2.0982 0.8787 0.7576 
5.3301 -0.1499 2.0997 0.8707 0.7033 
5.3401 -0.1599 2.0991 0.8060 0.7612 
5.3401 -0.1599 2.0991 0.8060 0.7612 
5.3301 -0.1499 2.0997 0.8707 0.7033 
5.3301 -0.1599 2.0999 0.8003 0.7074 
5.3451 -0.1599 2.1001 0.8052 0.7864 
5.3501 -0.1561 2.1001 0.8335 0.8111 
5.3501 -0.1499 2.0984 0.8816 0.8102 
5.3451 -0.1599 2.1001 0.8052 0.7864 
5.3501 -0.1499 2.0984 0.8816 0.8102 
5.3401 -0.1599 2.0991 0.8060 0.7612 
5.3401 -0.1599 2.0991 0.8060 0.7612 
5.3501 -0.1499 2.0984 0.8816 0.8102 
5.3401 -0.1499 2.0982 0.8787 0.7576 
5.3524 -0.1899 2.1001 0.5926 0.8407 
5.3501 -0.1899 2.0997 0.5925 0.8291 
5.3501 -0.1925 2.1001 0.5726 0.8299 
5.3501 -0.1887 2.1001 0.6004 0.8279 
5.3501 -0.1899 2.0997 0.5925 0.8291 
5.3524 -0.1899 2.1001 0.5926 0.8407 
5.3701 -0.1799 2.0999 0.6724 0.9309 
5.3687 -0.1799 2.1001 0.6715 0.9228 
5.3701 -0.1832 2.1001 0.6484 0.9325 
5.3801 -0.1799 2.0983 0.6795 0.9879 
5.3701 -0.1799 2.0999 0.6724 0.9309 
5.3701 -0.1832 2.1001 0.6484 0.9325 
5.3801 -0.1873 2.1001 0.6222 0.9889 
5.3801 -0.1799 2.0983 0.6795 0.9879 
5.3701 -0.1832 2.1001 0.6484 0.9325 
5.3601 -0.1699 2.0994 0.7416 0.8725 
5.3501 -0.1699 2.1001 0.7363 0.8181 
5.3501 -0.1699 2.1001 0.7363 0.8181 
5.3601 -0.1738 2.1001 0.7118 0.8735 
5.3601 -0.1699 2.0994 0.7416 0.8725 
5.3501 -0.1699 2.1001 0.7363 0.8181 
5.3601 -0.1738 2.1001 0.7118 0.8735 
5.3687 -0.1799 2.1001 0.6715 0.9228 
5.3701 -0.1799 2.0999 0.6724 0.9309 
5.3601 -0.1738 2.1001 0.7118 0.8735 
5.3701 -0.1799 2.0999 0.6724 0.9309 
5.3601 -0.1699 2.0994 0.7416 0.8725 
5.3601 -0.1699 2.0994 0.7416 0.8725 
5.3701 -0.1799 2.0999 0.6724 0.9309 
5.3701 -0.1699 2.1001 0.7436 0.9246 
5.3801 -0.1699 2.0983 0.7516 0.9815 
5.3701 -0.1699 2.1001 0.7436 0.9246 
5.3801 -0.1799 2.0983 0.6795 0.9879 
5.3801 -0.1799 2.0983 0.6795 0.9879 
5.3701 -0.1699 2.1001 0.7436 0.9246 
5.3701 -0.1799 2.0999 0.6724 0.9309 
5.3501 -0.1699 2.1001 0.7363 0.8181 
5.3601 -0.1699 2.0994 0.7416 0.8725 
5.3601 -0.1650 2.1001 0.7749 0.8687 
5.3501 -0.1699 2.1001 0.7363 0.8181 
5.3501 -0.1699 2.1001 0.7363 0.8181 
5.3601 -0.1650 2.1001 0.7749 0.8687 
5.3677 -0.1599 2.1001 0.8134 0.9060 
5.3601 -0.1650 2.1001 0.7749 0.8687 
5.3601 -0.1699 2.0994 0.7416 0.8725 
5.3677 -0.1599 2.1001 0.8134 0.9060 
5.3601 -0.1699 2.0994 0.7416 0.8725 
5.3701 -0.1599 2.0999 0.8149 0.9191 
5.3701 -0.1599 2.0999 0.8149 0.9191 
5.3601 -0.1699 2.0994 0.7416 0.8725 
5.3701 -0.1699 2.1001 0.7436 0.9246 
5.3801 -0.1599 2.0973 0.8252 0.9771 
5.3701 -0.1599 2.0999 0.8149 0.9191 
5.3801 -0.1699 2.0983 0.7516 0.9815 
5.3801 -0.1699 2.0983 0.7516 0.9815 
5.3701 -0.1599 2.0999 0.8149 0.9191 
5.3701 -0.1699 2.1001 0.7436 0.9246 
5.3561 -0.1499 2.1001 0.8790 0.8397 
5.3501 -0.1499 2.0984 0.8816 0.8102 
5.3501 -0.1561 2.1001 0.8335 0.8111 
5.3701 -0.1599 2.0999 0.8149 0.9191 
5.3701 -0.1499 2.0973 0.8920 0.9177 
5.3630 -0.1499 2.1001 0.8814 0.8756 
5.3677 -0.1599 2.1001 0.8134 0.9060 
5.3701 -0.1599 2.0999 0.8149 0.9191 
5.3630 -0.1499 2.1001 0.8814 0.8756 
5.3801 -0.1499 2.0977 0.8945 0.9701 
5.3701 -0.1499 2.0973 0.8920 0.9177 
5.3801 -0.1599 2.0973 0.8252 0.9771 
5.3801 -0.1599 2.0973 0.8252 0.9771 
5.3701 -0.1499 2.0973 0.8920 0.9177 
5.3701 -0.1599 2.0999 0.8149 0.9191 
5.3301 -0.1499 2.0997 0.8707 0.7033 
5.3301 -0.1478 2.1001 0.8842 0.7021 
5.3295 -0.1499 2.1001 0.8694 0.6997 
5.3301 -0.1499 2.0997 0.8707 0.7033 
5.3401 -0.1499 2.0982 0.8787 0.7576 
5.3401 -0.1462 2.1001 0.8986 0.7538 
5.3301 -0.1478 2.1001 0.8842 0.7021 
5.3301 -0.1499 2.0997 0.8707 0.7033 
5.3401 -0.1462 2.1001 0.8986 0.7538 
5.3401 -0.1499 2.0982 0.8787 0.7576 
5.3501 -0.1499 2.0984 0.8816 0.8102 
5.3501 -0.1405 2.1001 0.9414 0.8034 
5.3401 -0.1462 2.1001 0.8986 0.7538 
5.3401 -0.1499 2.0982 0.8787 0.7576 
5.3501 -0.1405 2.1001 0.9414 0.8034 
5.3101 -0.1299 2.0998 1.0006 0.5913 
5.3001 -0.1299 2.0981 1.0027 0.5396 
5.3001 -0.1373 2.1001 0.9454 0.5415 
5.3101 -0.1312 2.1001 0.9905 0.5916 
5.3101 -0.1299 2.0998 1.0006 0.5913 
5.3001 -0.1373 2.1001 0.9454 0.5415 
5.3561 -0.1499 2.1001 0.8790 0.8397 
5.3601 -0.1466 2.1001 0.9034 0.8587 
5.3601 -0.1399 2.0979 0.9562 0.8585 
5.3561 -0.1499 2.1001 0.8790 0.8397 
5.3601 -0.1399 2.0979 0.9562 0.8585 
5.3501 -0.1499 2.0984 0.8816 0.8102 
5.3506 -0.1399 2.1001 0.9458 0.8056 
5.3501 -0.1405 2.1001 0.9414 0.8034 
5.3601 -0.1399 2.0979 0.9562 0.8585 
5.3501 -0.1405 2.1001 0.9414 0.8034 
5.3501 -0.1499 2.0984 0.8816 0.8102 
5.3601 -0.1399 2.0979 0.9562 0.8585 
5.3601 -0.1466 2.1001 0.9034 0.8587 
5.3630 -0.1499 2.1001 0.8814 0.8756 
5.3701 -0.1499 2.0973 0.8920 0.9177 
5.3601 -0.1466 2.1001 0.9034 0.8587 
5.3701 -0.1499 2.0973 0.8920 0.9177 
5.3601 -0.1399 2.0979 0.9562 0.8585 
5.3601 -0.1399 2.0979 0.9562 0.8585 
5.3701 -0.1499 2.0973 0.8920 0.9177 
5.3701 -0.1399 2.0973 0.9614 0.9120 
5.3801 -0.1399 2.0984 0.9616 0.9626 
5.3701 -0.1399 2.0973 0.9614 0.9120 
5.3801 -0.1499 2.0977 0.8945 0.9701 
5.3801 -0.1499 2.0977 0.8945 0.9701 
5.3701 -0.1399 2.0973 0.9614 0.9120 
5.3701 -0.1499 2.0973 0.8920 0.9177 
5.3601 -0.1399 2.0979 0.9562 0.8585 
5.3601 -0.1341 2.1001 0.9886 0.8521 
5.3506 -0.1399 2.1001 0.9458 0.8056 
5.3101 -0.2499 2.1060 0.1313 0.6314 
5.3001 -0.2499 2.1071 0.1283 0.5758 
5.3101 -0.2599 2.1073 0.0793 0.6346 
5.3101 -0.2599 2.1073 0.0793 0.6346 
5.3001 -0.2499 2.1071 0.1283 0.5758 
5.3001 -0.2599 2.1070 0.0778 0.5793 
5.3201 -0.2499 2.1065 0.1349 0.6863 
5.3101 -0.2499 2.1060 0.1313 0.6314 
5.3201 -0.2599 2.1063 0.0807 0.6908 
5.3201 -0.2599 2.1063 0.0807 0.6908 
5.3101 -0.2499 2.1060 0.1313 0.6314 
5.3101 -0.2599 2.1073 0.0793 0.6346 
5.3301 -0.2499 2.1056 0.1381 0.7424 
5.3201 -0.2499 2.1065 0.1349 0.6863 
5.3301 -0.2599 2.1061 0.0824 0.7466 
5.3301 -0.2599 2.1061 0.0824 0.7466 
5.3201 -0.2499 2.1065 0.1349 0.6863 
5.3201 -0.2599 2.1063 0.0807 0.6908 
5.3401 -0.2499 2.1041 0.1411 0.7997 
5.3301 -0.2499 2.1056 0.1381 0.7424 
5.3401 -0.2599 2.1066 0.0846 0.8016 
5.3401 -0.2599 2.1066 0.0846 0.8016 
5.3301 -0.2499 2.1056 0.1381 0.7424 
5.3301 -0.2599 2.1061 0.0824 0.7466 
5.3501 -0.2499 2.1046 0.1448 0.8545 
5.3401 -0.2499 2.1041 0.1411 0.7997 
5.3501 -0.2599 2.1053 0.0863 0.8591 
5.3501 -0.2599 2.1053 0.0863 0.8591 
5.3401 -0.2499 2.1041 0.1411 0.7997 
5.3401 -0.2599 2.1066 0.0846 0.8016 
5.3601 -0.2499 2.1050 0.1485 0.9093 
5.3501 -0.2499 2.1046 0.1448 0.8545 
5.3601 -0.2599 2.1034 0.0878 0.9184 
5.3601 -0.2599 2.1034 0.0878 0.9184 
5.3501 -0.2499 2.1046 0.1448 0.8545 
5.3501 -0.2599 2.1053 0.0863 0.8591 
5.3701 -0.2499 2.1028 0.1515 0.9692 
5.3601 -0.2499 2.1050 0.1485 0.9093 
5.3701 -0.2599 2.1071 0.0916 0.9668 
5.3701 -0.2599 2.1071 0.0916 0.9668 
5.3601 -0.2499 2.1050 0.1485 0.9093 
5.3601 -0.2599 2.1034 0.0878 0.9184 
5.3101 -0.2399 2.1035 0.2012 0.6290 
5.3001 -0.2399 2.1044 0.1974 0.5733 
5.3101 -0.2499 2.1060 0.1313 0.6314 
5.3101 -0.2499 2.1060 0.1313 0.6314 
5.3001 -0.2399 2.1044 0.1974 0.5733 
5.3001 -0.2499 2.1071 0.1283 0.5758 
5.3201 -0.2399 2.1036 0.2050 0.6843 
5.3101 -0.2399 2.1035 0.2012 0.6290 
5.3201 -0.2499 2.1065 0.1349 0.6863 
5.3201 -0.2499 2.1065 0.1349 0.6863 
5.3101 -0.2399 2.1035 0.2012 0.6290 
5.3101 -0.2499 2.1060 0.1313 0.6314 
5.3301 -0.2399 2.1047 0.2088 0.7386 
5.3201 -0.2399 2.1036 0.2050 0.6843 
5.3301 -0.2499 2.1056 0.1381 0.7424 
5.3301 -0.2499 2.1056 0.1381 0.7424 
5.3201 -0.2399 2.1036 0.2050 0.6843 
5.3201 -0.2499 2.1065 0.1349 0.6863 
5.3401 -0.2399 2.1042 0.2126 0.7943 
5.3301 -0.2399 2.1047 0.2088 0.7386 
5.3401 -0.2499 2.1041 0.1411 0.7997 
5.3401 -0.2499 2.1041 0.1411 0.7997 
5.3301 -0.2399 2.1047 0.2088 0.7386 
5.3301 -0.2499 2.1056 0.1381 0.7424 
5.3501 -0.2399 2.1043 0.2164 0.8494 
5.3401 -0.2399 2.1042 0.2126 0.7943 
5.3501 -0.2499 2.1046 0.1448 0.8545 
5.3501 -0.2499 2.1046 0.1448 0.8545 
5.3401 -0.2399 2.1042 0.2126 0.7943 
5.3401 -0.2499 2.1041 0.1411 0.7997 
5.3101 -0.2299 2.1048 0.2750 0.6244 
5.3001 -0.2299 2.1044 0.2713 0.5699 
5.3101 -0.2399 2.1035 0.2012 0.6290 
5.3101 -0.2399 2.1035 0.2012 0.6290 
5.3001 -0.2299 2.1044 0.2713 0.5699 
5.3001 -0.2399 2.1044 0.1974 0.5733 
5.3201 -0.2299 2.1039 0.2792 0.6799 
5.3101 -0.2299 2.1048 0.2750 0.6244 
5.3201 -0.2399 2.1036 0.2050 0.6843 
5.3201 -0.2399 2.1036 0.2050 0.6843 
5.3101 -0.2299 2.1048 0.2750 0.6244 
5.3101 -0.2399 2.1035 0.2012 0.6290 
5.3301 -0.2299 2.1044 0.2829 0.7343 
5.3201 -0.2299 2.1039 0.2792 0.6799 
5.3301 -0.2399 2.1047 0.2088 0.7386 
5.3301 -0.2399 2.1047 0.2088 0.7386 
5.3201 -0.2299 2.1039 0.2792 0.6799 
5.3201 -0.2399 2.1036 0.2050 0.6843 
5.3401 -0.2299 2.1039 0.2869 0.7897 
5.3301 -0.2299 2.1044 0.2829 0.7343 
5.3401 -0.2399 2.1042 0.2126 0.7943 
5.3401 -0.2399 2.1042 0.2126 0.7943 
5.3301 -0.2299 2.1044 0.2829 0.7343 
5.3301 -0.2399 2.1047 0.2088 0.7386 
5.3501 -0.2299 2.1033 0.2910 0.8454 
5.3401 -0.2299 2.1039 0.2869 0.7897 
5.3501 -0.2399 2.1043 0.2164 0.8494 
5.3501 -0.2399 2.1043 0.2164 0.8494 
5.3401 -0.2299 2.1039 0.2869 0.7897 
5.3401 -0.2399 2.1042 0.2126 0.7943 
5.3101 -0.2199 2.1037 0.3501 0.6213 
5.3001 -0.2199 2.1044 0.3458 0.5665 
5.3101 -0.2299 2.1048 0.2750 0.6244 
5.3101 -0.2299 2.1048 0.2750 0.6244 
5.3001 -0.2199 2.1044 0.3458 0.5665 
5.3001 -0.2299 2.1044 0.2713 0.5699 
5.3201 -0.2199 2.1059 0.3525 0.6742 
5.3101 -0.2199 2.1037 0.3501 0.6213 
5.3201 -0.2299 2.1039 0.2792 0.6799 
5.3201 -0.2299 2.1039 0.2792 0.6799 
5.3101 -0.2199 2.1037 0.3501 0.6213 
5.3101 -0.2299 2.1048 0.2750 0.6244 
5.3301 -0.2199 2.1052 0.3568 0.7289 
5.3201 -0.2199 2.1059 0.3525 0.6742 
5.3301 -0.2299 2.1044 0.2829 0.7343 
5.3301 -0.2299 2.1044 0.2829 0.7343 
5.3201 -0.2199 2.1059 0.3525 0.6742 
5.3201 -0.2299 2.1039 0.2792 0.6799 
5.3401 -0.2199 2.1024 0.3626 0.7864 
5.3301 -0.2199 2.1052 0.3568 0.7289 
5.3401 -0.2299 2.1039 0.2869 0.7897 
5.3401 -0.2299 2.1039 0.2869 0.7897 
5.3301 -0.2199 2.1052 0.3568 0.7289 
5.3301 -0.2299 2.1044 0.2829 0.7343 
5.3501 -0.2199 2.1018 0.3669 0.8421 
5.3401 -0.2199 2.1024 0.3626 0.7864 
5.3501 -0.2299 2.1033 0.2910 0.8454 
5.3501 -0.2299 2.1033 0.2910 0.8454 
5.3401 -0.2199 2.1024 0.3626 0.7864 
5.3401 -0.2299 2.1039 0.2869 0.7897 
5.3101 -0.2099 2.1036 0.4245 0.6176 
5.3001 -0.2099 2.1032 0.4211 0.5636 
5.3101 -0.2199 2.1037 0.3501 0.6213 
5.3101 -0.2199 2.1037 0.3501 0.6213 
5.3001 -0.2099 2.1032 0.4211 0.5636 
5.3001 -0.2199 2.1044 0.3458 0.5665 
5.3201 -0.2099 2.1018 0.4301 0.6731 
5.3101 -0.2099 2.1036 0.4245 0.6176 
5.3201 -0.2199 2.1059 0.3525 0.6742 
5.3201 -0.2199 2.1059 0.3525 0.6742 
5.3101 -0.2099 2.1036 0.4245 0.6176 
5.3101 -0.2199 2.1037 0.3501 0.6213 
5.3301 -0.2099 2.1028 0.4330 0.7267 
5.3201 -0.2099 2.1018 0.4301 0.6731 
5.3301 -0.2199 2.1052 0.3568 0.7289 
5.3301 -0.2199 2.1052 0.3568 0.7289 
5.3201 -0.2099 2.1018 0.4301 0.6731 
5.3201 -0.2199 2.1059 0.3525 0.6742 
5.3401 -0.2099 2.1044 0.4352 0.7791 
5.3301 -0.2099 2.1028 0.4330 0.7267 
5.3401 -0.2199 2.1024 0.3626 0.7864 
5.3401 -0.2199 2.1024 0.3626 0.7864 
5.3301 -0.2099 2.1028 0.4330 0.7267 
5.3301 -0.2199 2.1052 0.3568 0.7289 
5.3501 -0.2099 2.1031 0.4404 0.8349 
5.3401 -0.2099 2.1044 0.4352 0.7791 
5.3501 -0.2199 2.1018 0.3669 0.8421 
5.3501 -0.2199 2.1018 0.3669 0.8421 
5.3401 -0.2099 2.1044 0.4352 0.7791 
5.3401 -0.2199 2.1024 0.3626 0.7864 
5.3101 -0.1999 2.1093 0.4911 0.6113 
5.3001 -0.1999 2.1054 0.4922 0.5598 
5.3101 -0.2099 2.1036 0.4245 0.6176 
5.3101 -0.2099 2.1036 0.4245 0.6176 
5.3001 -0.1999 2.1054 0.4922 0.5598 
5.3001 -0.2099 2.1032 0.4211 0.5636 
5.3201 -0.1999 2.1101 0.4939 0.6633 
5.3101 -0.1999 2.1093 0.4911 0.6113 
5.3201 -0.2099 2.1018 0.4301 0.6731 
5.3201 -0.2099 2.1018 0.4301 0.6731 
5.3101 -0.1999 2.1093 0.4911 0.6113 
5.3101 -0.2099 2.1036 0.4245 0.6176 
5.3301 -0.1999 2.1023 0.5075 0.7227 
5.3201 -0.1999 2.1101 0.4939 0.6633 
5.3301 -0.2099 2.1028 0.4330 0.7267 
5.3301 -0.2099 2.1028 0.4330 0.7267 
5.3201 -0.1999 2.1101 0.4939 0.6633 
5.3201 -0.2099 2.1018 0.4301 0.6731 
5.3401 -0.1999 2.1017 0.5121 0.7774 
5.3301 -0.1999 2.1023 0.5075 0.7227 
5.3401 -0.2099 2.1044 0.4352 0.7791 
5.3401 -0.2099 2.1044 0.4352 0.7791 
5.3301 -0.1999 2.1023 0.5075 0.7227 
5.3301 -0.2099 2.1028 0.4330 0.7267 
5.3501 -0.1999 2.1013 0.5165 0.8321 
5.3401 -0.1999 2.1017 0.5121 0.7774 
5.3501 -0.2099 2.1031 0.4404 0.8349 
5.3501 -0.2099 2.1031 0.4404 0.8349 
5.3401 -0.1999 2.1017 0.5121 0.7774 
5.3401 -0.2099 2.1044 0.4352 0.7791 
5.3601 -0.2399 2.1015 0.2204 0.9096 
5.3501 -0.2399 2.1043 0.2164 0.8494 
5.3601 -0.2499 2.1050 0.1485 0.9093 
5.3601 -0.2499 2.1050 0.1485 0.9093 
5.3501 -0.2399 2.1043 0.2164 0.8494 
5.3501 -0.2499 2.1046 0.1448 0.8545 
5.3701 -0.2399 2.1033 0.2241 0.9616 
5.3601 -0.2399 2.1015 0.2204 0.9096 
5.3701 -0.2499 2.1028 0.1515 0.9692 
5.3701 -0.2499 2.1028 0.1515 0.9692 
5.3601 -0.2399 2.1015 0.2204 0.9096 
5.3601 -0.2499 2.1050 0.1485 0.9093 
5.3601 -0.2299 2.1031 0.2950 0.9007 
5.3501 -0.2299 2.1033 0.2910 0.8454 
5.3601 -0.2399 2.1015 0.2204 0.9096 
5.3601 -0.2399 2.1015 0.2204 0.9096 
5.3501 -0.2299 2.1033 0.2910 0.8454 
5.3501 -0.2399 2.1043 0.2164 0.8494 
5.3701 -0.2299 2.1043 0.2984 0.9534 
5.3601 -0.2299 2.1031 0.2950 0.9007 
5.3701 -0.2399 2.1033 0.2241 0.9616 
5.3701 -0.2399 2.1033 0.2241 0.9616 
5.3601 -0.2299 2.1031 0.2950 0.9007 
5.3601 -0.2399 2.1015 0.2204 0.9096 
5.3601 -0.2199 2.1041 0.3691 0.8932 
5.3501 -0.2199 2.1018 0.3669 0.8421 
5.3601 -0.2299 2.1031 0.2950 0.9007 
5.3601 -0.2299 2.1031 0.2950 0.9007 
5.3501 -0.2199 2.1018 0.3669 0.8421 
5.3501 -0.2299 2.1033 0.2910 0.8454 
5.3701 -0.2199 2.1028 0.3740 0.9500 
5.3601 -0.2199 2.1041 0.3691 0.8932 
5.3701 -0.2299 2.1043 0.2984 0.9534 
5.3701 -0.2299 2.1043 0.2984 0.9534 
5.3601 -0.2199 2.1041 0.3691 0.8932 
5.3601 -0.2299 2.1031 0.2950 0.9007 
5.3601 -0.2099 2.1023 0.4451 0.8904 
5.3501 -0.2099 2.1031 0.4404 0.8349 
5.3601 -0.2199 2.1041 0.3691 0.8932 
5.3601 -0.2199 2.1041 0.3691 0.8932 
5.3501 -0.2099 2.1031 0.4404 0.8349 
5.3501 -0.2199 2.1018 0.3669 0.8421 
5.3701 -0.2099 2.1027 0.4485 0.9440 
5.3601 -0.2099 2.1023 0.4451 0.8904 
5.3701 -0.2199 2.1028 0.3740 0.9500 
5.3701 -0.2199 2.1028 0.3740 0.9500 
5.3601 -0.2099 2.1023 0.4451 0.8904 
5.3601 -0.2199 2.1041 0.3691 0.8932 
5.3601 -0.1999 2.1014 0.5201 0.8861 
5.3501 -0.1999 2.1013 0.5165 0.8321 
5.3601 -0.2099 2.1023 0.4451 0.8904 
5.3601 -0.2099 2.1023 0.4451 0.8904 
5.3501 -0.1999 2.1013 0.5165 0.8321 
5.3501 -0.2099 2.1031 0.4404 0.8349 
5.3701 -0.1999 2.1019 0.5233 0.9394 
5.3601 -0.1999 2.1014 0.5201 0.8861 
5.3701 -0.2099 2.1027 0.4485 0.9440 
5.3701 -0.2099 2.1027 0.4485 0.9440 
5.3601 -0.1999 2.1014 0.5201 0.8861 
5.3601 -0.2099 2.1023 0.4451 0.8904 
5.3101 -0.1899 2.1084 0.5636 0.6082 
5.3001 -0.1899 2.1027 0.5687 0.5572 
5.3101 -0.1999 2.1093 0.4911 0.6113 
5.3101 -0.1999 2.1093 0.4911 0.6113 
5.3001 -0.1899 2.1027 0.5687 0.5572 
5.3001 -0.1999 2.1054 0.4922 0.5598 
5.3201 -0.1899 2.1075 0.5688 0.6611 
5.3101 -0.1899 2.1084 0.5636 0.6082 
5.3201 -0.1999 2.1101 0.4939 0.6633 
5.3201 -0.1999 2.1101 0.4939 0.6633 
5.3101 -0.1899 2.1084 0.5636 0.6082 
5.3101 -0.1999 2.1093 0.4911 0.6113 
5.3301 -0.1899 2.1031 0.5793 0.7175 
5.3201 -0.1899 2.1075 0.5688 0.6611 
5.3301 -0.1999 2.1023 0.5075 0.7227 
5.3301 -0.1999 2.1023 0.5075 0.7227 
5.3201 -0.1899 2.1075 0.5688 0.6611 
5.3201 -0.1999 2.1101 0.4939 0.6633 
5.3401 -0.1899 2.1020 0.5848 0.7721 
5.3301 -0.1899 2.1031 0.5793 0.7175 
5.3401 -0.1999 2.1017 0.5121 0.7774 
5.3401 -0.1999 2.1017 0.5121 0.7774 
5.3301 -0.1899 2.1031 0.5793 0.7175 
5.3301 -0.1999 2.1023 0.5075 0.7227 
5.3484 -0.1899 2.1001 0.5911 0.8190 
5.3501 -0.1999 2.1013 0.5165 0.8321 
5.3501 -0.1925 2.1001 0.5726 0.8299 
5.3484 -0.1899 2.1001 0.5911 0.8190 
5.3401 -0.1899 2.1020 0.5848 0.7721 
5.3501 -0.1999 2.1013 0.5165 0.8321 
5.3401 -0.1899 2.1020 0.5848 0.7721 
5.3401 -0.1999 2.1017 0.5121 0.7774 
5.3501 -0.1999 2.1013 0.5165 0.8321 
5.3101 -0.1799 2.1009 0.6480 0.6080 
5.3001 -0.1799 2.1035 0.6394 0.5539 
5.3101 -0.1899 2.1084 0.5636 0.6082 
5.3101 -0.1899 2.1084 0.5636 0.6082 
5.3001 -0.1799 2.1035 0.6394 0.5539 
5.3001 -0.1899 2.1027 0.5687 0.5572 
5.3201 -0.1799 2.1019 0.6498 0.6609 
5.3101 -0.1799 2.1009 0.6480 0.6080 
5.3201 -0.1899 2.1075 0.5688 0.6611 
5.3201 -0.1899 2.1075 0.5688 0.6611 
5.3101 -0.1799 2.1009 0.6480 0.6080 
5.3101 -0.1899 2.1084 0.5636 0.6082 
5.3301 -0.1799 2.1009 0.6554 0.7151 
5.3201 -0.1799 2.1019 0.6498 0.6609 
5.3301 -0.1899 2.1031 0.5793 0.7175 
5.3301 -0.1899 2.1031 0.5793 0.7175 
5.3201 -0.1799 2.1019 0.6498 0.6609 
5.3201 -0.1899 2.1075 0.5688 0.6611 
5.3401 -0.1799 2.1001 0.6608 0.7696 
5.3301 -0.1799 2.1009 0.6554 0.7151 
5.3401 -0.1899 2.1020 0.5848 0.7721 
5.3401 -0.1899 2.1020 0.5848 0.7721 
5.3301 -0.1799 2.1009 0.6554 0.7151 
5.3301 -0.1899 2.1031 0.5793 0.7175 
5.3501 -0.1887 2.1001 0.6004 0.8279 
5.3401 -0.1899 2.1020 0.5848 0.7721 
5.3484 -0.1899 2.1001 0.5911 0.8190 
5.3501 -0.1887 2.1001 0.6004 0.8279 
5.3501 -0.1799 2.1032 0.6585 0.8191 
5.3401 -0.1899 2.1020 0.5848 0.7721 
5.3501 -0.1799 2.1032 0.6585 0.8191 
5.3401 -0.1799 2.1001 0.6608 0.7696 
5.3401 -0.1899 2.1020 0.5848 0.7721 
5.3101 -0.1699 2.1011 0.7192 0.6044 
5.3001 -0.1699 2.1010 0.7159 0.5513 
5.3101 -0.1799 2.1009 0.6480 0.6080 
5.3101 -0.1799 2.1009 0.6480 0.6080 
5.3001 -0.1699 2.1010 0.7159 0.5513 
5.3001 -0.1799 2.1035 0.6394 0.5539 
5.3201 -0.1699 2.1018 0.7215 0.6571 
5.3101 -0.1699 2.1011 0.7192 0.6044 
5.3201 -0.1799 2.1019 0.6498 0.6609 
5.3201 -0.1799 2.1019 0.6498 0.6609 
5.3101 -0.1699 2.1011 0.7192 0.6044 
5.3101 -0.1799 2.1009 0.6480 0.6080 
5.3301 -0.1699 2.1001 0.7289 0.7115 
5.3201 -0.1699 2.1018 0.7215 0.6571 
5.3301 -0.1799 2.1009 0.6554 0.7151 
5.3301 -0.1799 2.1009 0.6554 0.7151 
5.3201 -0.1699 2.1018 0.7215 0.6571 
5.3201 -0.1799 2.1019 0.6498 0.6609 
5.3401 -0.1699 2.1003 0.7321 0.7646 
5.3301 -0.1699 2.1001 0.7289 0.7115 
5.3401 -0.1799 2.1001 0.6608 0.7696 
5.3401 -0.1799 2.1001 0.6608 0.7696 
5.3301 -0.1699 2.1001 0.7289 0.7115 
5.3301 -0.1799 2.1009 0.6554 0.7151 
5.3501 -0.1699 2.1001 0.7363 0.8181 
5.3501 -0.1799 2.1032 0.6585 0.8191 
5.3501 -0.1699 2.1001 0.7363 0.8181 
5.3501 -0.1699 2.1001 0.7363 0.8181 
5.3401 -0.1699 2.1003 0.7321 0.7646 
5.3501 -0.1799 2.1032 0.6585 0.8191 
5.3401 -0.1699 2.1003 0.7321 0.7646 
5.3401 -0.1799 2.1001 0.6608 0.7696 
5.3501 -0.1799 2.1032 0.6585 0.8191 
5.3101 -0.1599 2.1003 0.7919 0.6012 
5.3001 -0.1599 2.1010 0.7865 0.5482 
5.3101 -0.1699 2.1011 0.7192 0.6044 
5.3101 -0.1699 2.1011 0.7192 0.6044 
5.3001 -0.1599 2.1010 0.7865 0.5482 
5.3001 -0.1699 2.1010 0.7159 0.5513 
5.3162 -0.1599 2.1001 0.7947 0.6338 
5.3201 -0.1699 2.1018 0.7215 0.6571 
5.3201 -0.1606 2.1001 0.7909 0.6546 
5.3162 -0.1599 2.1001 0.7947 0.6338 
5.3101 -0.1599 2.1003 0.7919 0.6012 
5.3201 -0.1699 2.1018 0.7215 0.6571 
5.3101 -0.1599 2.1003 0.7919 0.6012 
5.3101 -0.1699 2.1011 0.7192 0.6044 
5.3201 -0.1699 2.1018 0.7215 0.6571 
5.3201 -0.1606 2.1001 0.7909 0.6546 
5.3301 -0.1699 2.1001 0.7289 0.7115 
5.3301 -0.1699 2.1001 0.7289 0.7115 
5.3201 -0.1699 2.1018 0.7215 0.6571 
5.3301 -0.1699 2.1001 0.7289 0.7115 
5.3201 -0.1606 2.1001 0.7909 0.6546 
5.3301 -0.1699 2.1001 0.7289 0.7115 
5.3401 -0.1699 2.1003 0.7321 0.7646 
5.3401 -0.1681 2.1001 0.7450 0.7640 
5.3301 -0.1699 2.1001 0.7289 0.7115 
5.3401 -0.1699 2.1003 0.7321 0.7646 
5.3301 -0.1699 2.1001 0.7289 0.7115 
5.3501 -0.1699 2.1001 0.7363 0.8181 
5.3501 -0.1599 2.1011 0.8044 0.8117 
5.3451 -0.1599 2.1001 0.8052 0.7864 
5.3501 -0.1699 2.1001 0.7363 0.8181 
5.3401 -0.1681 2.1001 0.7450 0.7640 
5.3401 -0.1699 2.1003 0.7321 0.7646 
5.3201 -0.1597 2.1001 0.7976 0.6542 
5.3101 -0.1599 2.1003 0.7919 0.6012 
5.3162 -0.1599 2.1001 0.7947 0.6338 
5.3201 -0.1597 2.1001 0.7976 0.6542 
5.3201 -0.1499 2.1060 0.8499 0.6469 
5.3101 -0.1599 2.1003 0.7919 0.6012 
5.3201 -0.1499 2.1060 0.8499 0.6469 
5.3101 -0.1499 2.1026 0.8556 0.5969 
5.3101 -0.1599 2.1003 0.7919 0.6012 
5.3295 -0.1499 2.1001 0.8694 0.6997 
5.3201 -0.1499 2.1060 0.8499 0.6469 
5.3201 -0.1597 2.1001 0.7976 0.6542 
5.3501 -0.1561 2.1001 0.8335 0.8111 
5.3451 -0.1599 2.1001 0.8052 0.7864 
5.3501 -0.1599 2.1011 0.8044 0.8117 
5.3501 -0.1925 2.1001 0.5726 0.8299 
5.3601 -0.1899 2.1015 0.5932 0.8803 
5.3524 -0.1899 2.1001 0.5926 0.8407 
5.3501 -0.1925 2.1001 0.5726 0.8299 
5.3501 -0.1999 2.1013 0.5165 0.8321 
5.3601 -0.1899 2.1015 0.5932 0.8803 
5.3501 -0.1999 2.1013 0.5165 0.8321 
5.3601 -0.1999 2.1014 0.5201 0.8861 
5.3601 -0.1899 2.1015 0.5932 0.8803 
5.3701 -0.1899 2.1005 0.5987 0.9359 
5.3601 -0.1899 2.1015 0.5932 0.8803 
5.3701 -0.1999 2.1019 0.5233 0.9394 
5.3701 -0.1999 2.1019 0.5233 0.9394 
5.3601 -0.1899 2.1015 0.5932 0.8803 
5.3601 -0.1999 2.1014 0.5201 0.8861 
5.3801 -0.1899 2.1007 0.6020 0.9892 
5.3701 -0.1899 2.1005 0.5987 0.9359 
5.3801 -0.1999 2.1015 0.5277 0.9942 
5.3801 -0.1999 2.1015 0.5277 0.9942 
5.3701 -0.1899 2.1005 0.5987 0.9359 
5.3701 -0.1999 2.1019 0.5233 0.9394 
5.3524 -0.1899 2.1001 0.5926 0.8407 
5.3501 -0.1799 2.1032 0.6585 0.8191 
5.3501 -0.1887 2.1001 0.6004 0.8279 
5.3524 -0.1899 2.1001 0.5926 0.8407 
5.3601 -0.1899 2.1015 0.5932 0.8803 
5.3501 -0.1799 2.1032 0.6585 0.8191 
5.3601 -0.1899 2.1015 0.5932 0.8803 
5.3601 -0.1799 2.1012 0.6661 0.8752 
5.3501 -0.1799 2.1032 0.6585 0.8191 
5.3687 -0.1799 2.1001 0.6715 0.9228 
5.3701 -0.1899 2.1005 0.5987 0.9359 
5.3701 -0.1832 2.1001 0.6484 0.9325 
5.3687 -0.1799 2.1001 0.6715 0.9228 
5.3601 -0.1799 2.1012 0.6661 0.8752 
5.3701 -0.1899 2.1005 0.5987 0.9359 
5.3601 -0.1799 2.1012 0.6661 0.8752 
5.3601 -0.1899 2.1015 0.5932 0.8803 
5.3701 -0.1899 2.1005 0.5987 0.9359 
5.3701 -0.1832 2.1001 0.6484 0.9325 
5.3801 -0.1899 2.1007 0.6020 0.9892 
5.3801 -0.1873 2.1001 0.6222 0.9889 
5.3701 -0.1899 2.1005 0.5987 0.9359 
5.3801 -0.1899 2.1007 0.6020 0.9892 
5.3701 -0.1832 2.1001 0.6484 0.9325 
5.3501 -0.1699 2.1001 0.7363 0.8181 
5.3601 -0.1799 2.1012 0.6661 0.8752 
5.3601 -0.1738 2.1001 0.7118 0.8735 
5.3501 -0.1799 2.1032 0.6585 0.8191 
5.3601 -0.1799 2.1012 0.6661 0.8752 
5.3501 -0.1699 2.1001 0.7363 0.8181 
5.3601 -0.1738 2.1001 0.7118 0.8735 
5.3601 -0.1799 2.1012 0.6661 0.8752 
5.3687 -0.1799 2.1001 0.6715 0.9228 
5.3601 -0.1650 2.1001 0.7749 0.8687 
5.3501 -0.1599 2.1011 0.8044 0.8117 
5.3501 -0.1699 2.1001 0.7363 0.8181 
5.3601 -0.1599 2.1008 0.8088 0.8648 
5.3501 -0.1599 2.1011 0.8044 0.8117 
5.3601 -0.1650 2.1001 0.7749 0.8687 
5.3677 -0.1599 2.1001 0.8134 0.9060 
5.3601 -0.1599 2.1008 0.8088 0.8648 
5.3601 -0.1650 2.1001 0.7749 0.8687 
5.3501 -0.1561 2.1001 0.8335 0.8111 
5.3601 -0.1499 2.1012 0.8772 0.8588 
5.3561 -0.1499 2.1001 0.8790 0.8397 
5.3501 -0.1561 2.1001 0.8335 0.8111 
5.3501 -0.1599 2.1011 0.8044 0.8117 
5.3601 -0.1499 2.1012 0.8772 0.8588 
5.3501 -0.1599 2.1011 0.8044 0.8117 
5.3601 -0.1599 2.1008 0.8088 0.8648 
5.3601 -0.1499 2.1012 0.8772 0.8588 
5.3630 -0.1499 2.1001 0.8814 0.8756 
5.3601 -0.1599 2.1008 0.8088 0.8648 
5.3677 -0.1599 2.1001 0.8134 0.9060 
5.3601 -0.1499 2.1012 0.8772 0.8588 
5.3601 -0.1599 2.1008 0.8088 0.8648 
5.3630 -0.1499 2.1001 0.8814 0.8756 
5.3201 -0.1399 2.1034 0.9250 0.6447 
5.3101 -0.1399 2.1024 0.9246 0.5936 
5.3201 -0.1499 2.1060 0.8499 0.6469 
5.3201 -0.1499 2.1060 0.8499 0.6469 
5.3101 -0.1399 2.1024 0.9246 0.5936 
5.3101 -0.1499 2.1026 0.8556 0.5969 
5.3301 -0.1478 2.1001 0.8842 0.7021 
5.3201 -0.1499 2.1060 0.8499 0.6469 
5.3295 -0.1499 2.1001 0.8694 0.6997 
5.3301 -0.1478 2.1001 0.8842 0.7021 
5.3301 -0.1399 2.1016 0.9341 0.6976 
5.3201 -0.1499 2.1060 0.8499 0.6469 
5.3301 -0.1399 2.1016 0.9341 0.6976 
5.3201 -0.1399 2.1034 0.9250 0.6447 
5.3201 -0.1499 2.1060 0.8499 0.6469 
5.3401 -0.1462 2.1001 0.8986 0.7538 
5.3301 -0.1399 2.1016 0.9341 0.6976 
5.3301 -0.1478 2.1001 0.8842 0.7021 
5.3401 -0.1399 2.1035 0.9319 0.7476 
5.3301 -0.1399 2.1016 0.9341 0.6976 
5.3401 -0.1462 2.1001 0.8986 0.7538 
5.3501 -0.1405 2.1001 0.9414 0.8034 
5.3401 -0.1399 2.1035 0.9319 0.7476 
5.3401 -0.1462 2.1001 0.8986 0.7538 
5.3501 -0.1399 2.1002 0.9453 0.8030 
5.3401 -0.1399 2.1035 0.9319 0.7476 
5.3501 -0.1405 2.1001 0.9414 0.8034 
5.3001 -0.1373 2.1001 0.9454 0.5415 
5.3101 -0.1399 2.1024 0.9246 0.5936 
5.3101 -0.1312 2.1001 0.9905 0.5916 
5.3001 -0.1399 2.1008 0.9258 0.5422 
5.3101 -0.1399 2.1024 0.9246 0.5936 
5.3001 -0.1373 2.1001 0.9454 0.5415 
5.3101 -0.1312 2.1001 0.9905 0.5916 
5.3201 -0.1399 2.1034 0.9250 0.6447 
5.3201 -0.1348 2.1001 0.9694 0.6448 
5.3101 -0.1399 2.1024 0.9246 0.5936 
5.3201 -0.1399 2.1034 0.9250 0.6447 
5.3101 -0.1312 2.1001 0.9905 0.5916 
5.3201 -0.1348 2.1001 0.9694 0.6448 
5.3201 -0.1399 2.1034 0.9250 0.6447 
5.3301 -0.1299 2.1088 0.9785 0.6881 
5.3201 -0.1399 2.1034 0.9250 0.6447 
5.3301 -0.1399 2.1016 0.9341 0.6976 
5.3301 -0.1299 2.1088 0.9785 0.6881 
5.3301 -0.1299 2.1088 0.9785 0.6881 
5.3301 -0.1399 2.1016 0.9341 0.6976 
5.3401 -0.1399 2.1035 0.9319 0.7476 
5.3506 -0.1399 2.1001 0.9458 0.8056 
5.3501 -0.1399 2.1002 0.9453 0.8030 
5.3501 -0.1405 2.1001 0.9414 0.8034 
5.3601 -0.1466 2.1001 0.9034 0.8587 
5.3561 -0.1499 2.1001 0.8790 0.8397 
5.3601 -0.1499 2.1012 0.8772 0.8588 
5.3601 -0.1466 2.1001 0.9034 0.8587 
5.3601 -0.1499 2.1012 0.8772 0.8588 
5.3630 -0.1499 2.1001 0.8814 0.8756 
5.3601 -0.1341 2.1001 0.9886 0.8521 
5.3501 -0.1399 2.1002 0.9453 0.8030 
5.3506 -0.1399 2.1001 0.9458 0.8056 
