  0.0000000e+000  4.0000000e+002  0.0000000e+000  7.0842989e+002  3.9339125e+002
  1.0000000e+002  4.0000000e+002  0.0000000e+000  7.7861271e+002  4.4780341e+002
  2.0000000e+002  4.0000000e+002  0.0000000e+000  8.5266120e+002  5.0608873e+002
  3.0000000e+002  4.0000000e+002  0.0000000e+000  9.3073321e+002  5.6779742e+002
  4.0000000e+002  4.0000000e+002  0.0000000e+000  1.0130528e+003  6.3248711e+002
  0.0000000e+000  3.0000000e+002  0.0000000e+000  6.3435792e+002  4.2663869e+002
  1.0000000e+002  3.0000000e+002  0.0000000e+000  7.0482354e+002  4.8424292e+002
  2.0000000e+002  3.0000000e+002  0.0000000e+000  7.7939092e+002  5.4620319e+002
  3.0000000e+002  3.0000000e+002  0.0000000e+000  8.5845529e+002  6.1178407e+002
  4.0000000e+002  3.0000000e+002  0.0000000e+000  9.4220430e+002  6.8060915e+002
  0.0000000e+000  2.0000000e+002  0.0000000e+000  5.5512721e+002  4.6285102e+002
  1.0000000e+002  2.0000000e+002  0.0000000e+000  6.2562085e+002  5.2373289e+002
  2.0000000e+002  2.0000000e+002  0.0000000e+000  7.0071802e+002  5.8849112e+002
  3.0000000e+002  2.0000000e+002  0.0000000e+000  7.8043810e+002  6.5883578e+002
  4.0000000e+002  2.0000000e+002  0.0000000e+000  8.6518978e+002  7.3246799e+002
  0.0000000e+000  1.0000000e+002  0.0000000e+000  4.7024271e+002  5.0211457e+002
  1.0000000e+002  1.0000000e+002  0.0000000e+000  5.4032166e+002  5.6633459e+002
  2.0000000e+002  1.0000000e+002  0.0000000e+000  6.1558449e+002  6.3474456e+002
  3.0000000e+002  1.0000000e+002  0.0000000e+000  6.9544266e+002  7.1003780e+002
  4.0000000e+002  1.0000000e+002  0.0000000e+000  7.8156587e+002  7.8728148e+002
  0.0000000e+000  0.0000000e+000  0.0000000e+000  3.7942690e+002  5.4414443e+002
  1.0000000e+002  0.0000000e+000  0.0000000e+000  4.4872438e+002  6.1134860e+002
  2.0000000e+002  0.0000000e+000  0.0000000e+000  5.2365062e+002  6.8436777e+002
  3.0000000e+002  0.0000000e+000  0.0000000e+000  6.0349558e+002  7.6475824e+002
  4.0000000e+002  0.0000000e+000  0.0000000e+000  6.8969053e+002  8.4829548e+002
