  0.0000000e+000  5.0000000e+002  0.0000000e+000  5.6740116e+002  4.4888202e+002
  1.0000000e+002  5.0000000e+002  0.0000000e+000  6.1921289e+002  4.8375937e+002
  2.0000000e+002  5.0000000e+002  0.0000000e+000  6.7331314e+002  5.1974882e+002
  3.0000000e+002  5.0000000e+002  0.0000000e+000  7.2931356e+002  5.5674624e+002
  4.0000000e+002  5.0000000e+002  0.0000000e+000  7.8750903e+002  5.9571265e+002
  5.0000000e+002  5.0000000e+002  0.0000000e+000  8.4770768e+002  6.3472806e+002
  0.0000000e+000  4.0000000e+002  0.0000000e+000  5.1828137e+002  4.7805439e+002
  1.0000000e+002  4.0000000e+002  0.0000000e+000  5.7055062e+002  5.1366549e+002
  2.0000000e+002  4.0000000e+002  0.0000000e+000  6.2501634e+002  5.5126296e+002
  3.0000000e+002  4.0000000e+002  0.0000000e+000  6.8163189e+002  5.9064642e+002
  4.0000000e+002  4.0000000e+002  0.0000000e+000  7.4043893e+002  6.3081858e+002
  5.0000000e+002  4.0000000e+002  0.0000000e+000  8.0179021e+002  6.7234629e+002
  0.0000000e+000  3.0000000e+002  0.0000000e+000  4.6627927e+002  5.0816148e+002
  1.0000000e+002  3.0000000e+002  0.0000000e+000  5.1885007e+002  5.4531784e+002
  2.0000000e+002  3.0000000e+002  0.0000000e+000  5.7390938e+002  5.8507477e+002
  3.0000000e+002  3.0000000e+002  0.0000000e+000  6.3072375e+002  6.2638427e+002
  4.0000000e+002  3.0000000e+002  0.0000000e+000  6.9042290e+002  6.6867661e+002
  5.0000000e+002  3.0000000e+002  0.0000000e+000  7.5254300e+002  7.1197812e+002
  0.0000000e+000  2.0000000e+002  0.0000000e+000  4.1178998e+002  5.4030427e+002
  1.0000000e+002  2.0000000e+002  0.0000000e+000  4.6455961e+002  5.7928119e+002
  2.0000000e+002  2.0000000e+002  0.0000000e+000  5.2003653e+002  6.2021568e+002
  3.0000000e+002  2.0000000e+002  0.0000000e+000  5.7743411e+002  6.6387324e+002
  4.0000000e+002  2.0000000e+002  0.0000000e+000  6.3759280e+002  7.0842584e+002
  5.0000000e+002  2.0000000e+002  0.0000000e+000  7.0051261e+002  7.5375021e+002
  0.0000000e+000  1.0000000e+002  0.0000000e+000  3.5436802e+002  5.7418092e+002
  1.0000000e+002  1.0000000e+002  0.0000000e+000  4.0732656e+002  6.1464020e+002
  2.0000000e+002  1.0000000e+002  0.0000000e+000  4.6280578e+002  6.5740987e+002
  3.0000000e+002  1.0000000e+002  0.0000000e+000  5.2068685e+002  7.0357807e+002
  4.0000000e+002  1.0000000e+002  0.0000000e+000  5.8174638e+002  7.4948847e+002
  5.0000000e+002  1.0000000e+002  0.0000000e+000  6.4484681e+002  7.9795760e+002
  0.0000000e+000  0.0000000e+000  0.0000000e+000  2.9429319e+002  6.0988569e+002
  1.0000000e+002  0.0000000e+000  0.0000000e+000  3.4711959e+002  6.5200367e+002
  2.0000000e+002  0.0000000e+000  0.0000000e+000  4.0265971e+002  6.9667293e+002
  3.0000000e+002  0.0000000e+000  0.0000000e+000  4.6089000e+002  7.4529623e+002
  4.0000000e+002  0.0000000e+000  0.0000000e+000  5.2235277e+002  7.9425171e+002
  5.0000000e+002  0.0000000e+000  0.0000000e+000  5.8640709e+002  8.4541248e+002
