  0.0000000e+000  5.0000000e+002  0.0000000e+000  7.4005460e+002  3.3674364e+002
  1.0000000e+002  5.0000000e+002  0.0000000e+000  7.6167410e+002  4.2114330e+002
  2.0000000e+002  5.0000000e+002  0.0000000e+000  7.8253211e+002  5.0285885e+002
  3.0000000e+002  5.0000000e+002  0.0000000e+000  8.0267956e+002  5.8184726e+002
  4.0000000e+002  5.0000000e+002  0.0000000e+000  8.2204186e+002  6.5786212e+002
  5.0000000e+002  5.0000000e+002  0.0000000e+000  8.4057483e+002  7.3142858e+002
  0.0000000e+000  4.0000000e+002  0.0000000e+000  6.5452262e+002  3.6399542e+002
  1.0000000e+002  4.0000000e+002  0.0000000e+000  6.7807226e+002  4.4851321e+002
  2.0000000e+002  4.0000000e+002  0.0000000e+000  7.0053168e+002  5.3036232e+002
  3.0000000e+002  4.0000000e+002  0.0000000e+000  7.2221446e+002  6.0907660e+002
  4.0000000e+002  4.0000000e+002  0.0000000e+000  7.4293138e+002  6.8525844e+002
  5.0000000e+002  4.0000000e+002  0.0000000e+000  7.6314437e+002  7.5861201e+002
  0.0000000e+000  3.0000000e+002  0.0000000e+000  5.6739961e+002  3.9162841e+002
  1.0000000e+002  3.0000000e+002  0.0000000e+000  5.9251530e+002  4.7646403e+002
  2.0000000e+002  3.0000000e+002  0.0000000e+000  6.1652079e+002  5.5808776e+002
  3.0000000e+002  3.0000000e+002  0.0000000e+000  6.3975485e+002  6.3674127e+002
  4.0000000e+002  3.0000000e+002  0.0000000e+000  6.6235387e+002  7.1267332e+002
  5.0000000e+002  3.0000000e+002  0.0000000e+000  6.8420685e+002  7.8623152e+002
  0.0000000e+000  2.0000000e+002  0.0000000e+000  4.7978346e+002  4.1990472e+002
  1.0000000e+002  2.0000000e+002  0.0000000e+000  5.0642918e+002  5.0447966e+002
  2.0000000e+002  2.0000000e+002  0.0000000e+000  5.3232934e+002  5.8637057e+002
  3.0000000e+002  2.0000000e+002  0.0000000e+000  5.5683454e+002  6.6452711e+002
  4.0000000e+002  2.0000000e+002  0.0000000e+000  5.8111393e+002  7.4039479e+002
  5.0000000e+002  2.0000000e+002  0.0000000e+000  6.0452202e+002  8.1369343e+002
  0.0000000e+000  1.0000000e+002  0.0000000e+000  3.9130417e+002  4.4810784e+002
  1.0000000e+002  1.0000000e+002  0.0000000e+000  4.1956674e+002  5.3272925e+002
  2.0000000e+002  1.0000000e+002  0.0000000e+000  4.4690048e+002  6.1454990e+002
  3.0000000e+002  1.0000000e+002  0.0000000e+000  4.7349459e+002  6.9253080e+002
  4.0000000e+002  1.0000000e+002  0.0000000e+000  4.9937991e+002  7.6845428e+002
  5.0000000e+002  1.0000000e+002  0.0000000e+000  5.2421436e+002  8.4123455e+002
  0.0000000e+000  0.0000000e+000  0.0000000e+000  3.0268089e+002  4.7664633e+002
  1.0000000e+002  0.0000000e+000  0.0000000e+000  3.3256158e+002  5.6152984e+002
  2.0000000e+002  0.0000000e+000  0.0000000e+000  3.6160903e+002  6.4310893e+002
  3.0000000e+002  0.0000000e+000  0.0000000e+000  3.8981509e+002  7.2048534e+002
  4.0000000e+002  0.0000000e+000  0.0000000e+000  4.1694155e+002  7.9587366e+002
  5.0000000e+002  0.0000000e+000  0.0000000e+000  4.4359230e+002  8.6769830e+002
