  0.0000000e+000  5.0000000e+002  0.0000000e+000  5.3681672e+002  5.7932335e+002
  1.0000000e+002  5.0000000e+002  0.0000000e+000  5.8839748e+002  5.2198935e+002
  2.0000000e+002  5.0000000e+002  0.0000000e+000  6.3999178e+002  4.6420926e+002
  3.0000000e+002  5.0000000e+002  0.0000000e+000  6.9232751e+002  4.0594494e+002
  4.0000000e+002  5.0000000e+002  0.0000000e+000  7.4471106e+002  3.4736612e+002
  5.0000000e+002  5.0000000e+002  0.0000000e+000  7.9682191e+002  2.8864013e+002
  0.0000000e+000  4.0000000e+002  0.0000000e+000  5.8129319e+002  6.2863314e+002
  1.0000000e+002  4.0000000e+002  0.0000000e+000  6.3428145e+002  5.7023384e+002
  2.0000000e+002  4.0000000e+002  0.0000000e+000  6.8753898e+002  5.1080018e+002
  3.0000000e+002  4.0000000e+002  0.0000000e+000  7.4135806e+002  4.5162275e+002
  4.0000000e+002  4.0000000e+002  0.0000000e+000  7.9517571e+002  3.9149523e+002
  5.0000000e+002  4.0000000e+002  0.0000000e+000  8.4885763e+002  3.3127833e+002
  0.0000000e+000  3.0000000e+002  0.0000000e+000  6.2810487e+002  6.8036521e+002
  1.0000000e+002  3.0000000e+002  0.0000000e+000  6.8270674e+002  6.2079423e+002
  2.0000000e+002  3.0000000e+002  0.0000000e+000  7.3780544e+002  5.6055169e+002
  3.0000000e+002  3.0000000e+002  0.0000000e+000  7.9303631e+002  4.9990422e+002
  4.0000000e+002  3.0000000e+002  0.0000000e+000  8.4849772e+002  4.3859273e+002
  5.0000000e+002  3.0000000e+002  0.0000000e+000  9.0355690e+002  3.7673286e+002
  0.0000000e+000  2.0000000e+002  0.0000000e+000  6.7712433e+002  7.3440726e+002
  1.0000000e+002  2.0000000e+002  0.0000000e+000  7.3361724e+002  6.7378671e+002
  2.0000000e+002  2.0000000e+002  0.0000000e+000  7.9010796e+002  6.1227219e+002
  3.0000000e+002  2.0000000e+002  0.0000000e+000  8.4688817e+002  5.5041792e+002
  4.0000000e+002  2.0000000e+002  0.0000000e+000  9.0413689e+002  4.8779384e+002
  5.0000000e+002  2.0000000e+002  0.0000000e+000  9.6060393e+002  4.2452170e+002
  0.0000000e+000  1.0000000e+002  0.0000000e+000  7.2885289e+002  7.9137438e+002
  1.0000000e+002  1.0000000e+002  0.0000000e+000  7.8691991e+002  7.2935648e+002
  2.0000000e+002  1.0000000e+002  0.0000000e+000  8.4479407e+002  6.6648518e+002
  3.0000000e+002  1.0000000e+002  0.0000000e+000  9.0354001e+002  6.0330537e+002
  4.0000000e+002  1.0000000e+002  0.0000000e+000  9.6167912e+002  5.3913173e+002
  5.0000000e+002  1.0000000e+002  0.0000000e+000  1.0200936e+003  4.7465881e+002
  0.0000000e+000  0.0000000e+000  0.0000000e+000  7.8319506e+002  8.5033558e+002
  1.0000000e+002  0.0000000e+000  0.0000000e+000  8.4254098e+002  7.8729148e+002
  2.0000000e+002  0.0000000e+000  0.0000000e+000  9.0224339e+002  7.2308919e+002
  3.0000000e+002  0.0000000e+000  0.0000000e+000  9.6250679e+002  6.5861096e+002
  4.0000000e+002  0.0000000e+000  0.0000000e+000  1.0225340e+003  5.9341634e+002
  5.0000000e+002  0.0000000e+000  0.0000000e+000  1.0824086e+003  5.2812385e+002
