  0.0000000e+000  5.0000000e+002  0.0000000e+000  6.3257255e+002  2.1540844e+002
  1.0000000e+002  5.0000000e+002  0.0000000e+000  7.0626727e+002  2.6642191e+002
  2.0000000e+002  5.0000000e+002  0.0000000e+000  7.8694096e+002  3.2201343e+002
  3.0000000e+002  5.0000000e+002  0.0000000e+000  8.7483034e+002  3.8300079e+002
  4.0000000e+002  5.0000000e+002  0.0000000e+000  9.7110410e+002  4.5071250e+002
  5.0000000e+002  5.0000000e+002  0.0000000e+000  1.0762795e+003  5.2285962e+002
  0.0000000e+000  4.0000000e+002  0.0000000e+000  5.3757807e+002  2.2868483e+002
  1.0000000e+002  4.0000000e+002  0.0000000e+000  6.1022641e+002  2.8151836e+002
  2.0000000e+002  4.0000000e+002  0.0000000e+000  6.8992043e+002  3.4053743e+002
  3.0000000e+002  4.0000000e+002  0.0000000e+000  7.7748193e+002  4.0647942e+002
  4.0000000e+002  4.0000000e+002  0.0000000e+000  8.7449256e+002  4.7841030e+002
  5.0000000e+002  4.0000000e+002  0.0000000e+000  9.8134685e+002  5.5698691e+002
  0.0000000e+000  3.0000000e+002  0.0000000e+000  4.3386349e+002  2.4291301e+002
  1.0000000e+002  3.0000000e+002  0.0000000e+000  5.0441306e+002  2.9855376e+002
  2.0000000e+002  3.0000000e+002  0.0000000e+000  5.8213116e+002  3.6207361e+002
  3.0000000e+002  3.0000000e+002  0.0000000e+000  6.6873678e+002  4.3248440e+002
  4.0000000e+002  3.0000000e+002  0.0000000e+000  7.6532861e+002  5.1022862e+002
  5.0000000e+002  3.0000000e+002  0.0000000e+000  8.7326100e+002  5.9504460e+002
  0.0000000e+000  2.0000000e+002  0.0000000e+000  3.2202252e+002  2.5960533e+002
  1.0000000e+002  2.0000000e+002  0.0000000e+000  3.8922972e+002  3.1847111e+002
  2.0000000e+002  2.0000000e+002  0.0000000e+000  4.6427248e+002  3.8456895e+002
  3.0000000e+002  2.0000000e+002  0.0000000e+000  5.4838361e+002  4.6131374e+002
  4.0000000e+002  2.0000000e+002  0.0000000e+000  6.4357227e+002  5.4544123e+002
  5.0000000e+002  2.0000000e+002  0.0000000e+000  7.5086871e+002  6.3774345e+002
  0.0000000e+000  1.0000000e+002  0.0000000e+000  2.0045583e+002  2.7836852e+002
  1.0000000e+002  1.0000000e+002  0.0000000e+000  2.6337529e+002  3.4055981e+002
  2.0000000e+002  1.0000000e+002  0.0000000e+000  3.3451552e+002  4.1068189e+002
  3.0000000e+002  1.0000000e+002  0.0000000e+000  4.1476423e+002  4.9370780e+002
  4.0000000e+002  1.0000000e+002  0.0000000e+000  5.0690052e+002  5.8291892e+002
  5.0000000e+002  1.0000000e+002  0.0000000e+000  6.1151652e+002  6.8572672e+002
  0.0000000e+000  0.0000000e+000  0.0000000e+000  6.9545508e+001  2.9937143e+002
  1.0000000e+002  0.0000000e+000  0.0000000e+000  1.2683379e+002  3.6437771e+002
  2.0000000e+002  0.0000000e+000  0.0000000e+000  1.9232060e+002  4.3945391e+002
  3.0000000e+002  0.0000000e+000  0.0000000e+000  2.6690584e+002  5.2939124e+002
  4.0000000e+002  0.0000000e+000  0.0000000e+000  3.5338488e+002  6.2804455e+002
  5.0000000e+002  0.0000000e+000  0.0000000e+000  4.5350081e+002  7.4183124e+002
