  0.0000000e+000  5.0000000e+002  0.0000000e+000  3.0112598e+002  7.2057405e+002
  1.0000000e+002  5.0000000e+002  0.0000000e+000  3.2736131e+002  6.2682072e+002
  2.0000000e+002  5.0000000e+002  0.0000000e+000  3.5261787e+002  5.3807348e+002
  3.0000000e+002  5.0000000e+002  0.0000000e+000  3.7660184e+002  4.5419219e+002
  4.0000000e+002  5.0000000e+002  0.0000000e+000  3.9958019e+002  3.7478537e+002
  5.0000000e+002  5.0000000e+002  0.0000000e+000  4.2173658e+002  2.9950388e+002
  0.0000000e+000  4.0000000e+002  0.0000000e+000  4.0349290e+002  7.4501818e+002
  1.0000000e+002  4.0000000e+002  0.0000000e+000  4.2701018e+002  6.5075041e+002
  2.0000000e+002  4.0000000e+002  0.0000000e+000  4.4933774e+002  5.6139550e+002
  3.0000000e+002  4.0000000e+002  0.0000000e+000  4.7067676e+002  4.7728424e+002
  4.0000000e+002  4.0000000e+002  0.0000000e+000  4.9102606e+002  3.9735334e+002
  5.0000000e+002  4.0000000e+002  0.0000000e+000  5.1062293e+002  3.2152609e+002
  0.0000000e+000  3.0000000e+002  0.0000000e+000  5.0665071e+002  7.6880898e+002
  1.0000000e+002  3.0000000e+002  0.0000000e+000  5.2714483e+002  6.7434282e+002
  2.0000000e+002  3.0000000e+002  0.0000000e+000  5.4662188e+002  5.8498280e+002
  3.0000000e+002  3.0000000e+002  0.0000000e+000  5.6517376e+002  5.0030075e+002
  4.0000000e+002  3.0000000e+002  0.0000000e+000  5.8294881e+002  4.2026074e+002
  5.0000000e+002  3.0000000e+002  0.0000000e+000  5.9971632e+002  3.4374831e+002
  0.0000000e+000  2.0000000e+002  0.0000000e+000  6.0854379e+002  7.9213414e+002
  1.0000000e+002  2.0000000e+002  0.0000000e+000  6.2619780e+002  6.9759166e+002
  2.0000000e+002  2.0000000e+002  0.0000000e+000  6.4305999e+002  6.0773545e+002
  3.0000000e+002  2.0000000e+002  0.0000000e+000  6.5856701e+002  5.2300875e+002
  4.0000000e+002  2.0000000e+002  0.0000000e+000  6.7349250e+002  4.4248631e+002
  5.0000000e+002  2.0000000e+002  0.0000000e+000  6.8787541e+002  3.6612716e+002
  0.0000000e+000  1.0000000e+002  0.0000000e+000  7.0931231e+002  8.1518157e+002
  1.0000000e+002  1.0000000e+002  0.0000000e+000  7.2422470e+002  7.2038858e+002
  2.0000000e+002  1.0000000e+002  0.0000000e+000  7.3840935e+002  6.3021810e+002
  3.0000000e+002  1.0000000e+002  0.0000000e+000  7.5124433e+002  5.4568362e+002
  4.0000000e+002  1.0000000e+002  0.0000000e+000  7.6365353e+002  4.6458768e+002
  5.0000000e+002  1.0000000e+002  0.0000000e+000  7.7540304e+002  3.8831256e+002
  0.0000000e+000  0.0000000e+000  0.0000000e+000  8.0843867e+002  8.3737518e+002
  1.0000000e+002  0.0000000e+000  0.0000000e+000  8.2082946e+002  7.4244380e+002
  2.0000000e+002  0.0000000e+000  0.0000000e+000  8.3251157e+002  6.5212074e+002
  3.0000000e+002  0.0000000e+000  0.0000000e+000  8.4246531e+002  5.6767528e+002
  4.0000000e+002  0.0000000e+000  0.0000000e+000  8.5220398e+002  4.8688698e+002
  5.0000000e+002  0.0000000e+000  0.0000000e+000  8.6108645e+002  4.1116293e+002
