  0.0000000e+000  5.0000000e+002  0.0000000e+000  7.6599064e+002  4.8383936e+002
  1.0000000e+002  5.0000000e+002  0.0000000e+000  7.7860164e+002  5.3336948e+002
  2.0000000e+002  5.0000000e+002  0.0000000e+000  7.9256491e+002  5.8727914e+002
  3.0000000e+002  5.0000000e+002  0.0000000e+000  8.0811308e+002  6.4685438e+002
  4.0000000e+002  5.0000000e+002  0.0000000e+000  8.2508682e+002  7.1332206e+002
  5.0000000e+002  5.0000000e+002  0.0000000e+000  8.4410161e+002  7.8572908e+002
  0.0000000e+000  4.0000000e+002  0.0000000e+000  6.7351053e+002  4.8491989e+002
  1.0000000e+002  4.0000000e+002  0.0000000e+000  6.8168318e+002  5.3351346e+002
  2.0000000e+002  4.0000000e+002  0.0000000e+000  6.9066168e+002  5.8780348e+002
  3.0000000e+002  4.0000000e+002  0.0000000e+000  7.0058322e+002  6.4868042e+002
  4.0000000e+002  4.0000000e+002  0.0000000e+000  7.1159998e+002  7.1531260e+002
  5.0000000e+002  4.0000000e+002  0.0000000e+000  7.2402226e+002  7.8917602e+002
  0.0000000e+000  3.0000000e+002  0.0000000e+000  5.7953068e+002  4.8504214e+002
  1.0000000e+002  3.0000000e+002  0.0000000e+000  5.8316966e+002  5.3374145e+002
  2.0000000e+002  3.0000000e+002  0.0000000e+000  5.8707315e+002  5.8925983e+002
  3.0000000e+002  3.0000000e+002  0.0000000e+000  5.9131354e+002  6.5005513e+002
  4.0000000e+002  3.0000000e+002  0.0000000e+000  5.9596716e+002  7.1751561e+002
  5.0000000e+002  3.0000000e+002  0.0000000e+000  6.0151300e+002  7.9148853e+002
  0.0000000e+000  2.0000000e+002  0.0000000e+000  4.8555335e+002  4.8557394e+002
  1.0000000e+002  2.0000000e+002  0.0000000e+000  4.8424939e+002  5.3504487e+002
  2.0000000e+002  2.0000000e+002  0.0000000e+000  4.8317373e+002  5.8937794e+002
  3.0000000e+002  2.0000000e+002  0.0000000e+000  4.8159642e+002  6.5147573e+002
  4.0000000e+002  2.0000000e+002  0.0000000e+000  4.8001164e+002  7.1929285e+002
  5.0000000e+002  2.0000000e+002  0.0000000e+000  4.7863948e+002  7.9345553e+002
  0.0000000e+000  1.0000000e+002  0.0000000e+000  3.9142091e+002  4.8661450e+002
  1.0000000e+002  1.0000000e+002  0.0000000e+000  3.8531945e+002  5.3552291e+002
  2.0000000e+002  1.0000000e+002  0.0000000e+000  3.7907153e+002  5.8966243e+002
  3.0000000e+002  1.0000000e+002  0.0000000e+000  3.7168858e+002  6.5264001e+002
  4.0000000e+002  1.0000000e+002  0.0000000e+000  3.6378754e+002  7.1924950e+002
  5.0000000e+002  1.0000000e+002  0.0000000e+000  3.5538248e+002  7.9453594e+002
  0.0000000e+000  0.0000000e+000  0.0000000e+000  2.9745643e+002  4.8750510e+002
  1.0000000e+002  0.0000000e+000  0.0000000e+000  2.8677789e+002  5.3569703e+002
  2.0000000e+002  0.0000000e+000  0.0000000e+000  2.7499811e+002  5.9006282e+002
  3.0000000e+002  0.0000000e+000  0.0000000e+000  2.6235863e+002  6.5325732e+002
  4.0000000e+002  0.0000000e+000  0.0000000e+000  2.4842734e+002  7.2075917e+002
  5.0000000e+002  0.0000000e+000  0.0000000e+000  2.3325566e+002  7.9666506e+002
