  0.0000000e+000  5.0000000e+002  0.0000000e+000  7.6002536e+002  1.9068615e+002
  1.0000000e+002  5.0000000e+002  0.0000000e+000  8.0605862e+002  2.6459214e+002
  2.0000000e+002  5.0000000e+002  0.0000000e+000  8.5559103e+002  3.4395588e+002
  3.0000000e+002  5.0000000e+002  0.0000000e+000  9.0853371e+002  4.2977634e+002
  4.0000000e+002  5.0000000e+002  0.0000000e+000  9.6519545e+002  5.2254055e+002
  5.0000000e+002  5.0000000e+002  0.0000000e+000  1.0258681e+003  6.2118489e+002
  0.0000000e+000  4.0000000e+002  0.0000000e+000  6.6122353e+002  2.0755552e+002
  1.0000000e+002  4.0000000e+002  0.0000000e+000  7.0467796e+002  2.8345145e+002
  2.0000000e+002  4.0000000e+002  0.0000000e+000  7.5161468e+002  3.6565638e+002
  3.0000000e+002  4.0000000e+002  0.0000000e+000  8.0183146e+002  4.5496516e+002
  4.0000000e+002  4.0000000e+002  0.0000000e+000  8.5606169e+002  5.5094950e+002
  5.0000000e+002  4.0000000e+002  0.0000000e+000  9.1454133e+002  6.5425618e+002
  0.0000000e+000  3.0000000e+002  0.0000000e+000  5.5745727e+002  2.2526497e+002
  1.0000000e+002  3.0000000e+002  0.0000000e+000  5.9777798e+002  3.0373718e+002
  2.0000000e+002  3.0000000e+002  0.0000000e+000  6.4134705e+002  3.8922994e+002
  3.0000000e+002  3.0000000e+002  0.0000000e+000  6.8847297e+002  4.8168985e+002
  4.0000000e+002  3.0000000e+002  0.0000000e+000  7.3952829e+002  5.8169688e+002
  5.0000000e+002  3.0000000e+002  0.0000000e+000  7.9502948e+002  6.8870104e+002
  0.0000000e+000  2.0000000e+002  0.0000000e+000  4.4990393e+002  2.4476958e+002
  1.0000000e+002  2.0000000e+002  0.0000000e+000  4.8647361e+002  3.2558070e+002
  2.0000000e+002  2.0000000e+002  0.0000000e+000  5.2640628e+002  4.1325402e+002
  3.0000000e+002  2.0000000e+002  0.0000000e+000  5.6981938e+002  5.0956177e+002
  4.0000000e+002  2.0000000e+002  0.0000000e+000  6.1716252e+002  6.1351304e+002
  5.0000000e+002  2.0000000e+002  0.0000000e+000  6.6877309e+002  7.2505852e+002
  0.0000000e+000  1.0000000e+002  0.0000000e+000  3.3809751e+002  2.6568353e+002
  1.0000000e+002  1.0000000e+002  0.0000000e+000  3.7052955e+002  3.4897642e+002
  2.0000000e+002  1.0000000e+002  0.0000000e+000  4.0633716e+002  4.3911812e+002
  3.0000000e+002  1.0000000e+002  0.0000000e+000  4.4528869e+002  5.3894828e+002
  4.0000000e+002  1.0000000e+002  0.0000000e+000  4.8848467e+002  6.4572106e+002
  5.0000000e+002  1.0000000e+002  0.0000000e+000  5.3555844e+002  7.6229576e+002
  0.0000000e+000  0.0000000e+000  0.0000000e+000  2.2267923e+002  2.8832089e+002
  1.0000000e+002  0.0000000e+000  0.0000000e+000  2.5063638e+002  3.7314426e+002
  2.0000000e+002  0.0000000e+000  0.0000000e+000  2.8171188e+002  4.6605185e+002
  3.0000000e+002  0.0000000e+000  0.0000000e+000  3.1618244e+002  5.6954305e+002
  4.0000000e+002  0.0000000e+000  0.0000000e+000  3.5418874e+002  6.8071450e+002
  5.0000000e+002  0.0000000e+000  0.0000000e+000  3.9623050e+002  8.0189550e+002
