  0.0000000e+000  5.0000000e+002  0.0000000e+000  8.1382321e+002  3.1746675e+002
  1.0000000e+002  5.0000000e+002  0.0000000e+000  7.9549380e+002  4.0034243e+002
  2.0000000e+002  5.0000000e+002  0.0000000e+000  7.7561332e+002  4.8912483e+002
  3.0000000e+002  5.0000000e+002  0.0000000e+000  7.5428932e+002  5.8409120e+002
  4.0000000e+002  5.0000000e+002  0.0000000e+000  7.3120618e+002  6.8621446e+002
  5.0000000e+002  5.0000000e+002  0.0000000e+000  7.0584146e+002  7.9442327e+002
  0.0000000e+000  4.0000000e+002  0.0000000e+000  7.1369332e+002  3.1400659e+002
  1.0000000e+002  4.0000000e+002  0.0000000e+000  6.9210089e+002  3.9525510e+002
  2.0000000e+002  4.0000000e+002  0.0000000e+000  6.6897160e+002  4.8194722e+002
  3.0000000e+002  4.0000000e+002  0.0000000e+000  6.4422347e+002  5.7542402e+002
  4.0000000e+002  4.0000000e+002  0.0000000e+000  6.1759261e+002  6.7478921e+002
  5.0000000e+002  4.0000000e+002  0.0000000e+000  5.8902318e+002  7.8038192e+002
  0.0000000e+000  3.0000000e+002  0.0000000e+000  6.1616772e+002  3.1068359e+002
  1.0000000e+002  3.0000000e+002  0.0000000e+000  5.9165528e+002  3.9022096e+002
  2.0000000e+002  3.0000000e+002  0.0000000e+000  5.6571130e+002  4.7564825e+002
  3.0000000e+002  3.0000000e+002  0.0000000e+000  5.3807715e+002  5.6682999e+002
  4.0000000e+002  3.0000000e+002  0.0000000e+000  5.0860623e+002  6.6383211e+002
  5.0000000e+002  3.0000000e+002  0.0000000e+000  4.7694646e+002  7.6622547e+002
  0.0000000e+000  2.0000000e+002  0.0000000e+000  5.2281099e+002  3.0802951e+002
  1.0000000e+002  2.0000000e+002  0.0000000e+000  4.9595156e+002  3.8617268e+002
  2.0000000e+002  2.0000000e+002  0.0000000e+000  4.6692444e+002  4.6925072e+002
  3.0000000e+002  2.0000000e+002  0.0000000e+000  4.3710065e+002  5.5845920e+002
  4.0000000e+002  2.0000000e+002  0.0000000e+000  4.0489119e+002  6.5305872e+002
  5.0000000e+002  2.0000000e+002  0.0000000e+000  3.7082739e+002  7.5254235e+002
  0.0000000e+000  1.0000000e+002  0.0000000e+000  4.3344209e+002  3.0609098e+002
  1.0000000e+002  1.0000000e+002  0.0000000e+000  4.0400810e+002  3.8232016e+002
  2.0000000e+002  1.0000000e+002  0.0000000e+000  3.7270094e+002  4.6325321e+002
  3.0000000e+002  1.0000000e+002  0.0000000e+000  3.4079386e+002  5.5047175e+002
  4.0000000e+002  1.0000000e+002  0.0000000e+000  3.0625019e+002  6.4171108e+002
  5.0000000e+002  1.0000000e+002  0.0000000e+000  2.7013828e+002  7.3894297e+002
  0.0000000e+000  0.0000000e+000  0.0000000e+000  3.4781554e+002  3.0473337e+002
  1.0000000e+002  0.0000000e+000  0.0000000e+000  3.1623060e+002  3.7848611e+002
  2.0000000e+002  0.0000000e+000  0.0000000e+000  2.8285459e+002  4.5748559e+002
  3.0000000e+002  0.0000000e+000  0.0000000e+000  2.4945882e+002  5.4277962e+002
  4.0000000e+002  0.0000000e+000  0.0000000e+000  2.1331226e+002  6.3197181e+002
  5.0000000e+002  0.0000000e+000  0.0000000e+000  1.7599483e+002  7.2670538e+002
