  0.0000000e+000  5.0000000e+002  0.0000000e+000  7.3744558e+002  4.5319461e+002
  1.0000000e+002  5.0000000e+002  0.0000000e+000  7.3025331e+002  5.0005209e+002
  2.0000000e+002  5.0000000e+002  0.0000000e+000  7.2247131e+002  5.4948249e+002
  3.0000000e+002  5.0000000e+002  0.0000000e+000  7.1422208e+002  6.0152950e+002
  4.0000000e+002  5.0000000e+002  0.0000000e+000  7.0552563e+002  6.5659013e+002
  5.0000000e+002  5.0000000e+002  0.0000000e+000  6.9625443e+002  7.1369427e+002
  0.0000000e+000  4.0000000e+002  0.0000000e+000  6.7435953e+002  4.5049457e+002
  1.0000000e+002  4.0000000e+002  0.0000000e+000  6.6533744e+002  4.9678587e+002
  2.0000000e+002  4.0000000e+002  0.0000000e+000  6.5578324e+002  5.4586945e+002
  3.0000000e+002  4.0000000e+002  0.0000000e+000  6.4603456e+002  5.9771502e+002
  4.0000000e+002  4.0000000e+002  0.0000000e+000  6.3543345e+002  6.5210570e+002
  5.0000000e+002  4.0000000e+002  0.0000000e+000  6.2423568e+002  7.0918587e+002
  0.0000000e+000  3.0000000e+002  0.0000000e+000  6.1141807e+002  4.4749468e+002
  1.0000000e+002  3.0000000e+002  0.0000000e+000  6.0075040e+002  4.9349135e+002
  2.0000000e+002  3.0000000e+002  0.0000000e+000  5.8980031e+002  5.4274609e+002
  3.0000000e+002  3.0000000e+002  0.0000000e+000  5.7832864e+002  5.9401293e+002
  4.0000000e+002  3.0000000e+002  0.0000000e+000  5.6614598e+002  6.4779421e+002
  5.0000000e+002  3.0000000e+002  0.0000000e+000  5.5317655e+002  7.0415164e+002
  0.0000000e+000  2.0000000e+002  0.0000000e+000  5.4970283e+002  4.4530468e+002
  1.0000000e+002  2.0000000e+002  0.0000000e+000  5.3762122e+002  4.9087159e+002
  2.0000000e+002  2.0000000e+002  0.0000000e+000  5.2499466e+002  5.3898365e+002
  3.0000000e+002  2.0000000e+002  0.0000000e+000  5.1221719e+002  5.9019568e+002
  4.0000000e+002  2.0000000e+002  0.0000000e+000  4.9805130e+002  6.4361354e+002
  5.0000000e+002  2.0000000e+002  0.0000000e+000  4.8331490e+002  6.9928649e+002
  0.0000000e+000  1.0000000e+002  0.0000000e+000  4.8861216e+002  4.4301704e+002
  1.0000000e+002  1.0000000e+002  0.0000000e+000  4.7518289e+002  4.8778919e+002
  2.0000000e+002  1.0000000e+002  0.0000000e+000  4.6108595e+002  5.3540198e+002
  3.0000000e+002  1.0000000e+002  0.0000000e+000  4.4653600e+002  5.8650601e+002
  4.0000000e+002  1.0000000e+002  0.0000000e+000  4.3072235e+002  6.3877337e+002
  5.0000000e+002  1.0000000e+002  0.0000000e+000  4.1466233e+002  6.9415841e+002
  0.0000000e+000  0.0000000e+000  0.0000000e+000  4.2872061e+002  4.4076615e+002
  1.0000000e+002  0.0000000e+000  0.0000000e+000  4.1419020e+002  4.8507461e+002
  2.0000000e+002  0.0000000e+000  0.0000000e+000  3.9850501e+002  5.3186585e+002
  3.0000000e+002  0.0000000e+000  0.0000000e+000  3.8242327e+002  5.8270950e+002
  4.0000000e+002  0.0000000e+000  0.0000000e+000  3.6569732e+002  6.3486562e+002
  5.0000000e+002  0.0000000e+000  0.0000000e+000  3.4826875e+002  6.8958035e+002
