  0.0000000e+000  5.0000000e+002  0.0000000e+000  6.9814232e+002  3.5425428e+002
  1.0000000e+002  5.0000000e+002  0.0000000e+000  7.4839645e+002  4.0835008e+002
  2.0000000e+002  5.0000000e+002  0.0000000e+000  8.0050128e+002  4.6433114e+002
  3.0000000e+002  5.0000000e+002  0.0000000e+000  8.5422275e+002  5.2210043e+002
  4.0000000e+002  5.0000000e+002  0.0000000e+000  9.0981543e+002  5.8165198e+002
  5.0000000e+002  5.0000000e+002  0.0000000e+000  9.6698397e+002  6.4246030e+002
  0.0000000e+000  4.0000000e+002  0.0000000e+000  6.3879384e+002  3.7857158e+002
  1.0000000e+002  4.0000000e+002  0.0000000e+000  6.9014130e+002  4.3453211e+002
  2.0000000e+002  4.0000000e+002  0.0000000e+000  7.4259584e+002  4.9253731e+002
  3.0000000e+002  4.0000000e+002  0.0000000e+000  7.9673796e+002  5.5271008e+002
  4.0000000e+002  4.0000000e+002  0.0000000e+000  8.5293772e+002  6.1466356e+002
  5.0000000e+002  4.0000000e+002  0.0000000e+000  9.1122638e+002  6.7839465e+002
  0.0000000e+000  3.0000000e+002  0.0000000e+000  5.7647926e+002  4.0456601e+002
  1.0000000e+002  3.0000000e+002  0.0000000e+000  6.2767366e+002  4.6259918e+002
  2.0000000e+002  3.0000000e+002  0.0000000e+000  6.8055173e+002  5.2312090e+002
  3.0000000e+002  3.0000000e+002  0.0000000e+000  7.3543069e+002  5.8591178e+002
  4.0000000e+002  3.0000000e+002  0.0000000e+000  7.9236442e+002  6.5043895e+002
  5.0000000e+002  3.0000000e+002  0.0000000e+000  8.5141134e+002  7.1640018e+002
  0.0000000e+000  2.0000000e+002  0.0000000e+000  5.1058050e+002  4.3245038e+002
  1.0000000e+002  2.0000000e+002  0.0000000e+000  5.6221595e+002  4.9254384e+002
  2.0000000e+002  2.0000000e+002  0.0000000e+000  6.1530702e+002  5.5482775e+002
  3.0000000e+002  2.0000000e+002  0.0000000e+000  6.7047707e+002  6.2055119e+002
  4.0000000e+002  2.0000000e+002  0.0000000e+000  7.2799752e+002  6.8799170e+002
  5.0000000e+002  2.0000000e+002  0.0000000e+000  7.8782344e+002  7.5657124e+002
  0.0000000e+000  1.0000000e+002  0.0000000e+000  4.4089405e+002  4.6203226e+002
  1.0000000e+002  1.0000000e+002  0.0000000e+000  4.9237369e+002  5.2437095e+002
  2.0000000e+002  1.0000000e+002  0.0000000e+000  5.4627058e+002  5.8884130e+002
  3.0000000e+002  1.0000000e+002  0.0000000e+000  6.0134751e+002  6.5749149e+002
  4.0000000e+002  1.0000000e+002  0.0000000e+000  6.5966831e+002  7.2688102e+002
  5.0000000e+002  1.0000000e+002  0.0000000e+000  7.1979148e+002  7.9908726e+002
  0.0000000e+000  0.0000000e+000  0.0000000e+000  3.6760448e+002  4.9316464e+002
  1.0000000e+002  0.0000000e+000  0.0000000e+000  4.1887698e+002  5.5738924e+002
  2.0000000e+002  0.0000000e+000  0.0000000e+000  4.7260703e+002  6.2474561e+002
  3.0000000e+002  0.0000000e+000  0.0000000e+000  5.2826391e+002  6.9640545e+002
  4.0000000e+002  0.0000000e+000  0.0000000e+000  5.8647367e+002  7.6923263e+002
  5.0000000e+002  0.0000000e+000  0.0000000e+000  6.4682790e+002  8.4483517e+002
